Iteration, loss, time 
0, 0.966831386089325, 2.2829267978668213, 0.9558818340301514, 1.3211455345153809 
1, 0.9313027262687683, 2.2925033569335938, 0.9468100070953369, 1.341639757156372 
2, 0.8965233564376831, 2.2754790782928467, 0.9381899833679199, 1.333331823348999 
3, 0.8625613451004028, 2.2805287837982178, 0.9318091869354248, 1.3448102474212646 
4, 0.8291503190994263, 2.4236438274383545, 1.094606876373291, 1.3252742290496826 
5, 0.7963935136795044, 2.4227135181427, 1.0959298610687256, 1.3228437900543213 
6, 0.7644400596618652, 2.400448799133301, 1.0797441005706787, 1.3170044422149658 
7, 0.7332590818405151, 2.4082088470458984, 1.0761744976043701, 1.32826566696167 
8, 0.7029660940170288, 2.2556073665618896, 0.9265248775482178, 1.3251421451568604 
9, 0.6735115051269531, 2.3780980110168457, 1.0845348834991455, 1.289644479751587 
10, 0.6449182629585266, 2.2237765789031982, 0.9237923622131348, 1.2963969707489014 
11, 0.617221474647522, 2.2121710777282715, 0.8990457057952881, 1.3090672492980957 
12, 0.5899593830108643, 2.399054527282715, 1.0785768032073975, 1.3162462711334229 
13, 0.5633889436721802, 2.250030994415283, 0.9394383430480957, 1.306919813156128 
14, 0.5376608967781067, 2.250485420227051, 0.9377119541168213, 1.3088040351867676 
15, 0.5131692886352539, 2.3776297569274902, 1.0799379348754883, 1.2937538623809814 
16, 0.4893430769443512, 2.3743438720703125, 1.0766851902008057, 1.293621301651001 
17, 0.46618661284446716, 2.356415271759033, 1.0679304599761963, 1.2844269275665283 
18, 0.443438857793808, 2.207334041595459, 0.9144058227539062, 1.2888736724853516 
19, 0.420526921749115, 2.3400025367736816, 1.0710885524749756, 1.264840841293335 
20, 0.39814722537994385, 2.3307082653045654, 1.0539705753326416, 1.2727749347686768 
21, 0.3766136169433594, 2.3592050075531006, 1.056877851486206, 1.2983851432800293 
22, 0.3558192253112793, 2.2299773693084717, 0.9176950454711914, 1.3078851699829102 
23, 0.33539897203445435, 2.243936777114868, 0.9230048656463623, 1.3166546821594238 
24, 0.31504708528518677, 2.387068510055542, 1.0785768032073975, 1.3044617176055908 
25, 0.2951310873031616, 2.3670644760131836, 1.068763256072998, 1.2940585613250732 
26, 0.2752804756164551, 2.2181026935577393, 0.9177179336547852, 1.2964732646942139 
27, 0.255993127822876, 2.3596272468566895, 1.0680408477783203, 1.287341594696045 
28, 0.237570121884346, 2.365344285964966, 1.07120680809021, 1.289689302444458 
29, 0.21979215741157532, 2.3596744537353516, 1.071850061416626, 1.2837278842926025 
30, 0.2026268094778061, 2.3617868423461914, 1.069601058959961, 1.2880079746246338 
31, 0.18569041788578033, 2.3686373233795166, 1.0766363143920898, 1.2879958152770996 
32, 0.1690627634525299, 2.359729528427124, 1.0688040256500244, 1.2868835926055908 
33, 0.15307916700839996, 2.3274714946746826, 1.0734341144561768, 1.2500042915344238 
34, 0.13770346343517303, 2.3192672729492188, 1.0554466247558594, 1.2599472999572754 
35, 0.12239593267440796, 2.3804574012756348, 1.07533860206604, 1.301128625869751 
36, 0.10739968717098236, 2.3784563541412354, 1.075629711151123, 1.2982618808746338 
37, 0.09314098954200745, 2.402531623840332, 1.0789730548858643, 1.3193178176879883 
38, 0.07938726246356964, 2.3679471015930176, 1.077765703201294, 1.2862226963043213 
39, 0.06632763147354126, 2.362233877182007, 1.0677425861358643, 1.2905139923095703 
40, 0.05443856120109558, 2.3598806858062744, 1.0705265998840332, 1.2853446006774902 
41, 0.04305139183998108, 2.3597910404205322, 1.0742764472961426, 1.2813539505004883 
42, 0.03204137086868286, 2.363192319869995, 1.0738725662231445, 1.2850914001464844 
43, 0.021359100937843323, 2.361213445663452, 1.0698258876800537, 1.2873506546020508 
44, 0.0113801509141922, 2.346951484680176, 1.0671274662017822, 1.2754063606262207 
45, 0.0013969093561172485, 2.3223676681518555, 1.0483670234680176, 1.2701590061187744 
46, -0.008404910564422607, 2.335763454437256, 1.0475521087646484, 1.284156084060669 
47, -0.017911210656166077, 2.3927571773529053, 1.080482006072998, 1.3082201480865479 
48, -0.02726203203201294, 2.4052858352661133, 1.0869591236114502, 1.3142995834350586 
49, -0.0364120751619339, 2.460064649581909, 1.115196704864502, 1.340632677078247 
50, -0.04600824415683746, 2.450266122817993, 1.102612018585205, 1.3435702323913574 
51, -0.05530925095081329, 2.436938762664795, 1.1032931804656982, 1.3283560276031494 
52, -0.0642998218536377, 2.4775075912475586, 1.0900754928588867, 1.3784618377685547 
53, -0.07284374535083771, 2.42000150680542, 1.099766731262207, 1.316131830215454 
54, -0.08127298951148987, 2.4124433994293213, 1.0911121368408203, 1.3171322345733643 
55, -0.0898500382900238, 2.432422637939453, 1.0989375114440918, 1.3291494846343994 
56, -0.09831547737121582, 2.451249122619629, 1.1106219291687012, 1.3365466594696045 
57, -0.10696431994438171, 2.411010265350342, 1.0936849117279053, 1.3131372928619385 
58, -0.11535696685314178, 2.4009687900543213, 1.091139554977417, 1.305875301361084 
59, -0.123594731092453, 2.223245859146118, 0.9194443225860596, 1.2997863292694092 
60, -0.13151992857456207, 2.3860201835632324, 1.070781946182251, 1.311126470565796 
61, -0.13929247856140137, 2.426701307296753, 1.105633020401001, 1.3169221878051758 
62, -0.14674274623394012, 2.823148250579834, 1.0933456420898438, 1.7244787216186523 
63, -0.15392842888832092, 2.84303879737854, 1.270014762878418, 1.567873239517212 
64, -0.16093753278255463, 2.867812395095825, 1.2857537269592285, 1.5771489143371582 
65, -0.16776810586452484, 2.8417904376983643, 1.259634256362915, 1.5772960186004639 
66, -0.17441335320472717, 2.8060643672943115, 1.270580530166626, 1.5300536155700684 
67, -0.18083438277244568, 2.9352681636810303, 1.3331191539764404, 1.5972776412963867 
68, -0.18698489665985107, 2.8518319129943848, 1.282038927078247, 1.5647733211517334 
69, -0.1930464208126068, 2.903657913208008, 1.3024544715881348, 1.5962278842926025 
70, -0.1989782303571701, 2.832907199859619, 1.2529807090759277, 1.5747647285461426 
71, -0.20472539961338043, 2.9013235569000244, 1.2847707271575928, 1.6115195751190186 
72, -0.2101965695619583, 2.8661887645721436, 1.287233829498291, 1.5741796493530273 
73, -0.21550025045871735, 2.8390889167785645, 1.2739479541778564, 1.559969425201416 
74, -0.22064250707626343, 2.830598831176758, 1.285583257675171, 1.540065050125122 
75, -0.2256125956773758, 2.8943517208099365, 1.289703130722046, 1.5995728969573975 
76, -0.23038417100906372, 2.7555694580078125, 1.2490787506103516, 1.501540184020996 
77, -0.23501445353031158, 2.752197265625, 1.2190475463867188, 1.527822494506836 
78, -0.23964670300483704, 2.7545225620269775, 1.2449147701263428, 1.504758358001709 
79, -0.24417677521705627, 2.7225515842437744, 1.2194173336029053, 1.4981317520141602 
80, -0.24862033128738403, 2.7494330406188965, 1.2411658763885498, 1.5036280155181885 
81, -0.25305473804473877, 2.718468189239502, 1.2075352668762207, 1.5059094429016113 
82, -0.2575016915798187, 2.7234878540039062, 1.2148358821868896, 1.5038278102874756 
83, -0.26192086935043335, 2.770073890686035, 1.2302451133728027, 1.5349645614624023 
84, -0.26613277196884155, 2.690537929534912, 1.2098300457000732, 1.475691556930542 
85, -0.2702569365501404, 2.608607769012451, 1.2254598140716553, 1.3789997100830078 
86, -0.27425336837768555, 2.324295997619629, 1.0578691959381104, 1.2625372409820557 
87, -0.27800315618515015, 2.353600263595581, 1.050832748413086, 1.2982165813446045 
88, -0.2816731333732605, 2.378993034362793, 1.076017141342163, 1.2989788055419922 
89, -0.28517356514930725, 2.371778726577759, 1.0719974040985107, 1.2956538200378418 
90, -0.28855714201927185, 2.4872076511383057, 1.07806396484375, 1.4033417701721191 
91, -0.2919531762599945, 2.362255573272705, 1.075669288635254, 1.2818751335144043 
92, -0.2953225374221802, 2.3410892486572266, 1.068481683731079, 1.2685892581939697 
93, -0.29860618710517883, 2.3399505615234375, 1.0551118850708008, 1.2809953689575195 
94, -0.3018176555633545, 2.3391337394714355, 1.046417474746704, 1.2887182235717773 
95, -0.3048609793186188, 2.3854739665985107, 1.0739719867706299, 1.3074984550476074 
96, -0.3078547716140747, 2.389512300491333, 1.0886404514312744, 1.2967166900634766 
97, -0.3107394278049469, 2.3706178665161133, 1.0752232074737549, 1.2912747859954834 
98, -0.3135649561882019, 2.3627395629882812, 1.0743961334228516, 1.284238576889038 
99, -0.3162716031074524, 2.34450101852417, 1.0802500247955322, 1.2597086429595947 
100, -0.31893670558929443, 2.317528247833252, 1.059546709060669, 1.2539281845092773 
101, -0.3216053247451782, 2.363220453262329, 1.056807279586792, 1.3018126487731934 
102, -0.32424166798591614, 2.38039231300354, 1.0828745365142822, 1.2934074401855469 
103, -0.32656270265579224, 2.365558385848999, 1.0762073993682861, 1.2837986946105957 
104, -0.32878586649894714, 2.3707711696624756, 1.080611228942871, 1.2859246730804443 
105, -0.33104532957077026, 2.3625357151031494, 1.0733239650726318, 1.2851121425628662 
106, -0.33333152532577515, 2.3531155586242676, 1.0744869709014893, 1.2742981910705566 
107, -0.33552101254463196, 2.355703830718994, 1.0593178272247314, 1.292391061782837 
108, -0.3376305103302002, 2.3628032207489014, 1.053555965423584, 1.301316499710083 
109, -0.3396953344345093, 2.389172077178955, 1.0851976871490479, 1.2998616695404053 
110, -0.3416546583175659, 2.3830666542053223, 1.089853048324585, 1.2891435623168945 
111, -0.34354305267333984, 2.35882306098938, 1.0675010681152344, 1.2871778011322021 
112, -0.345444917678833, 2.3609061241149902, 1.0647811889648438, 1.291614294052124 
113, -0.3472709059715271, 2.3587465286254883, 1.0724163055419922, 1.2822129726409912 
114, -0.34918448328971863, 2.3230631351470947, 1.0680372714996338, 1.2509312629699707 
115, -0.3510752320289612, 2.306682586669922, 1.0580434799194336, 1.2446444034576416 
116, -0.35286617279052734, 2.3960418701171875, 1.0715577602386475, 1.3190081119537354 
117, -0.3545641005039215, 2.382880449295044, 1.07938551902771, 1.2990281581878662 
118, -0.3562782406806946, 2.4164834022521973, 1.0897622108459473, 1.3222203254699707 
119, -0.3580097556114197, 2.3650619983673096, 1.0784308910369873, 1.2825133800506592 
120, -0.35969725251197815, 2.3674848079681396, 1.0761826038360596, 1.2870666980743408 
121, -0.36128556728363037, 2.3215391635894775, 1.0615179538726807, 1.2557640075683594 
122, -0.3628084063529968, 2.319016456604004, 1.0620026588439941, 1.253039836883545 
123, -0.36430203914642334, 2.3700547218322754, 1.0739941596984863, 1.292085886001587 
124, -0.3657650947570801, 2.4274165630340576, 1.0870795249938965, 1.3363215923309326 
125, -0.3672356605529785, 2.385810613632202, 1.0806190967559814, 1.3010077476501465 
126, -0.3686647117137909, 2.3792994022369385, 1.0818111896514893, 1.2935171127319336 
127, -0.3700006306171417, 2.3726606369018555, 1.0767333507537842, 1.2914106845855713 
128, -0.37135666608810425, 2.362915515899658, 1.0723719596862793, 1.2859764099121094 
129, -0.372552752494812, 2.32401704788208, 1.0643932819366455, 1.253366470336914 
130, -0.3737996220588684, 2.314244270324707, 1.0596482753753662, 1.2505836486816406 
131, -0.37503254413604736, 2.3608932495117188, 1.0638389587402344, 1.29296875 
132, -0.3762298822402954, 2.3830463886260986, 1.0843157768249512, 1.2941052913665771 
133, -0.3773684501647949, 2.3945538997650146, 1.0856449604034424, 1.3048207759857178 
134, -0.3783969581127167, 2.3784780502319336, 1.0817079544067383, 1.292637586593628 
135, -0.3794384002685547, 2.3613739013671875, 1.0686991214752197, 1.2885711193084717 
136, -0.3805280327796936, 2.357330560684204, 1.0700507164001465, 1.2828385829925537 
137, -0.38157081604003906, 2.3193366527557373, 1.0638155937194824, 1.2513773441314697 
138, -0.38263267278671265, 2.308133125305176, 1.0578563213348389, 1.2461318969726562 
139, -0.38359469175338745, 2.370628595352173, 1.0678341388702393, 1.2982611656188965 
140, -0.38451075553894043, 2.371023654937744, 1.076355218887329, 1.2904915809631348 
141, -0.3854537010192871, 2.394376277923584, 1.090850591659546, 1.299466848373413 
142, -0.3864082992076874, 2.3782098293304443, 1.0859041213989258, 1.288135290145874 
143, -0.38722363114356995, 2.359452962875366, 1.074965000152588, 1.2799453735351562 
144, -0.3880494236946106, 2.401657819747925, 1.072519302368164, 1.250380039215088 
145, -0.3889165222644806, 2.3400518894195557, 1.0766263008117676, 1.2588863372802734 
146, -0.38974815607070923, 2.3657755851745605, 1.0608124732971191, 1.301074504852295 
147, -0.3905377984046936, 2.3801827430725098, 1.0836403369903564, 1.292078971862793 
148, -0.3912641406059265, 2.379145383834839, 1.0824828147888184, 1.2927381992340088 
149, -0.39197099208831787, 2.385387659072876, 1.0885396003723145, 1.292876958847046 
150, -0.39273107051849365, 2.359191656112671, 1.0692250728607178, 1.2859766483306885 
151, -0.39344191551208496, 2.361910581588745, 1.06634521484375, 1.291717290878296 
152, -0.39409035444259644, 2.3575778007507324, 1.0718233585357666, 1.281714677810669 
153, -0.39475584030151367, 2.360011577606201, 1.0718786716461182, 1.2842528820037842 
154, -0.39543014764785767, 2.3609695434570312, 1.0744671821594238, 1.2824761867523193 
155, -0.39605259895324707, 2.3551313877105713, 1.0696959495544434, 1.2814414501190186 
156, -0.3966473937034607, 2.3178205490112305, 1.0676679611206055, 1.2457847595214844 
157, -0.39724576473236084, 2.3134212493896484, 1.0635528564453125, 1.243732213973999 
158, -0.3979172110557556, 2.3850505352020264, 1.0850496292114258, 1.293994426727295 
159, -0.39848488569259644, 2.4019367694854736, 1.0892009735107422, 1.3080239295959473 
160, -0.3990241289138794, 2.3944125175476074, 1.081005573272705, 1.3093106746673584 
161, -0.39958614110946655, 2.3675007820129395, 1.078131914138794, 1.2852134704589844 
162, -0.40015897154808044, 2.3497374057769775, 1.0743217468261719, 1.2709152698516846 
163, -0.4006847143173218, 2.343397617340088, 1.0628211498260498, 1.2765355110168457 
164, -0.4011818766593933, 2.323671340942383, 1.0341756343841553, 1.2854173183441162 
165, -0.401641309261322, 2.368875503540039, 1.0669844150543213, 1.2978169918060303 
166, -0.4021246135234833, 2.382105588912964, 1.0819313526153564, 1.2961375713348389 
167, -0.4025784730911255, 2.379103183746338, 1.083326816558838, 1.291633129119873 
168, -0.4030756950378418, 2.368450164794922, 1.0776593685150146, 1.2866673469543457 
169, -0.40358614921569824, 2.3588340282440186, 1.0754594802856445, 1.279285192489624 
170, -0.4040096402168274, 2.361008405685425, 1.0738084316253662, 1.2825746536254883 
171, -0.40446120500564575, 2.3720638751983643, 1.0818767547607422, 1.2847280502319336 
172, -0.40494564175605774, 2.3709609508514404, 1.0758676528930664, 1.2901060581207275 
173, -0.4053683876991272, 2.3017196655273438, 1.0372865200042725, 1.2602167129516602 
174, -0.4058390259742737, 2.3280861377716064, 1.057016134262085, 1.2670490741729736 
175, -0.4062815308570862, 2.4185914993286133, 1.0859198570251465, 1.3285636901855469 
176, -0.4067497253417969, 2.3896172046661377, 1.079707384109497, 1.3057992458343506 
177, -0.40717610716819763, 2.3865084648132324, 1.0782294273376465, 1.3041634559631348 
178, -0.40759503841400146, 2.3575525283813477, 1.076697587966919, 1.2768549919128418 
179, -0.4080581068992615, 2.353815793991089, 1.0600454807281494, 1.2896347045898438 
180, -0.4085046052932739, 2.3212890625, 1.0593907833099365, 1.2555086612701416 
181, -0.4088281989097595, 2.3317015171051025, 1.0570740699768066, 1.2704534530639648 
182, -0.4092220067977905, 2.4219183921813965, 1.0904414653778076, 1.3273229598999023 
183, -0.409595251083374, 2.385469913482666, 1.0803654193878174, 1.29888916015625 
184, -0.4099847674369812, 2.3858251571655273, 1.0773892402648926, 1.3042926788330078 
185, -0.4104209542274475, 2.413712501525879, 1.0732200145721436, 1.2911996841430664 
186, -0.4108011722564697, 2.3674893379211426, 1.0879004001617432, 1.275386095046997 
187, -0.41114914417266846, 2.31493878364563, 1.0449333190917969, 1.2660443782806396 
188, -0.4114985466003418, 2.3507461547851562, 1.0492000579833984, 1.2974467277526855 
189, -0.4119047522544861, 2.379446029663086, 1.0775146484375, 1.2973873615264893 
190, -0.41220709681510925, 2.3937082290649414, 1.0863802433013916, 1.3031797409057617 
191, -0.4125062823295593, 2.398054361343384, 1.088287353515625, 1.305692434310913 
192, -0.41281723976135254, 2.35567569732666, 1.0669283866882324, 1.2846012115478516 
193, -0.41318362951278687, 2.3222203254699707, 1.0489215850830078, 1.2688663005828857 
194, -0.4134786128997803, 2.3345870971679688, 1.0494136810302734, 1.2811167240142822 
195, -0.41376155614852905, 2.3392651081085205, 1.0412001609802246, 1.2939553260803223 
196, -0.4141046404838562, 2.3696279525756836, 1.066472053527832, 1.2984530925750732 
197, -0.41446465253829956, 2.3851022720336914, 1.0882847309112549, 1.2925903797149658 
198, -0.4147454500198364, 2.370884418487549, 1.0794923305511475, 1.2874062061309814 
199, -0.41500353813171387, 2.36480712890625, 1.0742614269256592, 1.2822580337524414 
200, -0.4153294861316681, 2.3919012546539307, 1.0744526386260986, 1.281898021697998 
201, -0.4155999422073364, 2.3633334636688232, 1.0722622871398926, 1.2869694232940674 
202, -0.4158715009689331, 2.3508129119873047, 1.0714969635009766, 1.2746984958648682 
203, -0.4161946177482605, 2.3430166244506836, 1.0564486980438232, 1.2826271057128906 
204, -0.41644981503486633, 2.3454158306121826, 1.0511882305145264, 1.2897148132324219 
205, -0.4166601300239563, 2.3842391967773438, 1.0759642124176025, 1.304274320602417 
206, -0.41691064834594727, 2.39353084564209, 1.083728551864624, 1.3057358264923096 
207, -0.41716641187667847, 2.385106325149536, 1.0840623378753662, 1.296355962753296 
208, -0.41741496324539185, 2.3579351902008057, 1.0666205883026123, 1.285423994064331 
209, -0.41769176721572876, 2.362680435180664, 1.074141025543213, 1.283862829208374 
210, -0.4178975224494934, 2.3625502586364746, 1.0767507553100586, 1.2818267345428467 
211, -0.41811007261276245, 2.3703982830047607, 1.0764336585998535, 1.2898409366607666 
212, -0.4183453321456909, 2.445692539215088, 1.055379867553711, 1.270310640335083 
213, -0.4185417890548706, 2.3213605880737305, 1.0468614101409912, 1.2699437141418457 
214, -0.41873812675476074, 2.4131131172180176, 1.089975357055664, 1.3186242580413818 
215, -0.419020414352417, 2.378326654434204, 1.0793819427490234, 1.294896125793457 
216, -0.4191691279411316, 2.378833770751953, 1.081456184387207, 1.29274320602417 
217, -0.41934502124786377, 2.3092408180236816, 1.0614380836486816, 1.2437801361083984 
218, -0.4196058511734009, 2.293367624282837, 1.0421440601348877, 1.2472319602966309 
219, -0.41977882385253906, 2.3646318912506104, 1.0582671165466309, 1.3022046089172363 
220, -0.4199059009552002, 2.3739123344421387, 1.0739424228668213, 1.2958459854125977 
221, -0.4201316237449646, 2.392695903778076, 1.0877289772033691, 1.300774335861206 
222, -0.4203864336013794, 2.3753602504730225, 1.0828261375427246, 1.2878131866455078 
223, -0.420595645904541, 2.363661766052246, 1.0714085102081299, 1.2881929874420166 
224, -0.4208099842071533, 2.35795259475708, 1.0735411643981934, 1.280280590057373 
225, -0.4209257960319519, 2.35465407371521, 1.0744822025299072, 1.274679183959961 
226, -0.42106959223747253, 2.3384976387023926, 1.0617835521697998, 1.272698163986206 
227, -0.4212217330932617, 2.3541481494903564, 1.0529794692993164, 1.296515703201294 
228, -0.4214783012866974, 2.3912017345428467, 1.0819826126098633, 1.305030107498169 
229, -0.4216274917125702, 2.3852431774139404, 1.0833911895751953, 1.2977628707885742 
230, -0.42172613739967346, 2.378567934036255, 1.0844929218292236, 1.289984941482544 
231, -0.4218973219394684, 2.3627123832702637, 1.0701329708099365, 1.2880446910858154 
232, -0.42191973328590393, 2.369175672531128, 1.077507495880127, 1.287592887878418 
233, -0.42190253734588623, 2.3418591022491455, 1.0766398906707764, 1.261033535003662 
234, -0.4219841957092285, 2.3433783054351807, 1.0598194599151611, 1.2793712615966797 
235, -0.42216283082962036, 2.3760342597961426, 1.0668320655822754, 1.305009126663208 
236, -0.42235299944877625, 2.3846490383148193, 1.0885369777679443, 1.2920000553131104 
237, -0.4224444329738617, 2.3710896968841553, 1.0743818283081055, 1.2925493717193604 
238, -0.4226153492927551, 2.4946229457855225, 1.0857563018798828, 1.2873632907867432 
239, -0.42285341024398804, 2.367598056793213, 1.0796175003051758, 1.2838070392608643 
240, -0.42300307750701904, 2.351188898086548, 1.0615708827972412, 1.2850852012634277 
241, -0.4231153726577759, 2.373600482940674, 1.0712904930114746, 1.2983009815216064 
242, -0.42324143648147583, 2.3090550899505615, 1.0462770462036133, 1.2586884498596191 
243, -0.4234275221824646, 2.3350608348846436, 1.0598936080932617, 1.271092414855957 
244, -0.4235454201698303, 2.4152190685272217, 1.0887362957000732, 1.3224143981933594 
245, -0.4236648678779602, 2.38745379447937, 1.0845670700073242, 1.2988624572753906 
246, -0.4238314628601074, 2.3867201805114746, 1.0719964504241943, 1.3106739521026611 
247, -0.4239775538444519, 2.388144016265869, 1.0682613849639893, 1.298736333847046 
248, -0.424155592918396, 2.36346173286438, 1.0785202980041504, 1.280968189239502 
249, -0.42420125007629395, 2.363158941268921, 1.0696442127227783, 1.2894620895385742 
250, -0.4242120385169983, 2.3191678524017334, 1.0542125701904297, 1.2608544826507568 
251, -0.42431640625, 2.353344678878784, 1.0425701141357422, 1.3067197799682617 
252, -0.42449966073036194, 2.4041225910186768, 1.08089017868042, 1.3178555965423584 
253, -0.4247123599052429, 2.376833915710449, 1.077831745147705, 1.2949151992797852 
254, -0.4248043894767761, 2.381035804748535, 1.0789577960968018, 1.2980144023895264 
255, -0.42489326000213623, 2.38681960105896, 1.0777277946472168, 1.3048291206359863 
256, -0.42500656843185425, 2.3557941913604736, 1.069300889968872, 1.2823808193206787 
257, -0.425073504447937, 2.3599889278411865, 1.0631563663482666, 1.289626121520996 
258, -0.42521047592163086, 2.360813856124878, 1.0773468017578125, 1.2789008617401123 
259, -0.4252752661705017, 2.3264377117156982, 1.0692169666290283, 1.2531306743621826 
260, -0.42537474632263184, 2.331533432006836, 1.0653746128082275, 1.2616119384765625 
261, -0.42547035217285156, 2.3707385063171387, 1.0728106498718262, 1.2938246726989746 
262, -0.4256410598754883, 2.366711139678955, 1.077582597732544, 1.285109519958496 
263, -0.42575281858444214, 2.3900396823883057, 1.0839731693267822, 1.302001953125 
264, -0.42579227685928345, 2.372986078262329, 1.0860064029693604, 1.2827966213226318 
265, -0.4258875250816345, 2.3639721870422363, 1.0772254467010498, 1.281419038772583 
266, -0.4259922504425049, 2.368940591812134, 1.079009771347046, 1.2858476638793945 
267, -0.42605987191200256, 2.353714942932129, 1.0676984786987305, 1.2814021110534668 
268, -0.42610177397727966, 2.3347363471984863, 1.0728683471679688, 1.2577295303344727 
269, -0.426228404045105, 2.3529090881347656, 1.0868074893951416, 1.260615587234497 
270, -0.4263390302658081, 2.356121301651001, 1.0558233261108398, 1.296194314956665 
271, -0.4264690577983856, 2.388115167617798, 1.088299036026001, 1.2957258224487305 
272, -0.42655351758003235, 2.3738930225372314, 1.0800659656524658, 1.2896013259887695 
273, -0.42660027742385864, 2.3784596920013428, 1.077718734741211, 1.2961173057556152 
274, -0.4266563057899475, 2.3556947708129883, 1.0649187564849854, 1.286583423614502 
275, -0.42672163248062134, 2.3595526218414307, 1.0689008235931396, 1.2861039638519287 
276, -0.42678606510162354, 2.372713088989258, 1.078688621520996, 1.2898647785186768 
277, -0.426883339881897, 2.323178291320801, 1.065875768661499, 1.2531375885009766 
278, -0.4269440770149231, 2.312079429626465, 1.0658628940582275, 1.2416212558746338 
279, -0.42703473567962646, 2.3686208724975586, 1.0701398849487305, 1.2935988903045654 
280, -0.4270291328430176, 2.387789726257324, 1.0875229835510254, 1.2957324981689453 
281, -0.4271013140678406, 2.3777053356170654, 1.0851547718048096, 1.2883307933807373 
282, -0.4272162616252899, 2.342369318008423, 1.0775649547576904, 1.2602310180664062 
283, -0.4272504150867462, 2.3250656127929688, 1.0508804321289062, 1.2694511413574219 
284, -0.4272496998310089, 2.371166706085205, 1.0613744258880615, 1.3051643371582031 
285, -0.42736315727233887, 2.3925693035125732, 1.0826137065887451, 1.2988481521606445 
286, -0.4275011122226715, 2.38238787651062, 1.085907220840454, 1.2923033237457275 
287, -0.42752665281295776, 2.3836774826049805, 1.085911750793457, 1.293144702911377 
288, -0.4276086091995239, 2.3749430179595947, 1.075622320175171, 1.2945878505706787 
289, -0.42766058444976807, 2.3653059005737305, 1.074617624282837, 1.2866625785827637 
290, -0.4276468753814697, 2.3539364337921143, 1.0683228969573975, 1.281006097793579 
291, -0.4277327060699463, 2.3285717964172363, 1.0588328838348389, 1.263213872909546 
292, -0.42780280113220215, 2.4612765312194824, 1.0559399127960205, 1.2731544971466064 
293, -0.4278504252433777, 2.4165501594543457, 1.097870111465454, 1.3146111965179443 
294, -0.4279497265815735, 2.383741855621338, 1.0793473720550537, 1.3002963066101074 
295, -0.42805394530296326, 2.387674331665039, 1.0792481899261475, 1.3043286800384521 
296, -0.42808204889297485, 2.3725814819335938, 1.082209825515747, 1.2862279415130615 
297, -0.42807239294052124, 2.353304147720337, 1.0623223781585693, 1.2859523296356201 
298, -0.42813509702682495, 2.3524727821350098, 1.0785644054412842, 1.2697789669036865 
299, -0.428252637386322, 2.3181562423706055, 1.0618720054626465, 1.2513515949249268 
300, -0.4283127188682556, 2.3767142295837402, 1.0728058815002441, 1.299281358718872 
301, -0.4283551871776581, 2.3730809688568115, 1.07572603225708, 1.293213129043579 
302, -0.4283894896507263, 2.3809359073638916, 1.0842294692993164, 1.29258394241333 
303, -0.4284094572067261, 2.346298933029175, 1.0793523788452148, 1.2627034187316895 
304, -0.4283730387687683, 2.3314521312713623, 1.0646626949310303, 1.2620909214019775 
305, -0.42835497856140137, 2.361410140991211, 1.0553977489471436, 1.301971435546875 
306, -0.42844653129577637, 2.3865418434143066, 1.0855803489685059, 1.2962846755981445 
307, -0.42846935987472534, 2.3856613636016846, 1.079024314880371, 1.3013536930084229 
308, -0.4285687804222107, 2.3392906188964844, 1.070202350616455, 1.2637271881103516 
309, -0.4286796450614929, 2.330124855041504, 1.053525686264038, 1.2725791931152344 
310, -0.4287676215171814, 2.3444912433624268, 1.0449309349060059, 1.2950329780578613 
311, -0.4287417531013489, 2.4466116428375244, 1.0974411964416504, 1.3274877071380615 
312, -0.428793728351593, 2.391308307647705, 1.0919384956359863, 1.2942099571228027 
313, -0.4288349747657776, 2.377725839614868, 1.0865540504455566, 1.2865679264068604 
314, -0.42880979180336, 2.361556053161621, 1.0691804885864258, 1.2882776260375977 
315, -0.4288090765476227, 2.3693294525146484, 1.0809462070465088, 1.2834043502807617 
316, -0.4289284348487854, 2.320192575454712, 1.052415132522583, 1.2608041763305664 
317, -0.4290124177932739, 2.330909013748169, 1.0606842041015625, 1.266012191772461 
318, -0.4290693700313568, 2.4142816066741943, 1.0823538303375244, 1.3277802467346191 
319, -0.4290614724159241, 2.3911709785461426, 1.0804481506347656, 1.3060054779052734 
320, -0.4290672540664673, 2.42197847366333, 1.0688235759735107, 1.3037612438201904 
321, -0.42910996079444885, 2.3679890632629395, 1.0871384143829346, 1.2768216133117676 
322, -0.42903995513916016, 2.33583927154541, 1.0731041431427002, 1.257554054260254 
323, -0.42903977632522583, 2.3314309120178223, 1.060525894165039, 1.2664284706115723 
324, -0.4290849566459656, 2.4229443073272705, 1.0527453422546387, 1.3294899463653564 
325, -0.42909401655197144, 2.444685935974121, 1.1108856201171875, 1.3049664497375488 
326, -0.429166316986084, 2.394021511077881, 1.1004815101623535, 1.2889294624328613 
327, -0.42923998832702637, 2.355646848678589, 1.0682034492492676, 1.2833199501037598 
328, -0.4293358027935028, 2.3128652572631836, 1.04958176612854, 1.259157419204712 
329, -0.429390013217926, 2.3222756385803223, 1.0655207633972168, 1.2517907619476318 
330, -0.42950916290283203, 2.385040283203125, 1.088451623916626, 1.2919044494628906 
331, -0.4295235276222229, 2.411231756210327, 1.0898563861846924, 1.317408800125122 
332, -0.4295530319213867, 2.389948606491089, 1.0786495208740234, 1.3066785335540771 
333, -0.4295514225959778, 2.364570140838623, 1.076751708984375, 1.2837090492248535 
334, -0.42958199977874756, 2.3578617572784424, 1.0688281059265137, 1.2838466167449951 
335, -0.4296444356441498, 2.344388723373413, 1.056384801864624, 1.264775037765503 
336, -0.4297039210796356, 2.3555407524108887, 1.0564141273498535, 1.294105052947998 
337, -0.42973989248275757, 2.4094719886779785, 1.0875937938690186, 1.3154001235961914 
338, -0.4297068119049072, 2.5351641178131104, 1.1560816764831543, 1.3664884567260742 
339, -0.42971837520599365, 2.3630311489105225, 1.0715317726135254, 1.2874658107757568 
340, -0.42970338463783264, 2.317629814147949, 1.0502026081085205, 1.2633469104766846 
341, -0.4296903610229492, 2.3353352546691895, 1.0530014038085938, 1.2782070636749268 
342, -0.4297150671482086, 2.4114835262298584, 1.0845000743865967, 1.3076362609863281 
343, -0.4297518730163574, 2.3853609561920166, 1.0828595161437988, 1.2978274822235107 
344, -0.42980438470840454, 2.366302013397217, 1.0778326988220215, 1.283860445022583 
345, -0.42986804246902466, 2.3232247829437256, 1.071098804473877, 1.2474932670593262 
346, -0.4299027919769287, 2.3085546493530273, 1.0568373203277588, 1.2471411228179932 
347, -0.429857075214386, 2.3728702068328857, 1.073242425918579, 1.2954559326171875 
348, -0.42987167835235596, 2.3743510246276855, 1.0837440490722656, 1.2860593795776367 
349, -0.429934561252594, 2.4658052921295166, 1.0912292003631592, 1.3154923915863037 
350, -0.4299284815788269, 2.3789379596710205, 1.0799388885498047, 1.2922425270080566 
351, -0.4299527704715729, 2.3598334789276123, 1.0807459354400635, 1.2749950885772705 
352, -0.42999541759490967, 2.3603034019470215, 1.0712623596191406, 1.2850430011749268 
353, -0.4300212860107422, 2.3126888275146484, 1.0599613189697266, 1.2482178211212158 
354, -0.4299616515636444, 2.3346543312072754, 1.057708501815796, 1.2568392753601074 
355, -0.4299955666065216, 2.3812687397003174, 1.0782279968261719, 1.2985808849334717 
356, -0.4300500750541687, 2.3920164108276367, 1.0857253074645996, 1.3012666702270508 
357, -0.4301770329475403, 2.414971113204956, 1.0873732566833496, 1.3226635456085205 
358, -0.43013352155685425, 2.3726251125335693, 1.0856740474700928, 1.282275676727295 
359, -0.4301515817642212, 2.3519763946533203, 1.0635218620300293, 1.2839915752410889 
360, -0.4302419424057007, 2.3303775787353516, 1.0650379657745361, 1.2613000869750977 
361, -0.43016350269317627, 2.3189260959625244, 1.0636682510375977, 1.2508978843688965 
362, -0.430159330368042, 2.5018391609191895, 1.082197666168213, 1.2994537353515625 
363, -0.43022769689559937, 2.406630754470825, 1.094597339630127, 1.3018052577972412 
364, -0.4302995204925537, 2.3649585247039795, 1.0809674263000488, 1.2799971103668213 
365, -0.4302746653556824, 2.348700523376465, 1.06980299949646, 1.27435302734375 
366, -0.4303087592124939, 2.33891224861145, 1.0565903186798096, 1.2784619331359863 
367, -0.43032437562942505, 2.3430700302124023, 1.0489556789398193, 1.2896888256072998 
368, -0.4303281307220459, 2.4176318645477295, 1.0967144966125488, 1.315253496170044 
369, -0.4303102493286133, 2.3853814601898193, 1.074373483657837, 1.3069541454315186 
370, -0.430316686630249, 2.411612033843994, 1.084519863128662, 1.319993257522583 
371, -0.4303925037384033, 2.3673019409179688, 1.0775926113128662, 1.2856354713439941 
372, -0.43039751052856445, 2.3321986198425293, 1.076263189315796, 1.2513539791107178 
373, -0.43044522404670715, 2.3235459327697754, 1.0667800903320312, 1.2528729438781738 
374, -0.430466890335083, 2.365880012512207, 1.0678634643554688, 1.2939465045928955 
375, -0.4304744005203247, 2.380324125289917, 1.0817532539367676, 1.2946677207946777 
376, -0.4305397868156433, 2.4405629634857178, 1.085254430770874, 1.346247911453247 
377, -0.43055635690689087, 2.3969314098358154, 1.1057274341583252, 1.2870674133300781 
378, -0.4305448532104492, 2.3572630882263184, 1.0691792964935303, 1.2834415435791016 
379, -0.4305233359336853, 2.3614463806152344, 1.073723316192627, 1.2836480140686035 
380, -0.43058156967163086, 2.354670286178589, 1.076850414276123, 1.2711782455444336 
381, -0.4305810332298279, 2.3330283164978027, 1.0575497150421143, 1.2714595794677734 
382, -0.4305846691131592, 2.3591275215148926, 1.0540838241577148, 1.3008756637573242 
383, -0.43059706687927246, 2.497925281524658, 1.0714061260223389, 1.412583827972412 
384, -0.43056678771972656, 2.372476816177368, 1.0790092945098877, 1.2887988090515137 
385, -0.4306153357028961, 2.38789963722229, 1.0824110507965088, 1.3007822036743164 
386, -0.43059682846069336, 2.405841112136841, 1.0807528495788574, 1.288081407546997 
387, -0.4306049048900604, 2.336148738861084, 1.0798041820526123, 1.250464677810669 
388, -0.430620014667511, 2.312591791152954, 1.0613737106323242, 1.2467443943023682 
389, -0.43063247203826904, 2.46211314201355, 1.063244104385376, 1.2908134460449219 
390, -0.43063807487487793, 2.4327890872955322, 1.136549949645996, 1.2905733585357666 
391, -0.4306944012641907, 2.3656694889068604, 1.0764529705047607, 1.2852237224578857 
392, -0.43074584007263184, 2.353041172027588, 1.073357105255127, 1.2751762866973877 
393, -0.4307314157485962, 2.3376410007476807, 1.0554921627044678, 1.2762646675109863 
394, -0.43074876070022583, 2.3565406799316406, 1.0528373718261719, 1.299215316772461 
395, -0.4307548999786377, 2.3839526176452637, 1.0747547149658203, 1.3053066730499268 
396, -0.4307916760444641, 2.372506618499756, 1.0719008445739746, 1.2965717315673828 
397, -0.43076300621032715, 2.3737308979034424, 1.0828616619110107, 1.2863478660583496 
398, -0.4308277666568756, 2.3924672603607178, 1.0712871551513672, 1.3099331855773926 
399, -0.43081146478652954, 2.3928723335266113, 1.098722219467163, 1.2901625633239746 
400, -0.4307823181152344, 2.311678409576416, 1.047088861465454, 1.2602019309997559 
401, -0.43081390857696533, 2.3163602352142334, 1.0605239868164062, 1.2516143321990967 
402, -0.4307975471019745, 2.390150547027588, 1.07505202293396, 1.3082051277160645 
403, -0.4308744966983795, 2.4189083576202393, 1.0976238250732422, 1.3167448043823242 
404, -0.4308643937110901, 2.3857309818267822, 1.082707166671753, 1.2808139324188232 
405, -0.43087106943130493, 2.319483757019043, 1.0619690418243408, 1.2530295848846436 
406, -0.43088024854660034, 2.3218932151794434, 1.0562267303466797, 1.2596585750579834 
407, -0.4308589994907379, 2.3994226455688477, 1.0909533500671387, 1.3039016723632812 
408, -0.4308888912200928, 2.4007513523101807, 1.0774543285369873, 1.319234848022461 
409, -0.4308986961841583, 2.358520269393921, 1.0729496479034424, 1.281477689743042 
410, -0.43095409870147705, 2.3170266151428223, 1.0635344982147217, 1.2489852905273438 
411, -0.43094223737716675, 2.3262457847595215, 1.0664258003234863, 1.2558166980743408 
412, -0.4309840202331543, 2.3965182304382324, 1.0843937397003174, 1.308058738708496 
413, -0.4310240149497986, 2.4282538890838623, 1.0975558757781982, 1.325998067855835 
414, -0.4310011863708496, 2.407627820968628, 1.0705699920654297, 1.2943546772003174 
415, -0.4310038983821869, 2.3399605751037598, 1.0748188495635986, 1.259148359298706 
416, -0.4309859871864319, 2.461130380630493, 1.0856847763061523, 1.2481164932250977 
417, -0.4309803247451782, 2.397935628890991, 1.0894904136657715, 1.3039700984954834 
418, -0.4310334324836731, 2.4193925857543945, 1.0858662128448486, 1.3295354843139648 
419, -0.43100446462631226, 2.4049482345581055, 1.0825722217559814, 1.3182830810546875 
420, -0.4309921860694885, 2.3599791526794434, 1.0740649700164795, 1.2818915843963623 
421, -0.43102899193763733, 2.369055986404419, 1.078901767730713, 1.2855188846588135 
422, -0.4310806691646576, 2.3250417709350586, 1.0694210529327393, 1.2510342597961426 
423, -0.43106919527053833, 2.3104474544525146, 1.0619406700134277, 1.2439937591552734 
424, -0.4310951232910156, 2.378797769546509, 1.0757813453674316, 1.2990055084228516 
425, -0.43107086420059204, 2.3888792991638184, 1.0870132446289062, 1.2973828315734863 
426, -0.4309983253479004, 2.3803582191467285, 1.0891239643096924, 1.2872354984283447 
427, -0.4310503602027893, 2.350954055786133, 1.0758156776428223, 1.269730806350708 
428, -0.4310421347618103, 2.443471908569336, 1.1051146984100342, 1.3332414627075195 
429, -0.43102747201919556, 2.339738368988037, 1.0370113849639893, 1.2961063385009766 
430, -0.4310154616832733, 2.4220571517944336, 1.0811784267425537, 1.3079304695129395 
431, -0.43104463815689087, 2.379049062728882, 1.0826995372772217, 1.2917792797088623 
432, -0.43108147382736206, 2.3673770427703857, 1.0776677131652832, 1.2834196090698242 
433, -0.4310603737831116, 2.3312177658081055, 1.0477688312530518, 1.2795231342315674 
434, -0.43109333515167236, 2.3549554347991943, 1.055239200592041, 1.2950940132141113 
435, -0.43112605810165405, 2.3774056434631348, 1.0726816654205322, 1.3005712032318115 
436, -0.43112415075302124, 2.4002556800842285, 1.0954158306121826, 1.3002631664276123 
437, -0.43106594681739807, 2.362230062484741, 1.0731022357940674, 1.284991979598999 
438, -0.4310593008995056, 2.321101188659668, 1.0509963035583496, 1.2620246410369873 
439, -0.4310643672943115, 2.3280768394470215, 1.0563547611236572, 1.267648696899414 
440, -0.43113183975219727, 2.4174675941467285, 1.0902228355407715, 1.3231427669525146 
441, -0.43111467361450195, 2.3784537315368652, 1.068681240081787, 1.3011784553527832 
442, -0.4311699867248535, 2.418523073196411, 1.0854582786560059, 1.328524112701416 
443, -0.4311291575431824, 2.3972976207733154, 1.062788486480713, 1.2740418910980225 
444, -0.431130051612854, 2.3487138748168945, 1.0708115100860596, 1.2738018035888672 
445, -0.43114495277404785, 2.3631951808929443, 1.0572636127471924, 1.2996258735656738 
446, -0.43118953704833984, 2.3808090686798096, 1.0799341201782227, 1.2968034744262695 
447, -0.4310796856880188, 2.380330801010132, 1.082686185836792, 1.2936365604400635 
448, -0.43109846115112305, 2.353868246078491, 1.0634746551513672, 1.2856996059417725 
449, -0.43115144968032837, 2.3326056003570557, 1.0726051330566406, 1.255911111831665 
450, -0.4311603307723999, 2.307403326034546, 1.0558385848999023, 1.2475438117980957 
451, -0.4311475455760956, 2.3724186420440674, 1.0793368816375732, 1.289074182510376 
452, -0.4312208294868469, 2.3969361782073975, 1.0898511409759521, 1.3029441833496094 
453, -0.4312478005886078, 2.363029718399048, 1.0741181373596191, 1.2847838401794434 
454, -0.4312020540237427, 2.3351097106933594, 1.0758492946624756, 1.2537651062011719 
455, -0.4312219023704529, 2.312774181365967, 1.0560524463653564, 1.2489421367645264 
456, -0.4312592148780823, 2.519693374633789, 1.0788464546203613, 1.3291962146759033 
457, -0.4312702417373657, 2.445568561553955, 1.0976018905639648, 1.316694736480713 
458, -0.4312460422515869, 2.3876399993896484, 1.091151475906372, 1.2917449474334717 
459, -0.4312164783477783, 2.332166910171509, 1.0728974342346191, 1.2552249431610107 
460, -0.4312897324562073, 2.322789192199707, 1.0658321380615234, 1.2529289722442627 
461, -0.43128523230552673, 2.386059045791626, 1.0838358402252197, 1.298111915588379 
462, -0.43126747012138367, 2.3778610229492188, 1.0773732662200928, 1.2966463565826416 
463, -0.4313638210296631, 2.3744871616363525, 1.0829601287841797, 1.2875242233276367 
464, -0.4313143491744995, 2.3522579669952393, 1.0704114437103271, 1.2777223587036133 
465, -0.43134158849716187, 2.3283517360687256, 1.0458920001983643, 1.2781474590301514 
466, -0.43135467171669006, 2.3452460765838623, 1.0470759868621826, 1.2935595512390137 
467, -0.431382954120636, 2.3858208656311035, 1.075598955154419, 1.3055391311645508 
468, -0.4313580393791199, 2.385765790939331, 1.0771629810333252, 1.3010671138763428 
469, -0.4313886761665344, 2.3646976947784424, 1.0757112503051758, 1.28495192527771 
470, -0.43136173486709595, 2.390259265899658, 1.0743184089660645, 1.2826201915740967 
471, -0.43136778473854065, 2.4235265254974365, 1.0755596160888672, 1.3006305694580078 
472, -0.43136468529701233, 2.343769073486328, 1.0877318382263184, 1.2513084411621094 
473, -0.43141287565231323, 2.37996244430542, 1.0738871097564697, 1.3011882305145264 
474, -0.43133652210235596, 2.402261257171631, 1.092146873474121, 1.3055248260498047 
475, -0.43139737844467163, 2.3771724700927734, 1.0884160995483398, 1.2842347621917725 
476, -0.43136322498321533, 2.3595054149627686, 1.0725789070129395, 1.2822928428649902 
477, -0.4313107132911682, 2.3356919288635254, 1.0681004524230957, 1.2621128559112549 
478, -0.43138012290000916, 2.335829019546509, 1.0836775302886963, 1.2481191158294678 
479, -0.43138623237609863, 2.3769447803497314, 1.0843169689178467, 1.2885115146636963 
480, -0.43133822083473206, 2.4388649463653564, 1.1084344387054443, 1.3264050483703613 
481, -0.43132996559143066, 2.367274522781372, 1.0756006240844727, 1.2876920700073242 
482, -0.4313945174217224, 2.356630325317383, 1.071335792541504, 1.2812185287475586 
483, -0.43142589926719666, 2.3189127445220947, 1.0523889064788818, 1.2613978385925293 
484, -0.43131375312805176, 2.3596408367156982, 1.0444257259368896, 1.2938940525054932 
485, -0.4313039779663086, 2.3968095779418945, 1.082871437072754, 1.3085296154022217 
486, -0.43138325214385986, 2.385005474090576, 1.0796000957489014, 1.3008167743682861 
487, -0.43132084608078003, 2.3868019580841064, 1.0873920917510986, 1.295316457748413 
488, -0.4312705397605896, 2.372748851776123, 1.0741324424743652, 1.2939915657043457 
489, -0.43135178089141846, 2.3155717849731445, 1.057828426361084, 1.2526345252990723 
490, -0.4314205050468445, 2.3405675888061523, 1.080857753753662, 1.255690574645996 
491, -0.43134158849716187, 2.3983147144317627, 1.0961487293243408, 1.2980799674987793 
492, -0.43142348527908325, 2.419140577316284, 1.0853335857391357, 1.322052001953125 
493, -0.43145453929901123, 2.3653385639190674, 1.0814931392669678, 1.2782866954803467 
494, -0.4314097762107849, 2.358057975769043, 1.0716767311096191, 1.2823314666748047 
495, -0.4313742518424988, 2.303548812866211, 1.0425851345062256, 1.2564191818237305 
496, -0.43144017457962036, 2.319345712661743, 1.0637216567993164, 1.251554250717163 
497, -0.43142253160476685, 2.4688565731048584, 1.093470811843872, 1.2985949516296387 
498, -0.4314255118370056, 2.4426991939544678, 1.0914530754089355, 1.3123786449432373 
499, -0.4313972592353821, 2.3800976276397705, 1.0848398208618164, 1.2903761863708496 
500, -0.431455135345459, 2.339383840560913, 1.0756208896636963, 1.257939338684082 
501, -0.43144530057907104, 2.3149924278259277, 1.0682373046875, 1.2426996231079102 
502, -0.43141910433769226, 2.362316131591797, 1.06795072555542, 1.2886238098144531 
503, -0.43148916959762573, 2.3931171894073486, 1.0867981910705566, 1.3018362522125244 
504, -0.4314571022987366, 2.3947391510009766, 1.097362995147705, 1.292806625366211 
505, -0.43141409754753113, 2.3375463485717773, 1.0748887062072754, 1.2553699016571045 
506, -0.43148064613342285, 2.319009780883789, 1.0613138675689697, 1.2517485618591309 
507, -0.4314364492893219, 2.361877202987671, 1.0667405128479004, 1.2905757427215576 
508, -0.4314069449901581, 2.3687100410461426, 1.0731337070465088, 1.2915327548980713 
509, -0.4314901828765869, 2.3696393966674805, 1.083909034729004, 1.281684398651123 
510, -0.4315105974674225, 2.4258878231048584, 1.076310634613037, 1.2554194927215576 
511, -0.4313858151435852, 2.3291783332824707, 1.0678820610046387, 1.2564406394958496 
512, -0.4313679039478302, 2.358084201812744, 1.0520989894866943, 1.300276756286621 
513, -0.431422621011734, 2.3852288722991943, 1.0873310565948486, 1.293205976486206 
514, -0.43146443367004395, 2.3795998096466064, 1.0755586624145508, 1.2975051403045654 
515, -0.4314492344856262, 2.3219263553619385, 1.0725202560424805, 1.2445626258850098 
516, -0.43151792883872986, 2.320929527282715, 1.0574378967285156, 1.2596242427825928 
517, -0.43150442838668823, 2.35780930519104, 1.055504322052002, 1.2983183860778809 
518, -0.431571364402771, 2.4229776859283447, 1.0777530670166016, 1.3374168872833252 
519, -0.43151384592056274, 2.3739407062530518, 1.0851221084594727, 1.2847998142242432 
520, -0.4315106272697449, 2.3516948223114014, 1.0715365409851074, 1.2752625942230225 
521, -0.4315018057823181, 2.308298110961914, 1.041165828704834, 1.2632555961608887 
522, -0.43144574761390686, 2.349825143814087, 1.0464024543762207, 1.2989380359649658 
523, -0.43144291639328003, 2.4029595851898193, 1.0735983848571777, 1.3077058792114258 
524, -0.431511789560318, 2.388295888900757, 1.0856842994689941, 1.2973284721374512 
525, -0.43153810501098633, 2.3806750774383545, 1.0826928615570068, 1.2933382987976074 
526, -0.43147915601730347, 2.355349063873291, 1.0716981887817383, 1.2795109748840332 
527, -0.43158772587776184, 2.3132476806640625, 1.0508472919464111, 1.257683515548706 
528, -0.4315127730369568, 2.3498165607452393, 1.0541436672210693, 1.291513442993164 
529, -0.4314977824687958, 2.4221057891845703, 1.085134506225586, 1.3292007446289062 
530, -0.4314834177494049, 2.3875019550323486, 1.0789687633514404, 1.3040411472320557 
531, -0.4315800368785858, 2.363312005996704, 1.0715832710266113, 1.2836966514587402 
532, -0.43150168657302856, 2.311861038208008, 1.0493755340576172, 1.258378505706787 
533, -0.431444376707077, 2.3288309574127197, 1.0498597621917725, 1.2741355895996094 
534, -0.4315073788166046, 2.411407470703125, 1.0832531452178955, 1.3241362571716309 
535, -0.4315621852874756, 2.390037775039673, 1.0862431526184082, 1.2991313934326172 
536, -0.4315184950828552, 2.363081455230713, 1.0731925964355469, 1.285271167755127 
537, -0.43146878480911255, 2.324193000793457, 1.0624973773956299, 1.2570252418518066 
538, -0.43152326345443726, 2.358316659927368, 1.0502700805664062, 1.273512601852417 
539, -0.43151819705963135, 2.4184868335723877, 1.0905609130859375, 1.3232340812683105 
540, -0.43142881989479065, 2.3870787620544434, 1.0806753635406494, 1.3011889457702637 
541, -0.4315384328365326, 2.362818956375122, 1.0782265663146973, 1.2800929546356201 
542, -0.43150094151496887, 2.332045793533325, 1.0517942905426025, 1.2753536701202393 
543, -0.43140938878059387, 2.3855245113372803, 1.0532467365264893, 1.3276255130767822 
544, -0.4313814043998718, 2.3960816860198975, 1.0744578838348389, 1.3150629997253418 
545, -0.4313986301422119, 2.377967357635498, 1.0729219913482666, 1.3009614944458008 
546, -0.4314451217651367, 2.3909363746643066, 1.0800774097442627, 1.3067846298217773 
547, -0.43145811557769775, 2.3554587364196777, 1.0665299892425537, 1.2848656177520752 
548, -0.4315129518508911, 2.321965217590332, 1.0559430122375488, 1.2618646621704102 
549, -0.43153056502342224, 2.332551956176758, 1.0691204071044922, 1.2589302062988281 
550, -0.43152564764022827, 2.414534091949463, 1.0922117233276367, 1.3162109851837158 
551, -0.4315420091152191, 2.4614779949188232, 1.085951566696167, 1.3144023418426514 
552, -0.4315752387046814, 2.3638346195220947, 1.0774312019348145, 1.2817277908325195 
553, -0.4315927028656006, 2.319246768951416, 1.0488460063934326, 1.2664527893066406 
554, -0.43157047033309937, 2.3633804321289062, 1.0503435134887695, 1.3064982891082764 
555, -0.431540846824646, 2.384894847869873, 1.0784673690795898, 1.3024020195007324 
556, -0.4315452575683594, 2.431973457336426, 1.091008186340332, 1.329770565032959 
557, -0.4315531849861145, 2.3808701038360596, 1.0903241634368896, 1.2841339111328125 
558, -0.431521475315094, 2.3206963539123535, 1.049821138381958, 1.2668352127075195 
559, -0.431510865688324, 2.3680124282836914, 1.05924654006958, 1.30426025390625 
560, -0.4315476417541504, 2.3906009197235107, 1.0781185626983643, 1.3084237575531006 
561, -0.4315010905265808, 2.3828303813934326, 1.070176124572754, 1.3078596591949463 
562, -0.4315377473831177, 2.3869564533233643, 1.081794023513794, 1.3010709285736084 
563, -0.4316047430038452, 2.359257459640503, 1.0605039596557617, 1.2917578220367432 
564, -0.43155860900878906, 2.4424760341644287, 1.0611717700958252, 1.2603356838226318 
565, -0.4315826892852783, 2.330791711807251, 1.070483684539795, 1.25636887550354 
566, -0.43151748180389404, 2.3889310359954834, 1.0880703926086426, 1.2969212532043457 
567, -0.4314596652984619, 2.41584849357605, 1.079848289489746, 1.327023983001709 
568, -0.43143534660339355, 2.4004080295562744, 1.0964772701263428, 1.2989542484283447 
569, -0.4314274787902832, 2.4901411533355713, 1.073824405670166, 1.3963360786437988 
570, -0.43149474263191223, 2.3358917236328125, 1.060788631439209, 1.2700164318084717 
571, -0.4313456416130066, 2.328817129135132, 1.0470705032348633, 1.2773404121398926 
572, -0.43135470151901245, 2.3977644443511963, 1.086115837097168, 1.3077473640441895 
573, -0.4314800500869751, 2.3908886909484863, 1.08174467086792, 1.3046119213104248 
574, -0.43152159452438354, 2.367406129837036, 1.0725488662719727, 1.2909770011901855 
575, -0.43155765533447266, 2.32295823097229, 1.0562920570373535, 1.2622427940368652 
576, -0.43155401945114136, 2.3367695808410645, 1.0574095249176025, 1.2747652530670166 
577, -0.43146824836730957, 2.545348644256592, 1.0857107639312744, 1.3322598934173584 
578, -0.4314838945865631, 2.386629581451416, 1.0877931118011475, 1.2948455810546875 
579, -0.43153172731399536, 2.378713607788086, 1.0707151889801025, 1.3034756183624268 
580, -0.431546151638031, 2.358100175857544, 1.0683839321136475, 1.285144567489624 
581, -0.43151190876960754, 2.3198113441467285, 1.054469347000122, 1.2613606452941895 
582, -0.4315669536590576, 2.3462061882019043, 1.0555598735809326, 1.2832386493682861 
583, -0.4315095543861389, 2.447526693344116, 1.0937178134918213, 1.3262274265289307 
584, -0.4314611554145813, 2.382965087890625, 1.0764024257659912, 1.3019790649414062 
585, -0.43144774436950684, 2.3637800216674805, 1.0714900493621826, 1.287168025970459 
586, -0.4314623177051544, 2.320507049560547, 1.0593485832214355, 1.2560949325561523 
587, -0.43136388063430786, 2.3247058391571045, 1.0526480674743652, 1.2680470943450928 
588, -0.43138831853866577, 2.416524648666382, 1.0909581184387207, 1.3213403224945068 
589, -0.4315108060836792, 2.381544351577759, 1.0755035877227783, 1.3015458583831787 
590, -0.43145591020584106, 2.402022123336792, 1.0767889022827148, 1.3199365139007568 
591, -0.43144530057907104, 2.361400604248047, 1.0733706951141357, 1.2823553085327148 
592, -0.43137842416763306, 2.337939739227295, 1.056464433670044, 1.2775485515594482 
593, -0.43139371275901794, 2.348308801651001, 1.0474824905395508, 1.2966902256011963 
594, -0.4315725564956665, 2.3826169967651367, 1.0734517574310303, 1.3045604228973389 
595, -0.43135160207748413, 2.3737668991088867, 1.070375680923462, 1.2992892265319824 
596, -0.4313073456287384, 2.406424045562744, 1.0965628623962402, 1.3033530712127686 
597, -0.431410014629364, 2.3303050994873047, 1.0748653411865234, 1.2508180141448975 
598, -0.4315556287765503, 2.313971519470215, 1.059140682220459, 1.2502784729003906 
599, -0.4314742982387543, 2.408515453338623, 1.0651535987854004, 1.3016409873962402 
600, -0.43148744106292725, 2.399498701095581, 1.0934276580810547, 1.3014702796936035 
601, -0.4314141273498535, 2.3921890258789062, 1.0931377410888672, 1.2930889129638672 
602, -0.43139031529426575, 2.3474977016448975, 1.069472074508667, 1.2730052471160889 
603, -0.4314333200454712, 2.35385799407959, 1.053964376449585, 1.2654097080230713 
604, -0.4315316677093506, 2.3470234870910645, 1.044642448425293, 1.2983543872833252 
605, -0.4314925968647003, 2.375274181365967, 1.0569016933441162, 1.2971622943878174 
606, -0.43153560161590576, 2.3866379261016846, 1.0787999629974365, 1.3038392066955566 
607, -0.43155452609062195, 2.364677906036377, 1.0786428451538086, 1.2816095352172852 
608, -0.4315760135650635, 2.3259668350219727, 1.0686767101287842, 1.252709150314331 
609, -0.43162158131599426, 2.382601022720337, 1.0611374378204346, 1.3066844940185547 
610, -0.4316352605819702, 2.381056308746338, 1.0769901275634766, 1.3000330924987793 
611, -0.43162333965301514, 2.3818979263305664, 1.069734811782837, 1.3082172870635986 
612, -0.4316366910934448, 2.411057472229004, 1.085731029510498, 1.3213179111480713 
613, -0.4315868616104126, 2.3715500831604004, 1.0832760334014893, 1.2836995124816895 
614, -0.4315997064113617, 2.3511064052581787, 1.0646958351135254, 1.281890869140625 
615, -0.43158411979675293, 2.3697915077209473, 1.0748686790466309, 1.290311336517334 
616, -0.4315759837627411, 2.3994665145874023, 1.0651288032531738, 1.2590384483337402 
617, -0.43158790469169617, 2.339064359664917, 1.0865097045898438, 1.2474749088287354 
618, -0.43157273530960083, 2.386303186416626, 1.0808494091033936, 1.3013513088226318 
619, -0.43159812688827515, 2.4050180912017822, 1.084956169128418, 1.314680576324463 
620, -0.4315788149833679, 2.3789913654327393, 1.0751714706420898, 1.2976875305175781 
621, -0.4315699636936188, 2.3665757179260254, 1.0790398120880127, 1.283339023590088 
622, -0.43158501386642456, 2.3782122135162354, 1.0881285667419434, 1.285151720046997 
623, -0.4315912127494812, 2.364832639694214, 1.0762004852294922, 1.2844493389129639 
624, -0.4315742552280426, 2.330091953277588, 1.0536315441131592, 1.2658882141113281 
625, -0.43156105279922485, 2.339266061782837, 1.0611085891723633, 1.2737441062927246 
626, -0.43155622482299805, 2.405592441558838, 1.0786049365997314, 1.3229179382324219 
627, -0.4316384792327881, 2.394648313522339, 1.0810878276824951, 1.3091118335723877 
628, -0.4315393567085266, 2.3672358989715576, 1.0770454406738281, 1.285463571548462 
629, -0.43150848150253296, 2.3681182861328125, 1.0722382068634033, 1.2671840190887451 
630, -0.43150079250335693, 2.401348114013672, 1.0877125263214111, 1.2803468704223633 
631, -0.431469202041626, 2.3456716537475586, 1.0437870025634766, 1.2977447509765625 
632, -0.43151992559432983, 2.386474370956421, 1.0791940689086914, 1.3025903701782227 
633, -0.4315536916255951, 2.3836305141448975, 1.080845832824707, 1.296931266784668 
634, -0.43159162998199463, 2.37009859085083, 1.0725369453430176, 1.293304443359375 
635, -0.43155911564826965, 2.3769004344940186, 1.0740275382995605, 1.2819011211395264 
636, -0.4314422011375427, 2.3280646800994873, 1.072899580001831, 1.2512290477752686 
637, -0.43148303031921387, 2.3366804122924805, 1.0736706256866455, 1.2550363540649414 
638, -0.4315173923969269, 2.377600908279419, 1.0801081657409668, 1.293076992034912 
639, -0.4315063953399658, 2.412651777267456, 1.085892677307129, 1.3226492404937744 
640, -0.43149304389953613, 2.4011638164520264, 1.086064100265503, 1.3110239505767822 
641, -0.431470662355423, 2.369569778442383, 1.076711893081665, 1.2887749671936035 
642, -0.43151959776878357, 2.3562943935394287, 1.0742897987365723, 1.2768940925598145 
643, -0.43159520626068115, 2.3545374870300293, 1.0573034286499023, 1.2716059684753418 
644, -0.431525319814682, 2.3766252994537354, 1.0583758354187012, 1.2662153244018555 
645, -0.4315430521965027, 2.4178802967071533, 1.0953972339630127, 1.3177616596221924 
646, -0.431590735912323, 2.3869409561157227, 1.0818090438842773, 1.3010153770446777 
647, -0.431551992893219, 2.3885159492492676, 1.0742652416229248, 1.3070659637451172 
648, -0.43155527114868164, 2.389007806777954, 1.0788536071777344, 1.2904255390167236 
649, -0.43146830797195435, 2.370194435119629, 1.0825889110565186, 1.283595085144043 
650, -0.43147462606430054, 2.3583550453186035, 1.0519721508026123, 1.2818965911865234 
651, -0.431572288274765, 2.340442419052124, 1.0710127353668213, 1.2655253410339355 
652, -0.43156516551971436, 2.416565418243408, 1.0836060047149658, 1.3280129432678223 
653, -0.4316001534461975, 2.388655185699463, 1.0741596221923828, 1.3103866577148438 
654, -0.43138182163238525, 2.3700695037841797, 1.0744643211364746, 1.2910287380218506 
655, -0.43151044845581055, 2.3248865604400635, 1.0632166862487793, 1.257610559463501 
656, -0.43156272172927856, 2.359234094619751, 1.0675549507141113, 1.2515549659729004 
657, -0.43145817518234253, 2.493278741836548, 1.0959932804107666, 1.3011448383331299 
658, -0.43137291073799133, 2.409804344177246, 1.0857951641082764, 1.31642484664917 
659, -0.4313703775405884, 2.3578131198883057, 1.066955327987671, 1.2868001461029053 
660, -0.4314460754394531, 2.3271727561950684, 1.0759904384613037, 1.2470345497131348 
661, -0.43156129121780396, 2.315727949142456, 1.0596704483032227, 1.2521154880523682 
662, -0.4315248131752014, 2.3876285552978516, 1.0765764713287354, 1.2974154949188232 
663, -0.4314475655555725, 2.3792500495910645, 1.0854320526123047, 1.2887146472930908 
664, -0.4315330386161804, 2.3780360221862793, 1.079857587814331, 1.2930278778076172 
665, -0.43158602714538574, 2.331447124481201, 1.0720524787902832, 1.2553446292877197 
666, -0.43153929710388184, 2.321263313293457, 1.0591084957122803, 1.258129596710205 
667, -0.43151119351387024, 2.377594470977783, 1.0691699981689453, 1.3030617237091064 
668, -0.4315175414085388, 2.387131690979004, 1.0845916271209717, 1.298445224761963 
669, -0.43147462606430054, 2.378997802734375, 1.0795259475708008, 1.295560359954834 
670, -0.43155378103256226, 2.3849124908447266, 1.089919090270996, 1.289980173110962 
671, -0.4314728379249573, 2.408794403076172, 1.072486162185669, 1.2834134101867676 
672, -0.4314829111099243, 2.339674472808838, 1.082648515701294, 1.2530574798583984 
673, -0.4315308928489685, 2.3110404014587402, 1.0521702766418457, 1.2540864944458008 
674, -0.43149250745773315, 2.3725478649139404, 1.0706450939178467, 1.2977485656738281 
675, -0.4314696192741394, 2.4071152210235596, 1.0897433757781982, 1.3109347820281982 
676, -0.4312654733657837, 2.4139938354492188, 1.0973515510559082, 1.3125159740447998 
677, -0.43121635913848877, 2.369324207305908, 1.0775275230407715, 1.2877371311187744 
678, -0.4313187599182129, 2.3624610900878906, 1.0740067958831787, 1.2836642265319824 
679, -0.43138420581817627, 2.355471611022949, 1.0562212467193604, 1.270437240600586 
680, -0.43140822649002075, 2.3360843658447266, 1.057751178741455, 1.274261236190796 
681, -0.43137824535369873, 2.4343502521514893, 1.0953266620635986, 1.3349051475524902 
682, -0.43140214681625366, 2.3816165924072266, 1.0725901126861572, 1.3044214248657227 
683, -0.4315456748008728, 2.379492998123169, 1.069859266281128, 1.3034162521362305 
684, -0.4314524233341217, 2.41420841217041, 1.0666882991790771, 1.287691593170166 
685, -0.43141281604766846, 2.341315507888794, 1.075784683227539, 1.2599148750305176 
686, -0.43137890100479126, 2.3367233276367188, 1.0473978519439697, 1.2848618030548096 
687, -0.4314364790916443, 2.36484694480896, 1.055267095565796, 1.3055977821350098 
688, -0.431438148021698, 2.397568941116333, 1.0831739902496338, 1.3096458911895752 
689, -0.4313584566116333, 2.3840582370758057, 1.087958574295044, 1.2918970584869385 
690, -0.43135780096054077, 2.3692355155944824, 1.0773093700408936, 1.2878530025482178 
691, -0.43142467737197876, 2.318643569946289, 1.0509006977081299, 1.2636735439300537 
692, -0.4314963221549988, 2.3224446773529053, 1.0454561710357666, 1.272860050201416 
693, -0.43162232637405396, 2.424053192138672, 1.0961925983428955, 1.3229210376739502 
694, -0.4313826560974121, 2.371187925338745, 1.0701889991760254, 1.296358346939087 
695, -0.43123501539230347, 2.3717458248138428, 1.073533535003662, 1.2941515445709229 
696, -0.4312475621700287, 2.3198180198669434, 1.0456717014312744, 1.2695112228393555 
697, -0.4313850402832031, 2.3375205993652344, 1.0608980655670166, 1.2708032131195068 
698, -0.43156537413597107, 2.4524497985839844, 1.0914485454559326, 1.326899766921997 
699, -0.431532621383667, 2.394286870956421, 1.0779826641082764, 1.304140329360962 
700, -0.4314521849155426, 2.3997771739959717, 1.0817503929138184, 1.3135466575622559 
701, -0.43143126368522644, 2.3614273071289062, 1.0735158920288086, 1.2838380336761475 
702, -0.4315204620361328, 2.3349032402038574, 1.0755829811096191, 1.2545921802520752 
703, -0.431515634059906, 2.3218371868133545, 1.0633692741394043, 1.2540292739868164 
704, -0.43146812915802, 2.37465763092041, 1.0679547786712646, 1.3020014762878418 
705, -0.43139225244522095, 2.387556552886963, 1.076836109161377, 1.3046600818634033 
706, -0.4313434958457947, 2.4395499229431152, 1.1017825603485107, 1.3329920768737793 
707, -0.43133366107940674, 2.3372459411621094, 1.070300817489624, 1.2630209922790527 
708, -0.43141162395477295, 2.3239073753356934, 1.0561096668243408, 1.2628991603851318 
709, -0.43150752782821655, 2.3718912601470947, 1.0577850341796875, 1.3099794387817383 
710, -0.43140751123428345, 2.4084997177124023, 1.092580795288086, 1.3112006187438965 
711, -0.43137454986572266, 2.4107770919799805, 1.0736427307128906, 1.2882575988769531 
712, -0.43154177069664, 2.378429889678955, 1.0880661010742188, 1.286257028579712 
713, -0.43149295449256897, 2.379239320755005, 1.0759649276733398, 1.298609733581543 
714, -0.43142932653427124, 2.3266940116882324, 1.0607357025146484, 1.2603390216827393 
715, -0.431455135345459, 2.340859889984131, 1.060788631439209, 1.2758996486663818 
716, -0.4315227270126343, 2.485368013381958, 1.0916271209716797, 1.3626337051391602 
717, -0.43146151304244995, 2.3934199810028076, 1.0911169052124023, 1.2977757453918457 
718, -0.43150532245635986, 2.369523286819458, 1.0757560729980469, 1.28950834274292 
719, -0.4313516616821289, 2.3360061645507812, 1.0724871158599854, 1.2584362030029297 
720, -0.4314590096473694, 2.313647508621216, 1.0586519241333008, 1.2504117488861084 
721, -0.43161270022392273, 2.3927061557769775, 1.0718917846679688, 1.3134055137634277 
722, -0.4315893054008484, 2.393609046936035, 1.0844604969024658, 1.3050320148468018 
723, -0.43144577741622925, 2.42427134513855, 1.0903682708740234, 1.3298146724700928 
724, -0.43144702911376953, 2.368417978286743, 1.0779860019683838, 1.2862374782562256 
725, -0.4315758943557739, 2.4930660724639893, 1.0980188846588135, 1.2920408248901367 
726, -0.4315512478351593, 2.3737239837646484, 1.0741801261901855, 1.2954754829406738 
727, -0.4314677119255066, 2.391542434692383, 1.1059651374816895, 1.279942512512207 
728, -0.43156981468200684, 2.3592705726623535, 1.071150779724121, 1.2827961444854736 
729, -0.4315277636051178, 2.3288557529449463, 1.066192626953125, 1.253844976425171 
730, -0.4315189719200134, 2.3288586139678955, 1.0689404010772705, 1.2559466361999512 
731, -0.43147581815719604, 2.392277240753174, 1.0841166973114014, 1.3015289306640625 
732, -0.4314687252044678, 2.4249353408813477, 1.09617280960083, 1.3246855735778809 
733, -0.43146342039108276, 2.3969173431396484, 1.0931568145751953, 1.2973954677581787 
734, -0.43153005838394165, 2.3313815593719482, 1.0731384754180908, 1.2537157535552979 
735, -0.4315708875656128, 2.3234760761260986, 1.0672900676727295, 1.2518324851989746 
736, -0.43156343698501587, 2.357192039489746, 1.062781572341919, 1.2898740768432617 
737, -0.43152761459350586, 2.3961355686187744, 1.0881953239440918, 1.2999513149261475 
738, -0.43146371841430664, 2.407367467880249, 1.0822532176971436, 1.3210453987121582 
739, -0.4314236044883728, 2.4026548862457275, 1.0846426486968994, 1.2845208644866943 
740, -0.4314706325531006, 2.376743793487549, 1.0804221630096436, 1.292337417602539 
741, -0.4315144419670105, 2.3669230937957764, 1.0797984600067139, 1.2830073833465576 
742, -0.4314837157726288, 2.368542194366455, 1.0764245986938477, 1.2874393463134766 
743, -0.43146219849586487, 2.3469653129577637, 1.0839061737060547, 1.2580227851867676 
744, -0.43149518966674805, 2.3238563537597656, 1.0654339790344238, 1.25173020362854 
745, -0.43154340982437134, 2.386380434036255, 1.082211971282959, 1.2996320724487305 
746, -0.4315159320831299, 2.3792941570281982, 1.0763566493988037, 1.2988131046295166 
747, -0.43146127462387085, 2.377570390701294, 1.087989330291748, 1.2853736877441406 
748, -0.43149784207344055, 2.3404288291931152, 1.0709352493286133, 1.26448392868042 
749, -0.43152546882629395, 2.3211021423339844, 1.0514552593231201, 1.2656099796295166 
750, -0.4314785897731781, 2.357797145843506, 1.0490918159484863, 1.303680419921875 
751, -0.4315119981765747, 2.3683159351348877, 1.0686774253845215, 1.295543909072876 
752, -0.4315791428089142, 2.402946710586548, 1.0791809558868408, 1.3179473876953125 
753, -0.43152642250061035, 2.351644515991211, 1.0795841217041016, 1.2678766250610352 
754, -0.4315448999404907, 2.3470985889434814, 1.0637359619140625, 1.279376745223999 
755, -0.43150150775909424, 2.375507354736328, 1.0607619285583496, 1.3098933696746826 
756, -0.4314360022544861, 2.382700204849243, 1.076977252960205, 1.3011071681976318 
757, -0.43137457966804504, 2.4276375770568848, 1.0902135372161865, 1.291987657546997 
758, -0.43137630820274353, 2.376798391342163, 1.0838348865509033, 1.2878506183624268 
759, -0.4314523935317993, 2.3265576362609863, 1.0569403171539307, 1.2650089263916016 
760, -0.43146276473999023, 2.3405776023864746, 1.0477964878082275, 1.288618564605713 
761, -0.4314768314361572, 2.417008638381958, 1.07808518409729, 1.3281173706054688 
762, -0.4315532445907593, 2.389416217803955, 1.0828578472137451, 1.301903486251831 
763, -0.4315503239631653, 2.369394063949585, 1.075671672821045, 1.2894937992095947 
764, -0.431459903717041, 2.3408424854278564, 1.0672571659088135, 1.267345666885376 
765, -0.4314175248146057, 2.379185438156128, 1.0530781745910645, 1.267216682434082 
766, -0.4315078854560852, 2.4494571685791016, 1.1109766960144043, 1.3344378471374512 
767, -0.43143796920776367, 2.3874733448028564, 1.0770859718322754, 1.3051249980926514 
768, -0.4314236044883728, 2.361605644226074, 1.0729784965515137, 1.2840850353240967 
769, -0.4315536916255951, 2.3190207481384277, 1.0678722858428955, 1.2472214698791504 
770, -0.43152862787246704, 2.3117880821228027, 1.0564649105072021, 1.2497620582580566 
771, -0.4314368665218353, 2.376410484313965, 1.0787882804870605, 1.2936508655548096 
772, -0.4315009117126465, 2.3938612937927246, 1.0793488025665283, 1.291346549987793 
773, -0.4315347671508789, 2.388420581817627, 1.0987472534179688, 1.2856292724609375 
774, -0.4315648674964905, 2.361768960952759, 1.0671460628509521, 1.29011869430542 
775, -0.4315681457519531, 2.3186752796173096, 1.0540714263916016, 1.2600464820861816 
776, -0.4315820038318634, 2.3401613235473633, 1.0645155906677246, 1.2681281566619873 
777, -0.431596040725708, 2.4108235836029053, 1.0949461460113525, 1.311398983001709 
778, -0.43162041902542114, 2.4355082511901855, 1.0857303142547607, 1.314424753189087 
779, -0.43152809143066406, 2.3653135299682617, 1.0766019821166992, 1.284738540649414 
780, -0.4315521717071533, 2.3352713584899902, 1.075700283050537, 1.2550580501556396 
781, -0.4315415620803833, 2.3099775314331055, 1.0562641620635986, 1.249356985092163 
782, -0.43154895305633545, 2.368304491043091, 1.0640757083892822, 1.298487901687622 
783, -0.4315428137779236, 2.3782572746276855, 1.0817594528198242, 1.291825294494629 
784, -0.4314839839935303, 2.3762528896331787, 1.0779712200164795, 1.2942383289337158 
785, -0.4314078986644745, 2.358757495880127, 1.0714387893676758, 1.2833013534545898 
786, -0.4314793348312378, 2.330822467803955, 1.0581881999969482, 1.2687275409698486 
787, -0.43155092000961304, 2.386997938156128, 1.0617971420288086, 1.3199489116668701 
788, -0.43154940009117126, 2.3861029148101807, 1.0785002708435059, 1.303478717803955 
789, -0.4315599501132965, 2.4634933471679688, 1.079345703125, 1.3597896099090576 
790, -0.4316069185733795, 2.387639045715332, 1.0959150791168213, 1.2876129150390625 
791, -0.43147844076156616, 2.323955774307251, 1.0640058517456055, 1.2550921440124512 
792, -0.43147048354148865, 2.3414714336395264, 1.063953161239624, 1.2455132007598877 
793, -0.4316244125366211, 2.382556438446045, 1.0732455253601074, 1.304030418395996 
794, -0.4315536916255951, 2.3786237239837646, 1.0791983604431152, 1.2950167655944824 
795, -0.43145424127578735, 2.3708608150482178, 1.0865967273712158, 1.2801673412322998 
796, -0.4314229488372803, 2.359936237335205, 1.073986530303955, 1.281414270401001 
797, -0.43147599697113037, 2.330418825149536, 1.0694663524627686, 1.2564122676849365 
798, -0.4315083622932434, 2.3282792568206787, 1.0641634464263916, 1.2577228546142578 
799, -0.43148088455200195, 2.3730177879333496, 1.0736405849456787, 1.2948124408721924 
800, -0.4314833879470825, 2.383667469024658, 1.077479362487793, 1.3022441864013672 
801, -0.4315904378890991, 2.3881020545959473, 1.0889391899108887, 1.2946178913116455 
802, -0.4315261244773865, 2.346456527709961, 1.0712509155273438, 1.2702605724334717 
803, -0.4315710961818695, 2.3772151470184326, 1.0717079639434814, 1.3006305694580078 
804, -0.43153393268585205, 2.3752810955047607, 1.0534205436706543, 1.3060474395751953 
805, -0.43146055936813354, 2.4119510650634766, 1.0908095836639404, 1.3097476959228516 
806, -0.4314865171909332, 2.4553956985473633, 1.0877480506896973, 1.3034865856170654 
807, -0.43160438537597656, 2.382269859313965, 1.083470106124878, 1.2947604656219482 
808, -0.43155837059020996, 2.382068157196045, 1.0815913677215576, 1.295926570892334 
809, -0.43153703212738037, 2.3623287677764893, 1.0661718845367432, 1.2920527458190918 
810, -0.4315990209579468, 2.3514723777770996, 1.0691161155700684, 1.2777824401855469 
811, -0.4315692186355591, 2.3127403259277344, 1.04978346824646, 1.2589163780212402 
812, -0.43154534697532654, 2.349421739578247, 1.0489599704742432, 1.2958152294158936 
813, -0.4315526485443115, 2.3917081356048584, 1.0838532447814941, 1.3032724857330322 
814, -0.4315416216850281, 2.398531198501587, 1.0817716121673584, 1.312129259109497 
815, -0.43154942989349365, 2.388327121734619, 1.0765037536621094, 1.3043723106384277 
816, -0.4315328299999237, 2.4031453132629395, 1.0537347793579102, 1.3451735973358154 
817, -0.4314189553260803, 2.3636269569396973, 1.0546936988830566, 1.302811861038208 
818, -0.43144407868385315, 2.388953447341919, 1.0751702785491943, 1.3097708225250244 
819, -0.43155577778816223, 2.4119043350219727, 1.0816609859466553, 1.2979342937469482 
820, -0.4314645528793335, 2.380683183670044, 1.0772526264190674, 1.2895560264587402 
821, -0.43141770362854004, 2.3166255950927734, 1.0496501922607422, 1.26137113571167 
822, -0.4314603805541992, 2.3376200199127197, 1.0590591430664062, 1.2744131088256836 
823, -0.4314795136451721, 2.411940336227417, 1.0835156440734863, 1.3242714405059814 
824, -0.4315308928489685, 2.382159948348999, 1.0750255584716797, 1.302436351776123 
825, -0.4315345585346222, 2.364474058151245, 1.0695750713348389, 1.2902824878692627 
826, -0.43145692348480225, 2.3307278156280518, 1.063110113143921, 1.2631080150604248 
827, -0.4314703047275543, 2.3326714038848877, 1.06673002243042, 1.261587142944336 
828, -0.43150585889816284, 2.415907859802246, 1.0860064029693604, 1.3239152431488037 
829, -0.4314861297607422, 2.4329400062561035, 1.1142950057983398, 1.3128151893615723 
830, -0.43138596415519714, 2.3964569568634033, 1.0858526229858398, 1.3058338165283203 
831, -0.43150705099105835, 2.3806653022766113, 1.079707145690918, 1.296539068222046 
832, -0.43154439330101013, 2.42348575592041, 1.0732202529907227, 1.3440053462982178 
833, -0.4315364360809326, 2.3655478954315186, 1.0667729377746582, 1.2947909832000732 
834, -0.4315408170223236, 2.3789618015289307, 1.074331283569336, 1.289416790008545 
835, -0.4314578175544739, 2.320920705795288, 1.0595943927764893, 1.256577491760254 
836, -0.4313541352748871, 2.322902202606201, 1.0671014785766602, 1.2513043880462646 
837, -0.4313644766807556, 2.400611162185669, 1.088515281677246, 1.307511568069458 
838, -0.4314495921134949, 2.401447296142578, 1.083725929260254, 1.313647747039795 
839, -0.4314918518066406, 2.363086700439453, 1.074270248413086, 1.2846388816833496 
840, -0.43148547410964966, 2.336729049682617, 1.0744938850402832, 1.257176160812378 
841, -0.4315139353275299, 2.3272037506103516, 1.0570430755615234, 1.266120433807373 
842, -0.4314658045768738, 2.3702328205108643, 1.0599617958068848, 1.302093267440796 
843, -0.43142783641815186, 2.4103169441223145, 1.0809037685394287, 1.3150067329406738 
844, -0.43160322308540344, 2.3714118003845215, 1.0774292945861816, 1.289271354675293 
845, -0.43159186840057373, 2.4823715686798096, 1.0655124187469482, 1.2895565032958984 
846, -0.4315170347690582, 2.3146615028381348, 1.054288387298584, 1.2546823024749756 
847, -0.4315411448478699, 2.3382363319396973, 1.058682918548584, 1.2750754356384277 
848, -0.4315987825393677, 2.4138407707214355, 1.0806617736816406, 1.3291566371917725 
849, -0.431576669216156, 2.41780161857605, 1.0931048393249512, 1.3119969367980957 
850, -0.4316272735595703, 2.3695952892303467, 1.0806152820587158, 1.2849149703979492 
851, -0.4315457344055176, 2.354517698287964, 1.0783021450042725, 1.2716593742370605 
852, -0.43152931332588196, 2.3343605995178223, 1.0552096366882324, 1.2752344608306885 
853, -0.431593120098114, 2.349391460418701, 1.0446398258209229, 1.300335168838501 
854, -0.4316338896751404, 2.381265163421631, 1.0729246139526367, 1.3042526245117188 
855, -0.4315820336341858, 2.390049934387207, 1.0864496231079102, 1.2995514869689941 
856, -0.43157655000686646, 2.402838706970215, 1.0805697441101074, 1.3162033557891846 
857, -0.4315349757671356, 2.328578472137451, 1.0626466274261475, 1.2614660263061523 
858, -0.4315618872642517, 2.3210110664367676, 1.0594332218170166, 1.2576744556427002 
859, -0.4315902292728424, 2.417577028274536, 1.0839436054229736, 1.3255205154418945 
860, -0.43155163526535034, 2.391937017440796, 1.0809664726257324, 1.3063931465148926 
861, -0.4316006004810333, 2.3876662254333496, 1.0791850090026855, 1.3043928146362305 
862, -0.431629478931427, 2.374490261077881, 1.0813727378845215, 1.287693738937378 
863, -0.43152928352355957, 2.3651742935180664, 1.0739376544952393, 1.2866923809051514 
864, -0.4316016435623169, 2.331723928451538, 1.073958158493042, 1.2537360191345215 
865, -0.4315960705280304, 2.326843500137329, 1.0576364994049072, 1.2539737224578857 
866, -0.43146753311157227, 2.3699493408203125, 1.060361385345459, 1.3041589260101318 
867, -0.43149513006210327, 2.3913891315460205, 1.0868310928344727, 1.300339698791504 
868, -0.4315605163574219, 2.3961808681488037, 1.1041948795318604, 1.2878234386444092 
869, -0.4315343499183655, 2.382833480834961, 1.077491283416748, 1.299299955368042 
870, -0.431533545255661, 2.3474786281585693, 1.0690746307373047, 1.2739372253417969 
871, -0.4316052198410034, 2.347407817840576, 1.052321434020996, 1.2904582023620605 
872, -0.43157845735549927, 2.4682044982910156, 1.0850882530212402, 1.3058454990386963 
873, -0.43147051334381104, 2.39216947555542, 1.086242437362671, 1.3018405437469482 
874, -0.4314989447593689, 2.363851308822632, 1.076988697052002, 1.282792329788208 
875, -0.4316052794456482, 2.3125643730163574, 1.0474603176116943, 1.261216163635254 
876, -0.431522011756897, 2.3408517837524414, 1.0356383323669434, 1.299590826034546 
877, -0.43153882026672363, 2.420167922973633, 1.0794689655303955, 1.3305935859680176 
878, -0.4315144717693329, 2.39329195022583, 1.0676090717315674, 1.308821439743042 
879, -0.4316021203994751, 2.3876240253448486, 1.0874226093292236, 1.2961199283599854 
880, -0.43163543939590454, 2.3756556510925293, 1.0706491470336914, 1.2984917163848877 
881, -0.43148094415664673, 2.3559532165527344, 1.0664284229278564, 1.285423994064331 
882, -0.4314166009426117, 2.3577828407287598, 1.0505385398864746, 1.286959171295166 
883, -0.4314778447151184, 2.3586647510528564, 1.0541813373565674, 1.298604965209961 
884, -0.4316220283508301, 2.387667179107666, 1.0820958614349365, 1.3014905452728271 
885, -0.4316156506538391, 2.3951077461242676, 1.0934133529663086, 1.2969717979431152 
886, -0.4314481317996979, 2.4204277992248535, 1.0937623977661133, 1.2945373058319092 
887, -0.4314614236354828, 2.361631155014038, 1.0700550079345703, 1.286966323852539 
888, -0.4314503073692322, 2.366093397140503, 1.0736839771270752, 1.288353443145752 
889, -0.4315023422241211, 2.3675537109375, 1.071336030960083, 1.2921102046966553 
890, -0.4315633177757263, 2.3730297088623047, 1.0648298263549805, 1.3029499053955078 
891, -0.4314132630825043, 2.3462016582489014, 1.0744502544403076, 1.267685890197754 
892, -0.4313870668411255, 2.3332297801971436, 1.056990146636963, 1.2722461223602295 
893, -0.4313986003398895, 2.368870735168457, 1.057039737701416, 1.3077280521392822 
894, -0.4315287172794342, 2.396756649017334, 1.0879924297332764, 1.3032023906707764 
895, -0.431567907333374, 2.41572904586792, 1.0859110355377197, 1.3019967079162598 
896, -0.43151482939720154, 2.398698091506958, 1.1063191890716553, 1.2881100177764893 
897, -0.4315095543861389, 2.365051507949829, 1.0679762363433838, 1.292517900466919 
898, -0.4315374493598938, 2.347038745880127, 1.0746088027954102, 1.2683935165405273 
899, -0.4316248893737793, 2.441767930984497, 1.039625644683838, 1.2844059467315674 
900, -0.4315139055252075, 2.369357109069824, 1.0590550899505615, 1.3062045574188232 
901, -0.43134528398513794, 2.374250888824463, 1.0703675746917725, 1.2999322414398193 
902, -0.4315200448036194, 2.3791706562042236, 1.0728960037231445, 1.3019208908081055 
903, -0.4315508008003235, 2.3866891860961914, 1.0804569721221924, 1.3017277717590332 
904, -0.43143826723098755, 2.3644866943359375, 1.0671677589416504, 1.2926702499389648 
905, -0.4313369393348694, 2.330359935760498, 1.0693042278289795, 1.2565851211547852 
906, -0.4312906861305237, 2.3964242935180664, 1.054800271987915, 1.3289992809295654 
907, -0.4313381612300873, 2.384935140609741, 1.0754899978637695, 1.3048889636993408 
908, -0.43138813972473145, 2.4359676837921143, 1.0886621475219727, 1.3036284446716309 
909, -0.43147480487823486, 2.4384405612945557, 1.1157176494598389, 1.3021197319030762 
910, -0.43138331174850464, 2.3779680728912354, 1.087663173675537, 1.2854008674621582 
911, -0.43135517835617065, 2.345221757888794, 1.0690743923187256, 1.2721457481384277 
912, -0.4313820004463196, 2.3541252613067627, 1.0557653903961182, 1.2944843769073486 
913, -0.43153518438339233, 2.3498659133911133, 1.0552871227264404, 1.2898445129394531 
914, -0.43151575326919556, 2.3812825679779053, 1.0681414604187012, 1.3090569972991943 
915, -0.43137672543525696, 2.390348434448242, 1.082787036895752, 1.3035600185394287 
916, -0.4313582479953766, 2.3910930156707764, 1.0906589031219482, 1.2964272499084473 
917, -0.43141964077949524, 2.3561007976531982, 1.0643210411071777, 1.2878100872039795 
918, -0.4314570426940918, 2.3273329734802246, 1.0696094036102295, 1.2537496089935303 
919, -0.43148237466812134, 2.317652702331543, 1.0568578243255615, 1.256838083267212 
920, -0.43138402700424194, 2.381770372390747, 1.0745322704315186, 1.3031411170959473 
921, -0.43135470151901245, 2.4001080989837646, 1.0900816917419434, 1.3055245876312256 
922, -0.43136221170425415, 2.385573625564575, 1.0840630531311035, 1.2976107597351074 
923, -0.4315289855003357, 2.3955819606781006, 1.093567132949829, 1.2967586517333984 
924, -0.4315831661224365, 2.3714077472686768, 1.0753560066223145, 1.2919809818267822 
925, -0.43149620294570923, 2.3773739337921143, 1.073106288909912, 1.26474928855896 
926, -0.431438684463501, 2.458597421646118, 1.0664315223693848, 1.2654526233673096 
927, -0.431564599275589, 2.3770577907562256, 1.0702300071716309, 1.3024041652679443 
928, -0.4316704571247101, 2.390110492706299, 1.0818679332733154, 1.3016223907470703 
929, -0.4315345883369446, 2.375481605529785, 1.0830152034759521, 1.2880141735076904 
930, -0.4314272999763489, 2.3692867755889893, 1.0775325298309326, 1.2877540588378906 
931, -0.43146824836730957, 2.3518083095550537, 1.0613806247711182, 1.2864561080932617 
932, -0.4316059947013855, 2.3204708099365234, 1.0499773025512695, 1.2663378715515137 
933, -0.4315323233604431, 2.3714122772216797, 1.0625104904174805, 1.3035902976989746 
934, -0.4314868748188019, 2.39627742767334, 1.0780692100524902, 1.3135745525360107 
935, -0.43144816160202026, 2.3908653259277344, 1.0826587677001953, 1.304255485534668 
936, -0.4314896762371063, 2.3706672191619873, 1.0751633644104004, 1.2870140075683594 
937, -0.4315558075904846, 2.3189268112182617, 1.0560178756713867, 1.2589397430419922 
938, -0.43167644739151, 2.342327833175659, 1.064033031463623, 1.2738354206085205 
939, -0.4315589964389801, 2.5248491764068604, 1.0843381881713867, 1.3324780464172363 
940, -0.4314594268798828, 2.398928165435791, 1.0927786827087402, 1.3021161556243896 
941, -0.4314579963684082, 2.361753225326538, 1.07010817527771, 1.2875983715057373 
942, -0.4315875172615051, 2.3208117485046387, 1.0520069599151611, 1.2647287845611572 
943, -0.4316961467266083, 2.3281078338623047, 1.0656704902648926, 1.257936716079712 
944, -0.43161121010780334, 2.4054360389709473, 1.092047929763794, 1.3094775676727295 
945, -0.43156698346138, 2.400825023651123, 1.0842618942260742, 1.3088316917419434 
946, -0.431560754776001, 2.406491279602051, 1.0927491188049316, 1.3096609115600586 
947, -0.431591272354126, 2.372006893157959, 1.072404384613037, 1.2956633567810059 
948, -0.4315360188484192, 2.3531692028045654, 1.0741448402404785, 1.2749581336975098 
949, -0.4315568208694458, 2.3513853549957275, 1.054778814315796, 1.2889220714569092 
950, -0.4315241873264313, 2.3640198707580566, 1.0590057373046875, 1.301079511642456 
951, -0.43156057596206665, 2.3901805877685547, 1.0808775424957275, 1.3053078651428223 
952, -0.4315926134586334, 2.4918954372406006, 1.081373929977417, 1.3052120208740234 
953, -0.43156909942626953, 2.404343366622925, 1.1011402606964111, 1.2986795902252197 
954, -0.43156442046165466, 2.375060558319092, 1.0740180015563965, 1.296928882598877 
955, -0.43145260214805603, 2.36303448677063, 1.055511474609375, 1.2660632133483887 
956, -0.43146955966949463, 2.3406546115875244, 1.067147970199585, 1.2690508365631104 
957, -0.43156057596206665, 2.414076566696167, 1.0816617012023926, 1.3279166221618652 
958, -0.4315255284309387, 2.3962595462799072, 1.0769541263580322, 1.3120896816253662 
959, -0.43152832984924316, 2.394930601119995, 1.0780525207519531, 1.3115570545196533 
960, -0.43146979808807373, 2.3807239532470703, 1.0827622413635254, 1.294067621231079 
961, -0.43156924843788147, 2.3265087604522705, 1.0648860931396484, 1.2571496963500977 
962, -0.4315323233604431, 2.3295090198516846, 1.0637528896331787, 1.2615530490875244 
963, -0.43143147230148315, 2.3925838470458984, 1.0942189693450928, 1.2929863929748535 
964, -0.4314953684806824, 2.3806099891662598, 1.0784022808074951, 1.2981865406036377 
965, -0.4314771890640259, 2.412648916244507, 1.0893702507019043, 1.3193621635437012 
966, -0.43151378631591797, 2.4479305744171143, 1.0913996696472168, 1.299720287322998 
967, -0.43155643343925476, 2.3508737087249756, 1.073333978652954, 1.2734601497650146 
968, -0.4315401315689087, 2.3470160961151123, 1.0575718879699707, 1.285665512084961 
969, -0.4316819906234741, 2.3651058673858643, 1.046027421951294, 1.3145880699157715 
970, -0.43152645230293274, 2.3854644298553467, 1.074472188949585, 1.3070735931396484 
971, -0.43144047260284424, 2.413177967071533, 1.0907185077667236, 1.318366289138794 
972, -0.43147966265678406, 2.375552177429199, 1.0809364318847656, 1.2905733585357666 
973, -0.43157821893692017, 2.368389844894409, 1.0798437595367432, 1.2838633060455322 
974, -0.4316178560256958, 2.34177827835083, 1.070035457611084, 1.26780104637146 
975, -0.43152880668640137, 2.380479097366333, 1.0564873218536377, 1.3183653354644775 
976, -0.43149590492248535, 2.394788980484009, 1.0805354118347168, 1.3101372718811035 
977, -0.4315032958984375, 2.3919355869293213, 1.0837397575378418, 1.303508996963501 
978, -0.4315922260284424, 2.392502546310425, 1.0900137424468994, 1.2984516620635986 
979, -0.43151336908340454, 2.3713150024414062, 1.067162036895752, 1.2553701400756836 
980, -0.431449294090271, 2.3425135612487793, 1.0735795497894287, 1.264904260635376 
981, -0.4314953088760376, 2.365708589553833, 1.0590019226074219, 1.302124261856079 
982, -0.43153178691864014, 2.3846049308776855, 1.0814218521118164, 1.2985310554504395 
983, -0.43150532245635986, 2.387721300125122, 1.088996410369873, 1.2943143844604492 
984, -0.43147653341293335, 2.3777241706848145, 1.0849320888519287, 1.286402940750122 
985, -0.4315464496612549, 2.3493154048919678, 1.0720713138580322, 1.2732737064361572 
986, -0.4315488338470459, 2.3315443992614746, 1.046304702758789, 1.280890703201294 
987, -0.4314945638179779, 2.3558590412139893, 1.0476155281066895, 1.3022878170013428 
988, -0.43159422278404236, 2.4049763679504395, 1.0847017765045166, 1.308722972869873 
989, -0.43160679936408997, 2.4351422786712646, 1.076206922531128, 1.3514013290405273 
990, -0.4315727949142456, 2.3834102153778076, 1.0875506401062012, 1.2912383079528809 
991, -0.43157467246055603, 2.320119857788086, 1.0530564785003662, 1.2625725269317627 
992, -0.4315720200538635, 2.3207197189331055, 1.0546960830688477, 1.2618992328643799 
993, -0.4314880073070526, 2.47385311126709, 1.0625698566436768, 1.3115742206573486 
994, -0.431536465883255, 2.397217273712158, 1.0952320098876953, 1.2974374294281006 
995, -0.43161410093307495, 2.4060909748077393, 1.0886561870574951, 1.3134140968322754 
996, -0.431467741727829, 2.3719098567962646, 1.081242561340332, 1.2867097854614258 
997, -0.43153536319732666, 2.3015103340148926, 1.0364494323730469, 1.2603137493133545 
998, -0.4315527081489563, 2.3407599925994873, 1.0601212978363037, 1.2764661312103271 
999, -0.43155115842819214, 2.3971030712127686, 1.084639549255371, 1.3075363636016846 
