Iteration, loss, time 
0, 0.9356253743171692, 2.4929370880126953, 1.0312368869781494, 1.4557714462280273 
1, 0.9104418754577637, 2.3907809257507324, 0.9453873634338379, 1.4416887760162354 
2, 0.8855559825897217, 2.4042041301727295, 0.942629337310791, 1.457878589630127 
3, 0.8611341118812561, 2.4301722049713135, 0.9523162841796875, 1.4741284847259521 
4, 0.8374232053756714, 2.41815185546875, 0.9695532321929932, 1.4449107646942139 
5, 0.8140586614608765, 2.4274046421051025, 0.9705555438995361, 1.4532153606414795 
6, 0.7910163402557373, 2.3940162658691406, 0.9624111652374268, 1.428121566772461 
7, 0.7678287625312805, 2.4033889770507812, 0.9722895622253418, 1.4275388717651367 
8, 0.7448925971984863, 2.514976978302002, 1.0221965312957764, 1.4891679286956787 
9, 0.722212553024292, 2.438112735748291, 1.0057611465454102, 1.428666114807129 
10, 0.6988433003425598, 2.4003334045410156, 0.9740924835205078, 1.42246413230896 
11, 0.6758394837379456, 2.401486396789551, 0.978391170501709, 1.4193446636199951 
12, 0.653512179851532, 2.3706438541412354, 0.9679179191589355, 1.3989169597625732 
13, 0.6320157647132874, 2.4228696823120117, 1.0182955265045166, 1.4009861946105957 
14, 0.6095060706138611, 2.6190176010131836, 1.1827259063720703, 1.4326896667480469 
15, 0.5859895944595337, 2.59948992729187, 1.176879644393921, 1.4190423488616943 
16, 0.5627004504203796, 2.643394947052002, 1.1987690925598145, 1.4409804344177246 
17, 0.5395558476448059, 2.6161623001098633, 1.1708569526672363, 1.4414629936218262 
18, 0.5163801908493042, 2.5971872806549072, 1.175544023513794, 1.4179613590240479 
19, 0.49364781379699707, 2.624685049057007, 1.1809792518615723, 1.440058708190918 
20, 0.4708452820777893, 2.6065499782562256, 1.1523678302764893, 1.4505555629730225 
21, 0.44876018166542053, 2.4093539714813232, 0.9713714122772217, 1.4343740940093994 
22, 0.42719176411628723, 2.6473798751831055, 1.175729513168335, 1.4677278995513916 
23, 0.4059966504573822, 2.5550646781921387, 1.1340255737304688, 1.4174504280090332 
24, 0.38521668314933777, 2.45881724357605, 1.007479190826416, 1.4476017951965332 
25, 0.3648129999637604, 2.597642660140991, 1.1597352027893066, 1.4344570636749268 
26, 0.3447215259075165, 2.5792617797851562, 1.1489923000335693, 1.4264452457427979 
27, 0.3255947530269623, 2.4299988746643066, 0.9684836864471436, 1.4577293395996094 
28, 0.30713018774986267, 2.4021167755126953, 0.9746448993682861, 1.4236207008361816 
29, 0.2887140214443207, 2.442601442337036, 0.9892394542694092, 1.4496650695800781 
30, 0.2704230844974518, 2.399935483932495, 0.982546329498291, 1.4138121604919434 
31, 0.2525857985019684, 2.412213087081909, 0.9560253620147705, 1.4524502754211426 
32, 0.23535451292991638, 2.4018542766571045, 0.9856700897216797, 1.4118616580963135 
33, 0.21863165497779846, 2.4142022132873535, 0.9905133247375488, 1.419992446899414 
34, 0.202467143535614, 2.4083967208862305, 0.9945542812347412, 1.4102632999420166 
35, 0.18686692416667938, 2.5910680294036865, 1.1642165184020996, 1.423046350479126 
36, 0.1720959097146988, 2.6144752502441406, 1.1759843826293945, 1.434812068939209 
37, 0.15777762234210968, 2.4168832302093506, 0.9765000343322754, 1.4365506172180176 
38, 0.1438705027103424, 2.4026260375976562, 0.965470552444458, 1.433380365371704 
39, 0.13040690124034882, 2.5689516067504883, 1.1348488330841064, 1.4300873279571533 
40, 0.11752031743526459, 2.4449715614318848, 0.999608039855957, 1.4416451454162598 
41, 0.10514578223228455, 2.4089953899383545, 0.976064920425415, 1.429274320602417 
42, 0.0929839015007019, 2.4385263919830322, 1.0135819911956787, 1.42104172706604 
43, 0.08111615478992462, 2.4164373874664307, 0.989490270614624, 1.423015832901001 
44, 0.06951075792312622, 2.410961866378784, 0.9932472705841064, 1.4140794277191162 
45, 0.058171242475509644, 2.579780101776123, 1.1660490036010742, 1.4100069999694824 
46, 0.0469169020652771, 2.4448764324188232, 1.0032129287719727, 1.4379198551177979 
47, 0.03596070408821106, 2.7303147315979004, 1.1926462650299072, 1.5338947772979736 
48, 0.025029614567756653, 2.487025022506714, 1.016845464706421, 1.4665024280548096 
49, 0.014140605926513672, 2.653550624847412, 1.1858668327331543, 1.4640464782714844 
50, 0.003538191318511963, 2.6903340816497803, 1.2213544845581055, 1.465280532836914 
51, -0.006649389863014221, 2.65490460395813, 1.1934335231781006, 1.4578299522399902 
52, -0.016426444053649902, 2.5057554244995117, 1.0495426654815674, 1.4525322914123535 
53, -0.02594636380672455, 2.667304039001465, 1.198533535003662, 1.4653291702270508 
54, -0.035243481397628784, 2.6842525005340576, 1.2460777759552002, 1.4345684051513672 
55, -0.04407021403312683, 2.660224199295044, 1.2254087924957275, 1.4310808181762695 
56, -0.05268515646457672, 2.4583559036254883, 1.0308654308319092, 1.4239575862884521 
57, -0.06127862632274628, 2.942430019378662, 1.3006048202514648, 1.6376018524169922 
58, -0.069735586643219, 3.0434939861297607, 1.3785440921783447, 1.6608781814575195 
59, -0.07802487909793854, 2.793185234069824, 1.1280333995819092, 1.6608874797821045 
60, -0.08617693185806274, 2.9297714233398438, 1.3633995056152344, 1.5622529983520508 
61, -0.09415696561336517, 2.9189720153808594, 1.3112049102783203, 1.6035196781158447 
62, -0.101965993642807, 2.8871498107910156, 1.3084912300109863, 1.574253797531128 
63, -0.10960166156291962, 2.921640634536743, 1.2972078323364258, 1.6204426288604736 
64, -0.11705991625785828, 2.953632116317749, 1.3672113418579102, 1.5814831256866455 
65, -0.12434627115726471, 2.7813570499420166, 1.137690544128418, 1.6393816471099854 
66, -0.13143190741539001, 2.8832521438598633, 1.2983965873718262, 1.5799758434295654 
67, -0.13831381499767303, 2.948007822036743, 1.3167669773101807, 1.6226751804351807 
68, -0.14509505033493042, 2.969691038131714, 1.311375379562378, 1.6541736125946045 
69, -0.15193532407283783, 2.927124261856079, 1.3099751472473145, 1.6128957271575928 
70, -0.15858174860477448, 2.9315359592437744, 1.30727219581604, 1.6199593544006348 
71, -0.16498629748821259, 2.910224676132202, 1.2892334461212158, 1.6149139404296875 
72, -0.1711789220571518, 2.9785423278808594, 1.3022072315216064, 1.672123670578003 
73, -0.17721721529960632, 2.932776689529419, 1.2989790439605713, 1.6296308040618896 
74, -0.18311618268489838, 2.7383930683135986, 1.0926668643951416, 1.6415443420410156 
75, -0.1890583038330078, 2.9137606620788574, 1.2982442378997803, 1.6112592220306396 
76, -0.1948724240064621, 2.907710313796997, 1.3033108711242676, 1.5994584560394287 
77, -0.2005104124546051, 2.909050464630127, 1.3300955295562744, 1.574833631515503 
78, -0.20595026016235352, 2.7843616008758545, 1.267455816268921, 1.5128724575042725 
79, -0.21128790080547333, 2.7824697494506836, 1.2427074909210205, 1.5354280471801758 
80, -0.2165694534778595, 2.619197368621826, 1.0892908573150635, 1.5260958671569824 
81, -0.22173327207565308, 2.61385440826416, 1.149458646774292, 1.4606645107269287 
82, -0.22683827579021454, 2.567937135696411, 1.143923282623291, 1.420255184173584 
83, -0.23187805712223053, 2.5659563541412354, 1.1466426849365234, 1.415661334991455 
84, -0.2367425411939621, 2.394731283187866, 0.9806501865386963, 1.4104182720184326 
85, -0.24142606556415558, 2.5806148052215576, 1.1560781002044678, 1.4209551811218262 
86, -0.24604611098766327, 2.5632314682006836, 1.1471490859985352, 1.412405252456665 
87, -0.25060009956359863, 2.559534788131714, 1.1492538452148438, 1.4063715934753418 
88, -0.25508788228034973, 2.4132378101348877, 1.006436824798584, 1.4032413959503174 
89, -0.2594161629676819, 2.4175806045532227, 0.9981131553649902, 1.4147233963012695 
90, -0.2635467052459717, 2.4060990810394287, 1.011906385421753, 1.3906490802764893 
91, -0.26763302087783813, 2.622846841812134, 1.2200119495391846, 1.3990769386291504 
92, -0.2716127634048462, 2.438915967941284, 1.0373554229736328, 1.397864580154419 
93, -0.2754128575325012, 2.6215126514434814, 1.1701290607452393, 1.4465453624725342 
94, -0.27922895550727844, 2.5368099212646484, 1.1219711303710938, 1.4111590385437012 
95, -0.28295964002609253, 2.4188895225524902, 0.9869210720062256, 1.428205966949463 
96, -0.2864973545074463, 2.604687213897705, 1.1691155433654785, 1.4318547248840332 
97, -0.2899211049079895, 2.6209495067596436, 1.1390900611877441, 1.476940393447876 
98, -0.2934044897556305, 2.599560022354126, 1.1589722633361816, 1.4368464946746826 
99, -0.296921968460083, 2.5718915462493896, 1.134284496307373, 1.434058427810669 
100, -0.30045580863952637, 2.57076096534729, 1.158299207687378, 1.4087989330291748 
101, -0.3039582371711731, 2.5542030334472656, 1.1743617057800293, 1.375575065612793 
102, -0.3073597550392151, 2.5946011543273926, 1.1716794967651367, 1.4191539287567139 
103, -0.3106951415538788, 2.5858635902404785, 1.178051233291626, 1.4041023254394531 
104, -0.3139756917953491, 2.5825130939483643, 1.167815923690796, 1.4110662937164307 
105, -0.31715506315231323, 2.5948996543884277, 1.1932439804077148, 1.3978819847106934 
106, -0.3202524781227112, 2.6080808639526367, 1.1928026676177979, 1.4116089344024658 
107, -0.323086142539978, 2.5774800777435303, 1.1714582443237305, 1.4022314548492432 
108, -0.3258196711540222, 2.6020801067352295, 1.159402847290039, 1.4390568733215332 
109, -0.3284910321235657, 2.5965564250946045, 1.146397352218628, 1.4449982643127441 
110, -0.3311469256877899, 2.3990516662597656, 0.9746406078338623, 1.4207484722137451 
111, -0.33379316329956055, 2.6090171337127686, 1.1815779209136963, 1.4237124919891357 
112, -0.33626076579093933, 2.582979917526245, 1.1513242721557617, 1.4280381202697754 
113, -0.3386516273021698, 2.5853688716888428, 1.1600406169891357, 1.4216768741607666 
114, -0.3409920930862427, 2.573538303375244, 1.1466755867004395, 1.422825813293457 
115, -0.34332650899887085, 2.3938846588134766, 0.9744234085083008, 1.4158096313476562 
116, -0.3455989956855774, 2.4292385578155518, 1.0061967372894287, 1.4195237159729004 
117, -0.3477587103843689, 2.587628126144409, 1.1295125484466553, 1.4544763565063477 
118, -0.3498861789703369, 2.5775704383850098, 1.1475491523742676, 1.4264183044433594 
119, -0.35201793909072876, 2.376906156539917, 1.1481389999389648, 1.2252182960510254 
120, -0.35401180386543274, 2.5735104084014893, 1.137031078338623, 1.4327301979064941 
121, -0.3559788465499878, 2.584195852279663, 1.164106845855713, 1.4165153503417969 
122, -0.357979416847229, 2.5668182373046875, 1.1329715251922607, 1.428473711013794 
123, -0.359916090965271, 2.5839130878448486, 1.1597139835357666, 1.420487403869629 
124, -0.3618100881576538, 2.574880838394165, 1.200859546661377, 1.3698639869689941 
125, -0.3636683225631714, 2.6165287494659424, 1.18597412109375, 1.4254605770111084 
126, -0.3654657304286957, 2.540055751800537, 1.1528668403625488, 1.3829410076141357 
127, -0.3672695755958557, 2.5467939376831055, 1.126776933670044, 1.4163899421691895 
128, -0.36903202533721924, 2.514376640319824, 1.1083223819732666, 1.4024021625518799 
129, -0.3707270324230194, 2.5533480644226074, 1.127690076828003, 1.419809103012085 
130, -0.3723732829093933, 2.5847413539886475, 1.1702704429626465, 1.4109175205230713 
131, -0.3740672767162323, 2.5308938026428223, 1.1452908515930176, 1.3820648193359375 
132, -0.37565743923187256, 2.5391757488250732, 1.1455347537994385, 1.3901774883270264 
133, -0.3771321177482605, 2.57216477394104, 1.1737990379333496, 1.3949353694915771 
134, -0.37864550948143005, 2.535700559616089, 1.1344008445739746, 1.3972179889678955 
135, -0.3801964819431305, 2.5543477535247803, 1.1647937297821045, 1.3860321044921875 
136, -0.38172447681427, 2.534562826156616, 1.129899501800537, 1.4000163078308105 
137, -0.3831159472465515, 2.5442583560943604, 1.1673827171325684, 1.3729891777038574 
138, -0.3844960033893585, 2.575685739517212, 1.1786084175109863, 1.3928298950195312 
139, -0.38577884435653687, 2.5386500358581543, 1.1135075092315674, 1.4212636947631836 
140, -0.3870594799518585, 2.5549793243408203, 1.141845464706421, 1.4094173908233643 
141, -0.38839906454086304, 2.5271430015563965, 1.128678321838379, 1.3946421146392822 
142, -0.38968855142593384, 2.5414440631866455, 1.1305856704711914, 1.4072813987731934 
143, -0.39092081785202026, 2.557643175125122, 1.1519603729248047, 1.4021859169006348 
144, -0.3921332359313965, 2.5461947917938232, 1.1551122665405273, 1.3875279426574707 
145, -0.39331546425819397, 2.5330305099487305, 1.1760172843933105, 1.3529207706451416 
146, -0.39444848895072937, 2.5654048919677734, 1.1536974906921387, 1.4081318378448486 
147, -0.3956094980239868, 2.5323352813720703, 1.1433558464050293, 1.3854138851165771 
148, -0.39659583568573, 2.534553050994873, 1.1408395767211914, 1.3889782428741455 
149, -0.3976023197174072, 2.521552324295044, 1.1506659984588623, 1.3673086166381836 
150, -0.3987605571746826, 2.539984703063965, 1.163266658782959, 1.3731350898742676 
151, -0.3999077081680298, 2.573340892791748, 1.1374742984771729, 1.3915071487426758 
152, -0.40089941024780273, 2.5643274784088135, 1.179509162902832, 1.3806126117706299 
153, -0.4019460678100586, 2.558828353881836, 1.1437668800354004, 1.4083833694458008 
154, -0.4029763638973236, 2.5551106929779053, 1.148200511932373, 1.403256893157959 
155, -0.40397822856903076, 2.5335042476654053, 1.146174430847168, 1.3837716579437256 
156, -0.4049147963523865, 2.5542492866516113, 1.1596391201019287, 1.3909552097320557 
157, -0.4058673083782196, 2.5318286418914795, 1.1327288150787354, 1.3955700397491455 
158, -0.40682172775268555, 2.5162346363067627, 1.1268789768218994, 1.3856089115142822 
159, -0.4076966345310211, 2.548971176147461, 1.1565122604370117, 1.3888063430786133 
160, -0.4085870683193207, 2.5383777618408203, 1.14223051071167, 1.3920962810516357 
161, -0.4095139503479004, 2.5923569202423096, 1.1893839836120605, 1.396453857421875 
162, -0.41038042306900024, 2.5546343326568604, 1.1630902290344238, 1.3877627849578857 
163, -0.41125887632369995, 2.541292190551758, 1.1278941631317139, 1.4091322422027588 
164, -0.41214364767074585, 2.5690996646881104, 1.127608060836792, 1.4375813007354736 
165, -0.41292521357536316, 2.535104751586914, 1.1019062995910645, 1.4292793273925781 
166, -0.4137413799762726, 2.5443029403686523, 1.1064879894256592, 1.4336168766021729 
167, -0.4146004021167755, 2.564364433288574, 1.1415541172027588, 1.4190289974212646 
168, -0.41542115807533264, 2.558746099472046, 1.1437394618988037, 1.411421537399292 
169, -0.4161750078201294, 2.5268213748931885, 1.1132028102874756, 1.4094679355621338 
170, -0.4168813228607178, 2.5885775089263916, 1.1553645133972168, 1.4288694858551025 
171, -0.4176170229911804, 2.549193859100342, 1.1444170475006104, 1.4009740352630615 
172, -0.41833847761154175, 2.5770556926727295, 1.160341501235962, 1.4130666255950928 
173, -0.4189215898513794, 2.5579140186309814, 1.1451489925384521, 1.4039571285247803 
174, -0.4195348024368286, 2.5495123863220215, 1.1220991611480713, 1.423851728439331 
175, -0.4202052354812622, 2.548269271850586, 1.1224644184112549, 1.422149419784546 
176, -0.4209004044532776, 2.5641610622406006, 1.1095530986785889, 1.4509577751159668 
177, -0.4216201901435852, 2.5306949615478516, 1.1074550151824951, 1.4195277690887451 
178, -0.4222501516342163, 2.5555925369262695, 1.1213641166687012, 1.4302279949188232 
179, -0.4228956699371338, 2.5621562004089355, 1.1255292892456055, 1.4328956604003906 
180, -0.4235084056854248, 2.566798686981201, 1.1478588581085205, 1.4154372215270996 
181, -0.42412856221199036, 2.537924289703369, 1.1279606819152832, 1.4064359664916992 
182, -0.4246697425842285, 2.546623468399048, 1.1296789646148682, 1.4132394790649414 
183, -0.4252050518989563, 2.55130672454834, 1.137225866317749, 1.4106240272521973 
184, -0.4257822334766388, 2.5540850162506104, 1.1215360164642334, 1.4285104274749756 
185, -0.42630207538604736, 2.5470712184906006, 1.1440787315368652, 1.3969120979309082 
186, -0.42676663398742676, 2.55151104927063, 1.1369338035583496, 1.411071538925171 
187, -0.42721396684646606, 2.5141379833221436, 1.0972082614898682, 1.4129302501678467 
188, -0.42764633893966675, 2.546254873275757, 1.1176624298095703, 1.4133632183074951 
189, -0.42813217639923096, 2.5506789684295654, 1.114760398864746, 1.4322259426116943 
190, -0.4285908639431, 2.5590219497680664, 1.1080617904663086, 1.4195263385772705 
191, -0.42903369665145874, 2.546381711959839, 1.1082067489624023, 1.434645175933838 
192, -0.4294876456260681, 2.5442750453948975, 1.1335415840148926, 1.4061670303344727 
193, -0.42990726232528687, 2.571328639984131, 1.1303374767303467, 1.4372968673706055 
194, -0.43030846118927, 2.567511558532715, 1.1441235542297363, 1.4193415641784668 
195, -0.4306993782520294, 2.5746617317199707, 1.1404366493225098, 1.430588960647583 
196, -0.4310534596443176, 2.5583741664886475, 1.1353168487548828, 1.4196083545684814 
197, -0.43137991428375244, 2.5761618614196777, 1.1349401473999023, 1.437556266784668 
198, -0.4318086504936218, 2.5330216884613037, 1.1056478023529053, 1.4236805438995361 
199, -0.4321691393852234, 2.5836198329925537, 1.1359553337097168, 1.4441275596618652 
200, -0.43246573209762573, 2.5515384674072266, 1.1235220432281494, 1.4230706691741943 
201, -0.43280085921287537, 2.534301519393921, 1.114177942276001, 1.4164838790893555 
202, -0.4331416189670563, 2.549344539642334, 1.1340575218200684, 1.407724142074585 
203, -0.4334380328655243, 2.537135362625122, 1.1369974613189697, 1.3965938091278076 
204, -0.433691143989563, 2.5906708240509033, 1.1699469089508057, 1.416553020477295 
205, -0.4339810609817505, 2.5562500953674316, 1.1478664875030518, 1.4041714668273926 
206, -0.43426889181137085, 2.548668146133423, 1.1493077278137207, 1.394380807876587 
207, -0.43462246656417847, 2.5565025806427, 1.1399788856506348, 1.4127867221832275 
208, -0.43489527702331543, 2.6109912395477295, 1.173410415649414, 1.4331505298614502 
209, -0.43514883518218994, 2.526271104812622, 1.1200175285339355, 1.4025754928588867 
210, -0.43545854091644287, 2.5869240760803223, 1.1289763450622559, 1.4539668560028076 
211, -0.43578672409057617, 2.5629467964172363, 1.122605800628662, 1.4366626739501953 
212, -0.4360852837562561, 2.641207456588745, 1.1295216083526611, 1.4134521484375 
213, -0.4363153874874115, 2.5458638668060303, 1.1444687843322754, 1.3977298736572266 
214, -0.4364857077598572, 2.5338475704193115, 1.154757022857666, 1.3753232955932617 
215, -0.43675562739372253, 2.5492122173309326, 1.148867130279541, 1.3962666988372803 
216, -0.4370822608470917, 2.569542169570923, 1.1480143070220947, 1.4176220893859863 
217, -0.4373322129249573, 2.5584185123443604, 1.1171746253967285, 1.4350929260253906 
218, -0.4375815987586975, 2.521172523498535, 1.1257445812225342, 1.391808032989502 
219, -0.4377453625202179, 2.5587735176086426, 1.138171672821045, 1.4169948101043701 
220, -0.43799567222595215, 2.5080976486206055, 1.096100091934204, 1.407972812652588 
221, -0.43821263313293457, 2.5583674907684326, 1.121994972229004, 1.432602882385254 
222, -0.43844521045684814, 2.546513080596924, 1.1304469108581543, 1.4123899936676025 
223, -0.4386722445487976, 2.5581588745117188, 1.1207678318023682, 1.4337804317474365 
224, -0.4388657212257385, 2.6017088890075684, 1.1705763339996338, 1.4276237487792969 
225, -0.43904727697372437, 2.5778372287750244, 1.1678309440612793, 1.4051282405853271 
226, -0.4392354488372803, 2.5366833209991455, 1.1238880157470703, 1.409095287322998 
227, -0.4394227862358093, 2.5618131160736084, 1.1204915046691895, 1.4377188682556152 
228, -0.43960827589035034, 2.531046152114868, 1.1244573593139648, 1.4029576778411865 
229, -0.43976062536239624, 2.594637870788574, 1.1620466709136963, 1.4254343509674072 
230, -0.4400022327899933, 2.5840632915496826, 1.1591253280639648, 1.4207093715667725 
231, -0.4401704668998718, 2.5164754390716553, 1.10691499710083, 1.405928134918213 
232, -0.4403575658798218, 2.5379607677459717, 1.1100244522094727, 1.4242603778839111 
233, -0.44052404165267944, 2.575906753540039, 1.1478486061096191, 1.4244093894958496 
234, -0.4406815469264984, 2.5333993434906006, 1.1092870235443115, 1.4204931259155273 
235, -0.440803587436676, 2.5735576152801514, 1.1562399864196777, 1.4137496948242188 
236, -0.44096726179122925, 2.4969937801361084, 1.1016290187835693, 1.3918356895446777 
237, -0.4411109685897827, 2.5557284355163574, 1.119412899017334, 1.4309773445129395 
238, -0.44121426343917847, 2.5737929344177246, 1.155400276184082, 1.4142537117004395 
239, -0.44137734174728394, 2.553004264831543, 1.1357276439666748, 1.4132018089294434 
240, -0.4415096938610077, 2.5531258583068848, 1.1533076763153076, 1.3948214054107666 
241, -0.44172173738479614, 2.5951805114746094, 1.1636943817138672, 1.426304817199707 
242, -0.4419330656528473, 2.5816268920898438, 1.1554603576660156, 1.421889066696167 
243, -0.4421742558479309, 2.5702643394470215, 1.125736951828003, 1.4407896995544434 
244, -0.44236305356025696, 2.5136165618896484, 1.0950238704681396, 1.4149796962738037 
245, -0.44254744052886963, 2.549196243286133, 1.1117045879364014, 1.4334216117858887 
246, -0.44270026683807373, 2.5608010292053223, 1.1349892616271973, 1.4220952987670898 
247, -0.44284695386886597, 2.525278091430664, 1.117868185043335, 1.4037489891052246 
248, -0.44301265478134155, 2.5567715167999268, 1.1274831295013428, 1.4256067276000977 
249, -0.443139910697937, 2.557485342025757, 1.1474475860595703, 1.4045755863189697 
250, -0.4432356357574463, 2.5343332290649414, 1.1236412525177002, 1.4063308238983154 
251, -0.44334858655929565, 2.5764663219451904, 1.1519572734832764, 1.4205093383789062 
252, -0.44352301955223083, 2.5731661319732666, 1.1504554748535156, 1.4189660549163818 
253, -0.44370415806770325, 2.540498733520508, 1.1332669258117676, 1.4030420780181885 
254, -0.4438478648662567, 2.569127321243286, 1.1403744220733643, 1.4250178337097168 
255, -0.44396689534187317, 2.5445661544799805, 1.1300475597381592, 1.4099748134613037 
256, -0.4440586566925049, 2.5548408031463623, 1.1257219314575195, 1.425415277481079 
257, -0.4441477358341217, 2.578801393508911, 1.1337080001831055, 1.440779447555542 
258, -0.44425591826438904, 2.5439376831054688, 1.1133522987365723, 1.4269654750823975 
259, -0.44442498683929443, 2.5232017040252686, 1.1133019924163818, 1.4062414169311523 
260, -0.4444483816623688, 2.5621695518493652, 1.1412155628204346, 1.4165403842926025 
261, -0.4445120692253113, 2.5634219646453857, 1.126047134399414, 1.432711124420166 
262, -0.44465261697769165, 2.5382907390594482, 1.1445655822753906, 1.3890109062194824 
263, -0.4447605311870575, 2.5854310989379883, 1.182861089706421, 1.3985202312469482 
264, -0.4449114203453064, 2.5617313385009766, 1.1589958667755127, 1.398618459701538 
265, -0.44504299759864807, 2.5392401218414307, 1.1290364265441895, 1.4066131114959717 
266, -0.44515568017959595, 2.5895495414733887, 1.1263318061828613, 1.4592106342315674 
267, -0.4452568292617798, 2.5603132247924805, 1.1345667839050293, 1.4221038818359375 
268, -0.4453415274620056, 2.531717538833618, 1.1097679138183594, 1.4179582595825195 
269, -0.4454007148742676, 2.529336452484131, 1.1137158870697021, 1.4119744300842285 
270, -0.44543763995170593, 2.505786657333374, 1.1000299453735352, 1.4023046493530273 
271, -0.4454687833786011, 2.5607964992523193, 1.1556329727172852, 1.4010114669799805 
272, -0.44554901123046875, 2.567448854446411, 1.1300010681152344, 1.4335987567901611 
273, -0.44562026858329773, 2.5573906898498535, 1.142594575881958, 1.4099388122558594 
274, -0.44568896293640137, 2.554938316345215, 1.1427137851715088, 1.4083735942840576 
275, -0.44573527574539185, 2.5421905517578125, 1.1283423900604248, 1.4100964069366455 
276, -0.4458746314048767, 2.561544418334961, 1.1370465755462646, 1.4208171367645264 
277, -0.44598352909088135, 2.543843984603882, 1.1279559135437012, 1.412158489227295 
278, -0.4460788667201996, 2.5665905475616455, 1.1461973190307617, 1.4167683124542236 
279, -0.44612324237823486, 2.5639846324920654, 1.142479419708252, 1.417351484298706 
280, -0.44615164399147034, 2.5357003211975098, 1.1262190341949463, 1.4057285785675049 
281, -0.44618678092956543, 2.5482177734375, 1.1183156967163086, 1.4236273765563965 
282, -0.4462544918060303, 2.531890630722046, 1.1343870162963867, 1.3933959007263184 
283, -0.44637927412986755, 2.5395073890686035, 1.1244049072265625, 1.4114487171173096 
284, -0.4463980197906494, 2.5012755393981934, 1.1324796676635742, 1.3652334213256836 
285, -0.44643253087997437, 2.5111281871795654, 1.1254122257232666, 1.3820536136627197 
286, -0.4464874863624573, 2.5063185691833496, 1.1365351676940918, 1.366138219833374 
287, -0.4465201497077942, 2.550659656524658, 1.1237504482269287, 1.393756628036499 
288, -0.44657301902770996, 2.4896321296691895, 1.1064043045043945, 1.379694938659668 
289, -0.44661861658096313, 2.523526191711426, 1.1297051906585693, 1.3902387619018555 
290, -0.44663381576538086, 2.4900829792022705, 1.1089396476745605, 1.3775608539581299 
291, -0.4467119574546814, 2.516205310821533, 1.1339433193206787, 1.3725051879882812 
292, -0.44678813219070435, 2.493997812271118, 1.123361587524414, 1.3663303852081299 
293, -0.44679921865463257, 2.5422585010528564, 1.1497657299041748, 1.38834810256958 
294, -0.4468311071395874, 2.528236150741577, 1.146756649017334, 1.3778605461120605 
295, -0.44684773683547974, 2.54475998878479, 1.116086721420288, 1.395132303237915 
296, -0.44683918356895447, 2.5033278465270996, 1.1070475578308105, 1.3925836086273193 
297, -0.44691264629364014, 2.509422540664673, 1.0997493267059326, 1.4041178226470947 
298, -0.44696009159088135, 2.538599967956543, 1.1269047260284424, 1.4082591533660889 
299, -0.446965754032135, 2.568577289581299, 1.0970981121063232, 1.4142365455627441 
300, -0.4470251798629761, 2.5227434635162354, 1.1322910785675049, 1.3851120471954346 
301, -0.4471759796142578, 2.549947738647461, 1.1354432106018066, 1.4109368324279785 
302, -0.4472675621509552, 2.539511203765869, 1.1488804817199707, 1.3869438171386719 
303, -0.44734466075897217, 2.539475202560425, 1.1260921955108643, 1.4089410305023193 
304, -0.4473574161529541, 2.4935097694396973, 1.081160545349121, 1.4087903499603271 
305, -0.4474204182624817, 2.515231132507324, 1.0872106552124023, 1.4245004653930664 
306, -0.44752025604248047, 2.5500681400299072, 1.1304001808166504, 1.4161856174468994 
307, -0.44756609201431274, 2.5055198669433594, 1.116710901260376, 1.3850939273834229 
308, -0.4475153386592865, 2.552565574645996, 1.1356449127197266, 1.3976099491119385 
309, -0.44750553369522095, 2.5429234504699707, 1.1545767784118652, 1.3847789764404297 
310, -0.44757625460624695, 2.5339488983154297, 1.1324741840362549, 1.3978080749511719 
311, -0.4476274847984314, 2.620645523071289, 1.1210319995880127, 1.370821475982666 
312, -0.44767993688583374, 2.5195655822753906, 1.1319828033447266, 1.381596326828003 
313, -0.4477469027042389, 2.476585865020752, 1.099182367324829, 1.3736579418182373 
314, -0.44776785373687744, 2.5065255165100098, 1.1199195384979248, 1.383115291595459 
315, -0.4478241205215454, 2.527602434158325, 1.123509407043457, 1.4005422592163086 
316, -0.4478245973587036, 2.540139675140381, 1.1450514793395996, 1.3914315700531006 
317, -0.4478261172771454, 2.5027945041656494, 1.1125047206878662, 1.3867084980010986 
318, -0.44787144660949707, 2.495729446411133, 1.1194007396697998, 1.3727900981903076 
319, -0.44791027903556824, 2.5133397579193115, 1.1226940155029297, 1.38698148727417 
320, -0.4479524493217468, 2.49896502494812, 1.0978257656097412, 1.397507667541504 
321, -0.4480188190937042, 2.5181407928466797, 1.1000559329986572, 1.4145805835723877 
322, -0.44806957244873047, 2.5424013137817383, 1.1234817504882812, 1.415006399154663 
323, -0.4481009542942047, 2.4996891021728516, 1.1044549942016602, 1.3904304504394531 
324, -0.44811922311782837, 2.527303695678711, 1.116919994354248, 1.4041845798492432 
325, -0.44815707206726074, 2.564242362976074, 1.1546552181243896, 1.4034016132354736 
326, -0.4481773376464844, 2.513725519180298, 1.1227552890777588, 1.3873636722564697 
327, -0.4481537640094757, 2.5109481811523438, 1.1197569370269775, 1.3830273151397705 
328, -0.448127806186676, 2.5562021732330322, 1.1373069286346436, 1.4152460098266602 
329, -0.448150098323822, 2.508363962173462, 1.1125972270965576, 1.3917012214660645 
330, -0.44814836978912354, 2.5109434127807617, 1.0953843593597412, 1.4114506244659424 
331, -0.44812822341918945, 2.4914276599884033, 1.1091742515563965, 1.3786540031433105 
332, -0.4481639266014099, 2.4977028369903564, 1.1116812229156494, 1.3816335201263428 
333, -0.4481585621833801, 2.514194965362549, 1.1270298957824707, 1.3835439682006836 
334, -0.4481832981109619, 2.508236885070801, 1.1471672058105469, 1.3573462963104248 
335, -0.4481971263885498, 2.5076467990875244, 1.1440773010253906, 1.3595712184906006 
336, -0.4482625722885132, 2.639925956726074, 1.1605050563812256, 1.396437406539917 
337, -0.4482972025871277, 2.5517961978912354, 1.1418790817260742, 1.4020659923553467 
338, -0.44831135869026184, 2.4941139221191406, 1.105799913406372, 1.384286880493164 
339, -0.44829869270324707, 2.4829750061035156, 1.1019248962402344, 1.3773963451385498 
340, -0.44838953018188477, 2.4952921867370605, 1.097541332244873, 1.3933966159820557 
341, -0.44838228821754456, 2.5297203063964844, 1.1399290561676025, 1.3857152462005615 
342, -0.4483807682991028, 2.4873783588409424, 1.1093626022338867, 1.3743882179260254 
343, -0.4483885169029236, 2.5271332263946533, 1.1452555656433105, 1.378183364868164 
344, -0.4484444260597229, 2.5062222480773926, 1.1319005489349365, 1.370516300201416 
345, -0.44851312041282654, 2.5618176460266113, 1.1487314701080322, 1.4094650745391846 
346, -0.4484829902648926, 2.5308661460876465, 1.1337454319000244, 1.393523931503296 
347, -0.4484412372112274, 2.4809160232543945, 1.096407413482666, 1.380929708480835 
348, -0.4484717547893524, 2.486616611480713, 1.09016752243042, 1.3928847312927246 
349, -0.4485183358192444, 2.527435302734375, 1.1048469543457031, 1.4173369407653809 
350, -0.44857466220855713, 2.5152933597564697, 1.1140697002410889, 1.396089792251587 
351, -0.44857415556907654, 2.5040111541748047, 1.1173017024993896, 1.3794786930084229 
352, -0.44856297969818115, 2.514601945877075, 1.1279358863830566, 1.3825502395629883 
353, -0.448539674282074, 2.569443702697754, 1.1601040363311768, 1.4055860042572021 
354, -0.44857174158096313, 2.502204656600952, 1.1392450332641602, 1.3593647480010986 
355, -0.44850093126296997, 2.505790948867798, 1.1396548748016357, 1.3624787330627441 
356, -0.4484364092350006, 2.515566110610962, 1.1322028636932373, 1.378333568572998 
357, -0.44844335317611694, 2.520644187927246, 1.1291310787200928, 1.3871378898620605 
358, -0.44849124550819397, 2.487792491912842, 1.1127312183380127, 1.3714110851287842 
359, -0.4485021233558655, 2.529339075088501, 1.145765781402588, 1.3799512386322021 
360, -0.4485200047492981, 2.520303726196289, 1.1486351490020752, 1.3679840564727783 
361, -0.44861119985580444, 2.482891082763672, 1.1410751342773438, 1.3382232189178467 
362, -0.4486691355705261, 2.55357027053833, 1.1859588623046875, 1.3602685928344727 
363, -0.44865691661834717, 2.5271384716033936, 1.1458711624145508, 1.3757333755493164 
364, -0.4486706256866455, 2.512481451034546, 1.1489357948303223, 1.3591365814208984 
365, -0.44863712787628174, 2.498284101486206, 1.1259872913360596, 1.3685836791992188 
366, -0.448628306388855, 2.516686201095581, 1.1285881996154785, 1.3845813274383545 
367, -0.4485889673233032, 2.4926247596740723, 1.1136603355407715, 1.3745970726013184 
368, -0.44860589504241943, 2.555309295654297, 1.1449742317199707, 1.4062526226043701 
369, -0.4485878348350525, 2.50577449798584, 1.1159133911132812, 1.3862168788909912 
370, -0.4485616087913513, 2.4860618114471436, 1.1251888275146484, 1.3563995361328125 
371, -0.4485597312450409, 2.5067830085754395, 1.1244046688079834, 1.3787646293640137 
372, -0.4486357271671295, 2.541949510574341, 1.1552119255065918, 1.3830173015594482 
373, -0.44866943359375, 2.5359902381896973, 1.1521360874176025, 1.3796837329864502 
374, -0.4486672878265381, 2.544020652770996, 1.1290459632873535, 1.4031262397766113 
375, -0.4486427903175354, 2.6488547325134277, 1.1161036491394043, 1.401047945022583 
376, -0.4486323595046997, 2.527813673019409, 1.14951491355896, 1.374690294265747 
377, -0.44854509830474854, 2.5119283199310303, 1.1256356239318848, 1.3784351348876953 
378, -0.44851961731910706, 2.5156753063201904, 1.1261229515075684, 1.385932445526123 
379, -0.4485613703727722, 2.51231050491333, 1.1331746578216553, 1.3750128746032715 
380, -0.4485773742198944, 2.533874750137329, 1.1220369338989258, 1.4082343578338623 
381, -0.4485509395599365, 2.5580523014068604, 1.134068250656128, 1.4199728965759277 
382, -0.44857996702194214, 2.563007116317749, 1.1580076217651367, 1.4013819694519043 
383, -0.44868022203445435, 2.5135700702667236, 1.1234955787658691, 1.386437177658081 
384, -0.44865185022354126, 2.5280182361602783, 1.132478952407837, 1.3919432163238525 
385, -0.44865262508392334, 2.515665292739868, 1.1112585067749023, 1.4007949829101562 
386, -0.4486767053604126, 2.488057851791382, 1.1143529415130615, 1.3701798915863037 
387, -0.44867783784866333, 2.489799976348877, 1.1351420879364014, 1.3485584259033203 
388, -0.44861364364624023, 2.5669565200805664, 1.1305711269378662, 1.4009876251220703 
389, -0.44854819774627686, 2.5165655612945557, 1.12770676612854, 1.3848161697387695 
390, -0.44853538274765015, 2.5552830696105957, 1.1334223747253418, 1.415515422821045 
391, -0.4485257863998413, 2.536048173904419, 1.1153512001037598, 1.413559913635254 
392, -0.4485475420951843, 2.5180912017822266, 1.1317400932312012, 1.382819414138794 
393, -0.44863033294677734, 2.5128865242004395, 1.1399927139282227, 1.3693506717681885 
394, -0.44862812757492065, 2.5136632919311523, 1.127481460571289, 1.3825619220733643 
395, -0.44861090183258057, 2.4936182498931885, 1.137974500656128, 1.3521685600280762 
396, -0.4485892355442047, 2.5349626541137695, 1.1458992958068848, 1.384986400604248 
397, -0.4486325979232788, 2.518758773803711, 1.122666835784912, 1.3925905227661133 
398, -0.44868049025535583, 2.4812726974487305, 1.0961806774139404, 1.3815288543701172 
399, -0.44869464635849, 2.5111334323883057, 1.1094584465026855, 1.3980681896209717 
400, -0.44862550497055054, 2.6316967010498047, 1.1244089603424072, 1.3733155727386475 
401, -0.4486047029495239, 2.5374391078948975, 1.1365206241607666, 1.3972196578979492 
402, -0.4486420750617981, 2.537750482559204, 1.142259120941162, 1.3900675773620605 
403, -0.4485694169998169, 2.580630302429199, 1.132983684539795, 1.4430832862854004 
404, -0.44851258397102356, 2.5329601764678955, 1.1524858474731445, 1.3676197528839111 
405, -0.4486064314842224, 2.5157740116119385, 1.1160900592803955, 1.396007776260376 
406, -0.4486297070980072, 2.5122087001800537, 1.0950052738189697, 1.413511037826538 
407, -0.4487413167953491, 2.516697645187378, 1.1127712726593018, 1.400327444076538 
408, -0.44877517223358154, 2.5227766036987305, 1.1322548389434814, 1.3869304656982422 
409, -0.44878166913986206, 2.4715261459350586, 1.1133813858032227, 1.3545973300933838 
410, -0.4488363265991211, 2.501124858856201, 1.1318588256835938, 1.3656060695648193 
411, -0.4487761855125427, 2.5178565979003906, 1.1430034637451172, 1.371304988861084 
412, -0.4486955404281616, 2.5199694633483887, 1.1406049728393555, 1.3756797313690186 
413, -0.44869041442871094, 2.492258071899414, 1.1302580833435059, 1.3562934398651123 
414, -0.44869351387023926, 2.5304043292999268, 1.116119623184204, 1.4105963706970215 
415, -0.44861501455307007, 2.521432399749756, 1.1294724941253662, 1.3860838413238525 
416, -0.4486115574836731, 2.5111141204833984, 1.1282694339752197, 1.3794045448303223 
417, -0.448681116104126, 2.5371742248535156, 1.120260238647461, 1.4123611450195312 
418, -0.44880497455596924, 2.5227885246276855, 1.1503429412841797, 1.3688058853149414 
419, -0.4487870931625366, 2.532949686050415, 1.1422209739685059, 1.3856337070465088 
420, -0.44890719652175903, 2.5499749183654785, 1.1475999355316162, 1.397643804550171 
421, -0.4488687813282013, 2.5225629806518555, 1.1286945343017578, 1.3902530670166016 
422, -0.44883692264556885, 2.479579210281372, 1.0979392528533936, 1.377875566482544 
423, -0.448872447013855, 2.5173330307006836, 1.117379903793335, 1.3965001106262207 
424, -0.4488155245780945, 2.515775203704834, 1.130202054977417, 1.382014274597168 
425, -0.44876784086227417, 2.575566530227661, 1.1285271644592285, 1.363450050354004 
426, -0.4487813711166382, 2.473463535308838, 1.1188044548034668, 1.3510046005249023 
427, -0.44884711503982544, 2.5618836879730225, 1.1855146884918213, 1.3719580173492432 
428, -0.4488202929496765, 2.586109161376953, 1.1825671195983887, 1.399756908416748 
429, -0.448843777179718, 2.49048113822937, 1.1008851528167725, 1.385937213897705 
430, -0.44889703392982483, 2.5097906589508057, 1.095961570739746, 1.4102287292480469 
431, -0.44896993041038513, 2.507323741912842, 1.0981755256652832, 1.4004290103912354 
432, -0.448951780796051, 2.508815288543701, 1.1090569496154785, 1.3958239555358887 
433, -0.4489014744758606, 2.5027921199798584, 1.1084210872650146, 1.3868303298950195 
434, -0.44889530539512634, 2.5381100177764893, 1.1507256031036377, 1.3831799030303955 
435, -0.4488372802734375, 2.523749589920044, 1.1207549571990967, 1.3988313674926758 
436, -0.4488450288772583, 2.4895482063293457, 1.1122267246246338, 1.373631238937378 
437, -0.44881927967071533, 2.6734747886657715, 1.1296412944793701, 1.3893492221832275 
438, -0.4488493800163269, 2.5133869647979736, 1.1062891483306885, 1.4030733108520508 
439, -0.44885823130607605, 2.5193541049957275, 1.1007435321807861, 1.4145474433898926 
440, -0.4487915635108948, 2.521491527557373, 1.1275770664215088, 1.3903982639312744 
441, -0.44875359535217285, 2.486721992492676, 1.1053287982940674, 1.3769638538360596 
442, -0.4487023949623108, 2.498074531555176, 1.1135554313659668, 1.3807904720306396 
443, -0.4486515522003174, 2.5275142192840576, 1.1264688968658447, 1.3974361419677734 
444, -0.4486736059188843, 2.533724784851074, 1.1177728176116943, 1.4113268852233887 
445, -0.44877123832702637, 2.500736951828003, 1.0909690856933594, 1.4058773517608643 
446, -0.4487643837928772, 2.543212413787842, 1.1273210048675537, 1.4050028324127197 
447, -0.4487020671367645, 2.544922351837158, 1.1208412647247314, 1.4205272197723389 
448, -0.4486996829509735, 2.528919219970703, 1.1201798915863037, 1.4051604270935059 
449, -0.4486546814441681, 2.4756314754486084, 1.0930562019348145, 1.3781414031982422 
450, -0.4485820531845093, 2.5538241863250732, 1.139329195022583, 1.3903241157531738 
451, -0.4485674500465393, 2.5294156074523926, 1.121199369430542, 1.4045453071594238 
452, -0.4485969543457031, 2.5223119258880615, 1.1338567733764648, 1.3840761184692383 
453, -0.44869521260261536, 2.5042591094970703, 1.11263108253479, 1.385479211807251 
454, -0.44873449206352234, 2.5416338443756104, 1.1158628463745117, 1.4221599102020264 
455, -0.4487077593803406, 2.542875051498413, 1.119530200958252, 1.4197580814361572 
456, -0.44868797063827515, 2.526470899581909, 1.1244921684265137, 1.398463249206543 
457, -0.44864410161972046, 2.506152391433716, 1.1304576396942139, 1.3691895008087158 
458, -0.44860535860061646, 2.522690534591675, 1.1083524227142334, 1.4101860523223877 
459, -0.4486466944217682, 2.500417947769165, 1.1142573356628418, 1.382169246673584 
460, -0.44871723651885986, 2.511300563812256, 1.1212527751922607, 1.38582444190979 
461, -0.44874605536460876, 2.500140905380249, 1.101630449295044, 1.3874757289886475 
462, -0.44880419969558716, 2.654693841934204, 1.110731840133667, 1.412954330444336 
463, -0.44881564378738403, 2.507848024368286, 1.099937915802002, 1.4036667346954346 
464, -0.44879573583602905, 2.514054536819458, 1.1217904090881348, 1.3882081508636475 
465, -0.4488523304462433, 2.468712568283081, 1.0767664909362793, 1.3869209289550781 
466, -0.4489460587501526, 2.5035789012908936, 1.1169559955596924, 1.3827440738677979 
467, -0.4488828778266907, 2.512432098388672, 1.1184813976287842, 1.3903343677520752 
468, -0.44887322187423706, 2.515901565551758, 1.1285302639007568, 1.3837227821350098 
469, -0.4488399624824524, 2.509939432144165, 1.1266210079193115, 1.3793003559112549 
470, -0.4488655924797058, 2.5095181465148926, 1.1052474975585938, 1.4006826877593994 
471, -0.4488849639892578, 2.5446290969848633, 1.1323151588439941, 1.4083127975463867 
472, -0.44890761375427246, 2.5178332328796387, 1.122222900390625, 1.3920230865478516 
473, -0.448888897895813, 2.51284122467041, 1.118816614151001, 1.390404462814331 
474, -0.44884151220321655, 2.501340866088867, 1.102823257446289, 1.3948554992675781 
475, -0.4488317370414734, 2.543994665145874, 1.1349341869354248, 1.3702995777130127 
476, -0.4487791657447815, 2.54339337348938, 1.1519231796264648, 1.3806157112121582 
477, -0.44874876737594604, 2.490476369857788, 1.1122612953186035, 1.3565645217895508 
478, -0.4486825466156006, 2.538888454437256, 1.1282105445861816, 1.406578540802002 
479, -0.4486883282661438, 2.5337471961975098, 1.1508872509002686, 1.3792612552642822 
480, -0.4486823081970215, 2.5029613971710205, 1.142385482788086, 1.3570783138275146 
481, -0.44867634773254395, 2.4823508262634277, 1.119720697402954, 1.3589119911193848 
482, -0.4487066864967346, 2.5431530475616455, 1.125129222869873, 1.4058582782745361 
483, -0.448668897151947, 2.5422720909118652, 1.138051986694336, 1.4001655578613281 
484, -0.44866693019866943, 2.5166962146759033, 1.1205196380615234, 1.392561435699463 
485, -0.44865816831588745, 2.515218496322632, 1.1209843158721924, 1.3907709121704102 
486, -0.44872599840164185, 2.5044848918914795, 1.0934429168701172, 1.406912088394165 
487, -0.44859904050827026, 2.6213643550872803, 1.100196123123169, 1.3945283889770508 
488, -0.448536217212677, 2.5341367721557617, 1.1415624618530273, 1.3886635303497314 
489, -0.4485388398170471, 2.5612332820892334, 1.1682782173156738, 1.3870396614074707 
490, -0.44855695962905884, 2.5183067321777344, 1.1294097900390625, 1.3852918148040771 
491, -0.44853127002716064, 2.516934394836426, 1.1433045864105225, 1.3699822425842285 
492, -0.44858187437057495, 2.5002450942993164, 1.1196320056915283, 1.377013921737671 
493, -0.44860365986824036, 2.5034987926483154, 1.1196415424346924, 1.3797454833984375 
494, -0.4485694169998169, 2.5360984802246094, 1.1314637660980225, 1.4006707668304443 
495, -0.44864144921302795, 2.52843976020813, 1.1290836334228516, 1.395202875137329 
496, -0.44855350255966187, 2.4934780597686768, 1.1115059852600098, 1.3780474662780762 
497, -0.4485588073730469, 2.4642014503479004, 1.0891788005828857, 1.3715159893035889 
498, -0.4485761523246765, 2.494593620300293, 1.1292572021484375, 1.3613910675048828 
499, -0.44854724407196045, 2.5244369506835938, 1.1424806118011475, 1.3745439052581787 
500, -0.448563814163208, 2.593950033187866, 1.1559395790100098, 1.3893201351165771 
501, -0.44860297441482544, 2.5046536922454834, 1.1403303146362305, 1.3603267669677734 
502, -0.4485434889793396, 2.491220235824585, 1.1077661514282227, 1.3794982433319092 
503, -0.4485272169113159, 2.550856828689575, 1.1490933895111084, 1.397630214691162 
504, -0.448538601398468, 2.513413906097412, 1.1203792095184326, 1.389434576034546 
505, -0.44853854179382324, 2.478426456451416, 1.1193337440490723, 1.3531579971313477 
506, -0.44855737686157227, 2.484703540802002, 1.130460500717163, 1.3505983352661133 
507, -0.448574423789978, 2.541696071624756, 1.1475558280944824, 1.389547348022461 
508, -0.4485410451889038, 2.5075278282165527, 1.138843297958374, 1.3650670051574707 
509, -0.4484749436378479, 2.523148536682129, 1.1457176208496094, 1.3738420009613037 
510, -0.44852733612060547, 2.5016942024230957, 1.1174261569976807, 1.3805768489837646 
511, -0.44857996702194214, 2.490626096725464, 1.0916848182678223, 1.3945448398590088 
512, -0.44859516620635986, 2.647624969482422, 1.1123888492584229, 1.4068589210510254 
513, -0.4485592842102051, 2.5085654258728027, 1.124619483947754, 1.3804030418395996 
514, -0.44851669669151306, 2.4842705726623535, 1.1072266101837158, 1.3729300498962402 
515, -0.44852250814437866, 2.509852886199951, 1.109947919845581, 1.3962044715881348 
516, -0.4485244154930115, 2.5250253677368164, 1.1367712020874023, 1.3846466541290283 
517, -0.44852983951568604, 2.530339479446411, 1.141753911972046, 1.384981393814087 
518, -0.4485366940498352, 2.5049147605895996, 1.1297945976257324, 1.3682529926300049 
519, -0.4484502077102661, 2.5076591968536377, 1.1118011474609375, 1.3903605937957764 
520, -0.4484250843524933, 2.5575599670410156, 1.094386339187622, 1.4594242572784424 
521, -0.44833213090896606, 2.506946325302124, 1.1238412857055664, 1.3773179054260254 
522, -0.4482477307319641, 2.503669261932373, 1.121351718902588, 1.3787894248962402 
523, -0.44830334186553955, 2.4921207427978516, 1.1340866088867188, 1.3544001579284668 
524, -0.4483923614025116, 2.553971529006958, 1.1393086910247803, 1.4106333255767822 
525, -0.4484861493110657, 2.606610059738159, 1.1388332843780518, 1.404810905456543 
526, -0.4484793543815613, 2.5358855724334717, 1.1495156288146973, 1.3827018737792969 
527, -0.4484754204750061, 2.5306761264801025, 1.1305954456329346, 1.3963260650634766 
528, -0.4485169053077698, 2.5165162086486816, 1.109198808670044, 1.4037806987762451 
529, -0.44847285747528076, 2.538889169692993, 1.1263480186462402, 1.4090566635131836 
530, -0.44840359687805176, 2.505284309387207, 1.144266128540039, 1.3575468063354492 
531, -0.44838452339172363, 2.4962007999420166, 1.1196324825286865, 1.3723444938659668 
532, -0.44838130474090576, 2.8136863708496094, 1.1380517482757568, 1.3553822040557861 
533, -0.44836509227752686, 2.6563994884490967, 1.257460355758667, 1.386669397354126 
534, -0.44828253984451294, 2.497076988220215, 1.1188344955444336, 1.3747425079345703 
535, -0.4483349323272705, 2.5276079177856445, 1.1446409225463867, 1.3788692951202393 
536, -0.44844329357147217, 2.48665189743042, 1.1189961433410645, 1.3640587329864502 
537, -0.4485114812850952, 2.4943532943725586, 1.1277880668640137, 1.3629236221313477 
538, -0.4485354423522949, 2.5129144191741943, 1.1461637020111084, 1.3614938259124756 
539, -0.4485359787940979, 2.517909526824951, 1.1507058143615723, 1.3632781505584717 
540, -0.4485474228858948, 2.5569708347320557, 1.1715810298919678, 1.3814983367919922 
541, -0.44852587580680847, 2.516122579574585, 1.1408610343933105, 1.371110439300537 
542, -0.4484679102897644, 2.530247926712036, 1.1178383827209473, 1.408388376235962 
543, -0.4484347105026245, 2.4877662658691406, 1.0934398174285889, 1.3907253742218018 
544, -0.44841843843460083, 2.5138370990753174, 1.1092441082000732, 1.4005334377288818 
545, -0.4483770728111267, 2.514477252960205, 1.1097126007080078, 1.3747429847717285 
546, -0.44836345314979553, 2.511593818664551, 1.1302578449249268, 1.3778610229492188 
547, -0.4483761787414551, 2.508591890335083, 1.124056339263916, 1.377732276916504 
548, -0.4484097361564636, 2.53450345993042, 1.1432881355285645, 1.3876392841339111 
549, -0.4484093189239502, 2.5091371536254883, 1.1184344291687012, 1.3870477676391602 
550, -0.4483983516693115, 2.5785536766052246, 1.1138420104980469, 1.384166955947876 
551, -0.4483969807624817, 2.529815912246704, 1.1105670928955078, 1.4137930870056152 
552, -0.4483743906021118, 2.5031394958496094, 1.0974533557891846, 1.4020941257476807 
553, -0.44837653636932373, 2.481450080871582, 1.0995125770568848, 1.3778953552246094 
554, -0.4482254981994629, 2.500302791595459, 1.0970585346221924, 1.3991310596466064 
555, -0.4481378197669983, 2.527944326400757, 1.1361443996429443, 1.388221263885498 
556, -0.4481915235519409, 2.5099267959594727, 1.1100690364837646, 1.3943390846252441 
557, -0.44816353917121887, 2.5101327896118164, 1.1303083896636963, 1.3761928081512451 
558, -0.4481775760650635, 2.5454025268554688, 1.1253204345703125, 1.4144415855407715 
559, -0.44826287031173706, 2.4900808334350586, 1.0788013935089111, 1.4045019149780273 
560, -0.44831734895706177, 2.5009374618530273, 1.1032757759094238, 1.3937153816223145 
561, -0.4483160376548767, 2.5037355422973633, 1.1167824268341064, 1.3834588527679443 
562, -0.44833678007125854, 2.479494571685791, 1.1006340980529785, 1.374772071838379 
563, -0.4483233690261841, 2.5186243057250977, 1.1188547611236572, 1.3960034847259521 
564, -0.44837844371795654, 2.5471184253692627, 1.1302690505981445, 1.3815348148345947 
565, -0.44831544160842896, 2.538663864135742, 1.1345479488372803, 1.4004473686218262 
566, -0.44840994477272034, 2.4858853816986084, 1.0924773216247559, 1.389413595199585 
567, -0.4484061896800995, 2.4794070720672607, 1.0877470970153809, 1.387603521347046 
568, -0.44831764698028564, 2.4876556396484375, 1.0892720222473145, 1.3946712017059326 
569, -0.4482938349246979, 2.5351805686950684, 1.1268491744995117, 1.4028902053833008 
570, -0.44831934571266174, 2.517529249191284, 1.1102969646453857, 1.403637409210205 
571, -0.44822442531585693, 2.516602039337158, 1.1448650360107422, 1.3675122261047363 
572, -0.4482160806655884, 2.5461363792419434, 1.1434979438781738, 1.398831844329834 
573, -0.4482274055480957, 2.522272825241089, 1.143298864364624, 1.366079330444336 
574, -0.44828516244888306, 2.514313220977783, 1.1377370357513428, 1.3724710941314697 
575, -0.448327898979187, 2.5019114017486572, 1.109478235244751, 1.3883082866668701 
576, -0.44837093353271484, 2.6242990493774414, 1.1208200454711914, 1.3986482620239258 
577, -0.4484332203865051, 2.512810230255127, 1.1203405857086182, 1.3889105319976807 
578, -0.44846564531326294, 2.4870142936706543, 1.124842882156372, 1.3565006256103516 
579, -0.4483996629714966, 2.4887547492980957, 1.1310348510742188, 1.3536546230316162 
580, -0.4483378529548645, 2.5159337520599365, 1.130753755569458, 1.3806374073028564 
581, -0.44837436079978943, 2.5423226356506348, 1.1512515544891357, 1.3875205516815186 
582, -0.44837844371795654, 2.511061191558838, 1.1320247650146484, 1.3753063678741455 
583, -0.44837069511413574, 2.5140464305877686, 1.1298680305480957, 1.3801302909851074 
584, -0.44832319021224976, 2.50209379196167, 1.1139605045318604, 1.384592056274414 
585, -0.44827383756637573, 2.5237293243408203, 1.1470465660095215, 1.3731796741485596 
586, -0.44824931025505066, 2.5125479698181152, 1.14229154586792, 1.3663220405578613 
587, -0.4482918679714203, 2.5149996280670166, 1.1466853618621826, 1.3557195663452148 
588, -0.44825178384780884, 2.4976344108581543, 1.1152548789978027, 1.3787193298339844 
589, -0.4482726454734802, 2.587337017059326, 1.136659860610962, 1.3884541988372803 
590, -0.4483969211578369, 2.529208183288574, 1.1233811378479004, 1.4017305374145508 
591, -0.448459267616272, 2.5106656551361084, 1.1063520908355713, 1.4002785682678223 
592, -0.4484260380268097, 2.5036754608154297, 1.0983986854553223, 1.4016714096069336 
593, -0.448386549949646, 2.520502805709839, 1.1172034740447998, 1.3997128009796143 
594, -0.44830402731895447, 2.5225167274475098, 1.1278276443481445, 1.3910222053527832 
595, -0.4481758177280426, 2.5334651470184326, 1.1342906951904297, 1.3952033519744873 
596, -0.4481550455093384, 2.5371036529541016, 1.1606457233428955, 1.3721086978912354 
597, -0.4481971263885498, 2.516874074935913, 1.127685308456421, 1.385533332824707 
598, -0.44832879304885864, 2.519073009490967, 1.125786304473877, 1.3892958164215088 
599, -0.4483790993690491, 2.534309148788452, 1.125765085220337, 1.4010159969329834 
600, -0.4484438896179199, 2.510700225830078, 1.1142888069152832, 1.3927576541900635 
601, -0.44852274656295776, 2.610300064086914, 1.1217164993286133, 1.354600191116333 
602, -0.4484374523162842, 2.522653102874756, 1.1504755020141602, 1.368541955947876 
603, -0.4483569860458374, 2.486753463745117, 1.123769998550415, 1.3596115112304688 
604, -0.44829145073890686, 2.5171446800231934, 1.1247854232788086, 1.3883373737335205 
605, -0.4483646750450134, 2.5508430004119873, 1.141632080078125, 1.4044373035430908 
606, -0.44831618666648865, 2.520759105682373, 1.1168122291564941, 1.4004220962524414 
607, -0.4482426643371582, 2.5122201442718506, 1.0948846340179443, 1.4110321998596191 
608, -0.44823890924453735, 2.505251407623291, 1.0970897674560547, 1.4041087627410889 
609, -0.4482632875442505, 2.5324079990386963, 1.114854097366333, 1.4140865802764893 
610, -0.4482974410057068, 2.493011713027954, 1.1162700653076172, 1.3728609085083008 
611, -0.4482978284358978, 2.4964559078216553, 1.1097173690795898, 1.3830397129058838 
612, -0.4483261704444885, 2.5278396606445312, 1.1172125339508057, 1.405712366104126 
613, -0.44830381870269775, 2.5299675464630127, 1.125246286392212, 1.4004673957824707 
614, -0.44831904768943787, 2.5455071926116943, 1.1206157207489014, 1.3916726112365723 
615, -0.4482882618904114, 2.526386022567749, 1.0906236171722412, 1.4003753662109375 
616, -0.448296457529068, 2.497722625732422, 1.1030550003051758, 1.3910245895385742 
617, -0.44821757078170776, 2.5119638442993164, 1.1128556728363037, 1.395697832107544 
618, -0.4481929540634155, 2.5012974739074707, 1.1166768074035645, 1.3809199333190918 
619, -0.4482346475124359, 2.4820210933685303, 1.1378154754638672, 1.3401057720184326 
620, -0.44829437136650085, 2.5249032974243164, 1.1523284912109375, 1.3687632083892822 
621, -0.4482493996620178, 2.5419678688049316, 1.1597447395324707, 1.378678560256958 
622, -0.4483049511909485, 2.5151114463806152, 1.1357905864715576, 1.3756556510925293 
623, -0.4482983946800232, 2.47151255607605, 1.1056575775146484, 1.3622698783874512 
624, -0.44823795557022095, 2.5072829723358154, 1.1097478866577148, 1.3939697742462158 
625, -0.44827908277511597, 2.5239832401275635, 1.119201421737671, 1.400770664215088 
626, -0.44824880361557007, 2.4981801509857178, 1.1285977363586426, 1.365708827972412 
627, -0.4482961893081665, 2.501213312149048, 1.1306474208831787, 1.366044044494629 
628, -0.4484107196331024, 2.499645471572876, 1.137798547744751, 1.3582501411437988 
629, -0.44851699471473694, 2.5308074951171875, 1.121809959411621, 1.3839528560638428 
630, -0.44849807024002075, 2.528714656829834, 1.1577646732330322, 1.3669114112854004 
631, -0.4484845995903015, 2.5116565227508545, 1.1351077556610107, 1.372438907623291 
632, -0.44833892583847046, 2.5335371494293213, 1.1335334777832031, 1.396369218826294 
633, -0.44822102785110474, 2.52486515045166, 1.125838041305542, 1.3954696655273438 
634, -0.4482271373271942, 2.5143144130706787, 1.125317096710205, 1.38551664352417 
635, -0.4482753276824951, 2.50219464302063, 1.1500377655029297, 1.3485286235809326 
636, -0.448259174823761, 2.500363349914551, 1.1299972534179688, 1.3666224479675293 
637, -0.44830381870269775, 2.497894525527954, 1.1381056308746338, 1.3558013439178467 
638, -0.44838452339172363, 2.5425260066986084, 1.1533844470977783, 1.3850467205047607 
639, -0.44838428497314453, 2.5340492725372314, 1.1265525817871094, 1.3748033046722412 
640, -0.4483356177806854, 2.5207676887512207, 1.1237187385559082, 1.3934121131896973 
641, -0.44834524393081665, 2.50518798828125, 1.098301887512207, 1.4032871723175049 
642, -0.4483923316001892, 2.506748676300049, 1.1068127155303955, 1.3879213333129883 
643, -0.448366641998291, 2.5137317180633545, 1.1116390228271484, 1.3984296321868896 
644, -0.44844210147857666, 2.5425944328308105, 1.1426639556884766, 1.382418155670166 
645, -0.4484274983406067, 2.5095622539520264, 1.1026718616485596, 1.403428554534912 
646, -0.44838768243789673, 2.514373540878296, 1.1164145469665527, 1.393902063369751 
647, -0.4482910931110382, 2.5380215644836426, 1.1109778881072998, 1.4234769344329834 
648, -0.4482608437538147, 2.4989230632781982, 1.0958123207092285, 1.3989198207855225 
649, -0.44820576906204224, 2.5117008686065674, 1.101642370223999, 1.4065074920654297 
650, -0.4481864869594574, 2.5123085975646973, 1.0978269577026367, 1.4108827114105225 
651, -0.44821059703826904, 2.5160226821899414, 1.1174964904785156, 1.3836653232574463 
652, -0.44834423065185547, 2.5252580642700195, 1.1510987281799316, 1.3700551986694336 
653, -0.4484312832355499, 2.5308523178100586, 1.1389076709747314, 1.3883357048034668 
654, -0.4484213888645172, 2.5385630130767822, 1.1502835750579834, 1.374173641204834 
655, -0.4484435021877289, 2.490074634552002, 1.1062917709350586, 1.37851881980896 
656, -0.44845205545425415, 2.539975643157959, 1.1348950862884521, 1.401623249053955 
657, -0.4484167695045471, 2.5016889572143555, 1.127702236175537, 1.3705263137817383 
658, -0.4484449625015259, 2.539877414703369, 1.1353232860565186, 1.4010334014892578 
659, -0.4483887553215027, 2.4991674423217773, 1.1258692741394043, 1.3696904182434082 
660, -0.4484209716320038, 2.5244524478912354, 1.1514103412628174, 1.3677051067352295 
661, -0.44853371381759644, 2.544079542160034, 1.1602063179016113, 1.380281925201416 
662, -0.4485349655151367, 2.5004842281341553, 1.1252739429473877, 1.3717305660247803 
663, -0.44842708110809326, 2.640277147293091, 1.1284823417663574, 1.3878037929534912 
664, -0.4483383893966675, 2.50816011428833, 1.1446402072906494, 1.3595116138458252 
665, -0.4483378529548645, 2.5027518272399902, 1.1405177116394043, 1.358198642730713 
666, -0.448438823223114, 2.5864248275756836, 1.1525964736938477, 1.4297313690185547 
667, -0.4484146535396576, 2.5233566761016846, 1.137261152267456, 1.374568223953247 
668, -0.4484058618545532, 2.538881540298462, 1.1594493389129639, 1.3758001327514648 
669, -0.4484767019748688, 2.4868414402008057, 1.0987904071807861, 1.38411283493042 
670, -0.44847023487091064, 2.523785352706909, 1.1093018054962158, 1.4023346900939941 
671, -0.44839978218078613, 2.5313076972961426, 1.1428122520446777, 1.3849897384643555 
672, -0.4483977258205414, 2.514810085296631, 1.1395399570465088, 1.3695855140686035 
673, -0.4483848810195923, 2.4504804611206055, 1.1022796630859375, 1.3447215557098389 
674, -0.44842422008514404, 2.505398750305176, 1.1382246017456055, 1.3631579875946045 
675, -0.44843947887420654, 2.508577823638916, 1.1296277046203613, 1.3744924068450928 
676, -0.4484257400035858, 2.5331618785858154, 1.1231622695922852, 1.3772456645965576 
677, -0.4484795033931732, 2.499769687652588, 1.143101692199707, 1.35257887840271 
678, -0.44844478368759155, 2.5255370140075684, 1.1302456855773926, 1.391157627105713 
679, -0.44833558797836304, 2.552602767944336, 1.1425602436065674, 1.4063236713409424 
680, -0.4483371675014496, 2.521310329437256, 1.1329071521759033, 1.3848791122436523 
681, -0.44835394620895386, 2.5733091831207275, 1.1486866474151611, 1.4187860488891602 
682, -0.44825392961502075, 2.536151647567749, 1.1265435218811035, 1.4061386585235596 
683, -0.4482148289680481, 2.5054686069488525, 1.127467155456543, 1.374422550201416 
684, -0.44815075397491455, 2.5400094985961914, 1.1504426002502441, 1.3855688571929932 
685, -0.4480770230293274, 2.5263187885284424, 1.1340901851654053, 1.387326717376709 
686, -0.44805818796157837, 2.5090558528900146, 1.1068432331085205, 1.39115309715271 
687, -0.44816309213638306, 2.5071072578430176, 1.1168034076690674, 1.3867225646972656 
688, -0.4482461214065552, 2.6453306674957275, 1.1193609237670898, 1.4043278694152832 
689, -0.44830772280693054, 2.5024805068969727, 1.1238608360290527, 1.3750874996185303 
690, -0.44843995571136475, 2.5196330547332764, 1.1418304443359375, 1.3730461597442627 
691, -0.4484937787055969, 2.503706455230713, 1.1130023002624512, 1.3853206634521484 
692, -0.4484972357749939, 2.5308921337127686, 1.128129482269287, 1.3991172313690186 
693, -0.44853878021240234, 2.521559000015259, 1.116408109664917, 1.4008293151855469 
694, -0.44853296875953674, 2.509273052215576, 1.0980427265167236, 1.4076130390167236 
695, -0.44842320680618286, 2.518921375274658, 1.0956206321716309, 1.4185197353363037 
696, -0.44833624362945557, 2.5306074619293213, 1.1268932819366455, 1.4002087116241455 
697, -0.44831788539886475, 2.523040771484375, 1.1307330131530762, 1.3853611946105957 
698, -0.44832557439804077, 2.495328903198242, 1.106424331665039, 1.3849668502807617 
699, -0.4484422206878662, 2.499082565307617, 1.126711368560791, 1.3682606220245361 
700, -0.448454350233078, 2.527940034866333, 1.1264665126800537, 1.39788818359375 
701, -0.4484051465988159, 2.5450146198272705, 1.1267168521881104, 1.3855185508728027 
702, -0.44838252663612366, 2.539290428161621, 1.125042200088501, 1.402374505996704 
703, -0.44844257831573486, 2.5136704444885254, 1.1126182079315186, 1.3964786529541016 
704, -0.4485670328140259, 2.532169818878174, 1.1320557594299316, 1.396425485610962 
705, -0.44848012924194336, 2.5408592224121094, 1.1163570880889893, 1.420891284942627 
706, -0.44836077094078064, 2.487102746963501, 1.1263737678527832, 1.3570458889007568 
707, -0.44831618666648865, 2.5139644145965576, 1.1371431350708008, 1.3732054233551025 
708, -0.4482647478580475, 2.5246176719665527, 1.1458210945129395, 1.3747270107269287 
709, -0.448292076587677, 2.525846004486084, 1.12479829788208, 1.3973808288574219 
710, -0.44829225540161133, 2.544882297515869, 1.123720407485962, 1.4173400402069092 
711, -0.4482548236846924, 2.528430223464966, 1.109370231628418, 1.4153375625610352 
712, -0.448300838470459, 2.514923572540283, 1.1095476150512695, 1.4013426303863525 
713, -0.44832974672317505, 2.507838487625122, 1.1046912670135498, 1.399613380432129 
714, -0.44833219051361084, 2.533066987991333, 1.1426560878753662, 1.385350227355957 
715, -0.4482000768184662, 2.49685001373291, 1.1327645778656006, 1.3604259490966797 
716, -0.4482155442237854, 2.544915199279785, 1.1468899250030518, 1.3945109844207764 
717, -0.4482969045639038, 2.4941599369049072, 1.1352062225341797, 1.3550198078155518 
718, -0.4482947587966919, 2.5218875408172607, 1.1472363471984863, 1.3711066246032715 
719, -0.44832873344421387, 2.5288803577423096, 1.1077592372894287, 1.4173314571380615 
720, -0.4483383893966675, 2.5217034816741943, 1.123241901397705, 1.392573595046997 
721, -0.44834935665130615, 2.519320249557495, 1.1334433555603027, 1.382455825805664 
722, -0.4484025239944458, 2.495652914047241, 1.1364202499389648, 1.3530867099761963 
723, -0.44841718673706055, 2.505488395690918, 1.125037431716919, 1.3747165203094482 
724, -0.4484320282936096, 2.515528440475464, 1.124572515487671, 1.3869881629943848 
725, -0.44838806986808777, 2.511019229888916, 1.1214356422424316, 1.38376784324646 
726, -0.4483198821544647, 2.6003096103668213, 1.1451730728149414, 1.371248722076416 
727, -0.44826656579971313, 2.5316996574401855, 1.1241588592529297, 1.4038779735565186 
728, -0.44821053743362427, 2.511796236038208, 1.1099536418914795, 1.3983783721923828 
729, -0.44830918312072754, 2.498765707015991, 1.1218934059143066, 1.3728110790252686 
730, -0.4483892321586609, 2.507218360900879, 1.125772476196289, 1.3778998851776123 
731, -0.4484263062477112, 2.4973278045654297, 1.1263585090637207, 1.3668198585510254 
732, -0.4484211802482605, 2.5302839279174805, 1.1327295303344727, 1.3934333324432373 
733, -0.44835901260375977, 2.4810597896575928, 1.1226730346679688, 1.354888916015625 
734, -0.4483630061149597, 2.516453981399536, 1.147721529006958, 1.3647468090057373 
735, -0.44841134548187256, 2.52549147605896, 1.1423137187957764, 1.3783047199249268 
736, -0.44827067852020264, 2.545650005340576, 1.141162633895874, 1.4009287357330322 
737, -0.44817736744880676, 2.52099347114563, 1.1279664039611816, 1.388918161392212 
738, -0.44817033410072327, 2.503894567489624, 1.1010105609893799, 1.3992998600006104 
739, -0.44821280241012573, 2.5421502590179443, 1.1396484375, 1.395113468170166 
740, -0.44820159673690796, 2.5195376873016357, 1.1514286994934082, 1.3637778759002686 
741, -0.44821614027023315, 2.5292465686798096, 1.1369612216949463, 1.3859968185424805 
742, -0.4483047127723694, 2.5062530040740967, 1.1158790588378906, 1.3656115531921387 
743, -0.4483433663845062, 2.5182018280029297, 1.1337699890136719, 1.3802528381347656 
744, -0.44833341240882874, 2.5233781337738037, 1.1403234004974365, 1.3781864643096924 
745, -0.44835206866264343, 2.4962515830993652, 1.1004841327667236, 1.3921034336090088 
746, -0.4483596086502075, 2.4900431632995605, 1.0859978199005127, 1.400456190109253 
747, -0.44825467467308044, 2.526240825653076, 1.0998187065124512, 1.4195270538330078 
748, -0.4481436610221863, 2.5351381301879883, 1.1340432167053223, 1.3975167274475098 
749, -0.44814783334732056, 2.5039546489715576, 1.1241610050201416, 1.3762657642364502 
750, -0.44817018508911133, 2.517719268798828, 1.1230456829071045, 1.3909695148468018 
751, -0.4481933116912842, 2.510002613067627, 1.1172735691070557, 1.389024257659912 
752, -0.4481981098651886, 2.5444929599761963, 1.1410932540893555, 1.399632215499878 
753, -0.44824180006980896, 2.5628204345703125, 1.0999748706817627, 1.3990676403045654 
754, -0.44824016094207764, 2.4909985065460205, 1.091367483139038, 1.395463466644287 
755, -0.4482104480266571, 2.502392530441284, 1.105971336364746, 1.3923907279968262 
756, -0.44827479124069214, 2.5334267616271973, 1.104146957397461, 1.4242944717407227 
757, -0.4483422040939331, 2.5200276374816895, 1.105593204498291, 1.4104211330413818 
758, -0.44838792085647583, 2.5147504806518555, 1.104079246520996, 1.405799150466919 
759, -0.44840389490127563, 2.520569086074829, 1.1299021244049072, 1.3843505382537842 
760, -0.4483727812767029, 2.5378365516662598, 1.1381909847259521, 1.3942439556121826 
761, -0.4483519196510315, 2.5196640491485596, 1.1205928325653076, 1.3954572677612305 
762, -0.44834229350090027, 2.4977283477783203, 1.0899665355682373, 1.4035258293151855 
763, -0.44836997985839844, 2.485921859741211, 1.0929350852966309, 1.3892242908477783 
764, -0.44835615158081055, 2.519742488861084, 1.0954079627990723, 1.420546531677246 
765, -0.4484260380268097, 2.5192465782165527, 1.1199135780334473, 1.3958361148834229 
766, -0.44847261905670166, 2.493154764175415, 1.09492826461792, 1.3925786018371582 
767, -0.44850826263427734, 2.5403358936309814, 1.1284339427947998, 1.4082210063934326 
768, -0.4484885334968567, 2.5326638221740723, 1.1439998149871826, 1.3849155902862549 
769, -0.4484577178955078, 2.5135159492492676, 1.117699384689331, 1.3914167881011963 
770, -0.44846615195274353, 2.501217842102051, 1.1088409423828125, 1.3887076377868652 
771, -0.4483965039253235, 2.5239696502685547, 1.0972387790679932, 1.422518014907837 
772, -0.4485030770301819, 2.524460792541504, 1.1059651374816895, 1.412919521331787 
773, -0.44847196340560913, 2.546224594116211, 1.1359727382659912, 1.4066779613494873 
774, -0.44842565059661865, 2.4892098903656006, 1.1011569499969482, 1.382023572921753 
775, -0.4484034776687622, 2.5134873390197754, 1.1275660991668701, 1.3821427822113037 
776, -0.4483751654624939, 2.5572659969329834, 1.1678674221038818, 1.3848888874053955 
777, -0.4483240246772766, 2.522340774536133, 1.145162582397461, 1.3735055923461914 
778, -0.4483301043510437, 2.518617630004883, 1.096130132675171, 1.3690977096557617 
779, -0.4482393264770508, 2.5226168632507324, 1.134425401687622, 1.3839733600616455 
780, -0.44826188683509827, 2.504873514175415, 1.1012475490570068, 1.3999757766723633 
781, -0.44828516244888306, 2.5317740440368652, 1.1241333484649658, 1.4040019512176514 
782, -0.4482436180114746, 2.485464096069336, 1.1228303909301758, 1.3584752082824707 
783, -0.4482092261314392, 2.508915662765503, 1.1285970211029053, 1.3761365413665771 
784, -0.44822126626968384, 2.4874603748321533, 1.119452714920044, 1.3643553256988525 
785, -0.4482060968875885, 2.5027074813842773, 1.1284797191619873, 1.3690950870513916 
786, -0.4481326937675476, 2.5480778217315674, 1.1462557315826416, 1.3978652954101562 
787, -0.44809311628341675, 2.511472463607788, 1.0969133377075195, 1.40565824508667 
788, -0.44823989272117615, 2.5646369457244873, 1.1458714008331299, 1.415144681930542 
789, -0.4484185576438904, 2.515495538711548, 1.111452341079712, 1.4000353813171387 
790, -0.4483615756034851, 2.4798388481140137, 1.1174402236938477, 1.3585259914398193 
791, -0.44829654693603516, 2.555469036102295, 1.109025001525879, 1.3928065299987793 
792, -0.44828176498413086, 2.530287504196167, 1.1328456401824951, 1.3911516666412354 
793, -0.4482441544532776, 2.4773921966552734, 1.0937659740447998, 1.379838466644287 
794, -0.448180615901947, 2.5256683826446533, 1.141383409500122, 1.3793742656707764 
795, -0.4482496380805969, 2.5410566329956055, 1.1405258178710938, 1.3959770202636719 
796, -0.44824421405792236, 2.4990928173065186, 1.1272156238555908, 1.3683037757873535 
797, -0.4482271075248718, 2.507537603378296, 1.1111125946044922, 1.3824386596679688 
798, -0.4482741355895996, 2.5162301063537598, 1.1132621765136719, 1.3990418910980225 
799, -0.4483398199081421, 2.5156097412109375, 1.120161533355713, 1.3918111324310303 
800, -0.448388934135437, 2.5235302448272705, 1.1389024257659912, 1.3724288940429688 
801, -0.44837307929992676, 2.5089759826660156, 1.134155035018921, 1.370283842086792 
802, -0.44844159483909607, 2.4812185764312744, 1.0878219604492188, 1.389704704284668 
803, -0.4484579563140869, 2.6446592807769775, 1.1279923915863037, 1.3811016082763672 
804, -0.4484159052371979, 2.5438053607940674, 1.1219024658203125, 1.4183175563812256 
805, -0.44830167293548584, 2.483448028564453, 1.0863165855407715, 1.3930864334106445 
806, -0.448209285736084, 2.516174554824829, 1.1148037910461426, 1.39717698097229 
807, -0.44821614027023315, 2.5433945655822754, 1.1373636722564697, 1.4024138450622559 
808, -0.44823628664016724, 2.490968704223633, 1.1219267845153809, 1.3641788959503174 
809, -0.4482330083847046, 2.499976873397827, 1.112804651260376, 1.3734652996063232 
810, -0.4482439458370209, 2.4961071014404297, 1.1335265636444092, 1.3590586185455322 
811, -0.4482628107070923, 2.5439648628234863, 1.1699481010437012, 1.3668699264526367 
812, -0.44829821586608887, 2.5418648719787598, 1.1516919136047363, 1.382270336151123 
813, -0.4482523798942566, 2.541602373123169, 1.1449480056762695, 1.3927106857299805 
814, -0.4481203258037567, 2.5037734508514404, 1.1178250312805176, 1.3819642066955566 
815, -0.4481057822704315, 2.531608819961548, 1.1422863006591797, 1.385265588760376 
816, -0.4481211304664612, 2.544563055038452, 1.1344988346099854, 1.4043035507202148 
817, -0.44818970561027527, 2.487717866897583, 1.1371078491210938, 1.3466291427612305 
818, -0.44824257493019104, 2.5443975925445557, 1.1450769901275635, 1.3958415985107422 
819, -0.44832372665405273, 2.553166627883911, 1.1493582725524902, 1.3997588157653809 
820, -0.4483408033847809, 2.5177884101867676, 1.119832992553711, 1.3939013481140137 
821, -0.44822612404823303, 2.4890799522399902, 1.0928161144256592, 1.3925080299377441 
822, -0.44815748929977417, 2.4911696910858154, 1.082505702972412, 1.4050819873809814 
823, -0.448123961687088, 2.5073187351226807, 1.0979235172271729, 1.4057469367980957 
824, -0.44814974069595337, 2.539076089859009, 1.121415138244629, 1.4068984985351562 
825, -0.4482697546482086, 2.5110175609588623, 1.1025447845458984, 1.4021904468536377 
826, -0.4483560025691986, 2.5272533893585205, 1.1482789516448975, 1.3754446506500244 
827, -0.4484312832355499, 2.53667950630188, 1.1420903205871582, 1.3906688690185547 
828, -0.44849276542663574, 2.6482722759246826, 1.1275949478149414, 1.3937504291534424 
829, -0.44847214221954346, 2.526987075805664, 1.131404161453247, 1.3919897079467773 
830, -0.44843578338623047, 2.4901998043060303, 1.0845921039581299, 1.4020740985870361 
831, -0.4484800696372986, 2.502074956893921, 1.09843111038208, 1.3996193408966064 
832, -0.44852200150489807, 2.520930051803589, 1.1234772205352783, 1.3938446044921875 
833, -0.44849368929862976, 2.486825942993164, 1.1054463386535645, 1.377770185470581 
834, -0.44844716787338257, 2.531951904296875, 1.1267139911651611, 1.40108323097229 
835, -0.4484174847602844, 2.552755832672119, 1.1537704467773438, 1.394230604171753 
836, -0.44834548234939575, 2.551090717315674, 1.1575052738189697, 1.3894531726837158 
837, -0.4483734965324402, 2.4969606399536133, 1.0951361656188965, 1.3979005813598633 
838, -0.4484061002731323, 2.5225303173065186, 1.0959551334381104, 1.4142076969146729 
839, -0.44831955432891846, 2.5167324542999268, 1.1082897186279297, 1.4049999713897705 
840, -0.44835931062698364, 2.4748871326446533, 1.088728427886963, 1.3824965953826904 
841, -0.44831734895706177, 2.5047953128814697, 1.1291918754577637, 1.3687336444854736 
842, -0.4483356773853302, 2.552459478378296, 1.1414079666137695, 1.4073541164398193 
843, -0.44834327697753906, 2.5118024349212646, 1.1168417930603027, 1.390873670578003 
844, -0.44832807779312134, 2.5268971920013428, 1.1305067539215088, 1.3927476406097412 
845, -0.4483228027820587, 2.503103256225586, 1.1170358657836914, 1.3825116157531738 
846, -0.44835472106933594, 2.4917845726013184, 1.087538719177246, 1.4001657962799072 
847, -0.4482724666595459, 2.5232558250427246, 1.1218867301940918, 1.397245168685913 
848, -0.44829726219177246, 2.508735179901123, 1.1098463535308838, 1.3952827453613281 
849, -0.4483215808868408, 2.5200657844543457, 1.1207630634307861, 1.3957257270812988 
850, -0.4483790695667267, 2.5260121822357178, 1.1225368976593018, 1.378114938735962 
851, -0.44828712940216064, 2.519019365310669, 1.1439800262451172, 1.3714616298675537 
852, -0.44827061891555786, 2.5184192657470703, 1.1321651935577393, 1.3821475505828857 
853, -0.44829273223876953, 2.519397735595703, 1.135709285736084, 1.380089521408081 
854, -0.4482007920742035, 2.707681894302368, 1.1464035511016846, 1.5112061500549316 
855, -0.4482085704803467, 2.519479751586914, 1.1282453536987305, 1.3874363899230957 
856, -0.44829386472702026, 2.5291430950164795, 1.13421630859375, 1.3913805484771729 
857, -0.4482669234275818, 2.499579668045044, 1.1235170364379883, 1.3720204830169678 
858, -0.44828563928604126, 2.5582714080810547, 1.1552679538726807, 1.39701509475708 
859, -0.4483557343482971, 2.526057481765747, 1.1333959102630615, 1.3890423774719238 
860, -0.44839975237846375, 2.4912896156311035, 1.1008095741271973, 1.3864929676055908 
861, -0.4483718276023865, 2.543588399887085, 1.137507677078247, 1.4024670124053955 
862, -0.4483550786972046, 2.5234830379486084, 1.1170985698699951, 1.4023985862731934 
863, -0.4483962059020996, 2.505636215209961, 1.1204283237457275, 1.3816072940826416 
864, -0.44846972823143005, 2.488204002380371, 1.0999829769134521, 1.3846187591552734 
865, -0.4484531879425049, 2.483276605606079, 1.1032464504241943, 1.3764972686767578 
866, -0.44842514395713806, 2.5194709300994873, 1.1197543144226074, 1.3937954902648926 
867, -0.44836777448654175, 2.576319932937622, 1.1474275588989258, 1.392033576965332 
868, -0.44840365648269653, 2.511974811553955, 1.089355707168579, 1.4187052249908447 
869, -0.4483736753463745, 2.519911527633667, 1.1032052040100098, 1.4126803874969482 
870, -0.4483332633972168, 2.53887939453125, 1.1268870830535889, 1.4027040004730225 
871, -0.44839081168174744, 2.5073046684265137, 1.1189239025115967, 1.3842761516571045 
872, -0.4485287368297577, 2.4774515628814697, 1.114259958267212, 1.3597142696380615 
873, -0.4483741521835327, 2.5438709259033203, 1.1371684074401855, 1.4027209281921387 
874, -0.4483528733253479, 2.5271034240722656, 1.1484289169311523, 1.3732824325561523 
875, -0.44843590259552, 2.5320825576782227, 1.1512134075164795, 1.3768494129180908 
876, -0.4485146105289459, 2.5009450912475586, 1.1261911392211914, 1.3706674575805664 
877, -0.4483756721019745, 2.537853956222534, 1.1330358982086182, 1.4007987976074219 
878, -0.44829052686691284, 2.541102886199951, 1.114248514175415, 1.3936264514923096 
879, -0.44833865761756897, 2.5728724002838135, 1.1300108432769775, 1.3841848373413086 
880, -0.44829365611076355, 2.50368332862854, 1.1013422012329102, 1.3986785411834717 
881, -0.44822490215301514, 2.510448455810547, 1.128183364868164, 1.3786940574645996 
882, -0.44826048612594604, 2.528721570968628, 1.141162633895874, 1.3823573589324951 
883, -0.44838908314704895, 2.5054965019226074, 1.1340546607971191, 1.3672542572021484 
884, -0.4483782649040222, 2.5201053619384766, 1.1043281555175781, 1.3719558715820312 
885, -0.4483277201652527, 2.495800733566284, 1.1107680797576904, 1.3810534477233887 
886, -0.4483097493648529, 2.5459518432617188, 1.1587016582489014, 1.3834147453308105 
887, -0.4483366906642914, 2.48053240776062, 1.107288122177124, 1.3692662715911865 
888, -0.44839709997177124, 2.4789252281188965, 1.1415598392486572, 1.3338828086853027 
889, -0.4484518766403198, 2.4979584217071533, 1.122633695602417, 1.3716998100280762 
890, -0.4484127163887024, 2.5488955974578857, 1.1467819213867188, 1.3827929496765137 
891, -0.4483907222747803, 2.566791534423828, 1.1769311428070068, 1.3847739696502686 
892, -0.44838792085647583, 2.5215468406677246, 1.098120927810669, 1.4173674583435059 
893, -0.44843366742134094, 2.524064779281616, 1.1157300472259521, 1.4048442840576172 
894, -0.4483073353767395, 2.5413291454315186, 1.1231701374053955, 1.4141688346862793 
895, -0.4482088088989258, 2.4994871616363525, 1.1104390621185303, 1.3854482173919678 
896, -0.4482649862766266, 2.4757606983184814, 1.0956792831420898, 1.37654709815979 
897, -0.4483742415904999, 2.533435106277466, 1.1199376583099365, 1.3800582885742188 
898, -0.4484889507293701, 2.5563302040100098, 1.1318747997283936, 1.4182219505310059 
899, -0.44843411445617676, 2.5171167850494385, 1.1186213493347168, 1.3948872089385986 
900, -0.4483383595943451, 2.494589328765869, 1.0949316024780273, 1.3922948837280273 
901, -0.44834470748901367, 2.5282132625579834, 1.0963127613067627, 1.4278316497802734 
902, -0.448263943195343, 2.509474992752075, 1.1018495559692383, 1.4035794734954834 
903, -0.44830626249313354, 2.498648166656494, 1.115248680114746, 1.3799571990966797 
904, -0.4483789801597595, 2.5326874256134033, 1.1335749626159668, 1.3926303386688232 
905, -0.448427677154541, 2.5433437824249268, 1.1211936473846436, 1.4157311916351318 
906, -0.4483923614025116, 2.511834144592285, 1.1322839260101318, 1.37408447265625 
907, -0.4484032392501831, 2.5118212699890137, 1.1334187984466553, 1.3744676113128662 
908, -0.44844359159469604, 2.4987545013427734, 1.1049838066101074, 1.3901543617248535 
909, -0.44842270016670227, 2.5297060012817383, 1.1020948886871338, 1.423600435256958 
910, -0.44841086864471436, 2.488541603088379, 1.0909836292266846, 1.3935534954071045 
911, -0.44837281107902527, 2.488933801651001, 1.09090256690979, 1.394158124923706 
912, -0.4483429789543152, 2.5673587322235107, 1.1065080165863037, 1.4179508686065674 
913, -0.4483005404472351, 2.51114821434021, 1.1237452030181885, 1.3838753700256348 
914, -0.44830799102783203, 2.505154848098755, 1.1174111366271973, 1.383908987045288 
915, -0.44833433628082275, 2.554415702819824, 1.160919189453125, 1.3873870372772217 
916, -0.4483393430709839, 2.5413687229156494, 1.1503171920776367, 1.38399338722229 
917, -0.4483673572540283, 2.6694979667663574, 1.1442480087280273, 1.3919146060943604 
918, -0.4483940005302429, 2.5164687633514404, 1.1051645278930664, 1.407776117324829 
919, -0.4483538866043091, 2.5076053142547607, 1.0950796604156494, 1.4085662364959717 
920, -0.44833555817604065, 2.493908166885376, 1.0850002765655518, 1.405038595199585 
921, -0.4483773708343506, 2.4894962310791016, 1.0983402729034424, 1.387584924697876 
922, -0.44837743043899536, 2.5328845977783203, 1.1321356296539307, 1.3962793350219727 
923, -0.44837185740470886, 2.521728515625, 1.1222944259643555, 1.3958544731140137 
924, -0.44840067625045776, 2.502774715423584, 1.1179461479187012, 1.3813014030456543 
925, -0.44850799441337585, 2.546940326690674, 1.1107571125030518, 1.412123680114746 
926, -0.4484773576259613, 2.5308547019958496, 1.1140611171722412, 1.4107403755187988 
927, -0.448472797870636, 2.516101598739624, 1.1114869117736816, 1.4005482196807861 
928, -0.4484071731567383, 2.5297024250030518, 1.1095294952392578, 1.4162445068359375 
929, -0.44841283559799194, 2.5199403762817383, 1.1103739738464355, 1.4047291278839111 
930, -0.4483899176120758, 2.551269054412842, 1.0977234840393066, 1.3968353271484375 
931, -0.4482243061065674, 2.512230157852173, 1.1257522106170654, 1.3781650066375732 
932, -0.4482186734676361, 2.534252643585205, 1.1319682598114014, 1.3983116149902344 
933, -0.4482455849647522, 2.5162863731384277, 1.106398582458496, 1.4063620567321777 
934, -0.448303759098053, 2.535585880279541, 1.1122219562530518, 1.4194936752319336 
935, -0.44833269715309143, 2.525911808013916, 1.0997488498687744, 1.4225852489471436 
936, -0.44828128814697266, 2.492433547973633, 1.097240924835205, 1.3913121223449707 
937, -0.4482209086418152, 2.4845693111419678, 1.0906805992126465, 1.3903849124908447 
938, -0.4482288956642151, 2.5425446033477783, 1.1361541748046875, 1.3968560695648193 
939, -0.44828659296035767, 2.5325560569763184, 1.1240825653076172, 1.4040029048919678 
940, -0.44827473163604736, 2.476184844970703, 1.1140263080596924, 1.3580782413482666 
941, -0.44831934571266174, 2.5065319538116455, 1.115663766860962, 1.3868803977966309 
942, -0.44827988743782043, 2.5337345600128174, 1.128575086593628, 1.4014334678649902 
943, -0.44821977615356445, 2.5626494884490967, 1.1245956420898438, 1.406867504119873 
944, -0.448151171207428, 2.5497562885284424, 1.1432182788848877, 1.4017601013183594 
945, -0.44826242327690125, 2.5044333934783936, 1.1278996467590332, 1.3716585636138916 
946, -0.4483593702316284, 2.4979429244995117, 1.1249651908874512, 1.368678092956543 
947, -0.4484100639820099, 2.4974205493927, 1.125910997390747, 1.3674595355987549 
948, -0.44846802949905396, 2.52960467338562, 1.1451759338378906, 1.38045334815979 
949, -0.44845354557037354, 2.5014822483062744, 1.112539291381836, 1.3852195739746094 
950, -0.4484286308288574, 2.553892135620117, 1.111617088317871, 1.421642780303955 
951, -0.44837117195129395, 2.5027992725372314, 1.1028978824615479, 1.3958649635314941 
952, -0.4483743906021118, 2.490257978439331, 1.1075303554534912, 1.3788769245147705 
953, -0.4483954906463623, 2.5422439575195312, 1.1427414417266846, 1.3960623741149902 
954, -0.44836097955703735, 2.531404495239258, 1.1311686038970947, 1.3918495178222656 
955, -0.44835129380226135, 2.506422996520996, 1.1132826805114746, 1.389580488204956 
956, -0.4483209550380707, 2.5992841720581055, 1.1327686309814453, 1.348719835281372 
957, -0.4482778310775757, 2.542485237121582, 1.1682095527648926, 1.370149850845337 
958, -0.44842076301574707, 2.5087969303131104, 1.1173267364501953, 1.3870158195495605 
959, -0.44845694303512573, 2.5126519203186035, 1.1042828559875488, 1.4043667316436768 
960, -0.44849199056625366, 2.487217664718628, 1.0904664993286133, 1.3934433460235596 
961, -0.4484931230545044, 2.5178329944610596, 1.112109899520874, 1.402306079864502 
962, -0.44831568002700806, 2.5015342235565186, 1.1272759437561035, 1.370652437210083 
963, -0.4482262134552002, 2.647655487060547, 1.1713080406188965, 1.4608945846557617 
964, -0.4483130872249603, 2.549543619155884, 1.1463971138000488, 1.3996529579162598 
965, -0.44836753606796265, 2.521484375, 1.139991044998169, 1.3779404163360596 
966, -0.4483347237110138, 2.54952073097229, 1.1413824558258057, 1.4041249752044678 
967, -0.4483141303062439, 2.526284694671631, 1.126133680343628, 1.3966453075408936 
968, -0.44822707772254944, 2.515608072280884, 1.1183290481567383, 1.3933124542236328 
969, -0.4482039213180542, 2.547614812850952, 1.1174976825714111, 1.419051170349121 
970, -0.44807642698287964, 2.4978208541870117, 1.1211555004119873, 1.3726274967193604 
971, -0.44808006286621094, 2.5134623050689697, 1.146261215209961, 1.3636813163757324 
972, -0.4482046365737915, 2.5113396644592285, 1.1438617706298828, 1.363440752029419 
973, -0.4484521150588989, 2.5137882232666016, 1.1392550468444824, 1.3710837364196777 
974, -0.44847214221954346, 2.50388765335083, 1.150691270828247, 1.3456416130065918 
975, -0.4484192728996277, 2.5236570835113525, 1.1516520977020264, 1.3678839206695557 
976, -0.44845521450042725, 2.515900135040283, 1.1103308200836182, 1.40195631980896 
977, -0.44849395751953125, 2.5209946632385254, 1.1220450401306152, 1.3949494361877441 
978, -0.44842422008514404, 2.5356531143188477, 1.1206965446472168, 1.4112575054168701 
979, -0.4484686553478241, 2.495518684387207, 1.1152534484863281, 1.3766834735870361 
980, -0.448466420173645, 2.519423484802246, 1.1420776844024658, 1.373403549194336 
981, -0.4484962821006775, 2.4903218746185303, 1.1225500106811523, 1.3609857559204102 
982, -0.44845861196517944, 2.53471302986145, 1.1582939624786377, 1.3714478015899658 
983, -0.4484155774116516, 2.4879472255706787, 1.1411964893341064, 1.3423547744750977 
984, -0.44839197397232056, 2.5481343269348145, 1.155320405960083, 1.388000249862671 
985, -0.4483497738838196, 2.524406671524048, 1.1093413829803467, 1.411135196685791 
986, -0.4484046399593353, 2.5192906856536865, 1.1145033836364746, 1.4012079238891602 
987, -0.4483691453933716, 2.501429557800293, 1.1249580383300781, 1.3725218772888184 
988, -0.44835442304611206, 2.5121917724609375, 1.1463568210601807, 1.362318754196167 
989, -0.4483710527420044, 2.529123306274414, 1.1376502513885498, 1.387359380722046 
990, -0.44835400581359863, 2.4989213943481445, 1.1294834613800049, 1.3658299446105957 
991, -0.4482923150062561, 2.5145339965820312, 1.1267812252044678, 1.3841547966003418 
992, -0.44823703169822693, 2.5227162837982178, 1.1448569297790527, 1.3742790222167969 
993, -0.44824227690696716, 2.5784659385681152, 1.1550769805908203, 1.419358491897583 
994, -0.4482922852039337, 2.5134198665618896, 1.114914894104004, 1.3931541442871094 
995, -0.4483877718448639, 2.5235815048217773, 1.1056842803955078, 1.413496971130371 
996, -0.4484620690345764, 2.536719560623169, 1.1172888278961182, 1.4154572486877441 
997, -0.4485231041908264, 2.524789571762085, 1.1133055686950684, 1.391136884689331 
998, -0.44848567247390747, 2.5112900733947754, 1.1081745624542236, 1.3956801891326904 
999, -0.4484763741493225, 2.501131772994995, 1.131103277206421, 1.3660345077514648 
