Iteration, loss, time 
0, 1.0322604179382324, 0.11211872100830078, 0.0546724796295166, 0.04828596115112305 
1, 0.9899164438247681, 0.09690976142883301, 0.048043012619018555, 0.045903921127319336 
2, 0.948695182800293, 0.09403848648071289, 0.04295039176940918, 0.0476531982421875 
3, 0.9086360931396484, 0.09330224990844727, 0.044275522232055664, 0.04595661163330078 
4, 0.8697735071182251, 0.09212684631347656, 0.0425107479095459, 0.04611849784851074 
5, 0.8321433067321777, 0.09641408920288086, 0.044280290603637695, 0.048726797103881836 
6, 0.7957700490951538, 0.09082460403442383, 0.04230022430419922, 0.045404672622680664 
7, 0.7606750130653381, 0.0927269458770752, 0.04297685623168945, 0.04657769203186035 
8, 0.7268771529197693, 0.09221005439758301, 0.042519569396972656, 0.04630088806152344 
9, 0.6943855285644531, 0.0950155258178711, 0.04419565200805664, 0.047432899475097656 
