Iteration, loss, time 
0, 1.217047095298767, 2.274597644805908, 1.3080134391784668, 0.9618477821350098 
1, 1.16829514503479, 2.208136796951294, 1.3007547855377197, 0.9043686389923096 
2, 1.1165611743927002, 2.1276891231536865, 1.2393450736999512, 0.885565996170044 
3, 1.075722575187683, 2.0928890705108643, 1.190237045288086, 0.8999712467193604 
4, 1.023241639137268, 1.9191937446594238, 1.0586071014404297, 0.8579521179199219 
5, 0.989988386631012, 2.0451974868774414, 1.1841168403625488, 0.8582451343536377 
6, 0.9518821239471436, 2.027594804763794, 1.1800179481506348, 0.8449673652648926 
7, 0.8953924179077148, 1.992964744567871, 1.1374001502990723, 0.8529706001281738 
8, 0.8669182658195496, 1.95005464553833, 1.1316657066345215, 0.8151543140411377 
9, 0.8113438487052917, 1.8023724555969238, 0.9454739093780518, 0.8524940013885498 
