Iteration, loss, time 
0, 0.7064688205718994, 2.0134849548339844, 1.1652874946594238, 0.8433632850646973 
1, 0.6701107621192932, 1.963451862335205, 1.0871424674987793, 0.872840166091919 
2, 0.6369259357452393, 1.9421606063842773, 1.0895683765411377, 0.8495290279388428 
3, 0.6022111177444458, 1.9467766284942627, 1.1113569736480713, 0.8319077491760254 
4, 0.5733098983764648, 1.9746840000152588, 1.1282424926757812, 0.8429369926452637 
5, 0.5432819128036499, 1.9527087211608887, 1.0903596878051758, 0.8592116832733154 
6, 0.5090696811676025, 1.975186824798584, 1.0951430797576904, 0.876997709274292 
7, 0.4811270236968994, 1.766517162322998, 0.9329261779785156, 0.830474853515625 
8, 0.4559546113014221, 1.9843790531158447, 1.138948678970337, 0.842308759689331 
9, 0.4282997250556946, 1.957409143447876, 1.0955290794372559, 0.8588135242462158 
