Iteration, loss, time 
0, 2.668692111968994, 2.9300637245178223, 1.5365874767303467, 1.3392553329467773 
1, 2.5635244846343994, 2.914247989654541, 1.4195947647094727, 1.4402761459350586 
2, 2.4604716300964355, 2.9873721599578857, 1.4881165027618408, 1.4479551315307617 
3, 2.3602216243743896, 2.93581223487854, 1.507413625717163, 1.3761100769042969 
4, 2.2627980709075928, 3.0148262977600098, 1.5325627326965332, 1.4302246570587158 
5, 2.1682114601135254, 2.854020595550537, 1.4318029880523682, 1.3725578784942627 
6, 2.0764503479003906, 2.8496253490448, 1.4253735542297363, 1.3704566955566406 
7, 1.9874869585037231, 2.748229742050171, 1.4077272415161133, 1.2910733222961426 
8, 1.9012771844863892, 2.6811678409576416, 1.32303786277771, 1.30550217628479 
9, 1.8177826404571533, 2.7511422634124756, 1.382145643234253, 1.316997766494751 
