Iteration, loss, time 
0, 0.7314260005950928, 0.09973478317260742 
1, 0.6745606660842896, 0.026105880737304688 
2, 0.6159188747406006, 0.025330305099487305 
3, 0.5366915464401245, 0.026520967483520508 
4, 0.4603496193885803, 0.025467872619628906 
5, 0.40281108021736145, 0.025653600692749023 
6, 0.33587703108787537, 0.025081634521484375 
7, 0.27055513858795166, 0.024925947189331055 
8, 0.20718985795974731, 0.02550506591796875 
9, 0.1557859480381012, 0.025305986404418945 
10, 0.09565871953964233, 0.025541305541992188 
11, 0.017847061157226562, 0.02514171600341797 
12, -0.028596848249435425, 0.025453805923461914 
13, -0.09160760045051575, 0.02529001235961914 
14, -0.15806981921195984, 0.025291919708251953 
15, -0.20053985714912415, 0.025078773498535156 
16, -0.2773534655570984, 0.02517557144165039 
17, -0.312854528427124, 0.025048494338989258 
18, -0.3670032024383545, 0.02557659149169922 
19, -0.4200129210948944, 0.025081872940063477 
20, -0.4754801392555237, 0.025669574737548828 
21, -0.5225833654403687, 0.024976491928100586 
22, -0.5779943466186523, 0.025495529174804688 
23, -0.6199612617492676, 0.025005578994750977 
24, -0.6749984622001648, 0.025547266006469727 
25, -0.7204161882400513, 0.02547454833984375 
26, -0.7682169079780579, 0.02661299705505371 
27, -0.8287255167961121, 0.0250546932220459 
28, -0.8675302267074585, 0.025588274002075195 
29, -0.9127910137176514, 0.025377511978149414 
30, -0.9499931931495667, 0.02529120445251465 
31, -1.0020514726638794, 0.025101661682128906 
32, -1.0298268795013428, 0.025284290313720703 
33, -1.0819463729858398, 0.02540731430053711 
34, -1.1236701011657715, 0.025517702102661133 
35, -1.1686769723892212, 0.025261402130126953 
36, -1.2136485576629639, 0.025687694549560547 
37, -1.2449235916137695, 0.025308847427368164 
38, -1.2847980260849, 0.02563309669494629 
39, -1.3145501613616943, 0.025089263916015625 
40, -1.3505876064300537, 0.02545332908630371 
41, -1.3856664896011353, 0.02548384666442871 
42, -1.4243724346160889, 0.02578568458557129 
43, -1.4549788236618042, 0.02535080909729004 
44, -1.4939826726913452, 0.025723934173583984 
45, -1.5288677215576172, 0.025430917739868164 
46, -1.5628135204315186, 0.025599241256713867 
47, -1.5876046419143677, 0.02507781982421875 
48, -1.6300280094146729, 0.025292396545410156 
49, -1.6546597480773926, 0.02487468719482422 
50, -1.6961426734924316, 0.02633523941040039 
51, -1.7126904726028442, 0.02511739730834961 
52, -1.7497663497924805, 0.02558279037475586 
53, -1.781630039215088, 0.025426626205444336 
54, -1.8026478290557861, 0.025945663452148438 
55, -1.8375513553619385, 0.025376081466674805 
56, -1.8607547283172607, 0.02568507194519043 
57, -1.8925563097000122, 0.025559425354003906 
58, -1.9172743558883667, 0.025689125061035156 
59, -1.9372237920761108, 0.025578975677490234 
60, -1.9677809476852417, 0.02554631233215332 
61, -1.9872252941131592, 0.025348901748657227 
62, -2.0169830322265625, 0.026256322860717773 
63, -2.0413994789123535, 0.025445222854614258 
64, -2.0624449253082275, 0.02581167221069336 
65, -2.0934317111968994, 0.02529430389404297 
66, -2.1074304580688477, 0.025925636291503906 
67, -2.129606246948242, 0.025609254837036133 
68, -2.1527576446533203, 0.026203155517578125 
69, -2.1736879348754883, 0.025777101516723633 
70, -2.1948325634002686, 0.025798559188842773 
71, -2.217104911804199, 0.025409936904907227 
72, -2.236293315887451, 0.0258028507232666 
73, -2.261948585510254, 0.025574922561645508 
74, -2.2787070274353027, 0.02689385414123535 
75, -2.298313856124878, 0.02546215057373047 
76, -2.315173625946045, 0.025840044021606445 
77, -2.3351829051971436, 0.025548219680786133 
78, -2.3537871837615967, 0.025982141494750977 
79, -2.376953601837158, 0.025624752044677734 
80, -2.397463083267212, 0.02553248405456543 
81, -2.410583972930908, 0.025354623794555664 
82, -2.4220378398895264, 0.02576136589050293 
83, -2.4459052085876465, 0.025589704513549805 
84, -2.466980218887329, 0.02566218376159668 
85, -2.4746909141540527, 0.02525019645690918 
86, -2.493682384490967, 0.0259706974029541 
87, -2.505980968475342, 0.025647878646850586 
88, -2.5204548835754395, 0.02621293067932129 
89, -2.5332963466644287, 0.025788068771362305 
90, -2.5579514503479004, 0.0259401798248291 
91, -2.5716614723205566, 0.025590181350708008 
92, -2.5787343978881836, 0.026044607162475586 
93, -2.5910634994506836, 0.02522897720336914 
94, -2.6075425148010254, 0.025711536407470703 
95, -2.624096393585205, 0.025048255920410156 
96, -2.6359126567840576, 0.0258636474609375 
97, -2.6465630531311035, 0.02553868293762207 
98, -2.661410331726074, 0.026764631271362305 
99, -2.6777596473693848, 0.025319576263427734 
100, -2.6965601444244385, 0.02582693099975586 
101, -2.6988043785095215, 0.02545928955078125 
102, -2.7139205932617188, 0.02572917938232422 
103, -2.7203972339630127, 0.02546548843383789 
104, -2.7340314388275146, 0.026092052459716797 
105, -2.746081590652466, 0.025508880615234375 
106, -2.7611894607543945, 0.025895357131958008 
107, -2.769108295440674, 0.0260007381439209 
108, -2.7855141162872314, 0.025704145431518555 
109, -2.791149139404297, 0.02547907829284668 
110, -2.800100088119507, 0.025758028030395508 
111, -2.8129827976226807, 0.025518178939819336 
112, -2.816622734069824, 0.025448083877563477 
113, -2.828287124633789, 0.02568674087524414 
114, -2.8392715454101562, 0.02564525604248047 
115, -2.8508522510528564, 0.025425434112548828 
116, -2.8611323833465576, 0.02563953399658203 
117, -2.8652732372283936, 0.025438547134399414 
118, -2.8792359828948975, 0.025475263595581055 
119, -2.884676456451416, 0.025450944900512695 
120, -2.8977904319763184, 0.025976181030273438 
121, -2.903287649154663, 0.025632143020629883 
122, -2.913968563079834, 0.026788949966430664 
123, -2.9242491722106934, 0.025540590286254883 
124, -2.9249377250671387, 0.025623559951782227 
125, -2.9407522678375244, 0.025763750076293945 
126, -2.948901653289795, 0.026072025299072266 
127, -2.9553146362304688, 0.025775671005249023 
128, -2.9647316932678223, 0.025799274444580078 
129, -2.9718148708343506, 0.025636672973632812 
130, -2.9774773120880127, 0.025648832321166992 
131, -2.983370304107666, 0.025595903396606445 
132, -2.992898941040039, 0.025892019271850586 
133, -3.0009958744049072, 0.02554917335510254 
134, -3.0057356357574463, 0.025867938995361328 
135, -3.0140795707702637, 0.025698423385620117 
136, -3.022503614425659, 0.026062488555908203 
137, -3.0291225910186768, 0.025520801544189453 
138, -3.033914089202881, 0.0258486270904541 
139, -3.042825698852539, 0.02570819854736328 
140, -3.050281524658203, 0.025981903076171875 
141, -3.0532474517822266, 0.025729656219482422 
142, -3.0627825260162354, 0.025940418243408203 
143, -3.067042350769043, 0.025681257247924805 
144, -3.074244976043701, 0.025964975357055664 
145, -3.081718921661377, 0.025574922561645508 
146, -3.0896718502044678, 0.026845216751098633 
147, -3.096601724624634, 0.025586843490600586 
148, -3.0970444679260254, 0.025595903396606445 
149, -3.105142593383789, 0.025487661361694336 
150, -3.1142044067382812, 0.02589583396911621 
151, -3.1173243522644043, 0.025376081466674805 
152, -3.125141143798828, 0.02589273452758789 
153, -3.12418794631958, 0.025522470474243164 
154, -3.13030743598938, 0.02602076530456543 
155, -3.1360154151916504, 0.02560257911682129 
156, -3.142688512802124, 0.0257723331451416 
157, -3.1498966217041016, 0.02560567855834961 
158, -3.158937454223633, 0.02594280242919922 
159, -3.161165952682495, 0.025740861892700195 
160, -3.166274070739746, 0.02603602409362793 
161, -3.1668875217437744, 0.025322914123535156 
162, -3.176854372024536, 0.025983333587646484 
163, -3.1845996379852295, 0.02573990821838379 
164, -3.184446334838867, 0.02590036392211914 
165, -3.192279577255249, 0.025815963745117188 
166, -3.1929550170898438, 0.02590489387512207 
167, -3.1984753608703613, 0.02562713623046875 
168, -3.2044520378112793, 0.025946855545043945 
169, -3.2075295448303223, 0.025522947311401367 
170, -3.2138166427612305, 0.026944398880004883 
171, -3.214658737182617, 0.02512812614440918 
172, -3.2201709747314453, 0.025838136672973633 
173, -3.222611665725708, 0.025334835052490234 
174, -3.226565361022949, 0.02600693702697754 
175, -3.2320449352264404, 0.025717735290527344 
176, -3.236483573913574, 0.025998353958129883 
177, -3.2403805255889893, 0.025774002075195312 
178, -3.2467329502105713, 0.0258023738861084 
179, -3.249891757965088, 0.025639057159423828 
180, -3.252692461013794, 0.025942564010620117 
181, -3.2571732997894287, 0.02564835548400879 
182, -3.259531259536743, 0.025828838348388672 
183, -3.263190269470215, 0.02587127685546875 
184, -3.271199941635132, 0.026045560836791992 
185, -3.272648811340332, 0.02598094940185547 
186, -3.2742929458618164, 0.025822162628173828 
187, -3.2799534797668457, 0.025377511978149414 
188, -3.281581401824951, 0.02590036392211914 
189, -3.2854878902435303, 0.025619983673095703 
190, -3.2895240783691406, 0.026033639907836914 
191, -3.2926530838012695, 0.025479793548583984 
192, -3.2966604232788086, 0.025909900665283203 
193, -3.300913095474243, 0.025672197341918945 
194, -3.3015353679656982, 0.027018308639526367 
195, -3.305421829223633, 0.02570486068725586 
196, -3.3086671829223633, 0.02594590187072754 
197, -3.3112921714782715, 0.025192975997924805 
198, -3.3135905265808105, 0.025986909866333008 
199, -3.318582057952881, 0.025737762451171875 
200, -3.321054458618164, 0.026227235794067383 
201, -3.321887254714966, 0.02588510513305664 
202, -3.325608253479004, 0.02596879005432129 
203, -3.329373836517334, 0.025623559951782227 
204, -3.332127809524536, 0.02605891227722168 
205, -3.3355631828308105, 0.02573084831237793 
206, -3.3344573974609375, 0.025677919387817383 
207, -3.3375401496887207, 0.025348901748657227 
208, -3.3418703079223633, 0.025901317596435547 
209, -3.3450474739074707, 0.025940418243408203 
210, -3.3493640422821045, 0.026013851165771484 
211, -3.34953236579895, 0.025225162506103516 
212, -3.352616310119629, 0.025435686111450195 
213, -3.353388547897339, 0.025709867477416992 
214, -3.3569846153259277, 0.02624201774597168 
215, -3.3586840629577637, 0.025601863861083984 
216, -3.361607551574707, 0.02584242820739746 
217, -3.3652398586273193, 0.02557969093322754 
218, -3.3662312030792236, 0.026854276657104492 
219, -3.3679275512695312, 0.0255892276763916 
220, -3.372532844543457, 0.025844812393188477 
221, -3.374873638153076, 0.025542020797729492 
222, -3.3763439655303955, 0.025875091552734375 
223, -3.3768088817596436, 0.025732755661010742 
224, -3.3790512084960938, 0.025898218154907227 
225, -3.3830490112304688, 0.02541828155517578 
226, -3.3834071159362793, 0.02583789825439453 
227, -3.385354995727539, 0.025313138961791992 
228, -3.3873229026794434, 0.025727033615112305 
229, -3.390143632888794, 0.02545309066772461 
230, -3.3933520317077637, 0.025818824768066406 
231, -3.3910014629364014, 0.025198936462402344 
232, -3.397690773010254, 0.025563716888427734 
233, -3.39913010597229, 0.025484561920166016 
234, -3.40006947517395, 0.02593684196472168 
235, -3.4035565853118896, 0.025705337524414062 
236, -3.404278039932251, 0.025737762451171875 
237, -3.4054856300354004, 0.02584552764892578 
238, -3.406163215637207, 0.02609729766845703 
239, -3.4089136123657227, 0.02578425407409668 
240, -3.410658359527588, 0.026190996170043945 
241, -3.412968158721924, 0.025613784790039062 
242, -3.412498950958252, 0.02701425552368164 
243, -3.4160757064819336, 0.02584362030029297 
244, -3.418912172317505, 0.026042699813842773 
245, -3.418210506439209, 0.025920867919921875 
246, -3.4191575050354004, 0.026366710662841797 
247, -3.4213309288024902, 0.025638580322265625 
248, -3.424190044403076, 0.02602696418762207 
249, -3.4246912002563477, 0.025865793228149414 
250, -3.4246411323547363, 0.02607893943786621 
251, -3.427520275115967, 0.02591419219970703 
252, -3.428868293762207, 0.025737285614013672 
253, -3.4321234226226807, 0.02562403678894043 
254, -3.4321799278259277, 0.026308059692382812 
255, -3.43228816986084, 0.025767803192138672 
256, -3.4343101978302, 0.026174068450927734 
257, -3.4363768100738525, 0.025704622268676758 
258, -3.43900728225708, 0.02616262435913086 
259, -3.438283920288086, 0.025632381439208984 
260, -3.439450740814209, 0.026158809661865234 
261, -3.4400877952575684, 0.025847196578979492 
262, -3.4421145915985107, 0.02627277374267578 
263, -3.4449334144592285, 0.025674104690551758 
264, -3.446415424346924, 0.02597665786743164 
265, -3.445115089416504, 0.025749921798706055 
266, -3.44870924949646, 0.02695155143737793 
267, -3.4504518508911133, 0.025740861892700195 
268, -3.45088529586792, 0.025467634201049805 
269, -3.454395055770874, 0.025116443634033203 
270, -3.452826738357544, 0.025458812713623047 
271, -3.453639507293701, 0.025075912475585938 
272, -3.454334259033203, 0.025303125381469727 
273, -3.4569766521453857, 0.02511143684387207 
274, -3.4584860801696777, 0.025439977645874023 
275, -3.4582090377807617, 0.02513289451599121 
276, -3.4608078002929688, 0.025255441665649414 
277, -3.4609363079071045, 0.025102853775024414 
278, -3.463527202606201, 0.02539539337158203 
279, -3.4623184204101562, 0.025080442428588867 
280, -3.4633266925811768, 0.025444746017456055 
281, -3.4649081230163574, 0.025093555450439453 
282, -3.464221239089966, 0.025486230850219727 
283, -3.466160297393799, 0.025256872177124023 
284, -3.4667205810546875, 0.025606155395507812 
285, -3.4675347805023193, 0.025132417678833008 
286, -3.4683735370635986, 0.02547931671142578 
287, -3.4709439277648926, 0.025141000747680664 
288, -3.470961570739746, 0.02575969696044922 
289, -3.472538471221924, 0.025274991989135742 
290, -3.471226692199707, 0.026430606842041016 
291, -3.4726696014404297, 0.025200366973876953 
292, -3.4755442142486572, 0.025700807571411133 
293, -3.4749791622161865, 0.025284528732299805 
294, -3.4768998622894287, 0.025440454483032227 
295, -3.4778354167938232, 0.025118350982666016 
296, -3.479031562805176, 0.025374889373779297 
297, -3.4777791500091553, 0.025165081024169922 
298, -3.4784939289093018, 0.025649547576904297 
299, -3.4796273708343506, 0.025212526321411133 
300, -3.4807591438293457, 0.025543928146362305 
301, -3.4820001125335693, 0.02516937255859375 
302, -3.482381582260132, 0.02539992332458496 
303, -3.481912612915039, 0.025260210037231445 
304, -3.4836392402648926, 0.025156259536743164 
305, -3.4837851524353027, 0.02477407455444336 
306, -3.48321533203125, 0.025377988815307617 
307, -3.485969305038452, 0.024977684020996094 
308, -3.4869914054870605, 0.02563309669494629 
309, -3.4871182441711426, 0.02533745765686035 
310, -3.4878716468811035, 0.025645017623901367 
311, -3.4887819290161133, 0.02542853355407715 
312, -3.489572525024414, 0.025546789169311523 
313, -3.4904251098632812, 0.024979352951049805 
314, -3.490943193435669, 0.02665877342224121 
315, -3.4924814701080322, 0.025370359420776367 
316, -3.493457078933716, 0.025338411331176758 
317, -3.4930267333984375, 0.02501535415649414 
318, -3.4937586784362793, 0.025578975677490234 
319, -3.494472026824951, 0.0253140926361084 
320, -3.4942407608032227, 0.025454282760620117 
321, -3.4938182830810547, 0.024966955184936523 
322, -3.4963953495025635, 0.025484561920166016 
323, -3.495631217956543, 0.02516460418701172 
324, -3.4971635341644287, 0.025670289993286133 
325, -3.4980382919311523, 0.025331974029541016 
326, -3.4989471435546875, 0.025484323501586914 
327, -3.49910306930542, 0.025257110595703125 
328, -3.4991888999938965, 0.025495290756225586 
329, -3.4990744590759277, 0.025203466415405273 
330, -3.500709056854248, 0.025388002395629883 
331, -3.5024406909942627, 0.02528548240661621 
332, -3.5018081665039062, 0.025461435317993164 
333, -3.503457546234131, 0.02535390853881836 
334, -3.5027785301208496, 0.0254518985748291 
335, -3.502683639526367, 0.025618791580200195 
336, -3.5021538734436035, 0.02563786506652832 
337, -3.5032997131347656, 0.025144577026367188 
338, -3.5042848587036133, 0.026851654052734375 
339, -3.5055456161499023, 0.025615692138671875 
340, -3.5066018104553223, 0.025532245635986328 
341, -3.5057902336120605, 0.02534651756286621 
342, -3.506747007369995, 0.025503158569335938 
343, -3.507748603820801, 0.025965452194213867 
344, -3.5071754455566406, 0.025315523147583008 
345, -3.507584571838379, 0.024956464767456055 
346, -3.509305953979492, 0.02536463737487793 
347, -3.508061170578003, 0.02521991729736328 
348, -3.508702516555786, 0.025286197662353516 
349, -3.51129150390625, 0.02528214454650879 
350, -3.5109968185424805, 0.025638580322265625 
351, -3.5115976333618164, 0.025615930557250977 
352, -3.511293888092041, 0.025591373443603516 
353, -3.5118608474731445, 0.025516748428344727 
354, -3.511739492416382, 0.026015758514404297 
355, -3.51062273979187, 0.02580738067626953 
356, -3.514157295227051, 0.025996923446655273 
357, -3.513185977935791, 0.025569438934326172 
358, -3.513286590576172, 0.025676250457763672 
359, -3.5133094787597656, 0.025173187255859375 
360, -3.513906478881836, 0.025440692901611328 
361, -3.5147881507873535, 0.025294065475463867 
362, -3.5160789489746094, 0.02676677703857422 
363, -3.51535964012146, 0.02550506591796875 
364, -3.516604423522949, 0.025878429412841797 
365, -3.5159969329833984, 0.02560901641845703 
366, -3.516842842102051, 0.025855302810668945 
367, -3.5183463096618652, 0.025665998458862305 
368, -3.5170140266418457, 0.025772809982299805 
369, -3.518265724182129, 0.0252530574798584 
370, -3.5182912349700928, 0.025667190551757812 
371, -3.5191478729248047, 0.025472640991210938 
372, -3.5192131996154785, 0.025888919830322266 
373, -3.518636465072632, 0.025425195693969727 
374, -3.5195813179016113, 0.025731325149536133 
375, -3.5190038681030273, 0.025443315505981445 
376, -3.5208580493927, 0.025860071182250977 
377, -3.52072811126709, 0.02553558349609375 
378, -3.520944118499756, 0.02551555633544922 
379, -3.5207715034484863, 0.02546215057373047 
380, -3.5215816497802734, 0.026727676391601562 
381, -3.52201509475708, 0.025676250457763672 
382, -3.5230822563171387, 0.026327848434448242 
383, -3.523078441619873, 0.025837182998657227 
384, -3.523367404937744, 0.025727272033691406 
385, -3.523024559020996, 0.02552056312561035 
386, -3.524251937866211, 0.026943206787109375 
387, -3.524451971054077, 0.02554035186767578 
388, -3.5240674018859863, 0.02581167221069336 
389, -3.524524211883545, 0.02567911148071289 
390, -3.52372407913208, 0.025340795516967773 
391, -3.524196147918701, 0.025594234466552734 
392, -3.524702548980713, 0.026088953018188477 
393, -3.525996685028076, 0.025699853897094727 
394, -3.524613380432129, 0.025754928588867188 
395, -3.526052474975586, 0.025743722915649414 
396, -3.52463960647583, 0.02599620819091797 
397, -3.5259532928466797, 0.02533245086669922 
398, -3.52616548538208, 0.02599954605102539 
399, -3.527665138244629, 0.025697708129882812 
400, -3.527125835418701, 0.02601480484008789 
401, -3.5287938117980957, 0.025771379470825195 
402, -3.528062343597412, 0.02590012550354004 
403, -3.52854061126709, 0.02546095848083496 
404, -3.529426336288452, 0.02579331398010254 
405, -3.5282464027404785, 0.025690793991088867 
406, -3.5304603576660156, 0.025711536407470703 
407, -3.529517650604248, 0.025617122650146484 
408, -3.5288891792297363, 0.026045560836791992 
409, -3.5305428504943848, 0.025707244873046875 
410, -3.529860734939575, 0.026894807815551758 
411, -3.5296382904052734, 0.025675058364868164 
412, -3.5316882133483887, 0.026324987411499023 
413, -3.531430721282959, 0.025567293167114258 
414, -3.531904697418213, 0.02614760398864746 
415, -3.5317978858947754, 0.025563716888427734 
416, -3.531977415084839, 0.025699615478515625 
417, -3.5317208766937256, 0.025788068771362305 
418, -3.531994342803955, 0.02570939064025879 
419, -3.5334346294403076, 0.025818824768066406 
420, -3.533402442932129, 0.026113510131835938 
421, -3.533133029937744, 0.0258786678314209 
422, -3.5332865715026855, 0.025676250457763672 
423, -3.533186435699463, 0.025964975357055664 
424, -3.5339534282684326, 0.026313066482543945 
425, -3.5338149070739746, 0.025877714157104492 
426, -3.534444808959961, 0.025928258895874023 
427, -3.5340237617492676, 0.025556087493896484 
428, -3.5346028804779053, 0.026081085205078125 
429, -3.5329177379608154, 0.025735855102539062 
430, -3.536207675933838, 0.026261568069458008 
431, -3.5350069999694824, 0.02578282356262207 
432, -3.535897731781006, 0.025656700134277344 
433, -3.535499095916748, 0.0257413387298584 
434, -3.5351691246032715, 0.026897192001342773 
435, -3.5360631942749023, 0.0256345272064209 
436, -3.537229061126709, 0.026020288467407227 
437, -3.536860704421997, 0.02559375762939453 
438, -3.5356054306030273, 0.025846242904663086 
439, -3.5370044708251953, 0.02588629722595215 
440, -3.5372395515441895, 0.02636265754699707 
441, -3.53662109375, 0.02585458755493164 
442, -3.535621166229248, 0.025836944580078125 
443, -3.5371286869049072, 0.02566981315612793 
444, -3.5384395122528076, 0.026079416275024414 
445, -3.538421154022217, 0.025812625885009766 
446, -3.537087917327881, 0.026306867599487305 
447, -3.5390021800994873, 0.026199817657470703 
448, -3.538365364074707, 0.026070833206176758 
449, -3.537567615509033, 0.025830984115600586 
450, -3.53718900680542, 0.02637791633605957 
451, -3.5378475189208984, 0.02614736557006836 
452, -3.5377912521362305, 0.02603459358215332 
453, -3.5399327278137207, 0.02601337432861328 
454, -3.5393567085266113, 0.02609395980834961 
455, -3.5390357971191406, 0.025905132293701172 
456, -3.539547920227051, 0.026522397994995117 
457, -3.5402050018310547, 0.02589130401611328 
458, -3.539815902709961, 0.026778221130371094 
459, -3.539273262023926, 0.02548050880432129 
460, -3.540409803390503, 0.026140689849853516 
461, -3.540257453918457, 0.025864601135253906 
462, -3.540579319000244, 0.02589893341064453 
463, -3.5410103797912598, 0.0256655216217041 
464, -3.5410962104797363, 0.02602839469909668 
465, -3.540760040283203, 0.025804758071899414 
466, -3.54196834564209, 0.026111364364624023 
467, -3.541492462158203, 0.025833606719970703 
468, -3.541694164276123, 0.026171207427978516 
469, -3.5415823459625244, 0.02587890625 
470, -3.5415351390838623, 0.02602362632751465 
471, -3.5424790382385254, 0.025462865829467773 
472, -3.54197359085083, 0.026671409606933594 
473, -3.5415430068969727, 0.025655269622802734 
474, -3.54219388961792, 0.025992155075073242 
475, -3.5427303314208984, 0.025673627853393555 
476, -3.54280424118042, 0.025766372680664062 
477, -3.5427942276000977, 0.0261075496673584 
478, -3.543063163757324, 0.026047706604003906 
479, -3.5433101654052734, 0.02573370933532715 
480, -3.542186737060547, 0.026256322860717773 
481, -3.5431814193725586, 0.02544546127319336 
482, -3.543442726135254, 0.02692890167236328 
483, -3.5431716442108154, 0.025860309600830078 
484, -3.544522762298584, 0.025916099548339844 
485, -3.5438292026519775, 0.02567601203918457 
486, -3.544180393218994, 0.025781631469726562 
487, -3.544046401977539, 0.02586984634399414 
488, -3.544250011444092, 0.02621173858642578 
489, -3.544384241104126, 0.026119232177734375 
490, -3.543628215789795, 0.0261995792388916 
491, -3.5458426475524902, 0.025534391403198242 
492, -3.5447940826416016, 0.02606487274169922 
493, -3.544905662536621, 0.025955677032470703 
494, -3.5456056594848633, 0.026421070098876953 
495, -3.5451347827911377, 0.025855064392089844 
496, -3.545353412628174, 0.026278018951416016 
497, -3.544400215148926, 0.025727272033691406 
498, -3.5440378189086914, 0.02618265151977539 
499, -3.546328544616699, 0.026476621627807617 
500, -3.545391798019409, 0.026482343673706055 
501, -3.545642614364624, 0.02579975128173828 
502, -3.546431064605713, 0.026123523712158203 
503, -3.546689748764038, 0.02569890022277832 
504, -3.5460362434387207, 0.026203155517578125 
505, -3.5451900959014893, 0.025725841522216797 
506, -3.5438318252563477, 0.02722001075744629 
507, -3.5464553833007812, 0.025781631469726562 
508, -3.546628713607788, 0.025702953338623047 
509, -3.547727584838867, 0.02601909637451172 
510, -3.546477794647217, 0.026230573654174805 
511, -3.5465164184570312, 0.025936126708984375 
512, -3.545849084854126, 0.026231765747070312 
513, -3.546297550201416, 0.026079893112182617 
514, -3.547201633453369, 0.02616286277770996 
515, -3.546865701675415, 0.025791168212890625 
516, -3.548272132873535, 0.026343345642089844 
517, -3.54738187789917, 0.025934219360351562 
518, -3.5474705696105957, 0.025821685791015625 
519, -3.54721999168396, 0.025688886642456055 
520, -3.5474162101745605, 0.02593541145324707 
521, -3.547999858856201, 0.025811195373535156 
522, -3.5486063957214355, 0.02600836753845215 
523, -3.5486528873443604, 0.025687456130981445 
524, -3.547647476196289, 0.026105642318725586 
525, -3.5489492416381836, 0.025786876678466797 
526, -3.5479564666748047, 0.025940895080566406 
527, -3.548727035522461, 0.025684595108032227 
528, -3.548299789428711, 0.026148080825805664 
529, -3.5486555099487305, 0.025578975677490234 
530, -3.549020767211914, 0.027012109756469727 
531, -3.5486350059509277, 0.0255434513092041 
532, -3.548706293106079, 0.0257265567779541 
533, -3.5490469932556152, 0.02573370933532715 
534, -3.5491368770599365, 0.025679349899291992 
535, -3.5481410026550293, 0.02565169334411621 
536, -3.548757553100586, 0.02593255043029785 
537, -3.548821449279785, 0.025605201721191406 
538, -3.5491113662719727, 0.026352405548095703 
539, -3.5489423274993896, 0.025450468063354492 
540, -3.5492610931396484, 0.02628612518310547 
541, -3.549072742462158, 0.025774478912353516 
542, -3.5490312576293945, 0.025946378707885742 
543, -3.550524950027466, 0.025722265243530273 
544, -3.551206588745117, 0.02582073211669922 
545, -3.550225257873535, 0.02583789825439453 
546, -3.550105094909668, 0.0257871150970459 
547, -3.550067663192749, 0.025317907333374023 
548, -3.5497093200683594, 0.025772571563720703 
549, -3.5498862266540527, 0.025443315505981445 
550, -3.549636125564575, 0.02586221694946289 
551, -3.5504298210144043, 0.025808334350585938 
552, -3.5506672859191895, 0.025964021682739258 
553, -3.5510354042053223, 0.02554774284362793 
554, -3.5508296489715576, 0.026934385299682617 
555, -3.550381898880005, 0.025437355041503906 
556, -3.5504071712493896, 0.02614283561706543 
557, -3.5511250495910645, 0.025771617889404297 
558, -3.551034450531006, 0.025960922241210938 
559, -3.551300525665283, 0.02569746971130371 
560, -3.552349090576172, 0.025995731353759766 
561, -3.5509033203125, 0.025628089904785156 
562, -3.5526862144470215, 0.025770902633666992 
563, -3.5518903732299805, 0.025619983673095703 
564, -3.55190372467041, 0.025833845138549805 
565, -3.5516393184661865, 0.025575876235961914 
566, -3.551237106323242, 0.026000022888183594 
567, -3.5529277324676514, 0.02620530128479004 
568, -3.5523359775543213, 0.026093244552612305 
569, -3.5533580780029297, 0.025745630264282227 
570, -3.5536375045776367, 0.025686979293823242 
571, -3.5517830848693848, 0.02547454833984375 
572, -3.5521206855773926, 0.0259706974029541 
573, -3.553386688232422, 0.02554035186767578 
574, -3.5522103309631348, 0.025742530822753906 
575, -3.5529208183288574, 0.025448322296142578 
576, -3.5529985427856445, 0.025982379913330078 
577, -3.553227663040161, 0.02584528923034668 
578, -3.5528969764709473, 0.02718067169189453 
579, -3.552978992462158, 0.025715112686157227 
580, -3.55279541015625, 0.02606678009033203 
581, -3.55283522605896, 0.02563333511352539 
582, -3.5520389080047607, 0.026032209396362305 
583, -3.5524353981018066, 0.025766611099243164 
584, -3.5540428161621094, 0.025790929794311523 
585, -3.5527429580688477, 0.025987863540649414 
586, -3.5531930923461914, 0.02602839469909668 
587, -3.553846597671509, 0.02589106559753418 
588, -3.553593397140503, 0.02588510513305664 
589, -3.5534679889678955, 0.02581644058227539 
590, -3.5525169372558594, 0.026217222213745117 
591, -3.5524370670318604, 0.025640249252319336 
592, -3.554807186126709, 0.026450157165527344 
593, -3.5538578033447266, 0.025931358337402344 
594, -3.5536670684814453, 0.025670766830444336 
595, -3.5535879135131836, 0.025279760360717773 
596, -3.5539960861206055, 0.025374889373779297 
597, -3.5541343688964844, 0.02529311180114746 
598, -3.55391263961792, 0.02555704116821289 
599, -3.5540781021118164, 0.0252993106842041 
600, -3.554704189300537, 0.025493383407592773 
601, -3.554917335510254, 0.02528667449951172 
602, -3.554926872253418, 0.02680826187133789 
603, -3.555119037628174, 0.02546525001525879 
604, -3.5538876056671143, 0.025597572326660156 
605, -3.5563602447509766, 0.02563619613647461 
606, -3.5541770458221436, 0.025823593139648438 
607, -3.555142879486084, 0.025017499923706055 
608, -3.554105043411255, 0.025695323944091797 
609, -3.554410696029663, 0.02561020851135254 
610, -3.555537223815918, 0.025608062744140625 
611, -3.555117607116699, 0.025430679321289062 
612, -3.5552759170532227, 0.02577495574951172 
613, -3.55560564994812, 0.02527904510498047 
614, -3.554875135421753, 0.025615453720092773 
615, -3.5553107261657715, 0.025222063064575195 
616, -3.5552687644958496, 0.02580857276916504 
617, -3.55564284324646, 0.02509164810180664 
618, -3.5559096336364746, 0.025441646575927734 
619, -3.5553112030029297, 0.025048255920410156 
620, -3.555281162261963, 0.02572011947631836 
621, -3.5560526847839355, 0.02540445327758789 
622, -3.555962085723877, 0.025608062744140625 
623, -3.554995059967041, 0.02503824234008789 
624, -3.5543062686920166, 0.02571272850036621 
625, -3.555515766143799, 0.025331497192382812 
626, -3.554717540740967, 0.026744604110717773 
627, -3.555208683013916, 0.025113821029663086 
628, -3.5552797317504883, 0.025678634643554688 
629, -3.5559775829315186, 0.025207042694091797 
630, -3.556265354156494, 0.02535271644592285 
631, -3.5561559200286865, 0.02528858184814453 
632, -3.5560476779937744, 0.025375843048095703 
633, -3.555412769317627, 0.02546072006225586 
634, -3.5565943717956543, 0.025651931762695312 
635, -3.555786371231079, 0.025554180145263672 
636, -3.55649733543396, 0.025928020477294922 
637, -3.555558919906616, 0.02527594566345215 
638, -3.556283473968506, 0.02580714225769043 
639, -3.556213617324829, 0.025422096252441406 
640, -3.556251049041748, 0.025711774826049805 
641, -3.5568594932556152, 0.02559065818786621 
642, -3.557405710220337, 0.025368213653564453 
643, -3.5554587841033936, 0.025481700897216797 
644, -3.5563111305236816, 0.025839567184448242 
645, -3.5562524795532227, 0.025328636169433594 
646, -3.556607246398926, 0.025482654571533203 
647, -3.5560920238494873, 0.025336265563964844 
648, -3.556532382965088, 0.0257110595703125 
649, -3.5570271015167236, 0.025602340698242188 
650, -3.556098461151123, 0.026764631271362305 
651, -3.556654453277588, 0.025712251663208008 
652, -3.557682514190674, 0.02536940574645996 
653, -3.5558242797851562, 0.025248050689697266 
654, -3.5571208000183105, 0.02556157112121582 
655, -3.5566158294677734, 0.025245189666748047 
656, -3.557514190673828, 0.025667667388916016 
657, -3.5576882362365723, 0.02489161491394043 
658, -3.5562610626220703, 0.025490522384643555 
659, -3.5556111335754395, 0.025112390518188477 
660, -3.556959629058838, 0.025743722915649414 
661, -3.5575451850891113, 0.02539801597595215 
662, -3.556525230407715, 0.02554488182067871 
663, -3.5567758083343506, 0.025293827056884766 
664, -3.5567853450775146, 0.025799989700317383 
665, -3.5571320056915283, 0.025378704071044922 
666, -3.556642770767212, 0.025414228439331055 
667, -3.55720853805542, 0.025415420532226562 
668, -3.5561962127685547, 0.025697708129882812 
669, -3.557223320007324, 0.025328397750854492 
670, -3.556765079498291, 0.025897502899169922 
671, -3.557856321334839, 0.025729894638061523 
672, -3.5567877292633057, 0.025626659393310547 
673, -3.557581663131714, 0.025478601455688477 
674, -3.5586652755737305, 0.027037382125854492 
675, -3.557194232940674, 0.02527308464050293 
676, -3.5578055381774902, 0.02570319175720215 
677, -3.557419776916504, 0.02552175521850586 
678, -3.5576844215393066, 0.025897502899169922 
679, -3.5579147338867188, 0.02538323402404785 
680, -3.5578460693359375, 0.025770187377929688 
681, -3.5577454566955566, 0.025536060333251953 
682, -3.558149814605713, 0.02601337432861328 
683, -3.557758092880249, 0.025679588317871094 
684, -3.5568199157714844, 0.025898456573486328 
685, -3.5575056076049805, 0.0255434513092041 
686, -3.558687686920166, 0.025999784469604492 
687, -3.5588507652282715, 0.025953054428100586 
688, -3.558697462081909, 0.02586650848388672 
689, -3.558175802230835, 0.025875091552734375 
690, -3.5571112632751465, 0.0260467529296875 
691, -3.5580992698669434, 0.025570154190063477 
692, -3.557346820831299, 0.02589273452758789 
693, -3.5577754974365234, 0.025542020797729492 
694, -3.558220863342285, 0.0257418155670166 
695, -3.558295249938965, 0.02606034278869629 
696, -3.5583531856536865, 0.025911331176757812 
697, -3.5577592849731445, 0.025769710540771484 
698, -3.5582809448242188, 0.027258872985839844 
699, -3.5576493740081787, 0.02548694610595703 
700, -3.5576181411743164, 0.026001453399658203 
701, -3.557431221008301, 0.025617122650146484 
702, -3.5587947368621826, 0.026236295700073242 
703, -3.559117317199707, 0.02586984634399414 
704, -3.5590124130249023, 0.026061296463012695 
705, -3.5580530166625977, 0.02595806121826172 
706, -3.558159828186035, 0.02613210678100586 
707, -3.558651924133301, 0.025846004486083984 
708, -3.5586037635803223, 0.026050329208374023 
709, -3.558565616607666, 0.025437355041503906 
710, -3.558262825012207, 0.0263063907623291 
711, -3.558861017227173, 0.025691509246826172 
712, -3.5592002868652344, 0.026368141174316406 
713, -3.558454990386963, 0.02616095542907715 
714, -3.559199810028076, 0.02615213394165039 
715, -3.558913469314575, 0.02551746368408203 
716, -3.559018135070801, 0.026350975036621094 
717, -3.558662176132202, 0.025820493698120117 
718, -3.558887243270874, 0.026453018188476562 
719, -3.5592703819274902, 0.026102781295776367 
720, -3.557546615600586, 0.025690317153930664 
721, -3.559382438659668, 0.025683879852294922 
722, -3.5590696334838867, 0.02709221839904785 
723, -3.5584073066711426, 0.02579212188720703 
724, -3.558583974838257, 0.025990724563598633 
725, -3.5592153072357178, 0.025357961654663086 
726, -3.5592331886291504, 0.026023387908935547 
727, -3.5591797828674316, 0.025586843490600586 
728, -3.5584945678710938, 0.026173830032348633 
729, -3.5585896968841553, 0.02574896812438965 
730, -3.5583744049072266, 0.025829792022705078 
731, -3.559011459350586, 0.02590656280517578 
732, -3.558525323867798, 0.025944948196411133 
733, -3.5592761039733887, 0.02580547332763672 
734, -3.5576586723327637, 0.026303529739379883 
735, -3.5590476989746094, 0.02553248405456543 
736, -3.559110164642334, 0.026187896728515625 
737, -3.5588626861572266, 0.02561354637145996 
738, -3.5577707290649414, 0.02616429328918457 
739, -3.5581870079040527, 0.02609848976135254 
740, -3.558669090270996, 0.02573537826538086 
741, -3.558514356613159, 0.025923728942871094 
742, -3.558391571044922, 0.026051044464111328 
743, -3.5588607788085938, 0.025838851928710938 
744, -3.5580849647521973, 0.02629995346069336 
745, -3.5578017234802246, 0.0260772705078125 
746, -3.558485984802246, 0.02726459503173828 
747, -3.558897018432617, 0.026300430297851562 
748, -3.5586204528808594, 0.02625274658203125 
749, -3.558772087097168, 0.025573015213012695 
750, -3.5590038299560547, 0.02606797218322754 
751, -3.5580854415893555, 0.025954723358154297 
752, -3.557945489883423, 0.02591705322265625 
753, -3.5592188835144043, 0.025610923767089844 
754, -3.5584604740142822, 0.02608466148376465 
755, -3.559727668762207, 0.026153564453125 
756, -3.559112548828125, 0.02581620216369629 
757, -3.559361219406128, 0.02563643455505371 
758, -3.559579372406006, 0.025790929794311523 
759, -3.558305501937866, 0.02556443214416504 
760, -3.5585527420043945, 0.025942325592041016 
761, -3.559215545654297, 0.025817155838012695 
762, -3.557907819747925, 0.026034116744995117 
763, -3.559281826019287, 0.025995731353759766 
764, -3.5583906173706055, 0.0262300968170166 
765, -3.559116840362549, 0.025856494903564453 
766, -3.558424234390259, 0.02641129493713379 
767, -3.558199882507324, 0.026340484619140625 
768, -3.55820894241333, 0.025873899459838867 
769, -3.5588412284851074, 0.025582551956176758 
770, -3.5585484504699707, 0.027488231658935547 
771, -3.5576987266540527, 0.0258939266204834 
772, -3.5597639083862305, 0.025876283645629883 
773, -3.558133602142334, 0.0261080265045166 
774, -3.5587680339813232, 0.02603912353515625 
775, -3.5582423210144043, 0.025862455368041992 
776, -3.5584816932678223, 0.025772809982299805 
777, -3.5596985816955566, 0.025541067123413086 
778, -3.5584444999694824, 0.026330947875976562 
779, -3.559589147567749, 0.02602100372314453 
780, -3.5593175888061523, 0.026239633560180664 
781, -3.559260368347168, 0.02603912353515625 
782, -3.5587997436523438, 0.026265621185302734 
783, -3.559631824493408, 0.02611541748046875 
784, -3.559749126434326, 0.026244401931762695 
785, -3.559033155441284, 0.025661706924438477 
786, -3.5592870712280273, 0.027658700942993164 
787, -3.5586681365966797, 0.02581954002380371 
788, -3.559448719024658, 0.025844812393188477 
789, -3.5581631660461426, 0.02571725845336914 
790, -3.5588855743408203, 0.02601909637451172 
791, -3.559603214263916, 0.02596735954284668 
792, -3.558877944946289, 0.02582073211669922 
793, -3.5584371089935303, 0.02563643455505371 
794, -3.56011962890625, 0.027025461196899414 
795, -3.5598788261413574, 0.02593064308166504 
796, -3.559831380844116, 0.026030778884887695 
797, -3.5599570274353027, 0.02592778205871582 
798, -3.5594213008880615, 0.02581048011779785 
799, -3.557806968688965, 0.02583456039428711 
800, -3.5596017837524414, 0.026012897491455078 
801, -3.559190511703491, 0.025781631469726562 
802, -3.560380458831787, 0.02642202377319336 
803, -3.560159206390381, 0.025707244873046875 
804, -3.558809280395508, 0.026268482208251953 
805, -3.5599005222320557, 0.025807857513427734 
806, -3.5589375495910645, 0.0260622501373291 
807, -3.559460163116455, 0.025802135467529297 
808, -3.5591259002685547, 0.026200294494628906 
809, -3.559253215789795, 0.027590513229370117 
810, -3.5591936111450195, 0.026398658752441406 
811, -3.560629367828369, 0.02568531036376953 
812, -3.5602221488952637, 0.02650618553161621 
813, -3.560242176055908, 0.025966167449951172 
814, -3.557858467102051, 0.026148319244384766 
815, -3.5596513748168945, 0.025838613510131836 
816, -3.5588560104370117, 0.02616739273071289 
817, -3.560218334197998, 0.02594900131225586 
818, -3.559725761413574, 0.02758955955505371 
819, -3.5602169036865234, 0.025974035263061523 
820, -3.5590569972991943, 0.029170513153076172 
821, -3.5593180656433105, 0.025778532028198242 
822, -3.5602941513061523, 0.026014089584350586 
823, -3.5588810443878174, 0.025767803192138672 
824, -3.5590476989746094, 0.026345491409301758 
825, -3.559436798095703, 0.02592921257019043 
826, -3.560385227203369, 0.02842426300048828 
827, -3.5594515800476074, 0.025653839111328125 
828, -3.559020519256592, 0.025798320770263672 
829, -3.559373378753662, 0.025536060333251953 
830, -3.5599846839904785, 0.02592778205871582 
831, -3.5606091022491455, 0.025781869888305664 
832, -3.5596811771392822, 0.025898456573486328 
833, -3.560426712036133, 0.025828123092651367 
834, -3.5600647926330566, 0.025820255279541016 
835, -3.559671401977539, 0.02512192726135254 
836, -3.5605077743530273, 0.02570939064025879 
837, -3.560239791870117, 0.025617599487304688 
838, -3.5592403411865234, 0.026005268096923828 
839, -3.5606861114501953, 0.025671720504760742 
840, -3.559213161468506, 0.025990009307861328 
841, -3.5595922470092773, 0.025299787521362305 
842, -3.560676336288452, 0.027034282684326172 
843, -3.5602734088897705, 0.025612354278564453 
844, -3.5606350898742676, 0.025977134704589844 
845, -3.5597615242004395, 0.025664091110229492 
846, -3.5599119663238525, 0.02578258514404297 
847, -3.560107707977295, 0.025387287139892578 
848, -3.559661388397217, 0.026613950729370117 
849, -3.559683322906494, 0.025551557540893555 
850, -3.5607340335845947, 0.026015281677246094 
851, -3.55963134765625, 0.0257565975189209 
852, -3.559842348098755, 0.02606201171875 
853, -3.5595083236694336, 0.025613069534301758 
854, -3.5598278045654297, 0.025943279266357422 
855, -3.5589168071746826, 0.0257418155670166 
856, -3.5590319633483887, 0.025972843170166016 
857, -3.560415506362915, 0.025716781616210938 
858, -3.55918550491333, 0.025806665420532227 
859, -3.5599374771118164, 0.025494813919067383 
860, -3.5597124099731445, 0.025957107543945312 
861, -3.559701919555664, 0.025593996047973633 
862, -3.5603253841400146, 0.025896787643432617 
863, -3.5599613189697266, 0.025584697723388672 
864, -3.560762882232666, 0.02587747573852539 
865, -3.560312509536743, 0.025609731674194336 
866, -3.560077667236328, 0.026845693588256836 
867, -3.5604233741760254, 0.025631189346313477 
868, -3.559027671813965, 0.025673389434814453 
869, -3.559786081314087, 0.02532649040222168 
870, -3.559166193008423, 0.025972366333007812 
871, -3.5598502159118652, 0.025734663009643555 
872, -3.560457706451416, 0.025876998901367188 
873, -3.561506748199463, 0.025900840759277344 
874, -3.560317277908325, 0.025890827178955078 
875, -3.5603244304656982, 0.025599002838134766 
876, -3.560048818588257, 0.026192665100097656 
877, -3.5594863891601562, 0.025418519973754883 
878, -3.560528039932251, 0.02602529525756836 
879, -3.559551477432251, 0.025675296783447266 
880, -3.5597622394561768, 0.025983810424804688 
881, -3.559452533721924, 0.025838851928710938 
882, -3.560594081878662, 0.025979995727539062 
883, -3.5613760948181152, 0.02539205551147461 
884, -3.5604748725891113, 0.02586841583251953 
885, -3.5600333213806152, 0.025478601455688477 
886, -3.5596089363098145, 0.025724172592163086 
887, -3.5609021186828613, 0.025539159774780273 
888, -3.558821678161621, 0.025738239288330078 
889, -3.559230327606201, 0.02533555030822754 
890, -3.5598058700561523, 0.02748560905456543 
891, -3.560439109802246, 0.02563309669494629 
892, -3.559715747833252, 0.025950908660888672 
893, -3.5598275661468506, 0.02524542808532715 
894, -3.5601940155029297, 0.02556586265563965 
895, -3.5594043731689453, 0.02532958984375 
896, -3.5599288940429688, 0.02567124366760254 
897, -3.558631658554077, 0.02560734748840332 
898, -3.5595555305480957, 0.0256197452545166 
899, -3.558438777923584, 0.025201082229614258 
900, -3.5594425201416016, 0.025304555892944336 
901, -3.5593037605285645, 0.0250701904296875 
902, -3.5607519149780273, 0.025378942489624023 
903, -3.559114933013916, 0.02509927749633789 
904, -3.5594642162323, 0.025413036346435547 
905, -3.558852195739746, 0.024898529052734375 
906, -3.559260368347168, 0.02561044692993164 
907, -3.5588736534118652, 0.02528095245361328 
908, -3.559357166290283, 0.025297880172729492 
909, -3.5598130226135254, 0.025454998016357422 
910, -3.559065818786621, 0.025531530380249023 
911, -3.5590505599975586, 0.02535390853881836 
912, -3.5593678951263428, 0.025658369064331055 
913, -3.558002471923828, 0.025563716888427734 
914, -3.5591883659362793, 0.026986122131347656 
915, -3.559389352798462, 0.02542567253112793 
916, -3.558624744415283, 0.025536060333251953 
917, -3.559508800506592, 0.025281906127929688 
918, -3.558839797973633, 0.025714874267578125 
919, -3.5596909523010254, 0.025251388549804688 
920, -3.5589210987091064, 0.02536630630493164 
921, -3.5602073669433594, 0.02526569366455078 
922, -3.5603418350219727, 0.025273561477661133 
923, -3.560032844543457, 0.025005102157592773 
924, -3.5597548484802246, 0.02534008026123047 
925, -3.5588550567626953, 0.025213003158569336 
926, -3.559448480606079, 0.025393247604370117 
927, -3.5588302612304688, 0.025391101837158203 
928, -3.559525728225708, 0.025566577911376953 
929, -3.559954881668091, 0.025081157684326172 
930, -3.5595760345458984, 0.025918245315551758 
931, -3.55954647064209, 0.025328397750854492 
932, -3.5592663288116455, 0.027209997177124023 
933, -3.55991268157959, 0.02538609504699707 
934, -3.558582305908203, 0.025774002075195312 
935, -3.559922695159912, 0.0252530574798584 
936, -3.5602874755859375, 0.0257110595703125 
937, -3.559791088104248, 0.025175094604492188 
938, -3.5591797828674316, 0.02649521827697754 
939, -3.5599751472473145, 0.025046348571777344 
940, -3.5604705810546875, 0.02523183822631836 
941, -3.5595083236694336, 0.025097370147705078 
942, -3.560606002807617, 0.025573015213012695 
943, -3.5593085289001465, 0.025556325912475586 
944, -3.5599207878112793, 0.02580404281616211 
945, -3.5589942932128906, 0.025438308715820312 
946, -3.5589194297790527, 0.025629281997680664 
947, -3.559370994567871, 0.025304555892944336 
948, -3.5594348907470703, 0.025560379028320312 
949, -3.5598788261413574, 0.025354623794555664 
950, -3.5594968795776367, 0.02540278434753418 
951, -3.5594754219055176, 0.025378942489624023 
952, -3.5598278045654297, 0.02561354637145996 
953, -3.5586915016174316, 0.025408506393432617 
954, -3.559295415878296, 0.025723695755004883 
955, -3.5597331523895264, 0.02538752555847168 
956, -3.559863805770874, 0.025435209274291992 
957, -3.5585923194885254, 0.024962186813354492 
958, -3.5600900650024414, 0.025469303131103516 
959, -3.5608959197998047, 0.02511882781982422 
960, -3.5591206550598145, 0.02569293975830078 
961, -3.560061454772949, 0.025027751922607422 
962, -3.559854030609131, 0.0267181396484375 
963, -3.560020923614502, 0.025331735610961914 
964, -3.5595130920410156, 0.025551795959472656 
965, -3.5596837997436523, 0.025216341018676758 
966, -3.5598137378692627, 0.02561783790588379 
967, -3.559575080871582, 0.025417804718017578 
968, -3.5587453842163086, 0.02556324005126953 
969, -3.559293746948242, 0.025336265563964844 
970, -3.5596513748168945, 0.026098012924194336 
971, -3.5598158836364746, 0.025366783142089844 
972, -3.5592446327209473, 0.025736570358276367 
973, -3.5584421157836914, 0.025365829467773438 
974, -3.5596818923950195, 0.025838851928710938 
975, -3.559788227081299, 0.025486230850219727 
976, -3.5591492652893066, 0.02577829360961914 
977, -3.559537410736084, 0.02562236785888672 
978, -3.559797525405884, 0.02567291259765625 
979, -3.559140205383301, 0.025508642196655273 
980, -3.5587849617004395, 0.025728464126586914 
981, -3.5593361854553223, 0.02544093132019043 
982, -3.559746503829956, 0.02561044692993164 
983, -3.5594916343688965, 0.02539205551147461 
984, -3.55972957611084, 0.025699138641357422 
985, -3.5593295097351074, 0.0253143310546875 
986, -3.559345245361328, 0.027142047882080078 
987, -3.560047149658203, 0.025597333908081055 
988, -3.5599756240844727, 0.025983810424804688 
989, -3.559879779815674, 0.025495052337646484 
990, -3.559501886367798, 0.025770187377929688 
991, -3.560594081878662, 0.02543497085571289 
992, -3.5600199699401855, 0.02570343017578125 
993, -3.55908465385437, 0.02551865577697754 
994, -3.558969497680664, 0.02570056915283203 
995, -3.5601017475128174, 0.025552749633789062 
996, -3.5589873790740967, 0.02585458755493164 
997, -3.559758186340332, 0.025548219680786133 
998, -3.5593385696411133, 0.025684833526611328 
999, -3.5589890480041504, 0.02574920654296875 
