Iteration, loss, time 
0, -0.7748162746429443, 0.04618716239929199, 0.018561601638793945, 0.01200413703918457 
1, -0.8609445095062256, 0.023493528366088867, 0.009775400161743164, 0.011923551559448242 
2, -0.9461331367492676, 0.02268385887145996, 0.009280204772949219, 0.011647462844848633 
3, -1.0303895473480225, 0.022510528564453125, 0.009299993515014648, 0.011530160903930664 
4, -1.113720417022705, 0.02235269546508789, 0.009102106094360352, 0.011447906494140625 
5, -1.1961259841918945, 0.023818254470825195, 0.009145975112915039, 0.012867450714111328 
6, -1.2776107788085938, 0.02236771583557129, 0.009216547012329102, 0.011420726776123047 
7, -1.3581819534301758, 0.021993398666381836, 0.00899052619934082, 0.011315107345581055 
8, -1.4378423690795898, 0.022576332092285156, 0.009285926818847656, 0.011450052261352539 
9, -1.5166006088256836, 0.02255988121032715, 0.009080886840820312, 0.011678934097290039 
10, -1.5944609642028809, 0.022574424743652344, 0.009383440017700195, 0.011472463607788086 
11, -1.6714348793029785, 0.022599220275878906, 0.009309530258178711, 0.011565923690795898 
12, -1.7475297451019287, 0.022708415985107422, 0.009236335754394531, 0.011649131774902344 
13, -1.822749137878418, 0.02261495590209961, 0.009421110153198242, 0.011496543884277344 
14, -1.8971140384674072, 0.02249002456665039, 0.00913238525390625, 0.011536598205566406 
15, -1.9706244468688965, 0.022401094436645508, 0.009195327758789062, 0.011408805847167969 
16, -2.043292284011841, 0.022407054901123047, 0.009207487106323242, 0.011414289474487305 
17, -2.1151325702667236, 0.02266669273376465, 0.009257793426513672, 0.011509895324707031 
18, -2.1861538887023926, 0.022881746292114258, 0.00927114486694336, 0.011653661727905273 
19, -2.256366014480591, 0.022893667221069336, 0.009392261505126953, 0.011646509170532227 
20, -2.325779914855957, 0.022571563720703125, 0.009366273880004883, 0.011464357376098633 
21, -2.394404172897339, 0.02245640754699707, 0.009273529052734375, 0.011456727981567383 
22, -2.462252140045166, 0.022307872772216797, 0.009124040603637695, 0.011511087417602539 
23, -2.529330253601074, 0.022345781326293945, 0.009022951126098633, 0.011535406112670898 
24, -2.595648765563965, 0.022464752197265625, 0.009231805801391602, 0.011485815048217773 
25, -2.6612157821655273, 0.022754430770874023, 0.00921630859375, 0.011652946472167969 
26, -2.7260375022888184, 0.02297043800354004, 0.009454965591430664, 0.011691570281982422 
27, -2.790128469467163, 0.022632837295532227, 0.00932621955871582, 0.01159214973449707 
28, -2.8534865379333496, 0.022549867630004883, 0.009134054183959961, 0.011601686477661133 
29, -2.916121006011963, 0.02275395393371582, 0.009436607360839844, 0.011554479598999023 
30, -2.9780378341674805, 0.02234649658203125, 0.009154796600341797, 0.011479854583740234 
31, -3.0392448902130127, 0.022289276123046875, 0.009258747100830078, 0.011348724365234375 
32, -3.099747657775879, 0.022154808044433594, 0.0091094970703125, 0.011391639709472656 
33, -3.159548044204712, 0.022539138793945312, 0.009296178817749023, 0.011503934860229492 
34, -3.218648910522461, 0.021976947784423828, 0.009114742279052734, 0.011196613311767578 
35, -3.277061939239502, 0.022306442260742188, 0.009093523025512695, 0.011429071426391602 
36, -3.3347878456115723, 0.022123098373413086, 0.009162187576293945, 0.011239290237426758 
37, -3.391828775405884, 0.02266383171081543, 0.009119033813476562, 0.01170206069946289 
38, -3.4481894969940186, 0.02253270149230957, 0.009268760681152344, 0.011400938034057617 
39, -3.5038719177246094, 0.022543668746948242, 0.009217262268066406, 0.011400222778320312 
40, -3.5588831901550293, 0.022537708282470703, 0.009276390075683594, 0.011504173278808594 
41, -3.613223075866699, 0.02244400978088379, 0.009331226348876953, 0.01144552230834961 
42, -3.666897773742676, 0.022318124771118164, 0.00921630859375, 0.011451482772827148 
43, -3.719909191131592, 0.022076129913330078, 0.009011983871459961, 0.011321783065795898 
44, -3.7722582817077637, 0.02214217185974121, 0.009142637252807617, 0.011322498321533203 
45, -3.8239498138427734, 0.022418975830078125, 0.009164571762084961, 0.011516094207763672 
46, -3.874985694885254, 0.022484302520751953, 0.009223461151123047, 0.011476993560791016 
47, -3.9253714084625244, 0.02259516716003418, 0.009152650833129883, 0.011699199676513672 
48, -3.9751076698303223, 0.022621870040893555, 0.009177923202514648, 0.011567115783691406 
49, -4.024195671081543, 0.022561073303222656, 0.009421586990356445, 0.011413812637329102 
50, -4.072640895843506, 0.022269010543823242, 0.009085893630981445, 0.011485099792480469 
51, -4.120444297790527, 0.022237539291381836, 0.00906682014465332, 0.011511802673339844 
52, -4.167613983154297, 0.02218770980834961, 0.009061813354492188, 0.011398553848266602 
53, -4.214146614074707, 0.02264261245727539, 0.009187459945678711, 0.011708736419677734 
54, -4.260046482086182, 0.02273702621459961, 0.00944972038269043, 0.011518478393554688 
55, -4.305318355560303, 0.022806406021118164, 0.009349584579467773, 0.011612653732299805 
56, -4.349964141845703, 0.022589921951293945, 0.009282588958740234, 0.011465311050415039 
57, -4.393987655639648, 0.022882938385009766, 0.009408712387084961, 0.011680841445922852 
58, -4.437394142150879, 0.022443056106567383, 0.009278535842895508, 0.011464357376098633 
59, -4.4801859855651855, 0.022455215454101562, 0.009215354919433594, 0.011419057846069336 
60, -4.522364616394043, 0.02256035804748535, 0.009353160858154297, 0.01155233383178711 
61, -4.563935279846191, 0.02233433723449707, 0.009286165237426758, 0.011380434036254883 
62, -4.60490083694458, 0.0221712589263916, 0.009135723114013672, 0.011358261108398438 
63, -4.645264625549316, 0.022269248962402344, 0.009110450744628906, 0.011384010314941406 
64, -4.685031890869141, 0.022592544555664062, 0.009356975555419922, 0.011509895324707031 
65, -4.724205017089844, 0.02243494987487793, 0.00910496711730957, 0.011614084243774414 
66, -4.762792587280273, 0.022377967834472656, 0.00912618637084961, 0.011425495147705078 
67, -4.800792694091797, 0.02240610122680664, 0.009175777435302734, 0.011397838592529297 
68, -4.838212966918945, 0.02256917953491211, 0.009079456329345703, 0.01171731948852539 
69, -4.875053882598877, 0.022373676300048828, 0.009241342544555664, 0.011406898498535156 
70, -4.911320686340332, 0.02257061004638672, 0.009397745132446289, 0.011518239974975586 
71, -4.947018623352051, 0.021999597549438477, 0.009019136428833008, 0.011372089385986328 
72, -4.982150554656982, 0.021918058395385742, 0.008965015411376953, 0.01126551628112793 
73, -5.016720771789551, 0.022207021713256836, 0.009128332138061523, 0.01135873794555664 
74, -5.050734519958496, 0.022122859954833984, 0.009082794189453125, 0.011414527893066406 
75, -5.084194183349609, 0.022046804428100586, 0.009054899215698242, 0.011318683624267578 
76, -5.117105484008789, 0.022087812423706055, 0.009038448333740234, 0.011274337768554688 
77, -5.149472713470459, 0.022378921508789062, 0.009247541427612305, 0.011382102966308594 
78, -5.181297302246094, 0.021938323974609375, 0.00903773307800293, 0.011278867721557617 
79, -5.212587356567383, 0.02203202247619629, 0.00902247428894043, 0.011214017868041992 
80, -5.243344306945801, 0.022328853607177734, 0.009248495101928711, 0.01140141487121582 
81, -5.2735748291015625, 0.022460460662841797, 0.009113788604736328, 0.01157379150390625 
82, -5.303281784057617, 0.022572994232177734, 0.009341001510620117, 0.011574029922485352 
83, -5.332470893859863, 0.022473812103271484, 0.009142875671386719, 0.011609554290771484 
84, -5.361142635345459, 0.02265787124633789, 0.00922703742980957, 0.011629581451416016 
85, -5.389307498931885, 0.022757291793823242, 0.009299039840698242, 0.011738061904907227 
86, -5.416964054107666, 0.022461414337158203, 0.00922536849975586, 0.011388301849365234 
87, -5.444118499755859, 0.022473812103271484, 0.009341716766357422, 0.01145029067993164 
88, -5.47077751159668, 0.022292613983154297, 0.009055614471435547, 0.011455535888671875 
89, -5.496941089630127, 0.022462844848632812, 0.009215593338012695, 0.01157069206237793 
90, -5.522618293762207, 0.022061586380004883, 0.009150028228759766, 0.011242151260375977 
91, -5.547808647155762, 0.02194690704345703, 0.008975982666015625, 0.011341094970703125 
92, -5.5725202560424805, 0.022059917449951172, 0.00902104377746582, 0.011379003524780273 
93, -5.596757888793945, 0.02214503288269043, 0.00894784927368164, 0.011424779891967773 
94, -5.620527267456055, 0.022790193557739258, 0.009496212005615234, 0.01154184341430664 
95, -5.643826484680176, 0.02232193946838379, 0.009076118469238281, 0.011554241180419922 
96, -5.6666669845581055, 0.022459983825683594, 0.009207010269165039, 0.011542081832885742 
97, -5.689051628112793, 0.022775650024414062, 0.009302139282226562, 0.011596918106079102 
98, -5.710982799530029, 0.02305459976196289, 0.009294986724853516, 0.011766910552978516 
99, -5.732466697692871, 0.022840499877929688, 0.009447336196899414, 0.011648416519165039 
100, -5.753509521484375, 0.02271747589111328, 0.009382247924804688, 0.011527299880981445 
101, -5.774112224578857, 0.02237844467163086, 0.00924539566040039, 0.011446237564086914 
102, -5.794283866882324, 0.02240157127380371, 0.009141921997070312, 0.011533975601196289 
103, -5.814027786254883, 0.022216081619262695, 0.009103775024414062, 0.011409521102905273 
104, -5.833351135253906, 0.02228832244873047, 0.009132146835327148, 0.011424541473388672 
105, -5.852255821228027, 0.02250504493713379, 0.009098052978515625, 0.011664390563964844 
106, -5.870745658874512, 0.022275209426879883, 0.009179830551147461, 0.011436700820922852 
107, -5.888830661773682, 0.02236485481262207, 0.009126901626586914, 0.011440753936767578 
108, -5.9065117835998535, 0.022280454635620117, 0.009163379669189453, 0.011342525482177734 
109, -5.9237961769104, 0.02252674102783203, 0.009296894073486328, 0.011461257934570312 
110, -5.940686225891113, 0.02276754379272461, 0.00944662094116211, 0.011597633361816406 
111, -5.9571943283081055, 0.022371530532836914, 0.009167671203613281, 0.01146841049194336 
112, -5.973320007324219, 0.022553682327270508, 0.009229183197021484, 0.011554479598999023 
113, -5.989068984985352, 0.023282766342163086, 0.009475469589233398, 0.012002944946289062 
114, -6.004450798034668, 0.022925138473510742, 0.009506940841674805, 0.011697530746459961 
115, -6.019468307495117, 0.02272772789001465, 0.00923919677734375, 0.011679887771606445 
116, -6.034131050109863, 0.022400856018066406, 0.00916433334350586, 0.01150059700012207 
117, -6.048435211181641, 0.02297806739807129, 0.00939035415649414, 0.011751174926757812 
118, -6.0623979568481445, 0.02271437644958496, 0.009331941604614258, 0.011690378189086914 
119, -6.076020240783691, 0.02249288558959961, 0.009212970733642578, 0.011526346206665039 
120, -6.089308261871338, 0.02264094352722168, 0.009165287017822266, 0.011790037155151367 
121, -6.102269649505615, 0.022529125213623047, 0.009336471557617188, 0.011423349380493164 
122, -6.114908695220947, 0.022902727127075195, 0.009440422058105469, 0.011712074279785156 
123, -6.127233505249023, 0.022569894790649414, 0.009224653244018555, 0.01163792610168457 
124, -6.139249801635742, 0.022727012634277344, 0.009132146835327148, 0.011774301528930664 
125, -6.150962829589844, 0.02306056022644043, 0.009394407272338867, 0.01181173324584961 
126, -6.162380695343018, 0.02291274070739746, 0.009411811828613281, 0.011652708053588867 
127, -6.173512935638428, 0.02285933494567871, 0.009296894073486328, 0.011804580688476562 
128, -6.184364318847656, 0.023369789123535156, 0.009639978408813477, 0.011875629425048828 
129, -6.1949357986450195, 0.02337360382080078, 0.00959324836730957, 0.01191258430480957 
130, -6.205243110656738, 0.023469209671020508, 0.009572505950927734, 0.012084007263183594 
131, -6.2152862548828125, 0.023331165313720703, 0.009524822235107422, 0.011990785598754883 
132, -6.2250752449035645, 0.02327442169189453, 0.009623289108276367, 0.011866092681884766 
133, -6.234611988067627, 0.02359771728515625, 0.009554862976074219, 0.012108564376831055 
134, -6.243910789489746, 0.02351975440979004, 0.009697675704956055, 0.012000322341918945 
135, -6.252969264984131, 0.023396015167236328, 0.009592294692993164, 0.011946678161621094 
136, -6.261800765991211, 0.02305436134338379, 0.00951528549194336, 0.011730432510375977 
137, -6.270409107208252, 0.02315545082092285, 0.009415149688720703, 0.011866569519042969 
138, -6.278799533843994, 0.023369550704956055, 0.009581327438354492, 0.01192164421081543 
139, -6.286979675292969, 0.023691177368164062, 0.009686708450317383, 0.012108325958251953 
140, -6.294952869415283, 0.02370166778564453, 0.00963449478149414, 0.012112855911254883 
141, -6.302730083465576, 0.023450613021850586, 0.009705066680908203, 0.011995315551757812 
142, -6.310308933258057, 0.023595094680786133, 0.009675979614257812, 0.012090682983398438 
143, -6.3177008628845215, 0.023433208465576172, 0.009678363800048828, 0.011926889419555664 
144, -6.32490873336792, 0.02362656593322754, 0.009668588638305664, 0.012138843536376953 
145, -6.331939220428467, 0.023611068725585938, 0.00966644287109375, 0.01216578483581543 
146, -6.3387956619262695, 0.02345442771911621, 0.009663105010986328, 0.011980533599853516 
147, -6.345479488372803, 0.023311138153076172, 0.009584665298461914, 0.011932849884033203 
148, -6.352001667022705, 0.023511171340942383, 0.00968027114868164, 0.011973142623901367 
149, -6.358359336853027, 0.023507356643676758, 0.009653091430664062, 0.01209568977355957 
150, -6.364561080932617, 0.02300119400024414, 0.009371757507324219, 0.011715888977050781 
151, -6.370612621307373, 0.023184776306152344, 0.009562969207763672, 0.011860847473144531 
152, -6.376509666442871, 0.023096323013305664, 0.009502887725830078, 0.011777639389038086 
153, -6.382259845733643, 0.023422956466674805, 0.009571313858032227, 0.01202845573425293 
154, -6.387868404388428, 0.02376723289489746, 0.00978231430053711, 0.012117147445678711 
155, -6.393334865570068, 0.023260831832885742, 0.00963139533996582, 0.011774778366088867 
156, -6.398665904998779, 0.023227453231811523, 0.009546756744384766, 0.011842727661132812 
157, -6.403861045837402, 0.023122787475585938, 0.009433746337890625, 0.011793851852416992 
158, -6.408926486968994, 0.023372411727905273, 0.009531259536743164, 0.01200413703918457 
159, -6.4138617515563965, 0.02376270294189453, 0.00964665412902832, 0.01216268539428711 
160, -6.418668746948242, 0.023880481719970703, 0.009835958480834961, 0.012144088745117188 
161, -6.423352241516113, 0.023479461669921875, 0.009645462036132812, 0.011965513229370117 
162, -6.427916049957275, 0.023404359817504883, 0.009684562683105469, 0.011879920959472656 
163, -6.4323577880859375, 0.023561716079711914, 0.00971078872680664, 0.011980772018432617 
164, -6.436682224273682, 0.023557186126708984, 0.009663105010986328, 0.011970043182373047 
165, -6.440891742706299, 0.023752689361572266, 0.009732484817504883, 0.01211404800415039 
166, -6.444986820220947, 0.0234527587890625, 0.009649038314819336, 0.011923789978027344 
167, -6.448975086212158, 0.023426532745361328, 0.009732246398925781, 0.011824607849121094 
168, -6.452852249145508, 0.023697853088378906, 0.009700298309326172, 0.012052774429321289 
169, -6.456622123718262, 0.023487091064453125, 0.00978398323059082, 0.01183176040649414 
170, -6.460289001464844, 0.023172855377197266, 0.009414196014404297, 0.011913537979125977 
171, -6.463852882385254, 0.022871971130371094, 0.009482860565185547, 0.011675357818603516 
172, -6.467316150665283, 0.022821903228759766, 0.009301424026489258, 0.011768579483032227 
173, -6.470681667327881, 0.02295660972595215, 0.009378194808959961, 0.011725664138793945 
174, -6.47395133972168, 0.02233290672302246, 0.009375810623168945, 0.011268138885498047 
175, -6.477128982543945, 0.022334814071655273, 0.009172677993774414, 0.01144099235534668 
176, -6.480214595794678, 0.021858692169189453, 0.008987665176391602, 0.01121830940246582 
177, -6.483214855194092, 0.02262425422668457, 0.00917673110961914, 0.011616706848144531 
178, -6.486123085021973, 0.022252798080444336, 0.009052038192749023, 0.01149606704711914 
179, -6.488946914672852, 0.022197723388671875, 0.009014606475830078, 0.011471271514892578 
180, -6.491686820983887, 0.02260112762451172, 0.009211301803588867, 0.011645793914794922 
181, -6.494346618652344, 0.022335529327392578, 0.009159088134765625, 0.011303901672363281 
182, -6.496925354003906, 0.022282123565673828, 0.00923466682434082, 0.011370658874511719 
183, -6.4994282722473145, 0.02217555046081543, 0.00906825065612793, 0.01140141487121582 
184, -6.501855850219727, 0.022331953048706055, 0.009219884872436523, 0.01141810417175293 
185, -6.504210948944092, 0.022148609161376953, 0.009119987487792969, 0.011363029479980469 
186, -6.50649356842041, 0.022330284118652344, 0.0091552734375, 0.011483907699584961 
187, -6.508707523345947, 0.022186756134033203, 0.00906062126159668, 0.011446952819824219 
188, -6.510854244232178, 0.022571086883544922, 0.00907278060913086, 0.011647701263427734 
189, -6.512934684753418, 0.022345542907714844, 0.009186029434204102, 0.011470556259155273 
190, -6.514954090118408, 0.02265644073486328, 0.00922703742980957, 0.011570930480957031 
191, -6.516909599304199, 0.022705793380737305, 0.009293317794799805, 0.011578083038330078 
192, -6.518806457519531, 0.022401809692382812, 0.009265422821044922, 0.011444807052612305 
193, -6.520645618438721, 0.02311110496520996, 0.009358644485473633, 0.011972188949584961 
194, -6.522428035736084, 0.02298283576965332, 0.009537458419799805, 0.01162576675415039 
195, -6.5241570472717285, 0.02279949188232422, 0.009373664855957031, 0.01166844367980957 
196, -6.525833606719971, 0.02267146110534668, 0.009266853332519531, 0.011660337448120117 
197, -6.527459621429443, 0.023271560668945312, 0.009520530700683594, 0.01188206672668457 
198, -6.529033184051514, 0.023038148880004883, 0.009390592575073242, 0.011810779571533203 
199, -6.5305609703063965, 0.022765159606933594, 0.009305953979492188, 0.011679887771606445 
200, -6.532042503356934, 0.023110628128051758, 0.009361982345581055, 0.011816740036010742 
201, -6.533476829528809, 0.023203611373901367, 0.00964212417602539, 0.011746406555175781 
202, -6.534867763519287, 0.02245616912841797, 0.00926065444946289, 0.011553287506103516 
203, -6.536217212677002, 0.022494792938232422, 0.009201765060424805, 0.011573314666748047 
204, -6.537524700164795, 0.022560834884643555, 0.009220123291015625, 0.011647462844848633 
205, -6.538791656494141, 0.022746562957763672, 0.009374856948852539, 0.011636734008789062 
206, -6.5400214195251465, 0.022758007049560547, 0.009236574172973633, 0.011815547943115234 
207, -6.541212558746338, 0.022488832473754883, 0.00911569595336914, 0.011537551879882812 
208, -6.542369365692139, 0.023623943328857422, 0.009729623794555664, 0.012002706527709961 
209, -6.543488502502441, 0.023326635360717773, 0.009548664093017578, 0.011882781982421875 
210, -6.5445780754089355, 0.02325439453125, 0.00950479507446289, 0.01189279556274414 
211, -6.545632839202881, 0.023659706115722656, 0.009793281555175781, 0.011995315551757812 
212, -6.546657085418701, 0.023168325424194336, 0.009565353393554688, 0.011835813522338867 
213, -6.547651767730713, 0.023447751998901367, 0.009504079818725586, 0.012129068374633789 
214, -6.5486159324646, 0.02376246452331543, 0.009689569473266602, 0.012146949768066406 
215, -6.549553871154785, 0.023543596267700195, 0.009785175323486328, 0.011965274810791016 
216, -6.550463676452637, 0.02318120002746582, 0.009469270706176758, 0.011896371841430664 
217, -6.551349639892578, 0.02293229103088379, 0.009369850158691406, 0.011801958084106445 
218, -6.552209854125977, 0.022906064987182617, 0.009306907653808594, 0.011669158935546875 
219, -6.553042888641357, 0.0234682559967041, 0.009636163711547852, 0.012038946151733398 
220, -6.553853988647461, 0.023674726486206055, 0.009630680084228516, 0.012145757675170898 
221, -6.5546441078186035, 0.023616552352905273, 0.009802818298339844, 0.012113094329833984 
222, -6.555410385131836, 0.023365497589111328, 0.009634256362915039, 0.011948347091674805 
223, -6.55615758895874, 0.023491382598876953, 0.00964665412902832, 0.011967658996582031 
224, -6.556884288787842, 0.023709535598754883, 0.009717702865600586, 0.012086868286132812 
225, -6.557589054107666, 0.023889780044555664, 0.009774208068847656, 0.01217031478881836 
226, -6.558277130126953, 0.023655176162719727, 0.009763717651367188, 0.012030363082885742 
227, -6.558945655822754, 0.02370476722717285, 0.009715080261230469, 0.01208043098449707 
228, -6.559595108032227, 0.023768901824951172, 0.009795904159545898, 0.012072563171386719 
229, -6.560230731964111, 0.023725032806396484, 0.00974130630493164, 0.012029647827148438 
230, -6.560848236083984, 0.023406505584716797, 0.00958395004272461, 0.011950254440307617 
231, -6.561448097229004, 0.0229642391204834, 0.009360313415527344, 0.011814355850219727 
232, -6.562032699584961, 0.023111820220947266, 0.009411096572875977, 0.011915445327758789 
233, -6.562601089477539, 0.023708343505859375, 0.009778738021850586, 0.012104988098144531 
234, -6.5631608963012695, 0.02382183074951172, 0.00979924201965332, 0.012271642684936523 
235, -6.5637006759643555, 0.02330470085144043, 0.00960397720336914, 0.01181936264038086 
236, -6.564228534698486, 0.023651123046875, 0.009680509567260742, 0.0120849609375 
237, -6.564743518829346, 0.023476123809814453, 0.009594202041625977, 0.012022972106933594 
238, -6.565244674682617, 0.023735761642456055, 0.00965428352355957, 0.012145042419433594 
239, -6.565732955932617, 0.02396392822265625, 0.00975346565246582, 0.012232065200805664 
240, -6.566208362579346, 0.02384328842163086, 0.009773015975952148, 0.012146949768066406 
241, -6.566671371459961, 0.0236203670501709, 0.009714126586914062, 0.012055397033691406 
242, -6.567122459411621, 0.023822784423828125, 0.009612798690795898, 0.012335538864135742 
243, -6.567565441131592, 0.023763656616210938, 0.009723901748657227, 0.01216268539428711 
244, -6.567994117736816, 0.02364206314086914, 0.009664773941040039, 0.01209259033203125 
245, -6.568411350250244, 0.02381587028503418, 0.009604215621948242, 0.012218952178955078 
246, -6.568819046020508, 0.02382683753967285, 0.009766340255737305, 0.012155532836914062 
247, -6.569213390350342, 0.02382063865661621, 0.009662151336669922, 0.012228250503540039 
248, -6.5696001052856445, 0.02384161949157715, 0.009603738784790039, 0.01227259635925293 
249, -6.569975852966309, 0.0233762264251709, 0.00970911979675293, 0.011908292770385742 
250, -6.570341110229492, 0.023224592208862305, 0.0096435546875, 0.011826038360595703 
251, -6.570695400238037, 0.023144006729125977, 0.009455442428588867, 0.011792182922363281 
252, -6.571042060852051, 0.023511171340942383, 0.009713411331176758, 0.011921167373657227 
253, -6.571378707885742, 0.02303481101989746, 0.009653806686401367, 0.011664152145385742 
254, -6.571706771850586, 0.02287745475769043, 0.009278059005737305, 0.011820793151855469 
255, -6.572024345397949, 0.022594690322875977, 0.009272575378417969, 0.011492013931274414 
256, -6.572329998016357, 0.02298116683959961, 0.009472131729125977, 0.011684179306030273 
257, -6.572629451751709, 0.0227968692779541, 0.009178876876831055, 0.011722087860107422 
258, -6.5729217529296875, 0.022737979888916016, 0.009351968765258789, 0.011571645736694336 
259, -6.573205471038818, 0.022568464279174805, 0.009367227554321289, 0.01150965690612793 
260, -6.573480606079102, 0.022643566131591797, 0.00909280776977539, 0.01176762580871582 
261, -6.573744773864746, 0.02274322509765625, 0.009394407272338867, 0.011497974395751953 
262, -6.574003219604492, 0.022774934768676758, 0.009473085403442383, 0.011508464813232422 
263, -6.574254035949707, 0.022668838500976562, 0.009276866912841797, 0.011577606201171875 
264, -6.574493885040283, 0.0224153995513916, 0.009416341781616211, 0.011301755905151367 
265, -6.574727535247803, 0.022546052932739258, 0.00932931900024414, 0.011514663696289062 
266, -6.574955463409424, 0.02274632453918457, 0.009147882461547852, 0.011694669723510742 
267, -6.575174808502197, 0.023047208786010742, 0.009618759155273438, 0.011626005172729492 
268, -6.575385570526123, 0.02257847785949707, 0.009175300598144531, 0.011682748794555664 
269, -6.575589179992676, 0.02264714241027832, 0.009179353713989258, 0.011644124984741211 
270, -6.57578706741333, 0.02297353744506836, 0.009466409683227539, 0.011740446090698242 
271, -6.575977325439453, 0.02264237403869629, 0.009223699569702148, 0.011609792709350586 
272, -6.576159954071045, 0.022542476654052734, 0.009414196014404297, 0.011337757110595703 
273, -6.57633638381958, 0.022413015365600586, 0.009210824966430664, 0.011476755142211914 
274, -6.576504230499268, 0.022844314575195312, 0.009447336196899414, 0.01171112060546875 
275, -6.576668739318848, 0.022141218185424805, 0.009174346923828125, 0.011314868927001953 
276, -6.576824188232422, 0.02271747589111328, 0.00918722152709961, 0.011649131774902344 
277, -6.576971054077148, 0.022878170013427734, 0.009586811065673828, 0.01156759262084961 
278, -6.577115535736084, 0.022881031036376953, 0.009267330169677734, 0.011707067489624023 
279, -6.577253341674805, 0.022937774658203125, 0.00944662094116211, 0.011637449264526367 
280, -6.577385902404785, 0.02286505699157715, 0.009399890899658203, 0.011723041534423828 
281, -6.577513217926025, 0.022762537002563477, 0.009202241897583008, 0.011785030364990234 
282, -6.577635288238525, 0.022825241088867188, 0.009524822235107422, 0.011586904525756836 
283, -6.577747344970703, 0.02274322509765625, 0.009317159652709961, 0.011754989624023438 
284, -6.577856540679932, 0.022629976272583008, 0.009327173233032227, 0.011607646942138672 
285, -6.57796049118042, 0.022525787353515625, 0.009201288223266602, 0.0115509033203125 
286, -6.578058242797852, 0.02283334732055664, 0.00945901870727539, 0.011687755584716797 
287, -6.578150749206543, 0.022655248641967773, 0.00929403305053711, 0.011606931686401367 
288, -6.578240871429443, 0.022680044174194336, 0.0091552734375, 0.011661291122436523 
289, -6.578320503234863, 0.0227203369140625, 0.009370803833007812, 0.011549711227416992 
290, -6.578397274017334, 0.022721529006958008, 0.009298563003540039, 0.011632680892944336 
291, -6.57846736907959, 0.023374319076538086, 0.009599685668945312, 0.011891603469848633 
292, -6.578534126281738, 0.022919654846191406, 0.009421110153198242, 0.011678695678710938 
293, -6.578591823577881, 0.02237415313720703, 0.009153366088867188, 0.01153421401977539 
294, -6.578653812408447, 0.022868633270263672, 0.009313106536865234, 0.011826753616333008 
295, -6.578708648681641, 0.022560834884643555, 0.009236574172973633, 0.01151132583618164 
296, -6.578760147094727, 0.022455215454101562, 0.009298563003540039, 0.011456966400146484 
297, -6.5787858963012695, 0.022356033325195312, 0.009162664413452148, 0.011476755142211914 
298, -6.5788350105285645, 0.023020505905151367, 0.009262800216674805, 0.011925220489501953 
299, -6.578868865966797, 0.02249598503112793, 0.00923776626586914, 0.011444330215454102 
300, -6.578899383544922, 0.02235865592956543, 0.009328603744506836, 0.011365175247192383 
301, -6.578919410705566, 0.022203445434570312, 0.008997678756713867, 0.01141357421875 
302, -6.5789289474487305, 0.022119522094726562, 0.009007692337036133, 0.011300086975097656 
303, -6.578967094421387, 0.022614002227783203, 0.009417057037353516, 0.011545896530151367 
304, -6.578975200653076, 0.022634029388427734, 0.009103775024414062, 0.011781692504882812 
305, -6.578988075256348, 0.022823095321655273, 0.009370565414428711, 0.011673927307128906 
306, -6.578990936279297, 0.022875070571899414, 0.009317874908447266, 0.01178288459777832 
307, -6.578991413116455, 0.022578954696655273, 0.009088516235351562, 0.011654853820800781 
308, -6.578985214233398, 0.022846698760986328, 0.009302854537963867, 0.011803627014160156 
309, -6.5789875984191895, 0.02243351936340332, 0.00918436050415039, 0.011478185653686523 
310, -6.578987121582031, 0.022933006286621094, 0.009326696395874023, 0.011715173721313477 
311, -6.578986167907715, 0.02264881134033203, 0.009413480758666992, 0.011415481567382812 
312, -6.578991889953613, 0.022617578506469727, 0.009284257888793945, 0.011615276336669922 
313, -6.5789794921875, 0.022170305252075195, 0.009145975112915039, 0.011356592178344727 
314, -6.578976154327393, 0.022858381271362305, 0.009124755859375, 0.011960268020629883 
315, -6.578980922698975, 0.022701740264892578, 0.009199857711791992, 0.0117034912109375 
316, -6.578967094421387, 0.022667646408081055, 0.009257078170776367, 0.011481761932373047 
317, -6.578956604003906, 0.022847414016723633, 0.00952005386352539, 0.011600732803344727 
318, -6.57896614074707, 0.022785186767578125, 0.009248495101928711, 0.011667966842651367 
319, -6.578969955444336, 0.022733211517333984, 0.009343862533569336, 0.011578559875488281 
320, -6.578970432281494, 0.022745370864868164, 0.009342432022094727, 0.011673450469970703 
321, -6.578970432281494, 0.022401094436645508, 0.009115457534790039, 0.011610269546508789 
322, -6.578976154327393, 0.022923946380615234, 0.009275436401367188, 0.01173543930053711 
323, -6.57899284362793, 0.022714853286743164, 0.009514331817626953, 0.011502504348754883 
324, -6.578988075256348, 0.022170305252075195, 0.009173870086669922, 0.011324167251586914 
325, -6.578983783721924, 0.02235102653503418, 0.00908803939819336, 0.011441230773925781 
326, -6.578984260559082, 0.02236318588256836, 0.009276866912841797, 0.01144719123840332 
327, -6.5789794921875, 0.02263331413269043, 0.009016752243041992, 0.011786937713623047 
328, -6.578981399536133, 0.0228121280670166, 0.009367227554321289, 0.011733293533325195 
329, -6.578983306884766, 0.022328615188598633, 0.009137630462646484, 0.011398553848266602 
330, -6.578990936279297, 0.022798538208007812, 0.009245872497558594, 0.011649370193481445 
331, -6.5789923667907715, 0.022661447525024414, 0.009485960006713867, 0.011408567428588867 
332, -6.578979969024658, 0.02257370948791504, 0.009243249893188477, 0.01160573959350586 
333, -6.5789923667907715, 0.022767066955566406, 0.009398937225341797, 0.01166987419128418 
334, -6.578991413116455, 0.02258753776550293, 0.00908350944519043, 0.011664390563964844 
335, -6.57898473739624, 0.02278614044189453, 0.009482860565185547, 0.011651039123535156 
336, -6.578990459442139, 0.022686243057250977, 0.009150505065917969, 0.01165008544921875 
337, -6.57898473739624, 0.02240300178527832, 0.009321451187133789, 0.01132822036743164 
338, -6.578989028930664, 0.022474050521850586, 0.009236812591552734, 0.011499643325805664 
339, -6.578996181488037, 0.022394657135009766, 0.00907588005065918, 0.011523246765136719 
340, -6.578996658325195, 0.023116111755371094, 0.00945425033569336, 0.011780738830566406 
341, -6.578989505767822, 0.022358179092407227, 0.009175777435302734, 0.011507034301757812 
342, -6.578988075256348, 0.022303342819213867, 0.009164094924926758, 0.01144099235534668 
343, -6.578988552093506, 0.02303791046142578, 0.009306669235229492, 0.011880636215209961 
344, -6.578990459442139, 0.022327184677124023, 0.009125947952270508, 0.011444568634033203 
345, -6.578988075256348, 0.02266097068786621, 0.009449481964111328, 0.011556148529052734 
346, -6.57899284362793, 0.022458553314208984, 0.009150266647338867, 0.011521339416503906 
347, -6.578997611999512, 0.022951841354370117, 0.009271860122680664, 0.011887073516845703 
348, -6.578991889953613, 0.0227353572845459, 0.00937962532043457, 0.01162266731262207 
349, -6.57899808883667, 0.022270917892456055, 0.009010553359985352, 0.011426925659179688 
350, -6.57899808883667, 0.022513151168823242, 0.00922393798828125, 0.011449575424194336 
351, -6.578996658325195, 0.022131919860839844, 0.009073019027709961, 0.011285066604614258 
352, -6.579000473022461, 0.022962093353271484, 0.009510517120361328, 0.011645793914794922 
353, -6.578995227813721, 0.022519826889038086, 0.009253263473510742, 0.011423110961914062 
354, -6.578993797302246, 0.022485017776489258, 0.009221792221069336, 0.011551141738891602 
355, -6.578993797302246, 0.02268528938293457, 0.009289264678955078, 0.011691093444824219 
356, -6.578990936279297, 0.022724390029907227, 0.00914764404296875, 0.011797428131103516 
357, -6.5789899826049805, 0.022272348403930664, 0.009241580963134766, 0.011350631713867188 
358, -6.578991889953613, 0.022039175033569336, 0.008990287780761719, 0.011370182037353516 
359, -6.578991889953613, 0.022691726684570312, 0.009184122085571289, 0.011611223220825195 
360, -6.5789995193481445, 0.02246856689453125, 0.00926971435546875, 0.011362314224243164 
361, -6.5789995193481445, 0.02294778823852539, 0.009454011917114258, 0.011658191680908203 
362, -6.57899808883667, 0.022475004196166992, 0.009146690368652344, 0.011478185653686523 
363, -6.5789971351623535, 0.02266716957092285, 0.009331464767456055, 0.01142573356628418 
364, -6.579000473022461, 0.02281951904296875, 0.009223222732543945, 0.011803865432739258 
365, -6.579000949859619, 0.022641897201538086, 0.009341716766357422, 0.01154947280883789 
366, -6.578996658325195, 0.022727251052856445, 0.009386539459228516, 0.011622190475463867 
367, -6.579002380371094, 0.022612571716308594, 0.009166479110717773, 0.0115966796875 
368, -6.578981876373291, 0.022783756256103516, 0.009498834609985352, 0.011578083038330078 
369, -6.578970909118652, 0.02251601219177246, 0.009254932403564453, 0.011543035507202148 
370, -6.57898473739624, 0.0223386287689209, 0.009194374084472656, 0.011448383331298828 
371, -6.578980922698975, 0.022497177124023438, 0.009070158004760742, 0.01165151596069336 
372, -6.578982353210449, 0.022626638412475586, 0.009450912475585938, 0.011454343795776367 
373, -6.578999042510986, 0.022702455520629883, 0.00937795639038086, 0.011490821838378906 
374, -6.579000473022461, 0.022489309310913086, 0.009109973907470703, 0.011575460433959961 
375, -6.57899808883667, 0.022487878799438477, 0.00928497314453125, 0.011493921279907227 
376, -6.579001426696777, 0.023845911026000977, 0.010048389434814453, 0.012019157409667969 
377, -6.57900333404541, 0.022650957107543945, 0.0092315673828125, 0.011589288711547852 
378, -6.579002857208252, 0.02254462242126465, 0.009327411651611328, 0.011561870574951172 
379, -6.579001426696777, 0.02292919158935547, 0.009248733520507812, 0.011900901794433594 
380, -6.579003810882568, 0.022547006607055664, 0.009156227111816406, 0.011509895324707031 
381, -6.579004287719727, 0.02260446548461914, 0.00935673713684082, 0.011590957641601562 
382, -6.579002380371094, 0.022338151931762695, 0.009247541427612305, 0.011271238327026367 
383, -6.579005241394043, 0.022961854934692383, 0.009361743927001953, 0.011698246002197266 
384, -6.5790019035339355, 0.022815465927124023, 0.009535074234008789, 0.011633872985839844 
385, -6.579006195068359, 0.022221803665161133, 0.009141206741333008, 0.011415243148803711 
386, -6.579003810882568, 0.02223062515258789, 0.009094476699829102, 0.011400938034057617 
387, -6.578999042510986, 0.022427797317504883, 0.00921940803527832, 0.011551141738891602 
388, -6.578993320465088, 0.022576332092285156, 0.00912165641784668, 0.011682987213134766 
389, -6.578995704650879, 0.022883892059326172, 0.009402751922607422, 0.011713981628417969 
390, -6.578995227813721, 0.02263617515563965, 0.009363412857055664, 0.011469125747680664 
391, -6.578993797302246, 0.022766590118408203, 0.009323596954345703, 0.011553764343261719 
392, -6.578996181488037, 0.0231015682220459, 0.009582281112670898, 0.011632204055786133 
393, -6.578996181488037, 0.022950172424316406, 0.009481430053710938, 0.011674165725708008 
394, -6.578994274139404, 0.022566795349121094, 0.009196758270263672, 0.011617660522460938 
395, -6.57899808883667, 0.022654294967651367, 0.00925755500793457, 0.011613845825195312 
396, -6.578999996185303, 0.02305126190185547, 0.009484291076660156, 0.011838436126708984 
397, -6.579002857208252, 0.022558212280273438, 0.009434700012207031, 0.011461257934570312 
398, -6.578994274139404, 0.022203683853149414, 0.00910043716430664, 0.011351346969604492 
399, -6.578991889953613, 0.022696495056152344, 0.009346246719360352, 0.011549949645996094 
400, -6.579004287719727, 0.022877931594848633, 0.009296178817749023, 0.01168370246887207 
401, -6.578996658325195, 0.023271560668945312, 0.009555578231811523, 0.011790752410888672 
402, -6.578993320465088, 0.02274036407470703, 0.009319305419921875, 0.011581182479858398 
403, -6.578997611999512, 0.023041963577270508, 0.009366750717163086, 0.011780023574829102 
404, -6.578993320465088, 0.022977352142333984, 0.009337425231933594, 0.011870384216308594 
405, -6.578996181488037, 0.023332595825195312, 0.009749174118041992, 0.011816978454589844 
406, -6.57900333404541, 0.02312016487121582, 0.009444952011108398, 0.011929750442504883 
407, -6.579000949859619, 0.02363419532775879, 0.009604692459106445, 0.012248516082763672 
408, -6.578994274139404, 0.023199796676635742, 0.009468317031860352, 0.011924266815185547 
409, -6.578998565673828, 0.022841691970825195, 0.009339332580566406, 0.011685371398925781 
410, -6.5790019035339355, 0.022930145263671875, 0.009366273880004883, 0.011833906173706055 
411, -6.579004287719727, 0.02277660369873047, 0.009326457977294922, 0.011689424514770508 
412, -6.579000949859619, 0.023163318634033203, 0.009370565414428711, 0.01184225082397461 
413, -6.5789995193481445, 0.023226261138916016, 0.009594917297363281, 0.011861562728881836 
414, -6.579010486602783, 0.02246546745300293, 0.009242534637451172, 0.011446952819824219 
415, -6.579004764556885, 0.02293109893798828, 0.009502649307250977, 0.01169133186340332 
416, -6.579007625579834, 0.02285313606262207, 0.00922703742980957, 0.011810541152954102 
417, -6.579005241394043, 0.02310347557067871, 0.009418964385986328, 0.011817455291748047 
418, -6.578994274139404, 0.023163795471191406, 0.009447336196899414, 0.011865615844726562 
419, -6.579000473022461, 0.02292633056640625, 0.009373664855957031, 0.011744022369384766 
420, -6.579002857208252, 0.02301478385925293, 0.009495973587036133, 0.011753559112548828 
421, -6.5789971351623535, 0.022901535034179688, 0.009472846984863281, 0.011566162109375 
422, -6.57899808883667, 0.023238658905029297, 0.009640932083129883, 0.011796951293945312 
423, -6.57899808883667, 0.02284097671508789, 0.009326457977294922, 0.011697530746459961 
424, -6.579000473022461, 0.022504329681396484, 0.009197711944580078, 0.011597156524658203 
425, -6.579004287719727, 0.023040056228637695, 0.009433984756469727, 0.01181936264038086 
426, -6.57900333404541, 0.023026704788208008, 0.009413957595825195, 0.01173853874206543 
427, -6.579004764556885, 0.022846460342407227, 0.009453773498535156, 0.011630773544311523 
428, -6.579000473022461, 0.02302241325378418, 0.009318828582763672, 0.011807441711425781 
429, -6.578996658325195, 0.022922515869140625, 0.009454488754272461, 0.011631488800048828 
430, -6.578996658325195, 0.02304673194885254, 0.009415388107299805, 0.011815786361694336 
431, -6.5789875984191895, 0.022997379302978516, 0.00924992561340332, 0.011916160583496094 
432, -6.578982353210449, 0.022853374481201172, 0.009351253509521484, 0.011693239212036133 
433, -6.57899284362793, 0.02323746681213379, 0.009422779083251953, 0.011663436889648438 
434, -6.578985214233398, 0.022716999053955078, 0.009558677673339844, 0.011493444442749023 
435, -6.578989505767822, 0.022442340850830078, 0.009256124496459961, 0.011404275894165039 
436, -6.579002857208252, 0.023003339767456055, 0.009524106979370117, 0.011790752410888672 
437, -6.579006195068359, 0.023066282272338867, 0.00928044319152832, 0.011855840682983398 
438, -6.579005718231201, 0.02306389808654785, 0.009421110153198242, 0.011737823486328125 
439, -6.579007625579834, 0.022791385650634766, 0.00948786735534668, 0.011503219604492188 
440, -6.578993320465088, 0.022855043411254883, 0.009216785430908203, 0.011722564697265625 
441, -6.57899284362793, 0.02333211898803711, 0.009740829467773438, 0.011790752410888672 
442, -6.578998565673828, 0.022769451141357422, 0.009313583374023438, 0.011564254760742188 
443, -6.578986644744873, 0.022853851318359375, 0.009251117706298828, 0.011888504028320312 
444, -6.578989505767822, 0.02260565757751465, 0.009211301803588867, 0.011678934097290039 
445, -6.578995704650879, 0.022979259490966797, 0.009418010711669922, 0.011803150177001953 
446, -6.578986644744873, 0.022949934005737305, 0.009355783462524414, 0.01172494888305664 
447, -6.578987121582031, 0.02289104461669922, 0.009424686431884766, 0.011501073837280273 
448, -6.578995704650879, 0.02285146713256836, 0.009550094604492188, 0.011562824249267578 
449, -6.578995704650879, 0.022909879684448242, 0.00916743278503418, 0.011842489242553711 
450, -6.578996658325195, 0.023237943649291992, 0.009560823440551758, 0.011862516403198242 
451, -6.578995704650879, 0.02267765998840332, 0.009180068969726562, 0.011604785919189453 
452, -6.578990936279297, 0.023053646087646484, 0.009233474731445312, 0.01179814338684082 
453, -6.578998565673828, 0.02275395393371582, 0.009560585021972656, 0.011419534683227539 
454, -6.578998565673828, 0.022917747497558594, 0.009594440460205078, 0.0115814208984375 
455, -6.578981876373291, 0.022715330123901367, 0.00948643684387207, 0.011561393737792969 
456, -6.578985214233398, 0.022420167922973633, 0.009150028228759766, 0.011515140533447266 
457, -6.578996658325195, 0.022998809814453125, 0.009385824203491211, 0.011851310729980469 
458, -6.578975677490234, 0.02284979820251465, 0.009125947952270508, 0.011863470077514648 
459, -6.578961372375488, 0.022619962692260742, 0.009243249893188477, 0.011605024337768555 
460, -6.578985214233398, 0.02277970314025879, 0.009435176849365234, 0.011482477188110352 
461, -6.578999996185303, 0.023120403289794922, 0.009289979934692383, 0.011870622634887695 
462, -6.5789923667907715, 0.022927522659301758, 0.00952601432800293, 0.011535882949829102 
463, -6.579001426696777, 0.022683143615722656, 0.009434700012207031, 0.011449575424194336 
464, -6.579004764556885, 0.0225217342376709, 0.009161949157714844, 0.011540651321411133 
465, -6.579000949859619, 0.02273273468017578, 0.00933384895324707, 0.011730670928955078 
466, -6.579006195068359, 0.022502899169921875, 0.009197711944580078, 0.011600971221923828 
467, -6.578998565673828, 0.022642135620117188, 0.009117603302001953, 0.011694908142089844 
468, -6.578995227813721, 0.023241043090820312, 0.009516716003417969, 0.011830568313598633 
469, -6.579002857208252, 0.023213863372802734, 0.009488821029663086, 0.011802196502685547 
470, -6.578996658325195, 0.022793292999267578, 0.009384632110595703, 0.011543989181518555 
471, -6.578993320465088, 0.022853374481201172, 0.009169816970825195, 0.011795282363891602 
472, -6.579006195068359, 0.0236053466796875, 0.009662866592407227, 0.012001752853393555 
473, -6.579002857208252, 0.023164749145507812, 0.00953054428100586, 0.011881589889526367 
474, -6.579002857208252, 0.02320408821105957, 0.009540557861328125, 0.011833906173706055 
475, -6.579005718231201, 0.022562503814697266, 0.009350776672363281, 0.011447668075561523 
476, -6.578993797302246, 0.02330780029296875, 0.009345293045043945, 0.012025833129882812 
477, -6.578989505767822, 0.023955583572387695, 0.009759902954101562, 0.01220560073852539 
478, -6.579000949859619, 0.023062944412231445, 0.009625911712646484, 0.011722326278686523 
479, -6.578989505767822, 0.022667646408081055, 0.00920724868774414, 0.01164865493774414 
480, -6.578983306884766, 0.02242255210876465, 0.00911092758178711, 0.011497020721435547 
481, -6.578997611999512, 0.022952795028686523, 0.009570837020874023, 0.011680364608764648 
482, -6.579002380371094, 0.022268056869506836, 0.009262323379516602, 0.011249065399169922 
483, -6.578989028930664, 0.022233963012695312, 0.009138107299804688, 0.011421442031860352 
484, -6.578991889953613, 0.022504568099975586, 0.009231090545654297, 0.011633157730102539 
485, -6.579000949859619, 0.022722244262695312, 0.009211063385009766, 0.011674880981445312 
486, -6.57900333404541, 0.023229122161865234, 0.009661674499511719, 0.011820793151855469 
487, -6.57900333404541, 0.02284073829650879, 0.009299516677856445, 0.01179957389831543 
488, -6.579000473022461, 0.02335667610168457, 0.009445905685424805, 0.011998891830444336 
489, -6.579000949859619, 0.023461103439331055, 0.009538888931274414, 0.012102603912353516 
490, -6.57900333404541, 0.023082733154296875, 0.009393692016601562, 0.011934041976928711 
491, -6.579004764556885, 0.02254939079284668, 0.009360313415527344, 0.011461496353149414 
492, -6.579005241394043, 0.02400803565979004, 0.00980067253112793, 0.012318134307861328 
493, -6.579007148742676, 0.0239565372467041, 0.009966135025024414, 0.012059450149536133 
494, -6.579008102416992, 0.023175477981567383, 0.009429454803466797, 0.012038946151733398 
495, -6.579009532928467, 0.022344112396240234, 0.009246826171875, 0.011423110961914062 
496, -6.57900857925415, 0.022883892059326172, 0.009294748306274414, 0.011782169342041016 
497, -6.579008102416992, 0.023214101791381836, 0.009591817855834961, 0.011868953704833984 
498, -6.579006671905518, 0.023102998733520508, 0.009549379348754883, 0.011730670928955078 
499, -6.579009056091309, 0.023005962371826172, 0.009361982345581055, 0.011797189712524414 
500, -6.579002857208252, 0.02324223518371582, 0.009546756744384766, 0.011764049530029297 
501, -6.578996658325195, 0.023699045181274414, 0.009636163711547852, 0.012100934982299805 
502, -6.57899808883667, 0.023446321487426758, 0.009695768356323242, 0.01196908950805664 
503, -6.579005241394043, 0.023044347763061523, 0.009365320205688477, 0.011906862258911133 
504, -6.579005718231201, 0.023042678833007812, 0.009375572204589844, 0.011867523193359375 
505, -6.579000473022461, 0.023720264434814453, 0.0097503662109375, 0.012065649032592773 
506, -6.579007625579834, 0.02388763427734375, 0.009658336639404297, 0.012324810028076172 
507, -6.579009056091309, 0.022776126861572266, 0.009473800659179688, 0.011530399322509766 
508, -6.579000473022461, 0.022641658782958984, 0.009305000305175781, 0.011480331420898438 
509, -6.579006671905518, 0.023151397705078125, 0.009528875350952148, 0.011783361434936523 
510, -6.57900333404541, 0.023023128509521484, 0.009576082229614258, 0.011646032333374023 
511, -6.579001426696777, 0.023187637329101562, 0.009617090225219727, 0.01179194450378418 
512, -6.57900857925415, 0.022869110107421875, 0.009250879287719727, 0.011808156967163086 
513, -6.578999996185303, 0.02339625358581543, 0.009317874908447266, 0.012166261672973633 
514, -6.578993797302246, 0.0232393741607666, 0.009710311889648438, 0.011848688125610352 
515, -6.578993797302246, 0.022876739501953125, 0.009286642074584961, 0.011753559112548828 
516, -6.578991413116455, 0.022984027862548828, 0.009507417678833008, 0.011659383773803711 
517, -6.5789947509765625, 0.02322220802307129, 0.00955963134765625, 0.011929750442504883 
518, -6.5789995193481445, 0.023790836334228516, 0.009734869003295898, 0.012081623077392578 
519, -6.579000949859619, 0.023450613021850586, 0.009721994400024414, 0.011855363845825195 
520, -6.5790019035339355, 0.0231168270111084, 0.009483098983764648, 0.011904716491699219 
521, -6.578997611999512, 0.022710084915161133, 0.009147167205810547, 0.011621713638305664 
522, -6.57899808883667, 0.023129940032958984, 0.009560823440551758, 0.011688947677612305 
523, -6.5790019035339355, 0.02321314811706543, 0.009594917297363281, 0.011726856231689453 
524, -6.579004287719727, 0.023172616958618164, 0.009557485580444336, 0.01181173324584961 
525, -6.579003810882568, 0.02316737174987793, 0.00961613655090332, 0.011875391006469727 
526, -6.579007148742676, 0.02288508415222168, 0.009260892868041992, 0.01179814338684082 
527, -6.579006671905518, 0.023258447647094727, 0.009484529495239258, 0.012050151824951172 
528, -6.579000949859619, 0.022528648376464844, 0.009238481521606445, 0.011519670486450195 
529, -6.578996658325195, 0.023337841033935547, 0.009278535842895508, 0.012063741683959961 
530, -6.5789923667907715, 0.02296280860900879, 0.009482860565185547, 0.01159048080444336 
531, -6.578994274139404, 0.023579120635986328, 0.009664535522460938, 0.011903047561645508 
532, -6.578995227813721, 0.023615121841430664, 0.009908914566040039, 0.011802911758422852 
533, -6.5789971351623535, 0.022961139678955078, 0.009459972381591797, 0.011706829071044922 
534, -6.579004764556885, 0.023494482040405273, 0.00966954231262207, 0.011986732482910156 
535, -6.57900333404541, 0.022762537002563477, 0.009323358535766602, 0.011691093444824219 
536, -6.579005241394043, 0.0231935977935791, 0.009409189224243164, 0.011894941329956055 
537, -6.579000473022461, 0.02330613136291504, 0.009484291076660156, 0.01196742057800293 
538, -6.579000949859619, 0.02292633056640625, 0.009279966354370117, 0.011727571487426758 
539, -6.57899808883667, 0.023244380950927734, 0.009569883346557617, 0.011788368225097656 
540, -6.578990936279297, 0.023282527923583984, 0.009558439254760742, 0.01182246208190918 
541, -6.578991889953613, 0.023203134536743164, 0.009385347366333008, 0.012006282806396484 
542, -6.57899284362793, 0.02288031578063965, 0.009438037872314453, 0.011585712432861328 
543, -6.578996181488037, 0.023038387298583984, 0.009273767471313477, 0.011768817901611328 
544, -6.578996658325195, 0.023791074752807617, 0.009790420532226562, 0.011958122253417969 
545, -6.5789947509765625, 0.023300647735595703, 0.009647846221923828, 0.011781692504882812 
546, -6.579001426696777, 0.023068666458129883, 0.009720325469970703, 0.011656999588012695 
547, -6.579004287719727, 0.022531747817993164, 0.009180068969726562, 0.011539697647094727 
548, -6.579005241394043, 0.023168325424194336, 0.009521484375, 0.011815547943115234 
549, -6.578996658325195, 0.023432016372680664, 0.009598016738891602, 0.011946439743041992 
550, -6.578999042510986, 0.02287006378173828, 0.00936126708984375, 0.011662721633911133 
551, -6.579005241394043, 0.0229644775390625, 0.009360313415527344, 0.011852264404296875 
552, -6.578996181488037, 0.0230257511138916, 0.009265899658203125, 0.011887788772583008 
553, -6.578999042510986, 0.02337932586669922, 0.009666919708251953, 0.011878728866577148 
554, -6.5789947509765625, 0.02243781089782715, 0.00925135612487793, 0.011505365371704102 
555, -6.578986644744873, 0.022457599639892578, 0.009296178817749023, 0.011425495147705078 
556, -6.578994274139404, 0.023028850555419922, 0.009217023849487305, 0.011938095092773438 
557, -6.578997611999512, 0.023706912994384766, 0.009709835052490234, 0.01206517219543457 
558, -6.578995704650879, 0.023360013961791992, 0.009834051132202148, 0.01175832748413086 
559, -6.579003810882568, 0.02292466163635254, 0.009458780288696289, 0.011575698852539062 
560, -6.5789971351623535, 0.023017406463623047, 0.00928640365600586, 0.011766672134399414 
561, -6.578995704650879, 0.023485660552978516, 0.009533166885375977, 0.012008190155029297 
562, -6.579004764556885, 0.023496627807617188, 0.009701251983642578, 0.011803627014160156 
563, -6.579003810882568, 0.022986173629760742, 0.009445428848266602, 0.011721372604370117 
564, -6.57900857925415, 0.02290201187133789, 0.009386777877807617, 0.011746883392333984 
565, -6.579012393951416, 0.023868322372436523, 0.009716033935546875, 0.012279510498046875 
566, -6.579006195068359, 0.023660898208618164, 0.009730100631713867, 0.012157678604125977 
567, -6.579005241394043, 0.022367477416992188, 0.00931406021118164, 0.0113983154296875 
568, -6.579005241394043, 0.022734880447387695, 0.009277582168579102, 0.011687994003295898 
569, -6.579000949859619, 0.023294448852539062, 0.009296178817749023, 0.012027502059936523 
570, -6.579001426696777, 0.023637771606445312, 0.009739875793457031, 0.01207423210144043 
571, -6.579003810882568, 0.023288726806640625, 0.009614229202270508, 0.011824846267700195 
572, -6.579001426696777, 0.023059606552124023, 0.009287595748901367, 0.011878490447998047 
573, -6.579001426696777, 0.02341175079345703, 0.009668588638305664, 0.01183009147644043 
574, -6.578988075256348, 0.022984981536865234, 0.009414196014404297, 0.011663436889648438 
575, -6.578991889953613, 0.02315998077392578, 0.009484291076660156, 0.01192617416381836 
576, -6.578997611999512, 0.02304530143737793, 0.00939488410949707, 0.011861801147460938 
577, -6.57899808883667, 0.02353644371032715, 0.009618759155273438, 0.012102603912353516 
578, -6.579000949859619, 0.02316570281982422, 0.009402275085449219, 0.011959075927734375 
579, -6.579000949859619, 0.02297186851501465, 0.009597063064575195, 0.011674165725708008 
580, -6.5790019035339355, 0.02288961410522461, 0.009131193161010742, 0.011963605880737305 
581, -6.579007625579834, 0.023499488830566406, 0.009680986404418945, 0.011892557144165039 
582, -6.57900333404541, 0.023714065551757812, 0.009707450866699219, 0.012124776840209961 
583, -6.578999042510986, 0.02357196807861328, 0.009661436080932617, 0.011964559555053711 
584, -6.5789971351623535, 0.0231478214263916, 0.009576559066772461, 0.011666059494018555 
585, -6.5789971351623535, 0.02323770523071289, 0.009594440460205078, 0.011811017990112305 
586, -6.5789995193481445, 0.022906780242919922, 0.009418487548828125, 0.011754035949707031 
587, -6.5789947509765625, 0.022788524627685547, 0.009375333786010742, 0.01168370246887207 
588, -6.578993797302246, 0.02334141731262207, 0.009432792663574219, 0.011975526809692383 
589, -6.579000949859619, 0.023362159729003906, 0.009553194046020508, 0.01200246810913086 
590, -6.5789995193481445, 0.023118972778320312, 0.009564399719238281, 0.011735677719116211 
591, -6.579001426696777, 0.023038148880004883, 0.00928187370300293, 0.011937379837036133 
592, -6.578995227813721, 0.02319502830505371, 0.009562253952026367, 0.011949539184570312 
593, -6.5789971351623535, 0.022691011428833008, 0.009131193161010742, 0.011644363403320312 
594, -6.579006195068359, 0.023691177368164062, 0.009815454483032227, 0.011972665786743164 
595, -6.579001426696777, 0.02346324920654297, 0.009637832641601562, 0.012083053588867188 
596, -6.578998565673828, 0.02338552474975586, 0.00947260856628418, 0.011998653411865234 
597, -6.579002857208252, 0.02309727668762207, 0.009679317474365234, 0.011687278747558594 
598, -6.578994274139404, 0.022505521774291992, 0.009265899658203125, 0.011505365371704102 
599, -6.578991889953613, 0.023065805435180664, 0.009479761123657227, 0.011823177337646484 
600, -6.5789995193481445, 0.023174285888671875, 0.009458065032958984, 0.01181793212890625 
601, -6.5789995193481445, 0.023131370544433594, 0.009449481964111328, 0.011922359466552734 
602, -6.579000473022461, 0.02322864532470703, 0.009368658065795898, 0.011962413787841797 
603, -6.5790019035339355, 0.023207664489746094, 0.009577035903930664, 0.01176762580871582 
604, -6.578995704650879, 0.023303747177124023, 0.009406566619873047, 0.012112140655517578 
605, -6.579002857208252, 0.02288818359375, 0.009479284286499023, 0.011554241180419922 
606, -6.579004287719727, 0.023073673248291016, 0.009258031845092773, 0.012082815170288086 
607, -6.57899808883667, 0.023497819900512695, 0.009687423706054688, 0.012011051177978516 
608, -6.579002857208252, 0.023343801498413086, 0.009632110595703125, 0.01195383071899414 
609, -6.57899808883667, 0.023526906967163086, 0.009537935256958008, 0.012100934982299805 
610, -6.578991889953613, 0.022801637649536133, 0.009518623352050781, 0.011559724807739258 
611, -6.579002380371094, 0.022650480270385742, 0.009177207946777344, 0.011587142944335938 
612, -6.579005241394043, 0.023044824600219727, 0.009352684020996094, 0.011800289154052734 
613, -6.579002857208252, 0.022902727127075195, 0.009406089782714844, 0.01171255111694336 
614, -6.579009532928467, 0.02333998680114746, 0.009610652923583984, 0.011826038360595703 
615, -6.5789995193481445, 0.0232999324798584, 0.009342193603515625, 0.011948108673095703 
616, -6.578996658325195, 0.023203134536743164, 0.009677410125732422, 0.011853694915771484 
617, -6.579005241394043, 0.02258753776550293, 0.00932168960571289, 0.011533737182617188 
618, -6.5789947509765625, 0.022975683212280273, 0.00942540168762207, 0.011824607849121094 
619, -6.5789875984191895, 0.02312469482421875, 0.00922536849975586, 0.011993169784545898 
620, -6.579002380371094, 0.02373051643371582, 0.009699344635009766, 0.012063264846801758 
621, -6.579001426696777, 0.02343916893005371, 0.00954747200012207, 0.011981487274169922 
622, -6.5789794921875, 0.023375749588012695, 0.009683847427368164, 0.011852502822875977 
623, -6.578986644744873, 0.0232388973236084, 0.009579181671142578, 0.011795520782470703 
624, -6.579008102416992, 0.023630857467651367, 0.009576797485351562, 0.012112140655517578 
625, -6.578995704650879, 0.02347540855407715, 0.009625673294067383, 0.012013435363769531 
626, -6.578990936279297, 0.023502588272094727, 0.009551048278808594, 0.012048721313476562 
627, -6.579007625579834, 0.02346348762512207, 0.009545087814331055, 0.011926412582397461 
628, -6.5790114402771, 0.022899627685546875, 0.009296894073486328, 0.011859893798828125 
629, -6.578994274139404, 0.02279353141784668, 0.009522676467895508, 0.011465787887573242 
630, -6.578996658325195, 0.02292037010192871, 0.009346723556518555, 0.011818885803222656 
631, -6.5790019035339355, 0.02263641357421875, 0.009440422058105469, 0.011520147323608398 
632, -6.579000473022461, 0.024024009704589844, 0.009372949600219727, 0.01263117790222168 
633, -6.579005241394043, 0.024550199508666992, 0.009910345077514648, 0.012618780136108398 
634, -6.5790019035339355, 0.023665428161621094, 0.009904623031616211, 0.011994361877441406 
635, -6.579000473022461, 0.023727893829345703, 0.00959157943725586, 0.012192249298095703 
636, -6.579009056091309, 0.0236661434173584, 0.009800195693969727, 0.011888265609741211 
637, -6.579005718231201, 0.02328968048095703, 0.009488344192504883, 0.011962652206420898 
638, -6.579005718231201, 0.02307438850402832, 0.009649991989135742, 0.011713027954101562 
639, -6.57900333404541, 0.022540569305419922, 0.009169340133666992, 0.011571884155273438 
640, -6.579000949859619, 0.022738218307495117, 0.009383440017700195, 0.011635541915893555 
641, -6.579000473022461, 0.02326822280883789, 0.009420394897460938, 0.011897802352905273 
642, -6.579004287719727, 0.02318882942199707, 0.009465694427490234, 0.011794328689575195 
643, -6.579000949859619, 0.02305150032043457, 0.009407997131347656, 0.011842012405395508 
644, -6.578999996185303, 0.02271413803100586, 0.009331464767456055, 0.011509180068969727 
645, -6.579005241394043, 0.023119688034057617, 0.009286165237426758, 0.012019157409667969 
646, -6.579002857208252, 0.0236508846282959, 0.00963902473449707, 0.012142658233642578 
647, -6.578993320465088, 0.023108482360839844, 0.009517192840576172, 0.011722564697265625 
648, -6.57899808883667, 0.0223238468170166, 0.009241819381713867, 0.011354446411132812 
649, -6.579005241394043, 0.022039413452148438, 0.009051322937011719, 0.011299371719360352 
650, -6.5790019035339355, 0.022695541381835938, 0.00934147834777832, 0.011552095413208008 
651, -6.578999042510986, 0.022715330123901367, 0.00917506217956543, 0.011647939682006836 
652, -6.578998565673828, 0.022568702697753906, 0.009404420852661133, 0.011463165283203125 
653, -6.579006671905518, 0.02251267433166504, 0.00929713249206543, 0.011433839797973633 
654, -6.579004287719727, 0.02294778823852539, 0.009237527847290039, 0.011799097061157227 
655, -6.578996181488037, 0.023067712783813477, 0.009627342224121094, 0.011744499206542969 
656, -6.578999996185303, 0.022587060928344727, 0.009087800979614258, 0.01178741455078125 
657, -6.579004287719727, 0.022684812545776367, 0.00928640365600586, 0.011605501174926758 
658, -6.578991889953613, 0.023349761962890625, 0.009370803833007812, 0.011982440948486328 
659, -6.578995704650879, 0.023826122283935547, 0.009907960891723633, 0.01206064224243164 
660, -6.579000473022461, 0.023056745529174805, 0.009676456451416016, 0.011615753173828125 
661, -6.578988075256348, 0.022568941116333008, 0.009274959564208984, 0.011533021926879883 
662, -6.578981876373291, 0.02305746078491211, 0.00945281982421875, 0.01178741455078125 
663, -6.578993320465088, 0.022823572158813477, 0.009397745132446289, 0.011586427688598633 
664, -6.578994274139404, 0.022973299026489258, 0.009334802627563477, 0.011717081069946289 
665, -6.578978061676025, 0.023869037628173828, 0.009749412536621094, 0.012156248092651367 
666, -6.578981876373291, 0.023782968521118164, 0.009855508804321289, 0.012012481689453125 
667, -6.5789995193481445, 0.023350000381469727, 0.009446144104003906, 0.012010812759399414 
668, -6.57900333404541, 0.023541688919067383, 0.009660959243774414, 0.011913776397705078 
669, -6.578996658325195, 0.02294158935546875, 0.009425878524780273, 0.011764049530029297 
670, -6.579000473022461, 0.023291826248168945, 0.009603500366210938, 0.011821746826171875 
671, -6.5789947509765625, 0.023448467254638672, 0.009462594985961914, 0.012044668197631836 
672, -6.578996658325195, 0.02409195899963379, 0.009874343872070312, 0.01225137710571289 
673, -6.579009056091309, 0.023853063583374023, 0.009763240814208984, 0.012159109115600586 
674, -6.578998565673828, 0.023689985275268555, 0.009862661361694336, 0.012105226516723633 
675, -6.578994274139404, 0.023357391357421875, 0.009627580642700195, 0.01184535026550293 
676, -6.579010486602783, 0.02352285385131836, 0.009536027908325195, 0.01205301284790039 
677, -6.57900857925415, 0.023842334747314453, 0.009673357009887695, 0.012172222137451172 
678, -6.57899284362793, 0.023502111434936523, 0.009649991989135742, 0.012047290802001953 
679, -6.578998565673828, 0.02342367172241211, 0.009688377380371094, 0.011969804763793945 
680, -6.579007148742676, 0.0230255126953125, 0.00936269760131836, 0.011851310729980469 
681, -6.579001426696777, 0.02310633659362793, 0.009536266326904297, 0.011768579483032227 
682, -6.579004287719727, 0.023300647735595703, 0.009373903274536133, 0.012038946151733398 
683, -6.579002857208252, 0.023920297622680664, 0.00971078872680664, 0.012237310409545898 
684, -6.5789875984191895, 0.024296045303344727, 0.009550094604492188, 0.012767791748046875 
685, -6.5789899826049805, 0.024142026901245117, 0.009943962097167969, 0.012319326400756836 
686, -6.579004764556885, 0.023366689682006836, 0.009523153305053711, 0.011849403381347656 
687, -6.5789947509765625, 0.02251291275024414, 0.009371519088745117, 0.011452198028564453 
688, -6.578989028930664, 0.022208452224731445, 0.009144306182861328, 0.011298656463623047 
689, -6.579003810882568, 0.022568941116333008, 0.00919342041015625, 0.011583566665649414 
690, -6.579005718231201, 0.02295827865600586, 0.009445667266845703, 0.011765480041503906 
691, -6.5790019035339355, 0.02316737174987793, 0.009496688842773438, 0.011897087097167969 
692, -6.579010486602783, 0.02271103858947754, 0.009287834167480469, 0.011656761169433594 
693, -6.579007148742676, 0.022922515869140625, 0.009203195571899414, 0.011912345886230469 
694, -6.579004764556885, 0.02321147918701172, 0.009535551071166992, 0.011757612228393555 
695, -6.579005241394043, 0.022990703582763672, 0.009286880493164062, 0.011777639389038086 
696, -6.579004764556885, 0.022944211959838867, 0.009507894515991211, 0.011640548706054688 
697, -6.579002380371094, 0.023425817489624023, 0.009492158889770508, 0.01195669174194336 
698, -6.579007625579834, 0.02382063865661621, 0.009711742401123047, 0.012100934982299805 
699, -6.579009056091309, 0.02321910858154297, 0.00974416732788086, 0.011634588241577148 
700, -6.579000473022461, 0.022952795028686523, 0.00929570198059082, 0.011801481246948242 
701, -6.578996181488037, 0.02328038215637207, 0.009591341018676758, 0.011903047561645508 
702, -6.578990936279297, 0.023722171783447266, 0.00973820686340332, 0.01205754280090332 
703, -6.57899284362793, 0.02400994300842285, 0.009674310684204102, 0.012370586395263672 
704, -6.5789923667907715, 0.023511648178100586, 0.009679555892944336, 0.011892318725585938 
705, -6.5789923667907715, 0.023467302322387695, 0.009634971618652344, 0.011964559555053711 
706, -6.579002857208252, 0.023623228073120117, 0.009623527526855469, 0.012102603912353516 
707, -6.57900333404541, 0.023321866989135742, 0.009815454483032227, 0.01168203353881836 
708, -6.579005718231201, 0.022939205169677734, 0.009340763092041016, 0.011825799942016602 
709, -6.579009532928467, 0.022920846939086914, 0.009359598159790039, 0.011713266372680664 
710, -6.578998565673828, 0.023267030715942383, 0.009403228759765625, 0.012092828750610352 
711, -6.578995704650879, 0.023702383041381836, 0.0097198486328125, 0.012178659439086914 
712, -6.579004764556885, 0.022708892822265625, 0.009477615356445312, 0.011491060256958008 
713, -6.57900333404541, 0.023047924041748047, 0.009222745895385742, 0.01186370849609375 
714, -6.579005718231201, 0.023594379425048828, 0.009667158126831055, 0.011968135833740234 
715, -6.579002857208252, 0.02353215217590332, 0.009522676467895508, 0.012235879898071289 
716, -6.579002857208252, 0.023554325103759766, 0.009587764739990234, 0.01200556755065918 
717, -6.579007148742676, 0.023569107055664062, 0.009633064270019531, 0.011965274810791016 
718, -6.579004287719727, 0.02362656593322754, 0.009678363800048828, 0.012096643447875977 
719, -6.579004287719727, 0.023276567459106445, 0.009557485580444336, 0.01194000244140625 
720, -6.579006195068359, 0.02284383773803711, 0.009438514709472656, 0.011585235595703125 
721, -6.579000949859619, 0.022481918334960938, 0.009170055389404297, 0.011558771133422852 
722, -6.5790019035339355, 0.02303314208984375, 0.009374380111694336, 0.011744260787963867 
723, -6.578999996185303, 0.023086071014404297, 0.00956869125366211, 0.011689186096191406 
724, -6.578998565673828, 0.023748159408569336, 0.009571552276611328, 0.012196779251098633 
725, -6.578996658325195, 0.024066925048828125, 0.009854555130004883, 0.012212514877319336 
726, -6.578999042510986, 0.02394247055053711, 0.009889364242553711, 0.012114763259887695 
727, -6.579001426696777, 0.024155855178833008, 0.009685754776000977, 0.012484073638916016 
728, -6.578998565673828, 0.02407693862915039, 0.009944438934326172, 0.012237310409545898 
729, -6.578999996185303, 0.023389339447021484, 0.009732484817504883, 0.01178288459777832 
730, -6.578990459442139, 0.02320694923400879, 0.009482622146606445, 0.011821508407592773 
731, -6.578991889953613, 0.022715330123901367, 0.009526968002319336, 0.011462926864624023 
732, -6.5789971351623535, 0.02240467071533203, 0.009136199951171875, 0.011629581451416016 
733, -6.578988075256348, 0.022367000579833984, 0.009218215942382812, 0.011402130126953125 
734, -6.578984260559082, 0.02333354949951172, 0.009263038635253906, 0.012181520462036133 
735, -6.578995227813721, 0.0237886905670166, 0.009885787963867188, 0.011937856674194336 
736, -6.578988552093506, 0.02306389808654785, 0.009584665298461914, 0.011605024337768555 
737, -6.578986644744873, 0.02387523651123047, 0.009612321853637695, 0.012139081954956055 
738, -6.578999996185303, 0.023467540740966797, 0.009806394577026367, 0.011768102645874023 
739, -6.5789971351623535, 0.023203372955322266, 0.009406805038452148, 0.011986970901489258 
740, -6.5789923667907715, 0.02277350425720215, 0.009409189224243164, 0.011510372161865234 
741, -6.579002380371094, 0.022789478302001953, 0.009290695190429688, 0.011548519134521484 
742, -6.579006671905518, 0.022795438766479492, 0.009320259094238281, 0.011726856231689453 
743, -6.5789875984191895, 0.02257084846496582, 0.009371042251586914, 0.011488199234008789 
744, -6.578985691070557, 0.022632837295532227, 0.009351253509521484, 0.011610269546508789 
745, -6.579002380371094, 0.02240920066833496, 0.009155988693237305, 0.011461496353149414 
746, -6.579000949859619, 0.02286362648010254, 0.0094451904296875, 0.011538028717041016 
747, -6.578978061676025, 0.0225827693939209, 0.009445428848266602, 0.011356592178344727 
748, -6.578977108001709, 0.022319793701171875, 0.009123563766479492, 0.011384010314941406 
749, -6.578993797302246, 0.02239227294921875, 0.009296894073486328, 0.011393308639526367 
750, -6.578988552093506, 0.02270650863647461, 0.009216785430908203, 0.011589288711547852 
751, -6.578976631164551, 0.02272820472717285, 0.009354591369628906, 0.011618852615356445 
752, -6.578990936279297, 0.022691965103149414, 0.009376287460327148, 0.011586904525756836 
753, -6.579001426696777, 0.022533893585205078, 0.009202957153320312, 0.011678218841552734 
754, -6.579000473022461, 0.022882699966430664, 0.00927281379699707, 0.011826515197753906 
755, -6.579006671905518, 0.02301955223083496, 0.009426116943359375, 0.011797666549682617 
756, -6.579011917114258, 0.022597789764404297, 0.009345531463623047, 0.011490821838378906 
757, -6.579000473022461, 0.022587299346923828, 0.009242057800292969, 0.01152181625366211 
758, -6.5789995193481445, 0.02271723747253418, 0.00927591323852539, 0.011686563491821289 
759, -6.579007625579834, 0.02313375473022461, 0.009504556655883789, 0.011762857437133789 
760, -6.579005241394043, 0.022094011306762695, 0.009118318557739258, 0.011288166046142578 
761, -6.579000949859619, 0.022377967834472656, 0.009174108505249023, 0.01143336296081543 
762, -6.578999996185303, 0.022516727447509766, 0.009136199951171875, 0.011656522750854492 
763, -6.579003810882568, 0.022559642791748047, 0.009320259094238281, 0.011475563049316406 
764, -6.579007625579834, 0.022761106491088867, 0.009455680847167969, 0.011561393737792969 
765, -6.579007625579834, 0.022782325744628906, 0.009344816207885742, 0.011602640151977539 
766, -6.579008102416992, 0.0230562686920166, 0.009474515914916992, 0.011728525161743164 
767, -6.579007148742676, 0.02296924591064453, 0.009458780288696289, 0.011775493621826172 
768, -6.5790019035339355, 0.023440122604370117, 0.00930476188659668, 0.012263774871826172 
769, -6.578999996185303, 0.024017333984375, 0.009857177734375, 0.012217283248901367 
770, -6.578996658325195, 0.023316383361816406, 0.00968313217163086, 0.011733531951904297 
771, -6.578998565673828, 0.023319482803344727, 0.009576797485351562, 0.011795759201049805 
772, -6.578999996185303, 0.02327704429626465, 0.00955343246459961, 0.011924505233764648 
773, -6.578998565673828, 0.022811412811279297, 0.009236574172973633, 0.011735200881958008 
774, -6.5789995193481445, 0.023003339767456055, 0.009499788284301758, 0.01175379753112793 
775, -6.579002380371094, 0.022628307342529297, 0.009196281433105469, 0.01165914535522461 
776, -6.5790019035339355, 0.02356243133544922, 0.009470701217651367, 0.012038707733154297 
777, -6.57899808883667, 0.02377486228942871, 0.009660720825195312, 0.01213526725769043 
778, -6.5789995193481445, 0.02377915382385254, 0.009699821472167969, 0.012113332748413086 
779, -6.579001426696777, 0.02388787269592285, 0.009770870208740234, 0.012102603912353516 
780, -6.5789971351623535, 0.02406167984008789, 0.009778022766113281, 0.012302160263061523 
781, -6.578994274139404, 0.023982524871826172, 0.009871721267700195, 0.012127876281738281 
782, -6.578999042510986, 0.023910045623779297, 0.00993037223815918, 0.01214909553527832 
783, -6.578994274139404, 0.023325204849243164, 0.009586334228515625, 0.011881113052368164 
784, -6.578991889953613, 0.022575855255126953, 0.00935816764831543, 0.01154017448425293 
785, -6.578993797302246, 0.022637605667114258, 0.00926518440246582, 0.011543750762939453 
786, -6.578988552093506, 0.02309274673461914, 0.009380578994750977, 0.011774778366088867 
787, -6.578989028930664, 0.02423715591430664, 0.009866714477539062, 0.012288093566894531 
788, -6.57899284362793, 0.02405405044555664, 0.010020017623901367, 0.012081623077392578 
789, -6.578989028930664, 0.023207426071166992, 0.009521007537841797, 0.011777877807617188 
790, -6.578988075256348, 0.023814678192138672, 0.009553670883178711, 0.012218952178955078 
791, -6.5789995193481445, 0.023681640625, 0.009866714477539062, 0.011989831924438477 
792, -6.5789947509765625, 0.023229122161865234, 0.009352922439575195, 0.011932611465454102 
793, -6.578988075256348, 0.023101806640625, 0.009445428848266602, 0.011877059936523438 
794, -6.578995704650879, 0.022678136825561523, 0.00937032699584961, 0.011594295501708984 
795, -6.579001426696777, 0.023177146911621094, 0.009473800659179688, 0.011934757232666016 
796, -6.578977108001709, 0.02232193946838379, 0.009225130081176758, 0.011348962783813477 
797, -6.578963279724121, 0.022405385971069336, 0.009303808212280273, 0.01144862174987793 
798, -6.578982353210449, 0.022478580474853516, 0.009149551391601562, 0.011510610580444336 
799, -6.578999042510986, 0.022576093673706055, 0.009212255477905273, 0.011577129364013672 
800, -6.578995227813721, 0.023183584213256836, 0.009444713592529297, 0.011841773986816406 
801, -6.57900333404541, 0.022791147232055664, 0.009247779846191406, 0.011660337448120117 
802, -6.579006195068359, 0.022787094116210938, 0.009438276290893555, 0.011530160903930664 
803, -6.578998565673828, 0.02285599708557129, 0.009215831756591797, 0.011727333068847656 
804, -6.5790019035339355, 0.023296117782592773, 0.009485483169555664, 0.012070178985595703 
805, -6.579006195068359, 0.023236989974975586, 0.009471654891967773, 0.011970996856689453 
806, -6.579002380371094, 0.023621082305908203, 0.009587764739990234, 0.012151956558227539 
807, -6.579001426696777, 0.023900747299194336, 0.00982666015625, 0.012140512466430664 
808, -6.579006671905518, 0.02341437339782715, 0.009668350219726562, 0.011886119842529297 
809, -6.578998565673828, 0.023182153701782227, 0.009557723999023438, 0.011786937713623047 
810, -6.578997611999512, 0.02276325225830078, 0.009452581405639648, 0.011631011962890625 
811, -6.579008102416992, 0.0226743221282959, 0.009194612503051758, 0.011754989624023438 
812, -6.579004287719727, 0.02283024787902832, 0.009401082992553711, 0.011567354202270508 
813, -6.579000473022461, 0.022918701171875, 0.009368658065795898, 0.01175379753112793 
814, -6.579004287719727, 0.02272796630859375, 0.009319067001342773, 0.011503934860229492 
815, -6.579002857208252, 0.02288341522216797, 0.009392499923706055, 0.011736154556274414 
816, -6.579001426696777, 0.02253270149230957, 0.009177207946777344, 0.011532783508300781 
817, -6.579000473022461, 0.023227691650390625, 0.009407520294189453, 0.011955022811889648 
818, -6.578995227813721, 0.023738384246826172, 0.009752750396728516, 0.012083292007446289 
819, -6.578994274139404, 0.02387070655822754, 0.009810209274291992, 0.01211094856262207 
820, -6.578996181488037, 0.023472309112548828, 0.009563684463500977, 0.011962652206420898 
821, -6.578989028930664, 0.023509502410888672, 0.009604692459106445, 0.01206064224243164 
822, -6.578994274139404, 0.023558855056762695, 0.009555578231811523, 0.012086868286132812 
823, -6.578995704650879, 0.022735118865966797, 0.009341001510620117, 0.01158761978149414 
824, -6.578993797302246, 0.023038864135742188, 0.009284734725952148, 0.01188969612121582 
825, -6.578995704650879, 0.022823810577392578, 0.009383678436279297, 0.011623859405517578 
826, -6.579000949859619, 0.02300405502319336, 0.009457826614379883, 0.011726856231689453 
827, -6.579002857208252, 0.023604869842529297, 0.00950312614440918, 0.01205587387084961 
828, -6.579002380371094, 0.024599313735961914, 0.010116338729858398, 0.012544870376586914 
829, -6.579002380371094, 0.024053096771240234, 0.009985923767089844, 0.012137651443481445 
830, -6.579005241394043, 0.02382802963256836, 0.0096282958984375, 0.012221336364746094 
831, -6.579006195068359, 0.024161338806152344, 0.009814977645874023, 0.01227426528930664 
832, -6.57900333404541, 0.023403167724609375, 0.009781837463378906, 0.011772871017456055 
833, -6.5789995193481445, 0.022942304611206055, 0.009382963180541992, 0.011574983596801758 
834, -6.578998565673828, 0.02295970916748047, 0.009484291076660156, 0.011675119400024414 
835, -6.57900333404541, 0.022646665573120117, 0.009226799011230469, 0.011536836624145508 
836, -6.578999042510986, 0.02263951301574707, 0.009150505065917969, 0.01175999641418457 
837, -6.57899284362793, 0.023513078689575195, 0.00952005386352539, 0.012085437774658203 
838, -6.578996181488037, 0.023708820343017578, 0.009752511978149414, 0.012051582336425781 
839, -6.5790019035339355, 0.023367643356323242, 0.009572744369506836, 0.01184844970703125 
840, -6.57899808883667, 0.023998022079467773, 0.009790658950805664, 0.012248516082763672 
841, -6.57899808883667, 0.023518085479736328, 0.009790897369384766, 0.011935710906982422 
842, -6.579004287719727, 0.02269124984741211, 0.009309768676757812, 0.011610269546508789 
843, -6.579003810882568, 0.0227510929107666, 0.009354114532470703, 0.011490583419799805 
844, -6.579006671905518, 0.022980690002441406, 0.009545326232910156, 0.011612176895141602 
845, -6.579009532928467, 0.02282428741455078, 0.00929117202758789, 0.011658906936645508 
846, -6.579005241394043, 0.022803306579589844, 0.009563446044921875, 0.011489391326904297 
847, -6.578998565673828, 0.022539854049682617, 0.009232282638549805, 0.011631488800048828 
848, -6.57900333404541, 0.022830486297607422, 0.009195566177368164, 0.011742591857910156 
849, -6.578998565673828, 0.023034095764160156, 0.009510517120361328, 0.01177835464477539 
850, -6.5789947509765625, 0.022869348526000977, 0.009369850158691406, 0.011752605438232422 
851, -6.5789971351623535, 0.02273106575012207, 0.009275197982788086, 0.011533737182617188 
852, -6.579000473022461, 0.023081064224243164, 0.009515523910522461, 0.011717796325683594 
853, -6.5789995193481445, 0.02252030372619629, 0.00914311408996582, 0.01157999038696289 
854, -6.579000949859619, 0.022543907165527344, 0.009279489517211914, 0.011550188064575195 
855, -6.579000949859619, 0.022565126419067383, 0.009241580963134766, 0.011510848999023438 
856, -6.578999042510986, 0.023057222366333008, 0.009531497955322266, 0.011795759201049805 
857, -6.579002380371094, 0.022417783737182617, 0.009333133697509766, 0.011400222778320312 
858, -6.579004764556885, 0.021967649459838867, 0.008980989456176758, 0.011344671249389648 
859, -6.578983306884766, 0.022470712661743164, 0.009152889251708984, 0.011584758758544922 
860, -6.578978061676025, 0.02250051498413086, 0.009073734283447266, 0.011528730392456055 
861, -6.578993797302246, 0.022976398468017578, 0.00942540168762207, 0.011586427688598633 
862, -6.578995704650879, 0.022836685180664062, 0.009456396102905273, 0.011543512344360352 
863, -6.578986644744873, 0.02288818359375, 0.009331464767456055, 0.011651039123535156 
864, -6.5789971351623535, 0.023021459579467773, 0.009497642517089844, 0.011682271957397461 
865, -6.57900333404541, 0.02310919761657715, 0.009393453598022461, 0.011898994445800781 
866, -6.5789947509765625, 0.022186756134033203, 0.009198665618896484, 0.011323213577270508 
867, -6.578999042510986, 0.02251601219177246, 0.009307622909545898, 0.01151275634765625 
868, -6.579004287719727, 0.022838115692138672, 0.00931406021118164, 0.011785745620727539 
869, -6.57900333404541, 0.023051023483276367, 0.009265661239624023, 0.011981487274169922 
870, -6.579009056091309, 0.022419214248657227, 0.009263038635253906, 0.011420965194702148 
871, -6.578998565673828, 0.022484302520751953, 0.009092569351196289, 0.011723041534423828 
872, -6.578994274139404, 0.022647857666015625, 0.009274005889892578, 0.011630773544311523 
873, -6.579006195068359, 0.02342677116394043, 0.009538888931274414, 0.011956453323364258 
874, -6.579000949859619, 0.023177623748779297, 0.00960850715637207, 0.011720895767211914 
875, -6.578995704650879, 0.02284860610961914, 0.009479999542236328, 0.011601686477661133 
876, -6.579010009765625, 0.023419857025146484, 0.00947427749633789, 0.01201009750366211 
877, -6.579010963439941, 0.023708820343017578, 0.009736776351928711, 0.012164592742919922 
878, -6.5789923667907715, 0.02344369888305664, 0.009664297103881836, 0.012034416198730469 
879, -6.578993320465088, 0.023735761642456055, 0.00961613655090332, 0.012227058410644531 
880, -6.579005718231201, 0.023843050003051758, 0.00971531867980957, 0.01210927963256836 
881, -6.579003810882568, 0.0238192081451416, 0.009824991226196289, 0.012121200561523438 
882, -6.579005241394043, 0.0237119197845459, 0.009771108627319336, 0.012089729309082031 
883, -6.579002857208252, 0.023575305938720703, 0.009621858596801758, 0.012021303176879883 
884, -6.578986167907715, 0.02330470085144043, 0.009530305862426758, 0.01201939582824707 
885, -6.578988075256348, 0.023317813873291016, 0.009697914123535156, 0.01184225082397461 
886, -6.578997611999512, 0.023296594619750977, 0.009537220001220703, 0.011902809143066406 
887, -6.578991413116455, 0.022970914840698242, 0.009294748306274414, 0.011785268783569336 
888, -6.5789899826049805, 0.023667097091674805, 0.009729862213134766, 0.012078523635864258 
889, -6.578999042510986, 0.023679494857788086, 0.009755849838256836, 0.012080669403076172 
890, -6.578995704650879, 0.02360057830810547, 0.009659051895141602, 0.012043952941894531 
891, -6.578991413116455, 0.024249792098999023, 0.00974726676940918, 0.012528181076049805 
892, -6.57900333404541, 0.024266719818115234, 0.00991058349609375, 0.012304067611694336 
893, -6.57900857925415, 0.02393651008605957, 0.009940385818481445, 0.012099981307983398 
894, -6.579002380371094, 0.023416757583618164, 0.009449481964111328, 0.012022972106933594 
895, -6.579005718231201, 0.02377629280090332, 0.009743213653564453, 0.012141942977905273 
896, -6.57900333404541, 0.02314138412475586, 0.009423255920410156, 0.01183462142944336 
897, -6.5789971351623535, 0.023193836212158203, 0.009662866592407227, 0.01184988021850586 
898, -6.5790019035339355, 0.022774457931518555, 0.009219884872436523, 0.011584043502807617 
899, -6.579004287719727, 0.022337675094604492, 0.009192228317260742, 0.011441946029663086 
900, -6.579004764556885, 0.0228426456451416, 0.009433269500732422, 0.011682271957397461 
901, -6.579002857208252, 0.0226287841796875, 0.009204387664794922, 0.011515140533447266 
902, -6.579000949859619, 0.022774934768676758, 0.009451866149902344, 0.011523723602294922 
903, -6.579007148742676, 0.022685527801513672, 0.009286880493164062, 0.011506795883178711 
904, -6.579002380371094, 0.02305746078491211, 0.009360790252685547, 0.011779069900512695 
905, -6.579000949859619, 0.0225677490234375, 0.009433507919311523, 0.011438608169555664 
906, -6.579005718231201, 0.022240638732910156, 0.00901484489440918, 0.011463403701782227 
907, -6.579005241394043, 0.02240896224975586, 0.009131431579589844, 0.011499166488647461 
908, -6.579000473022461, 0.02206277847290039, 0.009061574935913086, 0.011296510696411133 
909, -6.579000949859619, 0.02268218994140625, 0.009420156478881836, 0.011575937271118164 
910, -6.5789995193481445, 0.022296905517578125, 0.009146690368652344, 0.011488199234008789 
911, -6.579000949859619, 0.022768020629882812, 0.009276628494262695, 0.011675834655761719 
912, -6.579001426696777, 0.023395061492919922, 0.009540319442749023, 0.011947870254516602 
913, -6.57899808883667, 0.023112058639526367, 0.009477615356445312, 0.011699914932250977 
914, -6.578999996185303, 0.022351503372192383, 0.009231805801391602, 0.011440277099609375 
915, -6.579004287719727, 0.02265787124633789, 0.00917959213256836, 0.011591434478759766 
916, -6.57900333404541, 0.02298116683959961, 0.009423017501831055, 0.011737346649169922 
917, -6.579005718231201, 0.022891521453857422, 0.00936746597290039, 0.011694192886352539 
918, -6.579002857208252, 0.02297234535217285, 0.009479045867919922, 0.011641263961791992 
919, -6.579003810882568, 0.022912263870239258, 0.009277820587158203, 0.01181936264038086 
920, -6.5789995193481445, 0.02280735969543457, 0.009436368942260742, 0.011625051498413086 
921, -6.5790019035339355, 0.023226022720336914, 0.00937962532043457, 0.01189279556274414 
922, -6.579007148742676, 0.023223400115966797, 0.009474515914916992, 0.011835098266601562 
923, -6.579004764556885, 0.023070096969604492, 0.009534120559692383, 0.01168203353881836 
924, -6.579000949859619, 0.02319169044494629, 0.009362459182739258, 0.011909246444702148 
925, -6.578999996185303, 0.02351236343383789, 0.009725570678710938, 0.011958599090576172 
926, -6.57899808883667, 0.02294301986694336, 0.009471654891967773, 0.01169729232788086 
927, -6.578995704650879, 0.023144960403442383, 0.009315729141235352, 0.011858701705932617 
928, -6.578997611999512, 0.023533105850219727, 0.009624481201171875, 0.011931657791137695 
929, -6.579002380371094, 0.02369236946105957, 0.00966501235961914, 0.012133598327636719 
930, -6.579002857208252, 0.0234377384185791, 0.009659290313720703, 0.011905193328857422 
931, -6.579006671905518, 0.0235745906829834, 0.009527444839477539, 0.012145519256591797 
932, -6.579009532928467, 0.02334141731262207, 0.00944066047668457, 0.012061119079589844 
933, -6.579009532928467, 0.023895740509033203, 0.009820699691772461, 0.01217508316040039 
934, -6.579009532928467, 0.02340841293334961, 0.009556293487548828, 0.011953353881835938 
935, -6.579005718231201, 0.023563146591186523, 0.009555339813232422, 0.01210331916809082 
936, -6.579006195068359, 0.023989200592041016, 0.009879112243652344, 0.012088298797607422 
937, -6.579005241394043, 0.02394866943359375, 0.009836673736572266, 0.012159585952758789 
938, -6.579008102416992, 0.023560285568237305, 0.009666919708251953, 0.012078523635864258 
939, -6.579004287719727, 0.024251699447631836, 0.009849786758422852, 0.012349367141723633 
940, -6.579002857208252, 0.023947477340698242, 0.00992584228515625, 0.012054920196533203 
941, -6.579006195068359, 0.02369976043701172, 0.009656667709350586, 0.012151241302490234 
942, -6.57900857925415, 0.02402663230895996, 0.00977635383605957, 0.012260198593139648 
943, -6.579005241394043, 0.024163246154785156, 0.00980520248413086, 0.012403726577758789 
944, -6.579006195068359, 0.023839235305786133, 0.009843826293945312, 0.012138843536376953 
945, -6.579006671905518, 0.023489713668823242, 0.009503841400146484, 0.012146472930908203 
946, -6.579002380371094, 0.023952484130859375, 0.009908199310302734, 0.012075662612915039 
947, -6.579002380371094, 0.023381948471069336, 0.009688138961791992, 0.01186227798461914 
948, -6.579006671905518, 0.023398160934448242, 0.009535551071166992, 0.011936187744140625 
949, -6.579006195068359, 0.023173093795776367, 0.00961756706237793, 0.011705636978149414 
950, -6.579007148742676, 0.022893428802490234, 0.00931096076965332, 0.011804819107055664 
951, -6.579011917114258, 0.02253580093383789, 0.009337663650512695, 0.011467218399047852 
952, -6.578999042510986, 0.022875547409057617, 0.009207725524902344, 0.011747598648071289 
953, -6.578993797302246, 0.022980213165283203, 0.009612798690795898, 0.011622190475463867 
954, -6.5789971351623535, 0.022288799285888672, 0.009083747863769531, 0.011378288269042969 
955, -6.578993320465088, 0.022603750228881836, 0.009265422821044922, 0.011513948440551758 
956, -6.578986167907715, 0.022238492965698242, 0.00925898551940918, 0.011322975158691406 
957, -6.578986167907715, 0.02275705337524414, 0.009097576141357422, 0.011855840682983398 
958, -6.5789947509765625, 0.022536039352416992, 0.0093994140625, 0.011386394500732422 
959, -6.578999042510986, 0.022815704345703125, 0.009330987930297852, 0.011626005172729492 
960, -6.579004287719727, 0.022923707962036133, 0.009281396865844727, 0.011760711669921875 
961, -6.579005718231201, 0.023134469985961914, 0.00955963134765625, 0.011679649353027344 
962, -6.579007148742676, 0.022875547409057617, 0.009374380111694336, 0.011770486831665039 
963, -6.579003810882568, 0.022674560546875, 0.009255170822143555, 0.011551141738891602 
964, -6.579001426696777, 0.022651195526123047, 0.009271383285522461, 0.011521339416503906 
965, -6.5789971351623535, 0.02315998077392578, 0.009479045867919922, 0.011840581893920898 
966, -6.57899808883667, 0.022615909576416016, 0.00929570198059082, 0.011433839797973633 
967, -6.57900333404541, 0.022835731506347656, 0.009283065795898438, 0.011687517166137695 
968, -6.57899808883667, 0.022682905197143555, 0.009296655654907227, 0.01153874397277832 
969, -6.5789923667907715, 0.022626638412475586, 0.009285449981689453, 0.011493921279907227 
970, -6.5789947509765625, 0.023041486740112305, 0.009505987167358398, 0.011630535125732422 
971, -6.5789995193481445, 0.0229189395904541, 0.009446144104003906, 0.011716365814208984 
972, -6.578997611999512, 0.023081064224243164, 0.009447097778320312, 0.011723041534423828 
973, -6.5789971351623535, 0.023256540298461914, 0.00943899154663086, 0.011943578720092773 
974, -6.578990936279297, 0.023164033889770508, 0.009510040283203125, 0.011932373046875 
975, -6.578989028930664, 0.022883892059326172, 0.009224891662597656, 0.011754989624023438 
976, -6.579000949859619, 0.023232460021972656, 0.009554147720336914, 0.011864423751831055 
977, -6.578999996185303, 0.02344536781311035, 0.009603023529052734, 0.011952877044677734 
978, -6.578991413116455, 0.023725271224975586, 0.009625673294067383, 0.012146949768066406 
979, -6.5789971351623535, 0.023794174194335938, 0.009779214859008789, 0.012101411819458008 
980, -6.579005241394043, 0.023671388626098633, 0.009692668914794922, 0.012097835540771484 
981, -6.579005718231201, 0.023432254791259766, 0.009528875350952148, 0.01210641860961914 
982, -6.579007148742676, 0.023384809494018555, 0.009720325469970703, 0.011809349060058594 
983, -6.579006671905518, 0.023319244384765625, 0.00947880744934082, 0.01191568374633789 
984, -6.578996658325195, 0.023467302322387695, 0.009634017944335938, 0.012009859085083008 
985, -6.578998565673828, 0.023730993270874023, 0.009701967239379883, 0.012099981307983398 
986, -6.5790019035339355, 0.023525476455688477, 0.009666681289672852, 0.012003660202026367 
987, -6.57899808883667, 0.023325443267822266, 0.009636163711547852, 0.011775016784667969 
988, -6.578993797302246, 0.023914813995361328, 0.009572029113769531, 0.012231588363647461 
989, -6.578999042510986, 0.024138212203979492, 0.010128021240234375, 0.012127399444580078 
990, -6.579005718231201, 0.023160934448242188, 0.009720563888549805, 0.01169276237487793 
991, -6.579005718231201, 0.023644447326660156, 0.00940394401550293, 0.012156963348388672 
992, -6.5789995193481445, 0.023801088333129883, 0.009774446487426758, 0.012136459350585938 
993, -6.579000473022461, 0.02312636375427246, 0.009431838989257812, 0.012000322341918945 
994, -6.5790019035339355, 0.02386021614074707, 0.009831905364990234, 0.012095451354980469 
995, -6.578995227813721, 0.023749113082885742, 0.00975942611694336, 0.012145757675170898 
996, -6.578997611999512, 0.0234224796295166, 0.009562253952026367, 0.011914491653442383 
997, -6.579000473022461, 0.023842811584472656, 0.00980234146118164, 0.012174606323242188 
998, -6.578999996185303, 0.02348160743713379, 0.009742975234985352, 0.011912822723388672 
999, -6.578999042510986, 0.022777795791625977, 0.009375810623168945, 0.011642932891845703 
