Iteration, loss, time 
0, -0.4159353971481323, 0.030489683151245117, 0.013393402099609375, 0.012093544006347656 
1, -0.49194765090942383, 0.0232083797454834, 0.009572029113769531, 0.011736392974853516 
2, -0.5671316385269165, 0.022746801376342773, 0.00915074348449707, 0.011750936508178711 
3, -0.6414835453033447, 0.02273392677307129, 0.009293079376220703, 0.01156926155090332 
4, -0.7150130271911621, 0.023598670959472656, 0.00948953628540039, 0.012161970138549805 
5, -0.7877136468887329, 0.024698495864868164, 0.009413003921508789, 0.013354063034057617 
6, -0.8595947027206421, 0.022941112518310547, 0.009567737579345703, 0.011591434478759766 
7, -0.9306574463844299, 0.022530555725097656, 0.009264469146728516, 0.011408090591430664 
8, -1.000898838043213, 0.023083925247192383, 0.009258031845092773, 0.011878252029418945 
9, -1.0703272819519043, 0.023355960845947266, 0.009618997573852539, 0.011908531188964844 
10, -1.1389427185058594, 0.023853302001953125, 0.009703397750854492, 0.012259483337402344 
11, -1.2067484855651855, 0.024123668670654297, 0.009385824203491211, 0.012676000595092773 
12, -1.2737488746643066, 0.023105144500732422, 0.009636640548706055, 0.01155996322631836 
13, -1.3399412631988525, 0.022785186767578125, 0.009535789489746094, 0.011527061462402344 
14, -1.4053364992141724, 0.022239208221435547, 0.009210824966430664, 0.011297464370727539 
15, -1.4699327945709229, 0.02197551727294922, 0.00898432731628418, 0.011248588562011719 
16, -1.533735990524292, 0.022101402282714844, 0.008970022201538086, 0.011329174041748047 
17, -1.5967450141906738, 0.0226287841796875, 0.009205341339111328, 0.011553287506103516 
18, -1.6589686870574951, 0.022455453872680664, 0.009163856506347656, 0.011473417282104492 
19, -1.7204097509384155, 0.023176193237304688, 0.009506464004516602, 0.011865377426147461 
20, -1.7810710668563843, 0.022689104080200195, 0.009151458740234375, 0.011635303497314453 
21, -1.840952754020691, 0.02286243438720703, 0.009262561798095703, 0.011706113815307617 
22, -1.9000639915466309, 0.022591829299926758, 0.009294748306274414, 0.011445045471191406 
23, -1.9584014415740967, 0.022276639938354492, 0.009174346923828125, 0.011328697204589844 
24, -2.0159778594970703, 0.022599220275878906, 0.009191751480102539, 0.011492729187011719 
25, -2.0727922916412354, 0.02254509925842285, 0.009253501892089844, 0.011463165283203125 
26, -2.1288485527038574, 0.022893428802490234, 0.009226322174072266, 0.011790752410888672 
27, -2.184152126312256, 0.022817373275756836, 0.009279489517211914, 0.011579513549804688 
28, -2.2387068271636963, 0.02317190170288086, 0.009822368621826172, 0.011596918106079102 
29, -2.2925167083740234, 0.022823333740234375, 0.009408950805664062, 0.011584758758544922 
30, -2.3455870151519775, 0.02203822135925293, 0.009067773818969727, 0.011284112930297852 
31, -2.3979241847991943, 0.02194976806640625, 0.008971452713012695, 0.011273622512817383 
32, -2.449528455734253, 0.022423982620239258, 0.009104490280151367, 0.011466741561889648 
33, -2.5004096031188965, 0.023065567016601562, 0.009315729141235352, 0.011924028396606445 
34, -2.5505707263946533, 0.023560523986816406, 0.009541034698486328, 0.012089729309082031 
35, -2.600017547607422, 0.02336907386779785, 0.00943446159362793, 0.011986255645751953 
36, -2.6487536430358887, 0.023551464080810547, 0.009892702102661133, 0.011795282363891602 
37, -2.696784734725952, 0.022798538208007812, 0.009419441223144531, 0.011598825454711914 
38, -2.7441201210021973, 0.022624731063842773, 0.009394168853759766, 0.011380672454833984 
39, -2.7907605171203613, 0.02240777015686035, 0.009083271026611328, 0.011479854583740234 
40, -2.8367137908935547, 0.022660493850708008, 0.009197235107421875, 0.011657953262329102 
41, -2.881985664367676, 0.022838115692138672, 0.009312868118286133, 0.011667251586914062 
42, -2.926581621170044, 0.02358222007751465, 0.009350299835205078, 0.01233053207397461 
43, -2.9705066680908203, 0.022516489028930664, 0.009222269058227539, 0.01139688491821289 
44, -3.01377010345459, 0.0229489803314209, 0.009406089782714844, 0.011675596237182617 
45, -3.056375026702881, 0.022162675857543945, 0.009216785430908203, 0.011239767074584961 
46, -3.0983285903930664, 0.021887540817260742, 0.008953332901000977, 0.011225223541259766 
47, -3.1396379470825195, 0.022154569625854492, 0.009018421173095703, 0.011457681655883789 
48, -3.1803078651428223, 0.022408008575439453, 0.009096145629882812, 0.011447906494140625 
49, -3.220344066619873, 0.02296900749206543, 0.009384870529174805, 0.011677742004394531 
50, -3.259756565093994, 0.02276444435119629, 0.009370088577270508, 0.011531352996826172 
51, -3.2985496520996094, 0.023212432861328125, 0.009398460388183594, 0.011940240859985352 
52, -3.336730480194092, 0.02317523956298828, 0.009441375732421875, 0.011783599853515625 
53, -3.3743042945861816, 0.02286672592163086, 0.009501457214355469, 0.011661529541015625 
54, -3.41127872467041, 0.022223472595214844, 0.009064435958862305, 0.011445999145507812 
55, -3.4476613998413086, 0.02208709716796875, 0.009093046188354492, 0.011186838150024414 
56, -3.4834556579589844, 0.02264857292175293, 0.009183168411254883, 0.011598348617553711 
57, -3.518672466278076, 0.02276611328125, 0.009403228759765625, 0.011574029922485352 
58, -3.553314447402954, 0.023396730422973633, 0.009479761123657227, 0.01203465461730957 
59, -3.5873923301696777, 0.023163557052612305, 0.009283781051635742, 0.011888742446899414 
60, -3.6209092140197754, 0.023147106170654297, 0.009698629379272461, 0.011619329452514648 
61, -3.6538753509521484, 0.022956132888793945, 0.009392976760864258, 0.011691093444824219 
62, -3.686295509338379, 0.022441625595092773, 0.009187459945678711, 0.011485815048217773 
63, -3.71817684173584, 0.02232217788696289, 0.009003639221191406, 0.01144719123840332 
64, -3.749526023864746, 0.023053884506225586, 0.009464025497436523, 0.01183319091796875 
65, -3.780348062515259, 0.022945165634155273, 0.00930166244506836, 0.011682510375976562 
66, -3.810654640197754, 0.02317357063293457, 0.009768486022949219, 0.011670351028442383 
67, -3.840449333190918, 0.02283620834350586, 0.0092315673828125, 0.011766433715820312 
68, -3.8697381019592285, 0.022527217864990234, 0.009218454360961914, 0.011475563049316406 
69, -3.898529291152954, 0.022147655487060547, 0.009110450744628906, 0.011234283447265625 
70, -3.9268314838409424, 0.022431135177612305, 0.009123563766479492, 0.011521339416503906 
71, -3.954648494720459, 0.02209949493408203, 0.009126901626586914, 0.011293888092041016 
72, -3.9819889068603516, 0.022359371185302734, 0.008983373641967773, 0.011500120162963867 
73, -4.008857250213623, 0.022605180740356445, 0.009216070175170898, 0.011503458023071289 
74, -4.035262107849121, 0.0226132869720459, 0.009236574172973633, 0.011553049087524414 
75, -4.061209201812744, 0.023212194442749023, 0.00959014892578125, 0.011862516403198242 
76, -4.086705684661865, 0.022591590881347656, 0.009095191955566406, 0.011615514755249023 
77, -4.111757755279541, 0.02305150032043457, 0.009420633316040039, 0.011756420135498047 
78, -4.136372089385986, 0.022504329681396484, 0.009304523468017578, 0.011300086975097656 
79, -4.1605544090271, 0.022616863250732422, 0.009319782257080078, 0.011434078216552734 
80, -4.1843132972717285, 0.022714853286743164, 0.009232044219970703, 0.011590719223022461 
81, -4.207653045654297, 0.023142099380493164, 0.009540796279907227, 0.011816263198852539 
82, -4.230580806732178, 0.023812294006347656, 0.009723901748657227, 0.012193679809570312 
83, -4.253102779388428, 0.023466110229492188, 0.009527921676635742, 0.011997461318969727 
84, -4.27522611618042, 0.024039745330810547, 0.01013040542602539, 0.012036800384521484 
85, -4.296955108642578, 0.022782087326049805, 0.009332656860351562, 0.011566162109375 
86, -4.318295955657959, 0.0222475528717041, 0.009207963943481445, 0.01123666763305664 
87, -4.339253902435303, 0.022287845611572266, 0.008891582489013672, 0.011514425277709961 
88, -4.359835624694824, 0.022352218627929688, 0.009197235107421875, 0.011415243148803711 
89, -4.38004732131958, 0.023431777954101562, 0.009508132934570312, 0.012023687362670898 
90, -4.399894714355469, 0.022599458694458008, 0.009163618087768555, 0.01153564453125 
91, -4.4193830490112305, 0.022443294525146484, 0.009243011474609375, 0.011389493942260742 
92, -4.4385175704956055, 0.022622108459472656, 0.009225130081176758, 0.01152491569519043 
93, -4.457301139831543, 0.022147178649902344, 0.009149312973022461, 0.011208534240722656 
94, -4.475741386413574, 0.022103548049926758, 0.009157896041870117, 0.011239767074584961 
95, -4.493843078613281, 0.02155756950378418, 0.008875370025634766, 0.011079549789428711 
96, -4.51161003112793, 0.022013425827026367, 0.008881330490112305, 0.011284112930297852 
97, -4.529049873352051, 0.022493839263916016, 0.009190082550048828, 0.011480093002319336 
98, -4.546165943145752, 0.02296757698059082, 0.009165287017822266, 0.01187753677368164 
99, -4.562962532043457, 0.02281808853149414, 0.009578704833984375, 0.011273860931396484 
100, -4.579442977905273, 0.02270197868347168, 0.009238958358764648, 0.011598587036132812 
101, -4.595613479614258, 0.021975278854370117, 0.009177923202514648, 0.011194467544555664 
102, -4.611476898193359, 0.02136087417602539, 0.00874948501586914, 0.011062145233154297 
103, -4.627039909362793, 0.021758317947387695, 0.008829116821289062, 0.011245489120483398 
104, -4.642305374145508, 0.021903038024902344, 0.008840084075927734, 0.011247634887695312 
105, -4.657276153564453, 0.022799015045166016, 0.009300470352172852, 0.011706829071044922 
106, -4.671958923339844, 0.02338695526123047, 0.009418725967407227, 0.012076377868652344 
107, -4.686356067657471, 0.02294445037841797, 0.009393453598022461, 0.011649370193481445 
108, -4.700469970703125, 0.023494958877563477, 0.009496212005615234, 0.012079715728759766 
109, -4.7143073081970215, 0.022822141647338867, 0.009357213973999023, 0.011571168899536133 
110, -4.727870941162109, 0.02286553382873535, 0.00941324234008789, 0.011680126190185547 
111, -4.7411651611328125, 0.022577524185180664, 0.009160995483398438, 0.011542320251464844 
112, -4.754195213317871, 0.02282428741455078, 0.009269475936889648, 0.011680126190185547 
113, -4.76696252822876, 0.02319169044494629, 0.009613275527954102, 0.011736869812011719 
114, -4.779473304748535, 0.022540807723999023, 0.009090662002563477, 0.011590242385864258 
115, -4.7917280197143555, 0.02212071418762207, 0.009095191955566406, 0.011289596557617188 
116, -4.803732872009277, 0.022008895874023438, 0.009027957916259766, 0.01118779182434082 
117, -4.81549072265625, 0.022539615631103516, 0.00929403305053711, 0.011417388916015625 
118, -4.827005863189697, 0.022246122360229492, 0.00892496109008789, 0.011485815048217773 
119, -4.838281631469727, 0.02218341827392578, 0.009123802185058594, 0.011398792266845703 
120, -4.849322319030762, 0.022875070571899414, 0.009126663208007812, 0.011824369430541992 
121, -4.8601274490356445, 0.022752046585083008, 0.009355545043945312, 0.011476516723632812 
122, -4.87070369720459, 0.02350330352783203, 0.009458780288696289, 0.012155532836914062 
123, -4.881054878234863, 0.02254629135131836, 0.00926065444946289, 0.011508464813232422 
124, -4.891182899475098, 0.022893428802490234, 0.009371280670166016, 0.011619091033935547 
125, -4.901091575622559, 0.022654056549072266, 0.009299993515014648, 0.011562347412109375 
126, -4.910783290863037, 0.02215099334716797, 0.009129524230957031, 0.011317729949951172 
127, -4.920262336730957, 0.022334814071655273, 0.009087324142456055, 0.01142573356628418 
128, -4.929531097412109, 0.02285146713256836, 0.009194374084472656, 0.011806488037109375 
129, -4.938591003417969, 0.02274942398071289, 0.009293079376220703, 0.011655092239379883 
130, -4.947450160980225, 0.02353048324584961, 0.00940704345703125, 0.01222372055053711 
131, -4.9561052322387695, 0.023138999938964844, 0.009468793869018555, 0.011791229248046875 
132, -4.964564323425293, 0.023529052734375, 0.009485721588134766, 0.012079954147338867 
133, -4.972825050354004, 0.023252248764038086, 0.009662866592407227, 0.011647701263427734 
134, -4.980895042419434, 0.023082494735717773, 0.009435892105102539, 0.011795759201049805 
135, -4.988771438598633, 0.0228421688079834, 0.009357213973999023, 0.011607885360717773 
136, -4.996459484100342, 0.023379087448120117, 0.009378194808959961, 0.012116432189941406 
137, -5.003961086273193, 0.022672653198242188, 0.009346485137939453, 0.011467933654785156 
138, -5.011277675628662, 0.02286696434020996, 0.009471654891967773, 0.011548995971679688 
139, -5.0184125900268555, 0.022054195404052734, 0.00904536247253418, 0.011304378509521484 
140, -5.025367736816406, 0.022395610809326172, 0.009011507034301758, 0.011542081832885742 
141, -5.032144546508789, 0.021991491317749023, 0.009102821350097656, 0.011238574981689453 
142, -5.0387468338012695, 0.02169942855834961, 0.008801698684692383, 0.011210203170776367 
143, -5.045173645019531, 0.021977901458740234, 0.008998394012451172, 0.01129007339477539 
144, -5.051433563232422, 0.02261185646057129, 0.009142875671386719, 0.011523008346557617 
145, -5.057520866394043, 0.023209333419799805, 0.009516000747680664, 0.011839628219604492 
146, -5.063441276550293, 0.023109912872314453, 0.009604692459106445, 0.011763572692871094 
147, -5.06919527053833, 0.022826433181762695, 0.009141206741333008, 0.011748790740966797 
148, -5.074789524078369, 0.0227203369140625, 0.009374856948852539, 0.011514902114868164 
149, -5.080218315124512, 0.022281885147094727, 0.009071111679077148, 0.011381864547729492 
150, -5.085491180419922, 0.022289037704467773, 0.009135723114013672, 0.011344671249389648 
151, -5.090605735778809, 0.02227926254272461, 0.009086370468139648, 0.011346101760864258 
152, -5.0955657958984375, 0.022722482681274414, 0.009270668029785156, 0.011610984802246094 
153, -5.100369930267334, 0.02288365364074707, 0.009279251098632812, 0.01168680191040039 
154, -5.1050238609313965, 0.027256011962890625, 0.009549617767333984, 0.015832185745239258 
155, -5.109527111053467, 0.02330756187438965, 0.009415149688720703, 0.011947154998779297 
156, -5.113885879516602, 0.023588895797729492, 0.009656906127929688, 0.012000799179077148 
157, -5.118099212646484, 0.022655248641967773, 0.009264230728149414, 0.011482954025268555 
158, -5.12216854095459, 0.02291274070739746, 0.009445667266845703, 0.011716604232788086 
159, -5.126101016998291, 0.023049354553222656, 0.009329557418823242, 0.011740446090698242 
160, -5.129897594451904, 0.02323460578918457, 0.00966644287109375, 0.011790275573730469 
161, -5.133559226989746, 0.0229036808013916, 0.009414911270141602, 0.011621236801147461 
162, -5.137089252471924, 0.022617578506469727, 0.009231090545654297, 0.011553287506103516 
163, -5.1404876708984375, 0.02226543426513672, 0.009170293807983398, 0.011338233947753906 
164, -5.143760681152344, 0.022829532623291016, 0.009270668029785156, 0.011627435684204102 
165, -5.146909713745117, 0.02250504493713379, 0.009169816970825195, 0.011439085006713867 
166, -5.149935722351074, 0.02243804931640625, 0.009299278259277344, 0.011399984359741211 
167, -5.1528425216674805, 0.02263617515563965, 0.00914621353149414, 0.01163029670715332 
168, -5.155632972717285, 0.02297067642211914, 0.009444236755371094, 0.011643409729003906 
169, -5.1583099365234375, 0.023359060287475586, 0.009415626525878906, 0.012006282806396484 
170, -5.160876274108887, 0.02253556251525879, 0.009325742721557617, 0.011408567428588867 
171, -5.163335800170898, 0.02249765396118164, 0.009323835372924805, 0.011352062225341797 
172, -5.1656904220581055, 0.02231907844543457, 0.008957862854003906, 0.011452674865722656 
173, -5.167943954467773, 0.02187800407409668, 0.009000539779663086, 0.011161088943481445 
174, -5.170096397399902, 0.02173590660095215, 0.008913040161132812, 0.011090517044067383 
175, -5.172153472900391, 0.022189855575561523, 0.009006500244140625, 0.011335134506225586 
176, -5.174117088317871, 0.02235579490661621, 0.009171247482299805, 0.011434316635131836 
177, -5.175987720489502, 0.022484540939331055, 0.009238004684448242, 0.011397123336791992 
178, -5.17777156829834, 0.023617029190063477, 0.009636163711547852, 0.012091636657714844 
179, -5.179466247558594, 0.022766828536987305, 0.009164810180664062, 0.011694908142089844 
180, -5.181080341339111, 0.023194074630737305, 0.009339570999145508, 0.011963605880737305 
181, -5.182613372802734, 0.022987842559814453, 0.009600639343261719, 0.011423110961914062 
182, -5.184069633483887, 0.023181438446044922, 0.009594917297363281, 0.011718273162841797 
183, -5.185449600219727, 0.023571252822875977, 0.00955510139465332, 0.012125968933105469 
184, -5.186758995056152, 0.022624492645263672, 0.009236812591552734, 0.01151585578918457 
185, -5.187995910644531, 0.0223391056060791, 0.009201765060424805, 0.011313199996948242 
186, -5.189167022705078, 0.022410869598388672, 0.009070634841918945, 0.011524677276611328 
187, -5.190272331237793, 0.022002458572387695, 0.009083271026611328, 0.011224985122680664 
188, -5.191315174102783, 0.022971153259277344, 0.009222269058227539, 0.011820077896118164 
189, -5.192296028137207, 0.02261066436767578, 0.009286880493164062, 0.011484861373901367 
190, -5.1932172775268555, 0.02245163917541504, 0.009272098541259766, 0.011371612548828125 
191, -5.194080352783203, 0.02295851707458496, 0.009238481521606445, 0.011780738830566406 
192, -5.19489049911499, 0.02321910858154297, 0.009599447250366211, 0.011689901351928711 
193, -5.195645809173584, 0.023718595504760742, 0.009688138961791992, 0.012180089950561523 
194, -5.196351051330566, 0.022728443145751953, 0.00923013687133789, 0.01172637939453125 
195, -5.197007179260254, 0.022947072982788086, 0.009345054626464844, 0.01170206069946289 
196, -5.197612762451172, 0.022328853607177734, 0.009244441986083984, 0.011307954788208008 
197, -5.198173999786377, 0.022104978561401367, 0.008933782577514648, 0.011420011520385742 
198, -5.198691368103027, 0.022287845611572266, 0.009059667587280273, 0.011474370956420898 
199, -5.199164390563965, 0.02220773696899414, 0.009048700332641602, 0.011303901672363281 
200, -5.199597358703613, 0.023256778717041016, 0.009590625762939453, 0.011792421340942383 
201, -5.199990272521973, 0.0228879451751709, 0.009367227554321289, 0.011724710464477539 
202, -5.2003493309021, 0.023494958877563477, 0.009534597396850586, 0.012192726135253906 
203, -5.200671195983887, 0.023491859436035156, 0.009462833404541016, 0.0121002197265625 
204, -5.200963020324707, 0.03519868850708008, 0.009442329406738281, 0.012501955032348633 
205, -5.201225280761719, 0.04835081100463867, 0.03426814079284668, 0.01227879524230957 
206, -5.201455116271973, 0.022883176803588867, 0.00919032096862793, 0.011841773986816406 
207, -5.201658725738525, 0.022385835647583008, 0.009290933609008789, 0.011400938034057617 
208, -5.201839447021484, 0.021822452545166016, 0.008969783782958984, 0.011111974716186523 
209, -5.201995849609375, 0.022266149520874023, 0.009024620056152344, 0.01140141487121582 
210, -5.202132225036621, 0.0220949649810791, 0.009299993515014648, 0.011155128479003906 
211, -5.202251434326172, 0.021810531616210938, 0.00896453857421875, 0.011119842529296875 
212, -5.20235538482666, 0.0217897891998291, 0.008898258209228516, 0.011171817779541016 
213, -5.2024431228637695, 0.022306203842163086, 0.00896143913269043, 0.01146388053894043 
214, -5.202519416809082, 0.022979259490966797, 0.009317159652709961, 0.011749982833862305 
215, -5.202582359313965, 0.02356576919555664, 0.009577751159667969, 0.012052059173583984 
216, -5.202637672424316, 0.022708415985107422, 0.00927114486694336, 0.011563777923583984 
217, -5.202686309814453, 0.022679805755615234, 0.009219646453857422, 0.01152944564819336 
218, -5.202723979949951, 0.022595882415771484, 0.009354829788208008, 0.011557579040527344 
219, -5.202741622924805, 0.022049903869628906, 0.008950233459472656, 0.011245489120483398 
220, -5.202763080596924, 0.021980762481689453, 0.009113788604736328, 0.011156797409057617 
221, -5.202766418457031, 0.021712779998779297, 0.008873462677001953, 0.011173486709594727 
222, -5.202771186828613, 0.022426128387451172, 0.00921320915222168, 0.011340618133544922 
223, -5.202761650085449, 0.02253556251525879, 0.009304523468017578, 0.01138615608215332 
224, -5.202757835388184, 0.02291393280029297, 0.00917363166809082, 0.011777400970458984 
225, -5.2027506828308105, 0.023084402084350586, 0.00963592529296875, 0.011530637741088867 
226, -5.202736854553223, 0.02338409423828125, 0.009584426879882812, 0.011910438537597656 
227, -5.202733039855957, 0.0238950252532959, 0.009610176086425781, 0.012391328811645508 
228, -5.2027177810668945, 0.023076534271240234, 0.009331464767456055, 0.011766433715820312 
229, -5.202715873718262, 0.023526430130004883, 0.009856462478637695, 0.011726856231689453 
230, -5.202733039855957, 0.022964000701904297, 0.009522438049316406, 0.01156759262084961 
231, -5.202733516693115, 0.02252364158630371, 0.009353876113891602, 0.011333703994750977 
232, -5.2027387619018555, 0.02202892303466797, 0.009125709533691406, 0.011145353317260742 
233, -5.202747344970703, 0.022118568420410156, 0.009034156799316406, 0.01137685775756836 
234, -5.202757358551025, 0.0219113826751709, 0.00898289680480957, 0.011178016662597656 
235, -5.202767372131348, 0.022093534469604492, 0.009020090103149414, 0.011269807815551758 
236, -5.202777862548828, 0.02206730842590332, 0.00894474983215332, 0.011329174041748047 
237, -5.202786922454834, 0.02265024185180664, 0.009168148040771484, 0.01167154312133789 
238, -5.202781677246094, 0.02289724349975586, 0.009318113327026367, 0.011658191680908203 
239, -5.202779769897461, 0.022927284240722656, 0.00955057144165039, 0.011530637741088867 
240, -5.202786922454834, 0.022548437118530273, 0.009198904037475586, 0.011655569076538086 
241, -5.202788829803467, 0.022292137145996094, 0.009116172790527344, 0.011305809020996094 
242, -5.202792167663574, 0.022591114044189453, 0.00914311408996582, 0.011562108993530273 
243, -5.202786445617676, 0.022066116333007812, 0.009170770645141602, 0.011171579360961914 
244, -5.202794075012207, 0.022147417068481445, 0.009059906005859375, 0.011249065399169922 
245, -5.202801704406738, 0.022083044052124023, 0.009037017822265625, 0.011232852935791016 
246, -5.202795028686523, 0.02252793312072754, 0.009219884872436523, 0.011458396911621094 
247, -5.202794551849365, 0.022780895233154297, 0.009333372116088867, 0.011668920516967773 
248, -5.202798366546631, 0.0228726863861084, 0.00922083854675293, 0.011657238006591797 
249, -5.202801704406738, 0.023594141006469727, 0.009834051132202148, 0.011876344680786133 
250, -5.202790260314941, 0.023197650909423828, 0.009606361389160156, 0.011793375015258789 
251, -5.202781677246094, 0.023472309112548828, 0.009465932846069336, 0.012115240097045898 
252, -5.202788352966309, 0.02348637580871582, 0.009592533111572266, 0.011995077133178711 
253, -5.202789306640625, 0.02294325828552246, 0.009432077407836914, 0.011604547500610352 
254, -5.2027907371521, 0.026770353317260742, 0.013602972030639648, 0.01144719123840332 
255, -5.202792644500732, 0.022392749786376953, 0.009198188781738281, 0.011368751525878906 
256, -5.202793598175049, 0.02228069305419922, 0.009050846099853516, 0.011328935623168945 
257, -5.2027997970581055, 0.022608041763305664, 0.00931859016418457, 0.011558771133422852 
258, -5.202793121337891, 0.02247905731201172, 0.009055137634277344, 0.011566877365112305 
259, -5.202792644500732, 0.022267580032348633, 0.00908660888671875, 0.011353492736816406 
260, -5.202801704406738, 0.022753477096557617, 0.009256839752197266, 0.011688709259033203 
261, -5.2027997970581055, 0.022787094116210938, 0.009278297424316406, 0.011647939682006836 
262, -5.202798843383789, 0.02376532554626465, 0.009554386138916016, 0.012331724166870117 
263, -5.202796936035156, 0.0227205753326416, 0.009233713150024414, 0.011614799499511719 
264, -5.20279598236084, 0.022539377212524414, 0.009339332580566406, 0.0114288330078125 
265, -5.202800750732422, 0.022799968719482422, 0.009385347366333008, 0.011530876159667969 
266, -5.202799320220947, 0.022664546966552734, 0.009257793426513672, 0.011554479598999023 
267, -5.202801704406738, 0.022281169891357422, 0.009202957153320312, 0.011296272277832031 
268, -5.202795028686523, 0.022019386291503906, 0.009096384048461914, 0.011221885681152344 
269, -5.202791213989258, 0.022028207778930664, 0.00885152816772461, 0.011286497116088867 
270, -5.202798843383789, 0.022675752639770508, 0.009246826171875, 0.011614084243774414 
271, -5.202800750732422, 0.022639751434326172, 0.009247303009033203, 0.011566877365112305 
272, -5.2028045654296875, 0.023188114166259766, 0.009283065795898438, 0.01195526123046875 
273, -5.2028045654296875, 0.02372431755065918, 0.009745359420776367, 0.012043476104736328 
274, -5.202796936035156, 0.023465871810913086, 0.009685277938842773, 0.011820554733276367 
275, -5.202797889709473, 0.024605512619018555, 0.009711742401123047, 0.012960672378540039 
276, -5.202798366546631, 0.02343440055847168, 0.009731054306030273, 0.011709213256835938 
277, -5.20279598236084, 0.02326488494873047, 0.009748458862304688, 0.011644601821899414 
278, -5.202788352966309, 0.022288799285888672, 0.009241104125976562, 0.011245250701904297 
279, -5.202791213989258, 0.022176504135131836, 0.009104251861572266, 0.011297941207885742 
280, -5.202795028686523, 0.022265195846557617, 0.009221315383911133, 0.011290550231933594 
281, -5.202792644500732, 0.02275562286376953, 0.009089231491088867, 0.011757135391235352 
282, -5.2027974128723145, 0.02248215675354004, 0.009278297424316406, 0.011378288269042969 
283, -5.202803611755371, 0.02257537841796875, 0.00921487808227539, 0.01150369644165039 
284, -5.202800750732422, 0.022989749908447266, 0.009379863739013672, 0.011701822280883789 
285, -5.202796936035156, 0.02320408821105957, 0.00949859619140625, 0.011814355850219727 
286, -5.202797889709473, 0.023556232452392578, 0.00994563102722168, 0.011754512786865234 
287, -5.202798843383789, 0.022979259490966797, 0.009402751922607422, 0.011717796325683594 
288, -5.202797889709473, 0.022578954696655273, 0.009254932403564453, 0.011634111404418945 
289, -5.202801704406738, 0.022312402725219727, 0.009042024612426758, 0.011420488357543945 
290, -5.202803611755371, 0.022573232650756836, 0.009222984313964844, 0.011497974395751953 
291, -5.2027997970581055, 0.022141695022583008, 0.009112119674682617, 0.01136159896850586 
292, -5.202798843383789, 0.02247929573059082, 0.009096860885620117, 0.011486291885375977 
293, -5.202803611755371, 0.02216625213623047, 0.009192466735839844, 0.01127314567565918 
294, -5.20280647277832, 0.022143840789794922, 0.008925437927246094, 0.011484146118164062 
295, -5.202803611755371, 0.022855520248413086, 0.009284257888793945, 0.011607646942138672 
296, -5.202803134918213, 0.023285865783691406, 0.009313106536865234, 0.012016057968139648 
297, -5.20280647277832, 0.023568391799926758, 0.009660482406616211, 0.012034893035888672 
298, -5.202804088592529, 0.023571252822875977, 0.009652853012084961, 0.01197052001953125 
299, -5.202796936035156, 0.024107933044433594, 0.009877443313598633, 0.012262105941772461 
300, -5.202797889709473, 0.023182153701782227, 0.009515523910522461, 0.011790752410888672 
301, -5.202798843383789, 0.02328181266784668, 0.009631872177124023, 0.011894464492797852 
302, -5.202794551849365, 0.022623062133789062, 0.009187936782836914, 0.011545181274414062 
303, -5.202798843383789, 0.022223472595214844, 0.009212970733642578, 0.011327505111694336 
304, -5.2027997970581055, 0.054634809494018555, 0.020315170288085938, 0.03261709213256836 
305, -5.202796459197998, 0.0221710205078125, 0.009053230285644531, 0.011313915252685547 
306, -5.202800273895264, 0.022562026977539062, 0.00923609733581543, 0.011577606201171875 
307, -5.202795505523682, 0.02276468276977539, 0.009217023849487305, 0.011560440063476562 
308, -5.202788829803467, 0.023517370223999023, 0.009906530380249023, 0.011695384979248047 
309, -5.202791213989258, 0.022609472274780273, 0.009238004684448242, 0.01159811019897461 
310, -5.202792644500732, 0.02242588996887207, 0.009172916412353516, 0.011397600173950195 
311, -5.202797889709473, 0.022650957107543945, 0.009345769882202148, 0.011458396911621094 
312, -5.202798843383789, 0.022356271743774414, 0.009029388427734375, 0.011544942855834961 
313, -5.202803134918213, 0.021868228912353516, 0.009064435958862305, 0.011199474334716797 
314, -5.2028045654296875, 0.02166295051574707, 0.008837699890136719, 0.011116981506347656 
315, -5.202802658081055, 0.021895170211791992, 0.008948326110839844, 0.011248588562011719 
316, -5.2028045654296875, 0.02173638343811035, 0.008881807327270508, 0.011116743087768555 
317, -5.202801704406738, 0.022417545318603516, 0.009087800979614258, 0.0114898681640625 
318, -5.202798843383789, 0.022324323654174805, 0.009139537811279297, 0.011349678039550781 
319, -5.202800273895264, 0.023401260375976562, 0.009646177291870117, 0.012024641036987305 
320, -5.202793121337891, 0.02293086051940918, 0.009194612503051758, 0.011835575103759766 
321, -5.20278787612915, 0.023529529571533203, 0.009569168090820312, 0.012075662612915039 
322, -5.202793121337891, 0.023430347442626953, 0.0094146728515625, 0.012133598327636719 
323, -5.202792167663574, 0.022914409637451172, 0.009417295455932617, 0.011554718017578125 
324, -5.202795028686523, 0.023047924041748047, 0.009547710418701172, 0.011634349822998047 
325, -5.202798843383789, 0.02218484878540039, 0.009068965911865234, 0.01134181022644043 
326, -5.202795028686523, 0.022264719009399414, 0.00905156135559082, 0.011369466781616211 
327, -5.202801704406738, 0.022516250610351562, 0.009130239486694336, 0.011523962020874023 
328, -5.2028021812438965, 0.02232646942138672, 0.009217262268066406, 0.01131439208984375 
329, -5.202794551849365, 0.02394413948059082, 0.010845422744750977, 0.011369705200195312 
330, -5.202796459197998, 0.022841930389404297, 0.009255647659301758, 0.011656045913696289 
331, -5.202800273895264, 0.023327112197875977, 0.009490966796875, 0.011885643005371094 
332, -5.20279598236084, 0.023063182830810547, 0.009677886962890625, 0.011643171310424805 
333, -5.202797889709473, 0.022658824920654297, 0.0091705322265625, 0.01164555549621582 
334, -5.202802658081055, 0.022520065307617188, 0.009196043014526367, 0.011486053466796875 
335, -5.202796936035156, 0.022481679916381836, 0.009073972702026367, 0.011570930480957031 
336, -5.20280647277832, 0.022380828857421875, 0.009305953979492188, 0.011379480361938477 
337, -5.202805995941162, 0.02253437042236328, 0.009252786636352539, 0.011417388916015625 
338, -5.2027997970581055, 0.02253580093383789, 0.009223222732543945, 0.011405467987060547 
339, -5.202803611755371, 0.023006200790405273, 0.009426593780517578, 0.011806011199951172 
340, -5.202802658081055, 0.0229337215423584, 0.009284496307373047, 0.011736392974853516 
341, -5.202803134918213, 0.02273249626159668, 0.009285449981689453, 0.01154184341430664 
342, -5.202794075012207, 0.02268815040588379, 0.009236812591552734, 0.011581897735595703 
343, -5.202792167663574, 0.023807525634765625, 0.009682416915893555, 0.012211322784423828 
344, -5.202801704406738, 0.023473501205444336, 0.009445428848266602, 0.012067079544067383 
345, -5.20280647277832, 0.02357006072998047, 0.009839534759521484, 0.011870622634887695 
346, -5.202810764312744, 0.02386760711669922, 0.009685993194580078, 0.012137889862060547 
347, -5.202812194824219, 0.023298978805541992, 0.009708166122436523, 0.011664390563964844 
348, -5.202812194824219, 0.02263355255126953, 0.009433269500732422, 0.01147603988647461 
349, -5.202811241149902, 0.022059917449951172, 0.00899362564086914, 0.011223077774047852 
350, -5.202807426452637, 0.021970748901367188, 0.009031057357788086, 0.011204957962036133 
351, -5.202802658081055, 0.02214789390563965, 0.008881330490112305, 0.011382102966308594 
352, -5.202803611755371, 0.022335290908813477, 0.00913381576538086, 0.01135110855102539 
353, -5.202803611755371, 0.02233600616455078, 0.009042501449584961, 0.011396408081054688 
354, -5.202801704406738, 0.02284383773803711, 0.009265899658203125, 0.011728763580322266 
355, -5.202801704406738, 0.02331399917602539, 0.009318113327026367, 0.01205754280090332 
356, -5.202801704406738, 0.022609233856201172, 0.009396553039550781, 0.011314868927001953 
357, -5.202803134918213, 0.02260279655456543, 0.009508132934570312, 0.011382579803466797 
358, -5.202801704406738, 0.022078752517700195, 0.008973121643066406, 0.011284828186035156 
359, -5.2028021812438965, 0.02243781089782715, 0.00926518440246582, 0.011379003524780273 
360, -5.202803611755371, 0.021767139434814453, 0.008878231048583984, 0.011184930801391602 
361, -5.202797889709473, 0.021728515625, 0.008962154388427734, 0.011111021041870117 
362, -5.202798366546631, 0.021979331970214844, 0.009015321731567383, 0.011156082153320312 
363, -5.202797889709473, 0.022448062896728516, 0.00905466079711914, 0.011492490768432617 
364, -5.2027974128723145, 0.02231621742248535, 0.009253501892089844, 0.011209726333618164 
365, -5.202804088592529, 0.0226137638092041, 0.009290933609008789, 0.011439800262451172 
366, -5.202796936035156, 0.023103952407836914, 0.009366273880004883, 0.011796712875366211 
367, -5.20279598236084, 0.023879051208496094, 0.009596586227416992, 0.012365102767944336 
368, -5.202800750732422, 0.023676633834838867, 0.009464263916015625, 0.01229095458984375 
369, -5.202798366546631, 0.023378849029541016, 0.009534597396850586, 0.011953353881835938 
370, -5.202800750732422, 0.02341008186340332, 0.009712934494018555, 0.011767387390136719 
371, -5.2027974128723145, 0.023406505584716797, 0.009802818298339844, 0.011737823486328125 
372, -5.202795028686523, 0.022829532623291016, 0.009368419647216797, 0.011626243591308594 
373, -5.202805519104004, 0.022232770919799805, 0.009162187576293945, 0.01137852668762207 
374, -5.202802658081055, 0.022437572479248047, 0.009125232696533203, 0.011423587799072266 
375, -5.2028045654296875, 0.022574424743652344, 0.009403228759765625, 0.011397361755371094 
376, -5.202808380126953, 0.022094249725341797, 0.009027242660522461, 0.011380672454833984 
377, -5.20280647277832, 0.022507429122924805, 0.009134769439697266, 0.011504888534545898 
378, -5.202803134918213, 0.022753000259399414, 0.00933074951171875, 0.011580467224121094 
379, -5.202810287475586, 0.023455381393432617, 0.009582042694091797, 0.012079000473022461 
380, -5.2028021812438965, 0.022939682006835938, 0.009333372116088867, 0.011704444885253906 
381, -5.202803611755371, 0.022777557373046875, 0.009373903274536133, 0.011542558670043945 
382, -5.2028069496154785, 0.02249455451965332, 0.009100198745727539, 0.011562347412109375 
383, -5.202800750732422, 0.02282118797302246, 0.009357690811157227, 0.011672496795654297 
384, -5.2027997970581055, 0.02242875099182129, 0.009120702743530273, 0.01149749755859375 
385, -5.202805519104004, 0.022178173065185547, 0.00921010971069336, 0.011247873306274414 
386, -5.2028069496154785, 0.022009611129760742, 0.008939981460571289, 0.011213064193725586 
387, -5.202804088592529, 0.022627830505371094, 0.009382963180541992, 0.011478185653686523 
388, -5.202805519104004, 0.021691322326660156, 0.008941888809204102, 0.011141061782836914 
389, -5.202801704406738, 0.02206730842590332, 0.00882720947265625, 0.01135563850402832 
390, -5.2027997970581055, 0.02282428741455078, 0.009420633316040039, 0.011542081832885742 
391, -5.202800750732422, 0.023561716079711914, 0.009334087371826172, 0.012213706970214844 
392, -5.202801704406738, 0.0235745906829834, 0.00993204116821289, 0.011740684509277344 
393, -5.202800273895264, 0.023236513137817383, 0.009516239166259766, 0.011787891387939453 
394, -5.2028045654296875, 0.023142337799072266, 0.009447813034057617, 0.011797904968261719 
395, -5.202805519104004, 0.023426055908203125, 0.009721040725708008, 0.011882543563842773 
396, -5.202807426452637, 0.02269458770751953, 0.009256839752197266, 0.01174163818359375 
397, -5.2028045654296875, 0.022038698196411133, 0.009029626846313477, 0.011285543441772461 
398, -5.202801704406738, 0.021936893463134766, 0.009004354476928711, 0.011197090148925781 
399, -5.2027997970581055, 0.02171635627746582, 0.008923768997192383, 0.011120080947875977 
400, -5.202796936035156, 0.02216362953186035, 0.00897979736328125, 0.011414051055908203 
401, -5.20279598236084, 0.022678136825561523, 0.009246587753295898, 0.011541604995727539 
402, -5.202798843383789, 0.022937536239624023, 0.009314298629760742, 0.011665582656860352 
403, -5.202793121337891, 0.023415088653564453, 0.009901285171508789, 0.011757135391235352 
404, -5.202793121337891, 0.02268505096435547, 0.009183168411254883, 0.011646270751953125 
405, -5.202796936035156, 0.02254652976989746, 0.009251117706298828, 0.011506795883178711 
406, -5.20279598236084, 0.02223515510559082, 0.009111642837524414, 0.011339426040649414 
407, -5.2027997970581055, 0.02231884002685547, 0.009052515029907227, 0.011532783508300781 
408, -5.2027997970581055, 0.02243208885192871, 0.009207725524902344, 0.011371135711669922 
409, -5.202795505523682, 0.022505521774291992, 0.00919032096862793, 0.011475086212158203 
410, -5.202798843383789, 0.022320032119750977, 0.009164810180664062, 0.011361122131347656 
411, -5.20280647277832, 0.022844791412353516, 0.009317636489868164, 0.011652231216430664 
412, -5.202793598175049, 0.022518396377563477, 0.009229421615600586, 0.011404991149902344 
413, -5.202786445617676, 0.022818803787231445, 0.00911855697631836, 0.011796712875366211 
414, -5.202796936035156, 0.02319812774658203, 0.00969243049621582, 0.011824607849121094 
415, -5.202801704406738, 0.023968935012817383, 0.009610414505004883, 0.012383699417114258 
416, -5.202796936035156, 0.02296924591064453, 0.009512662887573242, 0.011476993560791016 
417, -5.202795505523682, 0.023201465606689453, 0.009578943252563477, 0.011790275573730469 
418, -5.202795028686523, 0.023115158081054688, 0.00940084457397461, 0.01188969612121582 
419, -5.202794551849365, 0.023859739303588867, 0.009622812271118164, 0.012313127517700195 
420, -5.2027997970581055, 0.02289271354675293, 0.009345769882202148, 0.01166534423828125 
421, -5.202803611755371, 0.053505659103393555, 0.039969444274902344, 0.011835813522338867 
422, -5.20280647277832, 0.022158384323120117, 0.00905919075012207, 0.011315584182739258 
423, -5.2028093338012695, 0.02245497703552246, 0.009128808975219727, 0.011549711227416992 
424, -5.2028045654296875, 0.022580385208129883, 0.009183645248413086, 0.011522293090820312 
425, -5.202802658081055, 0.02342081069946289, 0.009643793106079102, 0.011929512023925781 
426, -5.202803611755371, 0.02237391471862793, 0.009027481079101562, 0.011586904525756836 
427, -5.20280647277832, 0.022072553634643555, 0.009059906005859375, 0.011231184005737305 
428, -5.202807426452637, 0.021712303161621094, 0.008986234664916992, 0.01110982894897461 
429, -5.202808380126953, 0.022094249725341797, 0.008863687515258789, 0.011465311050415039 
430, -5.2028045654296875, 0.021531343460083008, 0.008887767791748047, 0.01107168197631836 
431, -5.202805042266846, 0.02141737937927246, 0.008772134780883789, 0.011034727096557617 
432, -5.2028045654296875, 0.02172994613647461, 0.00882720947265625, 0.011225700378417969 
433, -5.202800750732422, 0.021500825881958008, 0.008822202682495117, 0.011008501052856445 
434, -5.2027997970581055, 0.022367477416992188, 0.009006023406982422, 0.011535167694091797 
435, -5.202803611755371, 0.022055864334106445, 0.009155511856079102, 0.011114358901977539 
436, -5.202805519104004, 0.022763490676879883, 0.009235620498657227, 0.011675834655761719 
437, -5.2028045654296875, 0.02312755584716797, 0.009430885314941406, 0.011727571487426758 
438, -5.2028093338012695, 0.023873567581176758, 0.009824752807617188, 0.01212000846862793 
439, -5.202811241149902, 0.023189306259155273, 0.009675025939941406, 0.011700153350830078 
440, -5.202810287475586, 0.022752046585083008, 0.009327173233032227, 0.011533498764038086 
441, -5.2028045654296875, 0.022739887237548828, 0.009355545043945312, 0.011533975601196289 
442, -5.202800750732422, 0.023032665252685547, 0.009341001510620117, 0.01185297966003418 
443, -5.20279598236084, 0.0221250057220459, 0.009090423583984375, 0.011314868927001953 
444, -5.20279598236084, 0.02227044105529785, 0.009140968322753906, 0.011329889297485352 
445, -5.202797889709473, 0.021872520446777344, 0.009011268615722656, 0.01119232177734375 
446, -5.202794075012207, 0.022458553314208984, 0.009216785430908203, 0.011426210403442383 
447, -5.202803134918213, 0.022679805755615234, 0.009184598922729492, 0.011671066284179688 
448, -5.202801704406738, 0.02258586883544922, 0.009300470352172852, 0.011525630950927734 
449, -5.202801704406738, 0.02332019805908203, 0.009594440460205078, 0.011890411376953125 
450, -5.2028093338012695, 0.022525787353515625, 0.009051799774169922, 0.011611223220825195 
451, -5.202807903289795, 0.02222728729248047, 0.00921773910522461, 0.011332035064697266 
452, -5.2028021812438965, 0.02190685272216797, 0.008978843688964844, 0.011225700378417969 
453, -5.202807426452637, 0.022015094757080078, 0.00901937484741211, 0.011282205581665039 
454, -5.202805519104004, 0.021727561950683594, 0.008973360061645508, 0.011133670806884766 
455, -5.202802658081055, 0.02166461944580078, 0.008903980255126953, 0.011074542999267578 
456, -5.202804088592529, 0.02196812629699707, 0.009119510650634766, 0.011152982711791992 
457, -5.2028093338012695, 0.022064924240112305, 0.008966684341430664, 0.01141047477722168 
458, -5.20280647277832, 0.021882057189941406, 0.008955717086791992, 0.011224985122680664 
459, -5.202803611755371, 0.021951913833618164, 0.00890970230102539, 0.011239051818847656 
460, -5.20280122756958, 0.022458314895629883, 0.009088993072509766, 0.011574983596801758 
461, -5.202801704406738, 0.02316427230834961, 0.009319067001342773, 0.011926889419555664 
462, -5.2028045654296875, 0.023421764373779297, 0.009615182876586914, 0.011871814727783203 
463, -5.2028045654296875, 0.023021221160888672, 0.009719133377075195, 0.011511802673339844 
464, -5.2028021812438965, 0.022585153579711914, 0.00925755500793457, 0.011521577835083008 
465, -5.202805519104004, 0.02283191680908203, 0.009343862533569336, 0.011624813079833984 
466, -5.2028045654296875, 0.02316141128540039, 0.009418010711669922, 0.01177358627319336 
467, -5.202797889709473, 0.023235321044921875, 0.009757280349731445, 0.01176762580871582 
468, -5.202796936035156, 0.022493839263916016, 0.009199380874633789, 0.011460065841674805 
469, -5.202802658081055, 0.022346973419189453, 0.009132862091064453, 0.011431694030761719 
470, -5.202801704406738, 0.02222156524658203, 0.009224653244018555, 0.011327981948852539 
471, -5.202800750732422, 0.02257537841796875, 0.009099960327148438, 0.011563777923583984 
472, -5.2027997970581055, 0.022535085678100586, 0.009259700775146484, 0.011422395706176758 
473, -5.20279598236084, 0.02308177947998047, 0.009536981582641602, 0.01173710823059082 
474, -5.202796936035156, 0.022859573364257812, 0.00931406021118164, 0.011864662170410156 
475, -5.202795505523682, 0.022180795669555664, 0.009073972702026367, 0.011294841766357422 
476, -5.202791690826416, 0.022243738174438477, 0.009136676788330078, 0.01133108139038086 
477, -5.202797889709473, 0.022280454635620117, 0.009063243865966797, 0.011498689651489258 
478, -5.202804088592529, 0.021950483322143555, 0.00903630256652832, 0.011149168014526367 
479, -5.202793121337891, 0.02204275131225586, 0.009157896041870117, 0.01120758056640625 
480, -5.202792167663574, 0.021793603897094727, 0.008908271789550781, 0.011248111724853516 
481, -5.202803134918213, 0.021726131439208984, 0.008938074111938477, 0.011170148849487305 
482, -5.20280647277832, 0.021912574768066406, 0.008887767791748047, 0.011275529861450195 
483, -5.202801704406738, 0.02238917350769043, 0.009161710739135742, 0.011495828628540039 
484, -5.202801704406738, 0.022398710250854492, 0.009211301803588867, 0.011442184448242188 
485, -5.2027997970581055, 0.02369213104248047, 0.009487152099609375, 0.012295246124267578 
486, -5.202789783477783, 0.022988319396972656, 0.009398460388183594, 0.011669158935546875 
487, -5.202793598175049, 0.023329973220825195, 0.009636402130126953, 0.011922597885131836 
488, -5.202802658081055, 0.022420644760131836, 0.009141206741333008, 0.011525392532348633 
489, -5.20279598236084, 0.022608518600463867, 0.009200334548950195, 0.011533737182617188 
490, -5.202792644500732, 0.02295660972595215, 0.009268999099731445, 0.011808633804321289 
491, -5.2027997970581055, 0.023036956787109375, 0.009487628936767578, 0.01177835464477539 
492, -5.202795028686523, 0.022405147552490234, 0.009117364883422852, 0.011477470397949219 
493, -5.202786445617676, 0.022357702255249023, 0.009083032608032227, 0.011399507522583008 
494, -5.202793121337891, 0.02223038673400879, 0.009225845336914062, 0.011292695999145508 
495, -5.202803134918213, 0.022397756576538086, 0.008954763412475586, 0.011588096618652344 
496, -5.202803134918213, 0.022624969482421875, 0.009238004684448242, 0.011452436447143555 
497, -5.2028045654296875, 0.023380279541015625, 0.009685039520263672, 0.011914253234863281 
498, -5.2028093338012695, 0.022438764572143555, 0.009146690368652344, 0.011450767517089844 
499, -5.202805042266846, 0.021950721740722656, 0.009064912796020508, 0.011139631271362305 
500, -5.202800750732422, 0.021822214126586914, 0.008896350860595703, 0.011179685592651367 
501, -5.20280647277832, 0.021703720092773438, 0.008918523788452148, 0.0111236572265625 
502, -5.202803611755371, 0.02243947982788086, 0.00910329818725586, 0.011465072631835938 
503, -5.202795028686523, 0.02191948890686035, 0.008946895599365234, 0.011258363723754883 
504, -5.202802658081055, 0.021851062774658203, 0.008835792541503906, 0.011243820190429688 
505, -5.202804088592529, 0.022295236587524414, 0.009120464324951172, 0.01148366928100586 
506, -5.202794075012207, 0.022021055221557617, 0.009087562561035156, 0.011168479919433594 
507, -5.202799320220947, 0.0225982666015625, 0.009303569793701172, 0.011456012725830078 
508, -5.202807903289795, 0.0225832462310791, 0.009189605712890625, 0.011445999145507812 
509, -5.202803611755371, 0.023328304290771484, 0.009733915328979492, 0.01178288459777832 
510, -5.202802658081055, 0.023083209991455078, 0.00950765609741211, 0.011733770370483398 
511, -5.202808856964111, 0.023366928100585938, 0.00954127311706543, 0.012001991271972656 
512, -5.202805519104004, 0.022464752197265625, 0.009093761444091797, 0.011560916900634766 
513, -5.202803134918213, 0.022855281829833984, 0.009229898452758789, 0.011782407760620117 
514, -5.2028045654296875, 0.02244424819946289, 0.00930929183959961, 0.01142573356628418 
515, -5.202800273895264, 0.022727012634277344, 0.009032726287841797, 0.01176762580871582 
516, -5.202801704406738, 0.023015737533569336, 0.009595870971679688, 0.011508464813232422 
517, -5.202803611755371, 0.022551298141479492, 0.009343147277832031, 0.011314153671264648 
518, -5.2027997970581055, 0.022807598114013672, 0.009331464767456055, 0.011658191680908203 
519, -5.202803611755371, 0.022586345672607422, 0.009254932403564453, 0.011510372161865234 
520, -5.202805519104004, 0.023025035858154297, 0.009373188018798828, 0.011730194091796875 
521, -5.202801704406738, 0.023158550262451172, 0.009685516357421875, 0.01167607307434082 
522, -5.202804088592529, 0.022789716720581055, 0.009421825408935547, 0.01149749755859375 
523, -5.202801704406738, 0.022264480590820312, 0.009181976318359375, 0.011389017105102539 
524, -5.202793598175049, 0.02180647850036621, 0.008896589279174805, 0.011226415634155273 
525, -5.202800750732422, 0.022171974182128906, 0.009001970291137695, 0.011399507522583008 
526, -5.202801704406738, 0.02187371253967285, 0.009006977081298828, 0.011188745498657227 
527, -5.202795505523682, 0.021632671356201172, 0.008913516998291016, 0.011102437973022461 
528, -5.2027997970581055, 0.021666288375854492, 0.008813142776489258, 0.01115560531616211 
529, -5.20280647277832, 0.021782398223876953, 0.008977651596069336, 0.011079072952270508 
530, -5.202801704406738, 0.022573471069335938, 0.009250640869140625, 0.011592388153076172 
531, -5.202801704406738, 0.02246403694152832, 0.009096384048461914, 0.011567831039428711 
532, -5.202801704406738, 0.02302074432373047, 0.009270906448364258, 0.011831521987915039 
533, -5.202793121337891, 0.023193836212158203, 0.00949549674987793, 0.011809110641479492 
534, -5.202793121337891, 0.023195743560791016, 0.009589672088623047, 0.011738061904907227 
535, -5.202804088592529, 0.023259639739990234, 0.009397268295288086, 0.011984825134277344 
536, -5.202800273895264, 0.022471904754638672, 0.009296178817749023, 0.011408090591430664 
537, -5.202796936035156, 0.022565603256225586, 0.009298324584960938, 0.011449575424194336 
538, -5.202802658081055, 0.022830963134765625, 0.009311437606811523, 0.011647462844848633 
539, -5.202804088592529, 0.022845745086669922, 0.009288311004638672, 0.011691093444824219 
540, -5.202798843383789, 0.023014545440673828, 0.009701251983642578, 0.011501550674438477 
541, -5.202803134918213, 0.022719383239746094, 0.009274959564208984, 0.011585712432861328 
542, -5.202807426452637, 0.022335052490234375, 0.009150266647338867, 0.011495113372802734 
543, -5.202804088592529, 0.022525548934936523, 0.009223222732543945, 0.011490106582641602 
544, -5.2028045654296875, 0.02281951904296875, 0.009173154830932617, 0.011691808700561523 
545, -5.202805995941162, 0.022703170776367188, 0.009605169296264648, 0.011379718780517578 
546, -5.202802658081055, 0.0228426456451416, 0.009393692016601562, 0.011578798294067383 
547, -5.202801704406738, 0.022108793258666992, 0.008997440338134766, 0.011319398880004883 
548, -5.202803611755371, 0.02184891700744629, 0.008982181549072266, 0.01120138168334961 
549, -5.202802658081055, 0.022393465042114258, 0.00902414321899414, 0.011505365371704102 
550, -5.202798843383789, 0.022663116455078125, 0.009168148040771484, 0.011775970458984375 
551, -5.202802658081055, 0.02219843864440918, 0.009186983108520508, 0.011350393295288086 
552, -5.202808380126953, 0.02173304557800293, 0.008960247039794922, 0.011105537414550781 
553, -5.2028045654296875, 0.022076129913330078, 0.008906841278076172, 0.011403560638427734 
554, -5.202801704406738, 0.022206783294677734, 0.009154081344604492, 0.011361122131347656 
555, -5.202805042266846, 0.022241830825805664, 0.009007453918457031, 0.011350154876708984 
556, -5.202800273895264, 0.023215293884277344, 0.009576797485351562, 0.011793136596679688 
557, -5.20279598236084, 0.023029565811157227, 0.009183168411254883, 0.011886119842529297 
558, -5.202796936035156, 0.023158550262451172, 0.00959467887878418, 0.01178288459777832 
559, -5.202798843383789, 0.023184776306152344, 0.009338617324829102, 0.011922836303710938 
560, -5.202797889709473, 0.022911548614501953, 0.009483098983764648, 0.011522054672241211 
561, -5.2027997970581055, 0.02304697036743164, 0.009633541107177734, 0.011644363403320312 
562, -5.202805519104004, 0.022942304611206055, 0.009323596954345703, 0.011752605438232422 
563, -5.20280122756958, 0.022813081741333008, 0.009351253509521484, 0.01161050796508789 
564, -5.202801704406738, 0.023533105850219727, 0.009664535522460938, 0.012056350708007812 
565, -5.20280647277832, 0.022794008255004883, 0.009189367294311523, 0.011766195297241211 
566, -5.2028021812438965, 0.02291560173034668, 0.009374141693115234, 0.011642932891845703 
567, -5.202794551849365, 0.022896766662597656, 0.009396791458129883, 0.011686086654663086 
568, -5.202798843383789, 0.023458480834960938, 0.009463310241699219, 0.012199640274047852 
569, -5.2028045654296875, 0.023008108139038086, 0.009452104568481445, 0.011696338653564453 
570, -5.202796936035156, 0.02247309684753418, 0.009215831756591797, 0.011438608169555664 
571, -5.202798366546631, 0.022168874740600586, 0.009135723114013672, 0.011339902877807617 
572, -5.202805519104004, 0.022292613983154297, 0.009152650833129883, 0.011353492736816406 
573, -5.2028045654296875, 0.022452354431152344, 0.009157419204711914, 0.011451244354248047 
574, -5.2028093338012695, 0.022727489471435547, 0.009313344955444336, 0.011653661727905273 
575, -5.202812671661377, 0.02213311195373535, 0.009044408798217773, 0.011399030685424805 
576, -5.202809810638428, 0.022246837615966797, 0.009124755859375, 0.011339187622070312 
577, -5.202810764312744, 0.022884368896484375, 0.009116411209106445, 0.01185750961303711 
578, -5.202810764312744, 0.02301168441772461, 0.009532928466796875, 0.011723756790161133 
579, -5.202808380126953, 0.02338433265686035, 0.009377002716064453, 0.012080669403076172 
580, -5.2028045654296875, 0.022865772247314453, 0.009497404098510742, 0.011565446853637695 
581, -5.202802658081055, 0.023033857345581055, 0.009379863739013672, 0.011791467666625977 
582, -5.202798843383789, 0.022662639617919922, 0.009354352951049805, 0.011445760726928711 
583, -5.2027997970581055, 0.023100614547729492, 0.009218454360961914, 0.011899948120117188 
584, -5.20279598236084, 0.02308821678161621, 0.009631872177124023, 0.011592864990234375 
585, -5.202796936035156, 0.02286672592163086, 0.009475946426391602, 0.011615753173828125 
586, -5.2027997970581055, 0.0229794979095459, 0.009429216384887695, 0.011624574661254883 
587, -5.2028045654296875, 0.022973060607910156, 0.009441137313842773, 0.011619806289672852 
588, -5.202802658081055, 0.02348923683166504, 0.009552955627441406, 0.012070655822753906 
589, -5.202803611755371, 0.02306509017944336, 0.009415864944458008, 0.011820077896118164 
590, -5.202803611755371, 0.023134469985961914, 0.009456157684326172, 0.011823892593383789 
591, -5.20279598236084, 0.022934913635253906, 0.00941157341003418, 0.011644840240478516 
592, -5.202798843383789, 0.023435592651367188, 0.009804964065551758, 0.011891841888427734 
593, -5.2028093338012695, 0.02282261848449707, 0.00920867919921875, 0.011905908584594727 
594, -5.202807426452637, 0.022649526596069336, 0.009308099746704102, 0.011499643325805664 
595, -5.202800750732422, 0.022435426712036133, 0.009197711944580078, 0.01150822639465332 
596, -5.202803611755371, 0.022466659545898438, 0.009173154830932617, 0.01139974594116211 
597, -5.202800750732422, 0.022455930709838867, 0.009286165237426758, 0.011369943618774414 
598, -5.20279598236084, 0.02167987823486328, 0.008924007415771484, 0.011156082153320312 
599, -5.202800750732422, 0.021689176559448242, 0.008762359619140625, 0.011203289031982422 
600, -5.2027997970581055, 0.021811723709106445, 0.008990049362182617, 0.0111236572265625 
601, -5.202797889709473, 0.022365331649780273, 0.009036540985107422, 0.011534929275512695 
602, -5.202800273895264, 0.02294635772705078, 0.00944972038269043, 0.011690616607666016 
603, -5.202797889709473, 0.023085594177246094, 0.009539127349853516, 0.011749505996704102 
604, -5.202794075012207, 0.022464990615844727, 0.009220123291015625, 0.011507749557495117 
605, -5.202795505523682, 0.022777557373046875, 0.009174108505249023, 0.01166534423828125 
606, -5.202796459197998, 0.0226895809173584, 0.009331226348876953, 0.011562108993530273 
607, -5.202797889709473, 0.023095130920410156, 0.00933218002319336, 0.011856555938720703 
608, -5.202803134918213, 0.022906780242919922, 0.009551286697387695, 0.011441707611083984 
609, -5.202805519104004, 0.022861003875732422, 0.009347915649414062, 0.01171112060546875 
610, -5.2028045654296875, 0.02250194549560547, 0.009194135665893555, 0.011477231979370117 
611, -5.2028045654296875, 0.02248406410217285, 0.009223222732543945, 0.011470794677734375 
612, -5.202803611755371, 0.02297806739807129, 0.009179830551147461, 0.011925220489501953 
613, -5.202802658081055, 0.022698640823364258, 0.009345054626464844, 0.011423349380493164 
614, -5.202798843383789, 0.023073434829711914, 0.009595155715942383, 0.011605024337768555 
615, -5.202798843383789, 0.02294301986694336, 0.009274482727050781, 0.011830568313598633 
616, -5.202796936035156, 0.02286982536315918, 0.009550094604492188, 0.011424779891967773 
617, -5.20279598236084, 0.02306532859802246, 0.00950312614440918, 0.01169276237487793 
618, -5.20280122756958, 0.022290468215942383, 0.009062767028808594, 0.011412620544433594 
619, -5.202803611755371, 0.022168636322021484, 0.009160280227661133, 0.011227607727050781 
620, -5.202801704406738, 0.02201223373413086, 0.009075164794921875, 0.011221885681152344 
621, -5.20280647277832, 0.021879196166992188, 0.008886337280273438, 0.011279106140136719 
622, -5.2028045654296875, 0.021947145462036133, 0.008974790573120117, 0.011235952377319336 
623, -5.202807426452637, 0.022123098373413086, 0.00887298583984375, 0.01141810417175293 
624, -5.2028045654296875, 0.02270817756652832, 0.009207725524902344, 0.011740684509277344 
625, -5.2028069496154785, 0.02281665802001953, 0.009332656860351562, 0.011624574661254883 
626, -5.20280647277832, 0.023044586181640625, 0.009290695190429688, 0.011846780776977539 
627, -5.202803611755371, 0.022500991821289062, 0.009388208389282227, 0.011269807815551758 
628, -5.202802658081055, 0.0226593017578125, 0.009407520294189453, 0.011414527893066406 
629, -5.202802658081055, 0.02238154411315918, 0.009116649627685547, 0.011388540267944336 
630, -5.202805042266846, 0.02308368682861328, 0.00948643684387207, 0.011765003204345703 
631, -5.202803611755371, 0.02286386489868164, 0.00927877426147461, 0.01165628433227539 
632, -5.202798843383789, 0.02305746078491211, 0.009665727615356445, 0.011548042297363281 
633, -5.202798843383789, 0.022989988327026367, 0.009313821792602539, 0.01185750961303711 
634, -5.202800750732422, 0.022536277770996094, 0.009289741516113281, 0.011482477188110352 
635, -5.202795028686523, 0.022990703582763672, 0.009407997131347656, 0.011702537536621094 
636, -5.202798366546631, 0.02302837371826172, 0.009288311004638672, 0.011759281158447266 
637, -5.202804088592529, 0.02329564094543457, 0.009567975997924805, 0.011818170547485352 
638, -5.202798843383789, 0.023077726364135742, 0.009615182876586914, 0.011574506759643555 
639, -5.202798366546631, 0.023053884506225586, 0.009297847747802734, 0.01181650161743164 
640, -5.202803134918213, 0.022858619689941406, 0.009505271911621094, 0.011509418487548828 
641, -5.20279598236084, 0.022701740264892578, 0.009350299835205078, 0.011510610580444336 
642, -5.202796936035156, 0.022556543350219727, 0.00942230224609375, 0.011444330215454102 
643, -5.202805519104004, 0.022243261337280273, 0.009164810180664062, 0.01128530502319336 
644, -5.202804088592529, 0.022177934646606445, 0.009095430374145508, 0.01131892204284668 
645, -5.202800750732422, 0.022526025772094727, 0.009246587753295898, 0.011447429656982422 
646, -5.202805042266846, 0.02224445343017578, 0.009073734283447266, 0.011415958404541016 
647, -5.202795028686523, 0.022342205047607422, 0.009107828140258789, 0.011440277099609375 
648, -5.202788352966309, 0.022616863250732422, 0.009247541427612305, 0.011469602584838867 
649, -5.202797889709473, 0.02284383773803711, 0.009296655654907227, 0.011569738388061523 
650, -5.2028021812438965, 0.02317333221435547, 0.009660005569458008, 0.011664867401123047 
651, -5.202801704406738, 0.022539377212524414, 0.009201526641845703, 0.011609554290771484 
652, -5.202803611755371, 0.022455930709838867, 0.00926971435546875, 0.01136016845703125 
653, -5.2028021812438965, 0.02246403694152832, 0.009120464324951172, 0.01151585578918457 
654, -5.202794075012207, 0.022521495819091797, 0.009187698364257812, 0.01152181625366211 
655, -5.202795505523682, 0.022789716720581055, 0.009191274642944336, 0.011670827865600586 
656, -5.202803611755371, 0.023201942443847656, 0.009793519973754883, 0.011667966842651367 
657, -5.202797889709473, 0.0227813720703125, 0.0093536376953125, 0.011571168899536133 
658, -5.202795028686523, 0.022849559783935547, 0.009299993515014648, 0.011644840240478516 
659, -5.202802658081055, 0.022789478302001953, 0.009459257125854492, 0.011577606201171875 
660, -5.202803611755371, 0.022906780242919922, 0.009287834167480469, 0.011641502380371094 
661, -5.202800750732422, 0.023568391799926758, 0.009705305099487305, 0.011933088302612305 
662, -5.202805042266846, 0.023285627365112305, 0.009634971618652344, 0.011749267578125 
663, -5.202807426452637, 0.023630857467651367, 0.009627342224121094, 0.012168169021606445 
664, -5.20280647277832, 0.02238917350769043, 0.009105682373046875, 0.011405467987060547 
665, -5.202802658081055, 0.022716045379638672, 0.009339570999145508, 0.011644840240478516 
666, -5.202803611755371, 0.022008895874023438, 0.009217977523803711, 0.011163711547851562 
667, -5.202801704406738, 0.021862506866455078, 0.008877038955688477, 0.011214733123779297 
668, -5.2027997970581055, 0.02203369140625, 0.009062528610229492, 0.011303424835205078 
669, -5.202802658081055, 0.021838903427124023, 0.008875846862792969, 0.011215448379516602 
670, -5.202801704406738, 0.022612810134887695, 0.009244918823242188, 0.011612892150878906 
671, -5.202794551849365, 0.022286415100097656, 0.008908748626708984, 0.011459827423095703 
672, -5.202797889709473, 0.022744178771972656, 0.009272336959838867, 0.011678934097290039 
673, -5.2028045654296875, 0.02325129508972168, 0.009324073791503906, 0.01195216178894043 
674, -5.202803611755371, 0.02299046516418457, 0.009598731994628906, 0.011478662490844727 
675, -5.202808856964111, 0.02257680892944336, 0.009490728378295898, 0.011376142501831055 
676, -5.202810287475586, 0.02217411994934082, 0.009022951126098633, 0.01132965087890625 
677, -5.2028045654296875, 0.022190570831298828, 0.009043216705322266, 0.011378288269042969 
678, -5.202805519104004, 0.02258014678955078, 0.009117603302001953, 0.011686086654663086 
679, -5.202800750732422, 0.022930383682250977, 0.00938558578491211, 0.011687278747558594 
680, -5.202798843383789, 0.02336716651916504, 0.009701013565063477, 0.011783838272094727 
681, -5.202802658081055, 0.02290797233581543, 0.009326934814453125, 0.011884927749633789 
682, -5.202796936035156, 0.022377729415893555, 0.009274482727050781, 0.011270761489868164 
683, -5.2027974128723145, 0.022666215896606445, 0.009240150451660156, 0.011562585830688477 
684, -5.202805519104004, 0.02277517318725586, 0.009362220764160156, 0.011592626571655273 
685, -5.202807426452637, 0.023463010787963867, 0.00969552993774414, 0.011869430541992188 
686, -5.202810287475586, 0.02349543571472168, 0.009563446044921875, 0.011939525604248047 
687, -5.202807426452637, 0.023289918899536133, 0.009477615356445312, 0.012036800384521484 
688, -5.202796936035156, 0.02275538444519043, 0.009295463562011719, 0.011637210845947266 
689, -5.202792167663574, 0.022855281829833984, 0.009287595748901367, 0.011672019958496094 
690, -5.20279598236084, 0.02241683006286621, 0.009379863739013672, 0.011357545852661133 
691, -5.202788352966309, 0.022311925888061523, 0.009097814559936523, 0.01137852668762207 
692, -5.202790260314941, 0.022372007369995117, 0.009098529815673828, 0.011426210403442383 
693, -5.202800273895264, 0.022904634475708008, 0.009386539459228516, 0.01171422004699707 
694, -5.202795028686523, 0.022507905960083008, 0.009191513061523438, 0.01148223876953125 
695, -5.202795028686523, 0.022737503051757812, 0.00925302505493164, 0.011559009552001953 
696, -5.2028069496154785, 0.02270650863647461, 0.009228944778442383, 0.01166081428527832 
697, -5.202805519104004, 0.023156166076660156, 0.009502649307250977, 0.011826515197753906 
698, -5.2028069496154785, 0.023142337799072266, 0.009452581405639648, 0.011759519577026367 
699, -5.202811241149902, 0.02259063720703125, 0.009234189987182617, 0.01158285140991211 
700, -5.202811241149902, 0.02228689193725586, 0.009077787399291992, 0.011419534683227539 
701, -5.20280647277832, 0.02280116081237793, 0.00926518440246582, 0.01169133186340332 
702, -5.202808380126953, 0.022891521453857422, 0.00922393798828125, 0.011705875396728516 
703, -5.202803611755371, 0.02270364761352539, 0.009318828582763672, 0.01157522201538086 
704, -5.202797889709473, 0.023406982421875, 0.009677648544311523, 0.011865854263305664 
705, -5.202796936035156, 0.022820711135864258, 0.009285211563110352, 0.011644363403320312 
706, -5.20280122756958, 0.022468090057373047, 0.009233951568603516, 0.011429548263549805 
707, -5.202800750732422, 0.02272510528564453, 0.00937509536743164, 0.011498689651489258 
708, -5.2027997970581055, 0.02276325225830078, 0.009333610534667969, 0.011582612991333008 
709, -5.202800750732422, 0.02356576919555664, 0.009619712829589844, 0.012070894241333008 
710, -5.2028045654296875, 0.022965669631958008, 0.009246110916137695, 0.011843204498291016 
711, -5.202807426452637, 0.023203372955322266, 0.009623050689697266, 0.011770248413085938 
712, -5.2027997970581055, 0.02265453338623047, 0.00919485092163086, 0.01160883903503418 
713, -5.2028021812438965, 0.022304296493530273, 0.00907278060913086, 0.011400699615478516 
714, -5.202807903289795, 0.022502422332763672, 0.009261846542358398, 0.011391401290893555 
715, -5.202802658081055, 0.022194623947143555, 0.009102821350097656, 0.011256933212280273 
716, -5.202801704406738, 0.022243976593017578, 0.009256601333618164, 0.011245965957641602 
717, -5.2028045654296875, 0.022506237030029297, 0.00914454460144043, 0.011407852172851562 
718, -5.202800750732422, 0.022772550582885742, 0.009382486343383789, 0.011567354202270508 
719, -5.202802658081055, 0.022760868072509766, 0.009284019470214844, 0.011606454849243164 
720, -5.202805042266846, 0.023077726364135742, 0.009277582168579102, 0.011932611465454102 
721, -5.202801704406738, 0.023002147674560547, 0.009520530700683594, 0.011573076248168945 
722, -5.2027997970581055, 0.02270030975341797, 0.0093841552734375, 0.011409282684326172 
723, -5.202802658081055, 0.02217578887939453, 0.009187698364257812, 0.01129913330078125 
724, -5.202803611755371, 0.022322893142700195, 0.00899195671081543, 0.011482477188110352 
725, -5.20280647277832, 0.022175073623657227, 0.009144783020019531, 0.011301040649414062 
726, -5.202805519104004, 0.022893667221069336, 0.00928187370300293, 0.011746406555175781 
727, -5.202807426452637, 0.022742509841918945, 0.009333133697509766, 0.011612415313720703 
728, -5.20280647277832, 0.023294687271118164, 0.009499549865722656, 0.011914730072021484 
729, -5.202799320220947, 0.02300715446472168, 0.009353876113891602, 0.011850833892822266 
730, -5.202798843383789, 0.022494077682495117, 0.009313106536865234, 0.011382579803466797 
731, -5.202798843383789, 0.022770166397094727, 0.009322166442871094, 0.011554956436157227 
732, -5.202800750732422, 0.022778987884521484, 0.009369850158691406, 0.011457443237304688 
733, -5.202803134918213, 0.02346968650817871, 0.009458780288696289, 0.012098550796508789 
734, -5.202805042266846, 0.023349761962890625, 0.009503841400146484, 0.01189565658569336 
735, -5.202805519104004, 0.023061037063598633, 0.009703874588012695, 0.011471748352050781 
736, -5.2028093338012695, 0.02268815040588379, 0.00943446159362793, 0.011494636535644531 
737, -5.20280647277832, 0.02226114273071289, 0.009005069732666016, 0.011404275894165039 
738, -5.202801704406738, 0.021940231323242188, 0.00912165641784668, 0.011176824569702148 
739, -5.202800750732422, 0.02161431312561035, 0.00902700424194336, 0.010997533798217773 
740, -5.202796936035156, 0.021881103515625, 0.008876562118530273, 0.011234760284423828 
741, -5.202792644500732, 0.021837234497070312, 0.009023666381835938, 0.011076688766479492 
742, -5.20279598236084, 0.02260875701904297, 0.009035587310791016, 0.011708498001098633 
743, -5.202796459197998, 0.02272200584411621, 0.00937509536743164, 0.01154017448425293 
744, -5.202798843383789, 0.023062467575073242, 0.009367942810058594, 0.011801004409790039 
745, -5.20280647277832, 0.02261805534362793, 0.00923299789428711, 0.011559724807739258 
746, -5.202803611755371, 0.02271890640258789, 0.009315013885498047, 0.011507987976074219 
747, -5.202805519104004, 0.022268295288085938, 0.00917816162109375, 0.01137232780456543 
748, -5.202812194824219, 0.02176666259765625, 0.009068012237548828, 0.011062860488891602 
749, -5.202808380126953, 0.022040128707885742, 0.008964300155639648, 0.011283397674560547 
750, -5.2028093338012695, 0.02271246910095215, 0.009357929229736328, 0.011514902114868164 
751, -5.2028093338012695, 0.022549152374267578, 0.009245872497558594, 0.01157236099243164 
752, -5.202802658081055, 0.023273468017578125, 0.009336233139038086, 0.012064218521118164 
753, -5.202800750732422, 0.022817134857177734, 0.009263992309570312, 0.011622428894042969 
754, -5.2028045654296875, 0.022947072982788086, 0.009320974349975586, 0.011846542358398438 
755, -5.202801704406738, 0.022614002227783203, 0.009211540222167969, 0.011513233184814453 
756, -5.202803134918213, 0.023091554641723633, 0.009455442428588867, 0.011698484420776367 
757, -5.202807426452637, 0.02351522445678711, 0.00957942008972168, 0.01198124885559082 
758, -5.2028045654296875, 0.023833274841308594, 0.009853124618530273, 0.012017011642456055 
759, -5.202802658081055, 0.02341175079345703, 0.009824991226196289, 0.011661767959594727 
760, -5.202803611755371, 0.022777795791625977, 0.009465932846069336, 0.011594533920288086 
761, -5.202797889709473, 0.022470474243164062, 0.009203433990478516, 0.011472940444946289 
762, -5.202790260314941, 0.022150754928588867, 0.009070158004760742, 0.011301040649414062 
763, -5.202787399291992, 0.022199153900146484, 0.00915837287902832, 0.011291265487670898 
764, -5.202792167663574, 0.022043704986572266, 0.009096860885620117, 0.011173486709594727 
765, -5.202797889709473, 0.022491931915283203, 0.009103059768676758, 0.011478424072265625 
766, -5.202800750732422, 0.022790193557739258, 0.00954294204711914, 0.011512279510498047 
767, -5.202800750732422, 0.022817373275756836, 0.009246587753295898, 0.011662483215332031 
768, -5.2028045654296875, 0.023237943649291992, 0.009618520736694336, 0.011807680130004883 
769, -5.202802658081055, 0.022557497024536133, 0.009284257888793945, 0.011570930480957031 
770, -5.202791213989258, 0.022803783416748047, 0.009329795837402344, 0.011700153350830078 
771, -5.202790260314941, 0.022540569305419922, 0.009319305419921875, 0.011405706405639648 
772, -5.202794551849365, 0.02261042594909668, 0.009208917617797852, 0.011538028717041016 
773, -5.202798366546631, 0.02282428741455078, 0.00940704345703125, 0.01152491569519043 
774, -5.202799320220947, 0.02294921875, 0.009338617324829102, 0.011741399765014648 
775, -5.202794551849365, 0.022858858108520508, 0.009349346160888672, 0.011663436889648438 
776, -5.202790260314941, 0.023348569869995117, 0.009477615356445312, 0.012028694152832031 
777, -5.202796936035156, 0.02286052703857422, 0.009262800216674805, 0.011693716049194336 
778, -5.202800750732422, 0.02280282974243164, 0.009463787078857422, 0.011548042297363281 
779, -5.20279598236084, 0.022232770919799805, 0.00905466079711914, 0.011378765106201172 
780, -5.202796936035156, 0.022947072982788086, 0.009345054626464844, 0.011670589447021484 
781, -5.202801704406738, 0.023042917251586914, 0.009430170059204102, 0.011763334274291992 
782, -5.202803134918213, 0.023886919021606445, 0.009671449661254883, 0.012279272079467773 
783, -5.20280647277832, 0.023154735565185547, 0.009491443634033203, 0.011711359024047852 
784, -5.20280647277832, 0.022862672805786133, 0.009390830993652344, 0.011651992797851562 
785, -5.202808380126953, 0.022516489028930664, 0.009191513061523438, 0.011430978775024414 
786, -5.202809810638428, 0.022725820541381836, 0.009411096572875977, 0.011468172073364258 
787, -5.202808380126953, 0.02231311798095703, 0.009117603302001953, 0.011405467987060547 
788, -5.202805519104004, 0.022067785263061523, 0.009039163589477539, 0.011342287063598633 
789, -5.20280122756958, 0.022609233856201172, 0.009264469146728516, 0.011458396911621094 
790, -5.202803611755371, 0.02265000343322754, 0.009202003479003906, 0.01156926155090332 
791, -5.202803611755371, 0.023459434509277344, 0.009500741958618164, 0.012161970138549805 
792, -5.202801704406738, 0.022629976272583008, 0.009083747863769531, 0.011587858200073242 
793, -5.202805042266846, 0.022861957550048828, 0.009415864944458008, 0.011606216430664062 
794, -5.202807903289795, 0.022432804107666016, 0.009302854537963867, 0.0113067626953125 
795, -5.202804088592529, 0.02226424217224121, 0.009184837341308594, 0.011255502700805664 
796, -5.202800273895264, 0.021971702575683594, 0.009072303771972656, 0.011124372482299805 
797, -5.202803134918213, 0.02222442626953125, 0.0091705322265625, 0.01133275032043457 
798, -5.202805519104004, 0.022689342498779297, 0.009070158004760742, 0.011675357818603516 
799, -5.202801704406738, 0.023072004318237305, 0.009490013122558594, 0.011659383773803711 
800, -5.202803611755371, 0.023259639739990234, 0.009297370910644531, 0.012064695358276367 
801, -5.202803134918213, 0.022739410400390625, 0.009272336959838867, 0.011552572250366211 
802, -5.202795505523682, 0.023038864135742188, 0.009507417678833008, 0.011760473251342773 
803, -5.202794551849365, 0.022320985794067383, 0.009093999862670898, 0.011380195617675781 
804, -5.2027974128723145, 0.023074626922607422, 0.009492635726928711, 0.01179957389831543 
805, -5.202796936035156, 0.022861242294311523, 0.009392499923706055, 0.011621713638305664 
806, -5.202797889709473, 0.023816347122192383, 0.009728670120239258, 0.01226806640625 
807, -5.2028045654296875, 0.022919416427612305, 0.009217023849487305, 0.011774063110351562 
808, -5.202801704406738, 0.02271580696105957, 0.009345054626464844, 0.011541366577148438 
809, -5.20279598236084, 0.022388935089111328, 0.009210824966430664, 0.011456966400146484 
810, -5.202800273895264, 0.02242136001586914, 0.009034872055053711, 0.011477947235107422 
811, -5.20280647277832, 0.022463560104370117, 0.009353399276733398, 0.011371374130249023 
812, -5.202805519104004, 0.0223996639251709, 0.009172677993774414, 0.01142573356628418 
813, -5.202798843383789, 0.0226895809173584, 0.009272575378417969, 0.011545896530151367 
814, -5.2027997970581055, 0.02296757698059082, 0.00944828987121582, 0.011608362197875977 
815, -5.2028045654296875, 0.023139476776123047, 0.009690046310424805, 0.011716127395629883 
816, -5.202805519104004, 0.022562026977539062, 0.009142160415649414, 0.011570453643798828 
817, -5.2028045654296875, 0.022317886352539062, 0.009122610092163086, 0.011392593383789062 
818, -5.202805519104004, 0.022043704986572266, 0.009071826934814453, 0.011313438415527344 
819, -5.202807903289795, 0.02193760871887207, 0.008981943130493164, 0.01119375228881836 
820, -5.202805519104004, 0.021833181381225586, 0.008952856063842773, 0.011170625686645508 
821, -5.202805995941162, 0.02196359634399414, 0.009122610092163086, 0.011196374893188477 
822, -5.202800750732422, 0.02239704132080078, 0.009097576141357422, 0.011500120162963867 
823, -5.202799320220947, 0.022447586059570312, 0.009175300598144531, 0.011365175247192383 
824, -5.2028021812438965, 0.022658824920654297, 0.009137392044067383, 0.011655092239379883 
825, -5.202801704406738, 0.02279210090637207, 0.009554624557495117, 0.011428594589233398 
826, -5.202801704406738, 0.022640228271484375, 0.009299755096435547, 0.011490345001220703 
827, -5.202803611755371, 0.02258467674255371, 0.009287595748901367, 0.011538505554199219 
828, -5.202805995941162, 0.02276158332824707, 0.009186506271362305, 0.011660337448120117 
829, -5.202807903289795, 0.022897720336914062, 0.009434700012207031, 0.01160120964050293 
830, -5.202807426452637, 0.023753643035888672, 0.009675741195678711, 0.01220083236694336 
831, -5.2028045654296875, 0.023197174072265625, 0.009579896926879883, 0.011712312698364258 
832, -5.202803611755371, 0.02302241325378418, 0.009501218795776367, 0.011664390563964844 
833, -5.202810287475586, 0.021990060806274414, 0.009035348892211914, 0.011263132095336914 
834, -5.202809810638428, 0.022362470626831055, 0.008956432342529297, 0.011631488800048828 
835, -5.20280647277832, 0.022168636322021484, 0.00908970832824707, 0.01136016845703125 
836, -5.202808856964111, 0.021979808807373047, 0.008951663970947266, 0.011211872100830078 
837, -5.202807903289795, 0.02267742156982422, 0.009315013885498047, 0.01147007942199707 
838, -5.202801704406738, 0.022982120513916016, 0.009182214736938477, 0.011753082275390625 
839, -5.2027997970581055, 0.023147106170654297, 0.009678840637207031, 0.011558771133422852 
840, -5.202796459197998, 0.02256631851196289, 0.009243011474609375, 0.011469602584838867 
841, -5.202800273895264, 0.022561073303222656, 0.009154081344604492, 0.01157999038696289 
842, -5.202803611755371, 0.022585153579711914, 0.009217262268066406, 0.011513710021972656 
843, -5.20279598236084, 0.022399425506591797, 0.009123563766479492, 0.011481285095214844 
844, -5.202789306640625, 0.022658348083496094, 0.009321451187133789, 0.011541128158569336 
845, -5.202795028686523, 0.0224759578704834, 0.009178876876831055, 0.011440277099609375 
846, -5.202796459197998, 0.022546768188476562, 0.009277582168579102, 0.011410713195800781 
847, -5.20279598236084, 0.022762537002563477, 0.009254693984985352, 0.011645317077636719 
848, -5.202799320220947, 0.023019790649414062, 0.00934290885925293, 0.011847734451293945 
849, -5.202803134918213, 0.023099899291992188, 0.009661197662353516, 0.011585474014282227 
850, -5.202803611755371, 0.02317953109741211, 0.009433984756469727, 0.011910200119018555 
851, -5.202807426452637, 0.02218461036682129, 0.00911569595336914, 0.011270284652709961 
852, -5.2028045654296875, 0.02279210090637207, 0.009344100952148438, 0.011612415313720703 
853, -5.2028021812438965, 0.023043394088745117, 0.009453058242797852, 0.011665821075439453 
854, -5.202805519104004, 0.023735523223876953, 0.009765625, 0.01198124885559082 
855, -5.202805995941162, 0.023434162139892578, 0.00986027717590332, 0.011759281158447266 
856, -5.20280647277832, 0.023061752319335938, 0.009298563003540039, 0.011795997619628906 
857, -5.202807426452637, 0.02259659767150879, 0.00929880142211914, 0.011524200439453125 
858, -5.202805519104004, 0.022550106048583984, 0.009143829345703125, 0.0115203857421875 
859, -5.2028021812438965, 0.02268695831298828, 0.00932002067565918, 0.011584281921386719 
860, -5.202796459197998, 0.022599220275878906, 0.009170293807983398, 0.01153874397277832 
861, -5.202794551849365, 0.02281928062438965, 0.009310483932495117, 0.011530876159667969 
862, -5.2027907371521, 0.023469924926757812, 0.009746551513671875, 0.011926412582397461 
863, -5.202796936035156, 0.022817611694335938, 0.009280681610107422, 0.011716127395629883 
864, -5.202805042266846, 0.022333860397338867, 0.009205102920532227, 0.01132655143737793 
865, -5.202805519104004, 0.022217988967895508, 0.00900411605834961, 0.011447906494140625 
866, -5.202803611755371, 0.022220611572265625, 0.009107351303100586, 0.011340618133544922 
867, -5.202803611755371, 0.0227506160736084, 0.009316205978393555, 0.011585712432861328 
868, -5.202800750732422, 0.022307395935058594, 0.009051799774169922, 0.011448860168457031 
869, -5.202800273895264, 0.022184371948242188, 0.009078025817871094, 0.01137089729309082 
870, -5.202796936035156, 0.022788286209106445, 0.009227991104125977, 0.011731147766113281 
871, -5.202801704406738, 0.02294611930847168, 0.009459972381591797, 0.011581897735595703 
872, -5.202803611755371, 0.02299666404724121, 0.009370088577270508, 0.011717081069946289 
873, -5.202803134918213, 0.023163557052612305, 0.009746074676513672, 0.011541128158569336 
874, -5.202801704406738, 0.022838354110717773, 0.009302139282226562, 0.011644363403320312 
875, -5.20280647277832, 0.022823572158813477, 0.009272098541259766, 0.011748552322387695 
876, -5.202807903289795, 0.022547483444213867, 0.00932168960571289, 0.01145315170288086 
877, -5.202804088592529, 0.02345132827758789, 0.009449005126953125, 0.012063980102539062 
878, -5.202812194824219, 0.023479461669921875, 0.00978541374206543, 0.011764049530029297 
879, -5.202807903289795, 0.02344822883605957, 0.009822607040405273, 0.011904716491699219 
880, -5.202798366546631, 0.02269148826599121, 0.009186267852783203, 0.011647462844848633 
881, -5.20280122756958, 0.0224609375, 0.009221315383911133, 0.011423349380493164 
882, -5.202802658081055, 0.022138595581054688, 0.009024858474731445, 0.011314868927001953 
883, -5.202796936035156, 0.022628307342529297, 0.009211063385009766, 0.011671304702758789 
884, -5.202800750732422, 0.022640466690063477, 0.009267568588256836, 0.011579513549804688 
885, -5.202805519104004, 0.023023605346679688, 0.009243965148925781, 0.011802434921264648 
886, -5.202803134918213, 0.022800207138061523, 0.009494781494140625, 0.011460065841674805 
887, -5.20280647277832, 0.02276301383972168, 0.009501457214355469, 0.01141810417175293 
888, -5.202811241149902, 0.022296905517578125, 0.009084939956665039, 0.011406898498535156 
889, -5.202805995941162, 0.02196979522705078, 0.008986949920654297, 0.011269092559814453 
890, -5.202807426452637, 0.0220797061920166, 0.008962392807006836, 0.01131296157836914 
891, -5.202808380126953, 0.022217512130737305, 0.009150266647338867, 0.011299848556518555 
892, -5.202803611755371, 0.02167034149169922, 0.008895635604858398, 0.011149883270263672 
893, -5.2028045654296875, 0.021840333938598633, 0.008901596069335938, 0.011254310607910156 
894, -5.2028069496154785, 0.021858692169189453, 0.009070873260498047, 0.01109457015991211 
895, -5.202805042266846, 0.022603750228881836, 0.009151935577392578, 0.011668920516967773 
896, -5.2028045654296875, 0.02272796630859375, 0.009290933609008789, 0.011510848999023438 
897, -5.202801704406738, 0.02318406105041504, 0.009659767150878906, 0.01167607307434082 
898, -5.202800750732422, 0.023095130920410156, 0.009182929992675781, 0.011995792388916016 
899, -5.202803611755371, 0.022733449935913086, 0.009299039840698242, 0.011506319046020508 
900, -5.202802658081055, 0.022866010665893555, 0.009366512298583984, 0.011621713638305664 
901, -5.202802658081055, 0.023586511611938477, 0.009412050247192383, 0.012163639068603516 
902, -5.202799320220947, 0.023270845413208008, 0.00955510139465332, 0.011732339859008789 
903, -5.2027997970581055, 0.02386784553527832, 0.009841680526733398, 0.01217031478881836 
904, -5.202807426452637, 0.022639751434326172, 0.009223222732543945, 0.011544227600097656 
905, -5.202805519104004, 0.022560596466064453, 0.009366035461425781, 0.011384963989257812 
906, -5.20280647277832, 0.0224611759185791, 0.0091400146484375, 0.011413335800170898 
907, -5.202807426452637, 0.022699832916259766, 0.009274721145629883, 0.011642932891845703 
908, -5.20280647277832, 0.022439002990722656, 0.009172201156616211, 0.011418342590332031 
909, -5.2027997970581055, 0.023398160934448242, 0.009491205215454102, 0.012056350708007812 
910, -5.202798843383789, 0.022400379180908203, 0.009095907211303711, 0.011406660079956055 
911, -5.202796459197998, 0.022986888885498047, 0.00937962532043457, 0.011687994003295898 
912, -5.202794551849365, 0.022434711456298828, 0.00940084457397461, 0.011203289031982422 
913, -5.202798366546631, 0.022370338439941406, 0.009126901626586914, 0.0114288330078125 
914, -5.202801704406738, 0.022298812866210938, 0.009101152420043945, 0.011402606964111328 
915, -5.202798843383789, 0.02288961410522461, 0.009347200393676758, 0.011659860610961914 
916, -5.202798843383789, 0.02278423309326172, 0.009241819381713867, 0.011721372604370117 
917, -5.2028045654296875, 0.022225379943847656, 0.009167671203613281, 0.011245012283325195 
918, -5.202798843383789, 0.022254228591918945, 0.00915670394897461, 0.011340141296386719 
919, -5.2027974128723145, 0.02271437644958496, 0.009436845779418945, 0.011483430862426758 
920, -5.202801704406738, 0.022458314895629883, 0.009143590927124023, 0.011452913284301758 
921, -5.2027997970581055, 0.023253917694091797, 0.00957489013671875, 0.011786460876464844 
922, -5.202787399291992, 0.02250385284423828, 0.009074211120605469, 0.011579036712646484 
923, -5.202789306640625, 0.022996902465820312, 0.009308576583862305, 0.011874914169311523 
924, -5.202801704406738, 0.0225217342376709, 0.00922250747680664, 0.011453628540039062 
925, -5.202798843383789, 0.02321767807006836, 0.009402751922607422, 0.012034416198730469 
926, -5.202785968780518, 0.022893190383911133, 0.009301424026489258, 0.011659383773803711 
927, -5.202792167663574, 0.023886680603027344, 0.00959920883178711, 0.012310028076171875 
928, -5.2027974128723145, 0.022739887237548828, 0.009558439254760742, 0.011339187622070312 
929, -5.202786445617676, 0.02260112762451172, 0.009317636489868164, 0.01144719123840332 
930, -5.202779769897461, 0.022579431533813477, 0.00927591323852539, 0.01145315170288086 
931, -5.202792167663574, 0.022609233856201172, 0.009231090545654297, 0.01157689094543457 
932, -5.2027997970581055, 0.022936105728149414, 0.009320259094238281, 0.011692523956298828 
933, -5.202793598175049, 0.022922754287719727, 0.009651422500610352, 0.011394739151000977 
934, -5.202799320220947, 0.022656679153442383, 0.009322166442871094, 0.011630535125732422 
935, -5.2028093338012695, 0.02223515510559082, 0.009156227111816406, 0.01126241683959961 
936, -5.202801704406738, 0.022141695022583008, 0.009102821350097656, 0.011375665664672852 
937, -5.202792167663574, 0.02212810516357422, 0.009097814559936523, 0.011312723159790039 
938, -5.202801704406738, 0.02228069305419922, 0.009019851684570312, 0.011426210403442383 
939, -5.202811241149902, 0.02272796630859375, 0.009180784225463867, 0.011720895767211914 
940, -5.202797889709473, 0.022364139556884766, 0.009282112121582031, 0.011391162872314453 
941, -5.202791690826416, 0.022380828857421875, 0.009140491485595703, 0.011426210403442383 
942, -5.202793121337891, 0.022505998611450195, 0.009046077728271484, 0.011523008346557617 
943, -5.202793121337891, 0.022919178009033203, 0.009429931640625, 0.01174163818359375 
944, -5.202786445617676, 0.02304220199584961, 0.009401082992553711, 0.011724710464477539 
945, -5.202791690826416, 0.02335667610168457, 0.009577512741088867, 0.012026548385620117 
946, -5.202802658081055, 0.022618770599365234, 0.009147167205810547, 0.01166534423828125 
947, -5.2028045654296875, 0.02303290367126465, 0.009399652481079102, 0.011759042739868164 
948, -5.202802658081055, 0.022835731506347656, 0.009303092956542969, 0.011650562286376953 
949, -5.202802658081055, 0.023391246795654297, 0.0096435546875, 0.011915445327758789 
950, -5.2028093338012695, 0.02324199676513672, 0.009454965591430664, 0.011896848678588867 
951, -5.202807426452637, 0.023319482803344727, 0.00937962532043457, 0.01196742057800293 
952, -5.202803611755371, 0.02275228500366211, 0.00966024398803711, 0.011368036270141602 
953, -5.202805995941162, 0.02309584617614746, 0.009546041488647461, 0.011638402938842773 
954, -5.202805995941162, 0.023009061813354492, 0.009285688400268555, 0.01176762580871582 
955, -5.202802658081055, 0.02269601821899414, 0.009442567825317383, 0.011527776718139648 
956, -5.202808380126953, 0.023293256759643555, 0.00938868522644043, 0.012042999267578125 
957, -5.2028093338012695, 0.0225527286529541, 0.00916743278503418, 0.01155400276184082 
958, -5.20280647277832, 0.02239084243774414, 0.009327173233032227, 0.011400461196899414 
959, -5.202807903289795, 0.022054672241210938, 0.009078025817871094, 0.011195182800292969 
960, -5.202808380126953, 0.022057294845581055, 0.0090789794921875, 0.011251211166381836 
961, -5.202809810638428, 0.02171611785888672, 0.008919477462768555, 0.01114964485168457 
962, -5.202810287475586, 0.022207975387573242, 0.009035348892211914, 0.01135873794555664 
963, -5.202811241149902, 0.02210259437561035, 0.00915837287902832, 0.011238813400268555 
964, -5.202810287475586, 0.021886110305786133, 0.008931636810302734, 0.011181831359863281 
965, -5.2028093338012695, 0.021979808807373047, 0.009062051773071289, 0.011151552200317383 
966, -5.202807903289795, 0.021922588348388672, 0.008949995040893555, 0.011227607727050781 
967, -5.202805519104004, 0.022444725036621094, 0.008983612060546875, 0.011658191680908203 
968, -5.202804088592529, 0.02279973030090332, 0.00933980941772461, 0.01160573959350586 
969, -5.20280647277832, 0.02316594123840332, 0.009217500686645508, 0.011994600296020508 
970, -5.202803611755371, 0.022742509841918945, 0.009386539459228516, 0.011400699615478516 
971, -5.20280647277832, 0.02349376678466797, 0.009680986404418945, 0.011945486068725586 
972, -5.20280647277832, 0.022989511489868164, 0.00941324234008789, 0.011633634567260742 
973, -5.202800750732422, 0.023417949676513672, 0.009704351425170898, 0.011805295944213867 
974, -5.202803611755371, 0.0232088565826416, 0.009483814239501953, 0.01184844970703125 
975, -5.202801704406738, 0.023138999938964844, 0.009374141693115234, 0.011844873428344727 
976, -5.202796936035156, 0.023218154907226562, 0.00968623161315918, 0.01178598403930664 
977, -5.2028021812438965, 0.022490739822387695, 0.009018421173095703, 0.011615991592407227 
978, -5.202802658081055, 0.022936582565307617, 0.009388446807861328, 0.011709928512573242 
979, -5.202800273895264, 0.02297377586364746, 0.009229421615600586, 0.011697769165039062 
980, -5.202805042266846, 0.023135900497436523, 0.009707212448120117, 0.011680841445922852 
981, -5.202802658081055, 0.022874832153320312, 0.009398460388183594, 0.01161956787109375 
982, -5.202801704406738, 0.022685527801513672, 0.009322881698608398, 0.011466026306152344 
983, -5.202798366546631, 0.022662878036499023, 0.009432077407836914, 0.011403322219848633 
984, -5.202802658081055, 0.0224611759185791, 0.009060382843017578, 0.011579275131225586 
985, -5.2027997970581055, 0.0222320556640625, 0.009058237075805664, 0.011431217193603516 
986, -5.202800750732422, 0.022182464599609375, 0.009057760238647461, 0.011316061019897461 
987, -5.202803611755371, 0.02234935760498047, 0.009091615676879883, 0.011432647705078125 
988, -5.202805519104004, 0.022630691528320312, 0.009238719940185547, 0.011554479598999023 
989, -5.20280647277832, 0.022493839263916016, 0.009231090545654297, 0.01154184341430664 
990, -5.202805042266846, 0.022200584411621094, 0.009023666381835938, 0.011431217193603516 
991, -5.20280122756958, 0.02274489402770996, 0.00925755500793457, 0.011642694473266602 
992, -5.202796936035156, 0.02256011962890625, 0.00929403305053711, 0.011434555053710938 
993, -5.202791213989258, 0.0231168270111084, 0.009264707565307617, 0.01193380355834961 
994, -5.202796936035156, 0.022696495056152344, 0.009366273880004883, 0.011451482772827148 
995, -5.202803611755371, 0.023278474807739258, 0.009547948837280273, 0.01175689697265625 
996, -5.202801704406738, 0.023218631744384766, 0.009456396102905273, 0.011830568313598633 
997, -5.202802658081055, 0.023003816604614258, 0.009598970413208008, 0.011509180068969727 
998, -5.2028045654296875, 0.022958040237426758, 0.009414911270141602, 0.011685371398925781 
999, -5.202805519104004, 0.022923946380615234, 0.009250640869140625, 0.011862754821777344 
