Iteration, loss, time 
0, 0.760001003742218, 0.42188262939453125, 0.2120978832244873, 0.2057955265045166 
1, 0.7220553159713745, 0.4009084701538086, 0.1978445053100586, 0.20075035095214844 
2, 0.6850169897079468, 0.4061152935028076, 0.20252275466918945, 0.20135498046875 
3, 0.6489204168319702, 0.40718603134155273, 0.2012186050415039, 0.20362377166748047 
4, 0.6139060258865356, 0.39123010635375977, 0.196791410446167, 0.19219040870666504 
5, 0.5797702074050903, 0.39730143547058105, 0.19448351860046387, 0.2004706859588623 
6, 0.5464792251586914, 0.3972461223602295, 0.19849634170532227, 0.19662761688232422 
7, 0.5140225887298584, 0.40184497833251953, 0.19567203521728516, 0.2040700912475586 
8, 0.4823731482028961, 0.3975541591644287, 0.19643425941467285, 0.19895672798156738 
9, 0.4515019655227661, 0.4040567874908447, 0.200423002243042, 0.2013716697692871 
