Iteration, loss, time 
0, 1.1775689125061035, 0.17266845703125, 0.10659384727478027, 0.06174445152282715 
1, 1.1306710243225098, 0.1113128662109375, 0.047071218490600586, 0.06139230728149414 
2, 1.085170030593872, 0.1108388900756836, 0.047376394271850586, 0.06076478958129883 
3, 1.04033625125885, 0.11043071746826172, 0.04657626152038574, 0.061225175857543945 
4, 0.9961400032043457, 0.10974550247192383, 0.04655051231384277, 0.06059694290161133 
5, 0.9516693353652954, 0.11058402061462402, 0.04721522331237793, 0.0606226921081543 
6, 0.9060631394386292, 0.11058330535888672, 0.04692983627319336, 0.06081986427307129 
7, 0.8611831665039062, 0.11201095581054688, 0.0465700626373291, 0.0626227855682373 
8, 0.8170299530029297, 0.11361169815063477, 0.04831123352050781, 0.062463998794555664 
9, 0.7681103944778442, 0.11161136627197266, 0.04761624336242676, 0.06081128120422363 
