Iteration, loss, time 
0, 0.39480599761009216, 0.3626716136932373 
1, 0.3445437550544739, 0.3319091796875 
2, 0.2855837345123291, 0.30771899223327637 
3, 0.24566355347633362, 0.31027722358703613 
4, 0.19631341099739075, 0.3070254325866699 
5, 0.15380504727363586, 0.31491565704345703 
6, 0.11211872100830078, 0.30844616889953613 
7, 0.07422280311584473, 0.3088984489440918 
8, 0.02808535099029541, 0.3112599849700928 
9, -0.0035080313682556152, 0.3048276901245117 
10, -0.050970494747161865, 0.3091256618499756 
11, -0.08405232429504395, 0.3021965026855469 
12, -0.1210944652557373, 0.30630970001220703 
13, -0.15539801120758057, 0.30518674850463867 
14, -0.18683528900146484, 0.30035829544067383 
15, -0.21157991886138916, 0.2986571788787842 
16, -0.24739378690719604, 0.3064231872558594 
17, -0.2861025333404541, 0.30112648010253906 
18, -0.3100094199180603, 0.3053758144378662 
19, -0.3345337510108948, 0.3084239959716797 
20, -0.3531510829925537, 0.30778956413269043 
21, -0.3809601664543152, 0.31034255027770996 
22, -0.39767152070999146, 0.31012845039367676 
23, -0.42223650217056274, 0.3069443702697754 
24, -0.4455967843532562, 0.3057694435119629 
25, -0.4710117280483246, 0.300342321395874 
26, -0.4914671778678894, 0.2987174987792969 
27, -0.5084401369094849, 0.29706811904907227 
28, -0.5286612510681152, 0.30182886123657227 
29, -0.5537325143814087, 0.30098772048950195 
30, -0.567761242389679, 0.2971522808074951 
31, -0.5872287750244141, 0.29643774032592773 
32, -0.6066186428070068, 0.29987287521362305 
33, -0.6233376860618591, 0.2999579906463623 
34, -0.6358683109283447, 0.3013880252838135 
35, -0.6566188931465149, 0.3000307083129883 
36, -0.675290584564209, 0.30010437965393066 
37, -0.6835379600524902, 0.30050206184387207 
38, -0.699091911315918, 0.2961692810058594 
39, -0.7159836888313293, 0.30016565322875977 
40, -0.7265719175338745, 0.3006014823913574 
41, -0.7452821135520935, 0.3065981864929199 
42, -0.7625748515129089, 0.30765247344970703 
43, -0.7731908559799194, 0.30970120429992676 
44, -0.792919933795929, 0.3002035617828369 
45, -0.8093254566192627, 0.32064104080200195 
46, -0.8194496631622314, 0.3039696216583252 
47, -0.8316134810447693, 0.3039982318878174 
48, -0.8512989282608032, 0.3094050884246826 
49, -0.8691233396530151, 0.3089594841003418 
50, -0.8819372653961182, 0.33109593391418457 
51, -0.8936604261398315, 0.3235328197479248 
52, -0.9057323932647705, 0.3176755905151367 
53, -0.9193243980407715, 0.31580305099487305 
54, -0.93443763256073, 0.3165299892425537 
55, -0.946744441986084, 0.3020517826080322 
56, -0.9565385580062866, 0.30356907844543457 
57, -0.9649960398674011, 0.3057591915130615 
58, -0.9784867763519287, 0.3048064708709717 
59, -0.9868460893630981, 0.3023207187652588 
60, -0.9996328949928284, 0.3036823272705078 
61, -1.0121721029281616, 0.3030586242675781 
62, -1.0201209783554077, 0.30414557456970215 
63, -1.027411699295044, 0.29943060874938965 
64, -1.0362625122070312, 0.3001589775085449 
65, -1.046260118484497, 0.30735135078430176 
66, -1.055372714996338, 0.3033018112182617 
67, -1.068241834640503, 0.29742884635925293 
68, -1.076909065246582, 0.29457759857177734 
69, -1.0818051099777222, 0.30547595024108887 
70, -1.0881481170654297, 0.2954244613647461 
71, -1.0945446491241455, 0.3036017417907715 
72, -1.1031699180603027, 0.2938685417175293 
73, -1.1116422414779663, 0.30487990379333496 
74, -1.1206111907958984, 0.3011305332183838 
75, -1.1234114170074463, 0.2946910858154297 
76, -1.131986379623413, 0.293903112411499 
77, -1.136460781097412, 0.2949950695037842 
78, -1.1439673900604248, 0.2979581356048584 
79, -1.1511931419372559, 0.296647310256958 
80, -1.1548211574554443, 0.289318323135376 
81, -1.161436676979065, 0.2987205982208252 
82, -1.1651899814605713, 0.29883384704589844 
83, -1.1742178201675415, 0.2997567653656006 
84, -1.1787210702896118, 0.2929821014404297 
85, -1.1835782527923584, 0.3023209571838379 
86, -1.1872798204421997, 0.2977454662322998 
87, -1.1934101581573486, 0.2948572635650635 
88, -1.198112964630127, 0.2988152503967285 
89, -1.2007958889007568, 0.2998194694519043 
90, -1.2045884132385254, 0.2968614101409912 
91, -1.2118415832519531, 0.3108963966369629 
92, -1.2158174514770508, 0.29952263832092285 
93, -1.2250463962554932, 0.30248045921325684 
94, -1.224229335784912, 0.3086681365966797 
95, -1.2272281646728516, 0.3071889877319336 
96, -1.2323626279830933, 0.30228543281555176 
97, -1.2374932765960693, 0.3081521987915039 
98, -1.2383872270584106, 0.31344127655029297 
99, -1.2433669567108154, 0.3268702030181885 
100, -1.2488775253295898, 0.3821260929107666 
101, -1.2489638328552246, 0.3039252758026123 
102, -1.2556357383728027, 0.2958407402038574 
103, -1.2591025829315186, 0.295851469039917 
104, -1.260957956314087, 0.2938868999481201 
105, -1.2643749713897705, 0.29445958137512207 
106, -1.2671728134155273, 0.295337438583374 
107, -1.2704545259475708, 0.29615306854248047 
108, -1.2745530605316162, 0.2923848628997803 
109, -1.2756749391555786, 0.303513765335083 
110, -1.2791807651519775, 0.2974224090576172 
111, -1.2814407348632812, 0.2919166088104248 
112, -1.283274531364441, 0.29314374923706055 
113, -1.2872371673583984, 0.30148863792419434 
114, -1.2910122871398926, 0.3037221431732178 
115, -1.2911763191223145, 0.303652286529541 
116, -1.2960245609283447, 0.30513954162597656 
117, -1.2976757287979126, 0.30110669136047363 
118, -1.3000359535217285, 0.3069777488708496 
119, -1.3046619892120361, 0.30046892166137695 
120, -1.3065171241760254, 0.3031027317047119 
121, -1.3079485893249512, 0.30312347412109375 
122, -1.3086719512939453, 0.3017423152923584 
123, -1.3131791353225708, 0.29894399642944336 
124, -1.313347578048706, 0.3046257495880127 
125, -1.3160321712493896, 0.30071401596069336 
126, -1.3185300827026367, 0.3010532855987549 
127, -1.3207941055297852, 0.29953551292419434 
128, -1.3228970766067505, 0.2986464500427246 
129, -1.3259189128875732, 0.3010396957397461 
130, -1.3266972303390503, 0.30161094665527344 
131, -1.329744815826416, 0.3004343509674072 
132, -1.3299496173858643, 0.3014254570007324 
133, -1.3322738409042358, 0.2982041835784912 
134, -1.3351424932479858, 0.3007676601409912 
135, -1.336310625076294, 0.29668307304382324 
136, -1.336964726448059, 0.30239439010620117 
137, -1.3407315015792847, 0.3014404773712158 
138, -1.343229055404663, 0.2983999252319336 
139, -1.3425772190093994, 0.30329251289367676 
140, -1.3450024127960205, 0.2967031002044678 
141, -1.3458278179168701, 0.30060553550720215 
142, -1.346095323562622, 0.30263805389404297 
143, -1.3503901958465576, 0.3040187358856201 
144, -1.3515026569366455, 0.29810118675231934 
145, -1.3520317077636719, 0.2977581024169922 
146, -1.3526289463043213, 0.29810571670532227 
147, -1.3548955917358398, 0.2964956760406494 
148, -1.3547742366790771, 0.29921603202819824 
149, -1.3582763671875, 0.29600095748901367 
150, -1.3590946197509766, 0.2953221797943115 
151, -1.360673189163208, 0.2950906753540039 
152, -1.3609962463378906, 0.3016204833984375 
153, -1.3633921146392822, 0.29422831535339355 
154, -1.3639167547225952, 0.2982790470123291 
155, -1.3650918006896973, 0.29657530784606934 
156, -1.36490797996521, 0.2988924980163574 
157, -1.3686498403549194, 0.299044132232666 
158, -1.367647409439087, 0.29384756088256836 
159, -1.3704102039337158, 0.29666590690612793 
160, -1.3706648349761963, 0.2992544174194336 
161, -1.3718912601470947, 0.30024003982543945 
162, -1.3725351095199585, 0.38273072242736816 
163, -1.3737140893936157, 0.29103851318359375 
164, -1.37554931640625, 0.3028271198272705 
165, -1.3769216537475586, 0.30107665061950684 
166, -1.3776671886444092, 0.30083608627319336 
167, -1.378061056137085, 0.30126094818115234 
168, -1.379929780960083, 0.29784369468688965 
169, -1.3791899681091309, 0.3025698661804199 
170, -1.3805581331253052, 0.3027348518371582 
171, -1.3816853761672974, 0.3005645275115967 
172, -1.3833887577056885, 0.3044576644897461 
173, -1.3823517560958862, 0.31771111488342285 
174, -1.3827617168426514, 0.29803466796875 
175, -1.385084867477417, 0.2943394184112549 
176, -1.3846548795700073, 0.2957954406738281 
177, -1.3860087394714355, 0.29656457901000977 
178, -1.3872952461242676, 0.2963290214538574 
179, -1.387094259262085, 0.29151415824890137 
180, -1.388509750366211, 0.2917318344116211 
181, -1.388538122177124, 0.3017587661743164 
182, -1.3898966312408447, 0.30130553245544434 
183, -1.3907270431518555, 0.2966039180755615 
184, -1.3917700052261353, 0.2971651554107666 
185, -1.3925387859344482, 0.30110669136047363 
186, -1.393133282661438, 0.30275607109069824 
187, -1.3934352397918701, 0.3051419258117676 
188, -1.3925532102584839, 0.33452510833740234 
189, -1.3941242694854736, 0.3039572238922119 
190, -1.3945869207382202, 0.2998511791229248 
191, -1.3960723876953125, 0.2965097427368164 
192, -1.3952624797821045, 0.2919652462005615 
193, -1.397456407546997, 0.30613040924072266 
194, -1.396946907043457, 0.3027470111846924 
195, -1.398343801498413, 0.30382204055786133 
196, -1.3978867530822754, 0.29541993141174316 
197, -1.39969801902771, 0.30605077743530273 
198, -1.3992946147918701, 0.29094815254211426 
199, -1.3996840715408325, 0.29467177391052246 
200, -1.4001482725143433, 0.29550933837890625 
201, -1.4023438692092896, 0.2934877872467041 
202, -1.4028160572052002, 0.30472230911254883 
203, -1.4016327857971191, 0.3315708637237549 
204, -1.4024872779846191, 0.3007321357727051 
205, -1.4017441272735596, 0.2987949848175049 
206, -1.404373049736023, 0.2997403144836426 
207, -1.403860092163086, 0.3037528991699219 
208, -1.404698371887207, 0.2940974235534668 
209, -1.4038927555084229, 0.29859042167663574 
210, -1.4044177532196045, 0.29726624488830566 
211, -1.4066187143325806, 0.2904212474822998 
212, -1.4065572023391724, 0.2901136875152588 
213, -1.4066658020019531, 0.2964811325073242 
214, -1.40684175491333, 0.2991025447845459 
215, -1.4063494205474854, 0.29943084716796875 
216, -1.4071314334869385, 0.3004341125488281 
217, -1.4067672491073608, 0.30554747581481934 
218, -1.4077064990997314, 0.29741930961608887 
219, -1.4086664915084839, 0.29579973220825195 
220, -1.4083361625671387, 0.2956430912017822 
221, -1.4092470407485962, 0.29311704635620117 
222, -1.4099609851837158, 0.2952291965484619 
223, -1.4098594188690186, 0.3113515377044678 
224, -1.4094634056091309, 0.30353379249572754 
225, -1.410752296447754, 0.3030576705932617 
226, -1.4100961685180664, 0.2999238967895508 
227, -1.4113117456436157, 0.2919948101043701 
228, -1.4115519523620605, 0.3022885322570801 
229, -1.4111568927764893, 0.28806209564208984 
230, -1.4110338687896729, 0.29155993461608887 
231, -1.4116747379302979, 0.2958033084869385 
232, -1.4122302532196045, 0.2959458827972412 
233, -1.4127442836761475, 0.28946900367736816 
234, -1.4119594097137451, 0.2945716381072998 
235, -1.4123739004135132, 0.294677734375 
236, -1.413874864578247, 0.2960231304168701 
237, -1.4135849475860596, 0.29726386070251465 
238, -1.4134783744812012, 0.30031633377075195 
239, -1.4139487743377686, 0.2983837127685547 
240, -1.4137850999832153, 0.30391573905944824 
241, -1.414872646331787, 0.30010437965393066 
242, -1.4151594638824463, 0.29575657844543457 
243, -1.4145724773406982, 0.30088090896606445 
244, -1.4149518013000488, 0.296919584274292 
245, -1.4155126810073853, 0.2894144058227539 
246, -1.414867639541626, 0.28705644607543945 
247, -1.4164212942123413, 0.29015088081359863 
248, -1.4151923656463623, 0.29457879066467285 
249, -1.416041612625122, 0.28617286682128906 
250, -1.4156219959259033, 0.29362010955810547 
251, -1.4163899421691895, 0.28655123710632324 
252, -1.4172788858413696, 0.2823324203491211 
253, -1.4165416955947876, 0.2884533405303955 
254, -1.4169542789459229, 0.2855665683746338 
255, -1.4174954891204834, 0.2878890037536621 
256, -1.4163841009140015, 0.2871544361114502 
257, -1.4156203269958496, 0.28670501708984375 
258, -1.4176733493804932, 0.29164934158325195 
259, -1.4175996780395508, 0.2836191654205322 
260, -1.4166722297668457, 0.29046058654785156 
261, -1.4176480770111084, 0.2931065559387207 
262, -1.418884515762329, 0.29094457626342773 
263, -1.4175307750701904, 0.2912905216217041 
264, -1.4175703525543213, 0.28753066062927246 
265, -1.4179376363754272, 0.2958242893218994 
266, -1.4185256958007812, 0.29018187522888184 
267, -1.418429970741272, 0.29648399353027344 
268, -1.4187333583831787, 0.2975316047668457 
269, -1.4191179275512695, 0.29802775382995605 
270, -1.4186768531799316, 0.2969014644622803 
271, -1.4183874130249023, 0.29672884941101074 
272, -1.419274926185608, 0.29678916931152344 
273, -1.418787956237793, 0.2920513153076172 
274, -1.4192163944244385, 0.28600358963012695 
275, -1.4201571941375732, 0.2893369197845459 
276, -1.4196977615356445, 0.29206252098083496 
277, -1.4192678928375244, 0.2910792827606201 
278, -1.4196152687072754, 0.2904653549194336 
279, -1.4196462631225586, 0.28307056427001953 
280, -1.4183813333511353, 0.28862452507019043 
281, -1.4199883937835693, 0.28481507301330566 
282, -1.420119285583496, 0.28638505935668945 
283, -1.420172929763794, 0.28946447372436523 
284, -1.4201173782348633, 0.29347944259643555 
285, -1.4209558963775635, 0.29789161682128906 
286, -1.4207371473312378, 0.2911193370819092 
287, -1.421121597290039, 0.29082512855529785 
288, -1.4208263158798218, 0.2920191287994385 
289, -1.4210468530654907, 0.2913680076599121 
290, -1.4213337898254395, 0.2905914783477783 
291, -1.4206688404083252, 0.2924821376800537 
292, -1.4207017421722412, 0.2927563190460205 
293, -1.4208508729934692, 0.28928327560424805 
294, -1.4215245246887207, 0.29258060455322266 
295, -1.4218664169311523, 0.28862881660461426 
296, -1.421515703201294, 0.2889089584350586 
297, -1.4213380813598633, 0.2885313034057617 
298, -1.4212579727172852, 0.2855222225189209 
299, -1.4208104610443115, 0.28930211067199707 
300, -1.420656442642212, 0.28937625885009766 
301, -1.4210835695266724, 0.29132604598999023 
302, -1.421992301940918, 0.2883727550506592 
303, -1.422241449356079, 0.28475213050842285 
304, -1.421675443649292, 0.2928602695465088 
305, -1.421194076538086, 0.29559826850891113 
306, -1.4215004444122314, 0.2962517738342285 
307, -1.4208805561065674, 0.30205488204956055 
308, -1.4212579727172852, 0.3070106506347656 
309, -1.4221857786178589, 0.29735326766967773 
310, -1.4219977855682373, 0.300006628036499 
311, -1.4220523834228516, 0.2985687255859375 
312, -1.4219863414764404, 0.2986736297607422 
313, -1.4216569662094116, 0.2967088222503662 
314, -1.4222147464752197, 0.2950291633605957 
315, -1.4228894710540771, 0.2847256660461426 
316, -1.4226897954940796, 0.28728389739990234 
317, -1.422950029373169, 0.30789756774902344 
318, -1.423205852508545, 0.28872036933898926 
319, -1.4224392175674438, 0.296583890914917 
320, -1.4228899478912354, 0.2964012622833252 
321, -1.4226927757263184, 0.29349255561828613 
322, -1.421881914138794, 0.297421932220459 
323, -1.422953724861145, 0.2934420108795166 
324, -1.423235535621643, 0.29278564453125 
325, -1.4226396083831787, 0.2948136329650879 
326, -1.422044038772583, 0.2946786880493164 
327, -1.4233150482177734, 0.29688191413879395 
328, -1.4231445789337158, 0.29810190200805664 
329, -1.4232373237609863, 0.3005959987640381 
330, -1.4237868785858154, 0.30405616760253906 
331, -1.4235312938690186, 0.2936668395996094 
332, -1.4216512441635132, 0.28993964195251465 
333, -1.4229978322982788, 0.2902059555053711 
334, -1.422825574874878, 0.3026857376098633 
335, -1.4231966733932495, 0.29469823837280273 
336, -1.4223636388778687, 0.3000767230987549 
337, -1.4234596490859985, 0.29419493675231934 
338, -1.4222303628921509, 0.30127859115600586 
339, -1.422414779663086, 0.29868078231811523 
340, -1.4235858917236328, 0.29734277725219727 
341, -1.4232139587402344, 0.29624176025390625 
342, -1.4224636554718018, 0.29805469512939453 
343, -1.4232425689697266, 0.2989664077758789 
344, -1.4231939315795898, 0.2976405620574951 
345, -1.423534870147705, 0.3144359588623047 
346, -1.4238901138305664, 0.29975128173828125 
347, -1.4236576557159424, 0.2971644401550293 
348, -1.4232347011566162, 0.29012465476989746 
349, -1.4238040447235107, 0.2891826629638672 
350, -1.4211094379425049, 0.3004624843597412 
351, -1.4225406646728516, 0.30451297760009766 
352, -1.4229300022125244, 0.30479955673217773 
353, -1.4233555793762207, 0.3029286861419678 
354, -1.4235033988952637, 0.2974586486816406 
355, -1.42445707321167, 0.2975583076477051 
356, -1.42307448387146, 0.29807186126708984 
357, -1.4234308004379272, 0.29734373092651367 
358, -1.423452615737915, 0.29799532890319824 
359, -1.423490047454834, 0.2999286651611328 
360, -1.4234318733215332, 0.2973179817199707 
361, -1.4236888885498047, 0.2975962162017822 
362, -1.4243484735488892, 0.29761409759521484 
363, -1.4231593608856201, 0.3019368648529053 
364, -1.4250192642211914, 0.2976822853088379 
365, -1.4236552715301514, 0.2955179214477539 
366, -1.424515724182129, 0.29964494705200195 
367, -1.4243676662445068, 0.2972142696380615 
368, -1.4248112440109253, 0.2961394786834717 
369, -1.4248850345611572, 0.29498934745788574 
370, -1.4247584342956543, 0.30022263526916504 
371, -1.4241952896118164, 0.2959249019622803 
372, -1.4237935543060303, 0.3000931739807129 
373, -1.4237314462661743, 0.29326534271240234 
374, -1.4243730306625366, 0.30750036239624023 
375, -1.4245020151138306, 0.29273033142089844 
376, -1.4249553680419922, 0.2915956974029541 
377, -1.4245294332504272, 0.293720006942749 
378, -1.4240959882736206, 0.29656243324279785 
379, -1.423032522201538, 0.29559826850891113 
380, -1.4231250286102295, 0.2983572483062744 
381, -1.42429518699646, 0.29785609245300293 
382, -1.4247756004333496, 0.292407751083374 
383, -1.424668550491333, 0.2989535331726074 
384, -1.425166368484497, 0.2927076816558838 
385, -1.4232089519500732, 0.29417872428894043 
386, -1.4230858087539673, 0.2946755886077881 
387, -1.4237592220306396, 0.2950625419616699 
388, -1.4232406616210938, 0.29245495796203613 
389, -1.424134373664856, 0.2947201728820801 
390, -1.4237877130508423, 0.29834508895874023 
391, -1.4239381551742554, 0.2951171398162842 
392, -1.4236547946929932, 0.30005908012390137 
393, -1.424697756767273, 0.2973771095275879 
394, -1.4247243404388428, 0.2970130443572998 
395, -1.42219877243042, 0.2981266975402832 
396, -1.4233489036560059, 0.29564714431762695 
397, -1.4242620468139648, 0.29460573196411133 
398, -1.4247546195983887, 0.29459309577941895 
399, -1.4248523712158203, 0.29650187492370605 
400, -1.4235563278198242, 0.29376935958862305 
401, -1.4234685897827148, 0.29329776763916016 
402, -1.4240834712982178, 0.29366540908813477 
403, -1.4244648218154907, 0.29183244705200195 
404, -1.4242814779281616, 0.2947053909301758 
405, -1.423787236213684, 0.2929251194000244 
406, -1.4237079620361328, 0.31087183952331543 
407, -1.424226999282837, 0.29183077812194824 
408, -1.4247539043426514, 0.294891357421875 
409, -1.4245469570159912, 0.29118990898132324 
410, -1.4247485399246216, 0.31059813499450684 
411, -1.4259669780731201, 0.2926509380340576 
412, -1.4244908094406128, 0.30762529373168945 
413, -1.4237427711486816, 0.2992095947265625 
414, -1.423284888267517, 0.30048274993896484 
415, -1.4234983921051025, 0.2924625873565674 
416, -1.4243414402008057, 0.29773449897766113 
417, -1.4252485036849976, 0.29497432708740234 
418, -1.4249882698059082, 0.29299449920654297 
419, -1.4245765209197998, 0.296419620513916 
420, -1.4236732721328735, 0.2927982807159424 
421, -1.423600435256958, 0.2948167324066162 
422, -1.423689365386963, 0.2931027412414551 
423, -1.4243017435073853, 0.29491591453552246 
424, -1.4236900806427002, 0.29506707191467285 
425, -1.4245843887329102, 0.29254961013793945 
426, -1.4245061874389648, 0.29471349716186523 
427, -1.4247469902038574, 0.295147180557251 
428, -1.4235349893569946, 0.30137109756469727 
429, -1.424296259880066, 0.29201412200927734 
430, -1.4228756427764893, 0.30562543869018555 
431, -1.425199270248413, 0.3013339042663574 
432, -1.4254944324493408, 0.2936887741088867 
433, -1.424971580505371, 0.2913525104522705 
434, -1.4244582653045654, 0.29311060905456543 
435, -1.423844575881958, 0.2900063991546631 
436, -1.4249285459518433, 0.29222822189331055 
437, -1.4251595735549927, 0.29803895950317383 
438, -1.4242465496063232, 0.2958533763885498 
439, -1.4248111248016357, 0.2966454029083252 
440, -1.4248833656311035, 0.2974855899810791 
441, -1.4251258373260498, 0.291456937789917 
442, -1.4255571365356445, 0.29026007652282715 
443, -1.4243810176849365, 0.2977254390716553 
444, -1.4227596521377563, 0.3020005226135254 
445, -1.4235705137252808, 0.29901909828186035 
446, -1.4232723712921143, 0.2999842166900635 
447, -1.42451810836792, 0.29792141914367676 
448, -1.4242093563079834, 0.30970144271850586 
449, -1.4240193367004395, 0.29540038108825684 
450, -1.42365562915802, 0.2926173210144043 
451, -1.4238200187683105, 0.2912170886993408 
452, -1.4245209693908691, 0.2899045944213867 
453, -1.4247981309890747, 0.29714536666870117 
454, -1.4251904487609863, 0.29529547691345215 
455, -1.4246065616607666, 0.29680681228637695 
456, -1.4246325492858887, 0.30295872688293457 
457, -1.4250006675720215, 0.3154029846191406 
458, -1.422229528427124, 0.3040766716003418 
459, -1.425152063369751, 0.309279203414917 
460, -1.4255437850952148, 0.29580235481262207 
461, -1.4238379001617432, 0.3007817268371582 
462, -1.4242231845855713, 0.29341816902160645 
463, -1.4248509407043457, 0.31093311309814453 
464, -1.424945592880249, 0.2902507781982422 
465, -1.4241907596588135, 0.29302215576171875 
466, -1.4239751100540161, 0.29282236099243164 
467, -1.4237394332885742, 0.2925105094909668 
468, -1.4249415397644043, 0.2889385223388672 
469, -1.4240362644195557, 0.2890641689300537 
470, -1.4248195886611938, 0.29132628440856934 
471, -1.424902081489563, 0.2938051223754883 
472, -1.424192190170288, 0.3003971576690674 
473, -1.424167275428772, 0.2986152172088623 
474, -1.4252521991729736, 0.29981040954589844 
475, -1.4249656200408936, 0.29256534576416016 
476, -1.4254485368728638, 0.29637956619262695 
477, -1.4243254661560059, 0.29630589485168457 
478, -1.4252114295959473, 0.29998230934143066 
479, -1.4243624210357666, 0.30112147331237793 
480, -1.4251697063446045, 0.2981224060058594 
481, -1.4243625402450562, 0.30046701431274414 
482, -1.4254118204116821, 0.30314111709594727 
483, -1.4259569644927979, 0.295703649520874 
484, -1.4245400428771973, 0.2994718551635742 
485, -1.4250577688217163, 0.2993645668029785 
486, -1.424755334854126, 0.29762935638427734 
487, -1.425110101699829, 0.30430150032043457 
488, -1.42532217502594, 0.29868292808532715 
489, -1.4243335723876953, 0.2963371276855469 
490, -1.4248989820480347, 0.33430910110473633 
491, -1.4241340160369873, 0.3290865421295166 
492, -1.4246894121170044, 0.3713676929473877 
493, -1.424606204032898, 0.33606529235839844 
494, -1.4242076873779297, 0.2991213798522949 
495, -1.4252793788909912, 0.30328845977783203 
496, -1.425754427909851, 0.3009645938873291 
497, -1.4244720935821533, 0.3043248653411865 
498, -1.4251902103424072, 0.3029916286468506 
499, -1.4248557090759277, 0.3022434711456299 
500, -1.424436330795288, 0.30278801918029785 
501, -1.4251819849014282, 0.3029811382293701 
502, -1.4240385293960571, 0.2941408157348633 
503, -1.4232292175292969, 0.3022482395172119 
504, -1.4231574535369873, 0.3013615608215332 
505, -1.423133373260498, 0.3018524646759033 
506, -1.423248052597046, 0.30181097984313965 
507, -1.4235565662384033, 0.29808545112609863 
508, -1.4234421253204346, 0.3007059097290039 
509, -1.4241971969604492, 0.30298948287963867 
510, -1.4244933128356934, 0.3261251449584961 
511, -1.4254348278045654, 0.30304551124572754 
512, -1.424727201461792, 0.31680846214294434 
513, -1.4251233339309692, 0.311145544052124 
514, -1.424585223197937, 0.30170321464538574 
515, -1.4253937005996704, 0.30664658546447754 
516, -1.4247900247573853, 0.29698848724365234 
517, -1.424237608909607, 0.29428625106811523 
518, -1.4257521629333496, 0.29315829277038574 
519, -1.424482822418213, 0.2942042350769043 
520, -1.423597812652588, 0.2936108112335205 
521, -1.424361228942871, 0.29006385803222656 
522, -1.4236137866973877, 0.29287219047546387 
523, -1.424910545349121, 0.29329705238342285 
524, -1.4244074821472168, 0.3090653419494629 
525, -1.424623727798462, 0.3210132122039795 
526, -1.4252192974090576, 0.30069756507873535 
527, -1.4252395629882812, 0.30750131607055664 
528, -1.4258390665054321, 0.3015003204345703 
529, -1.4251899719238281, 0.29327869415283203 
530, -1.4247056245803833, 0.29274821281433105 
531, -1.42453932762146, 0.2883012294769287 
532, -1.4250596761703491, 0.29883885383605957 
533, -1.423995852470398, 0.2922689914703369 
534, -1.4246423244476318, 0.2991352081298828 
535, -1.424433708190918, 0.2927968502044678 
536, -1.425750732421875, 0.2989499568939209 
537, -1.4237946271896362, 0.30264711380004883 
538, -1.424175500869751, 0.2979705333709717 
539, -1.4242453575134277, 0.29842662811279297 
540, -1.4242799282073975, 0.31441354751586914 
541, -1.424484133720398, 0.297821044921875 
542, -1.4241338968276978, 0.2970309257507324 
543, -1.4243923425674438, 0.29851651191711426 
544, -1.4251294136047363, 0.2978343963623047 
545, -1.4247688055038452, 0.31165075302124023 
546, -1.425351858139038, 0.2943298816680908 
547, -1.4249217510223389, 0.2979893684387207 
548, -1.4253231287002563, 0.29389500617980957 
549, -1.4247150421142578, 0.30002617835998535 
550, -1.4238576889038086, 0.3010082244873047 
551, -1.4234095811843872, 0.29833126068115234 
552, -1.4253556728363037, 0.29512786865234375 
553, -1.4240233898162842, 0.3017697334289551 
554, -1.4237990379333496, 0.3095364570617676 
555, -1.4250671863555908, 0.29825687408447266 
556, -1.4243521690368652, 0.2958664894104004 
557, -1.424939751625061, 0.3023858070373535 
558, -1.4249846935272217, 0.29711270332336426 
559, -1.4247636795043945, 0.29486966133117676 
560, -1.42599356174469, 0.29413342475891113 
561, -1.425685167312622, 0.29614949226379395 
562, -1.425685167312622, 0.29520106315612793 
563, -1.4257516860961914, 0.30028748512268066 
564, -1.4251424074172974, 0.3038942813873291 
565, -1.424900770187378, 0.3013181686401367 
566, -1.4255681037902832, 0.30103254318237305 
567, -1.4256552457809448, 0.29605531692504883 
568, -1.4251946210861206, 0.29419732093811035 
569, -1.4254837036132812, 0.31201672554016113 
570, -1.4253661632537842, 0.300020694732666 
571, -1.4250514507293701, 0.2957422733306885 
572, -1.4255733489990234, 0.2969679832458496 
573, -1.4245673418045044, 0.2973811626434326 
574, -1.4247894287109375, 0.2975430488586426 
575, -1.4239599704742432, 0.2955920696258545 
576, -1.424377679824829, 0.2976644039154053 
577, -1.42470121383667, 0.2980387210845947 
578, -1.4250099658966064, 0.29862165451049805 
579, -1.4250599145889282, 0.30245065689086914 
580, -1.4248273372650146, 0.30063581466674805 
581, -1.4252121448516846, 0.3042886257171631 
582, -1.4244005680084229, 0.3040120601654053 
583, -1.4244972467422485, 0.30428457260131836 
584, -1.4251115322113037, 0.3100759983062744 
585, -1.4255380630493164, 0.2914736270904541 
586, -1.424607276916504, 0.30606698989868164 
587, -1.4246501922607422, 0.3029205799102783 
588, -1.4254436492919922, 0.3013193607330322 
589, -1.4236804246902466, 0.2981846332550049 
590, -1.4248021841049194, 0.3017282485961914 
591, -1.423718810081482, 0.29973912239074707 
592, -1.4238039255142212, 0.3007357120513916 
593, -1.4240267276763916, 0.2983384132385254 
594, -1.424375057220459, 0.2967405319213867 
595, -1.424818754196167, 0.2948284149169922 
596, -1.425271987915039, 0.2968323230743408 
597, -1.4247260093688965, 0.2991929054260254 
598, -1.4253454208374023, 0.30025815963745117 
599, -1.4253984689712524, 0.29538774490356445 
600, -1.4248600006103516, 0.2970576286315918 
601, -1.4248113632202148, 0.2922830581665039 
602, -1.4254307746887207, 0.2899596691131592 
603, -1.424966812133789, 0.2961711883544922 
604, -1.4248931407928467, 0.293377161026001 
605, -1.4251266717910767, 0.2985107898712158 
606, -1.4246859550476074, 0.29465150833129883 
607, -1.4249308109283447, 0.3017144203186035 
608, -1.425248146057129, 0.29913997650146484 
609, -1.424760103225708, 0.30365514755249023 
610, -1.4246034622192383, 0.2987649440765381 
611, -1.4242634773254395, 0.30466508865356445 
612, -1.4254038333892822, 0.29967403411865234 
613, -1.4256021976470947, 0.3020904064178467 
614, -1.4247527122497559, 0.3027913570404053 
615, -1.4248340129852295, 0.304689884185791 
616, -1.4239627122879028, 0.3071737289428711 
617, -1.424101710319519, 0.3056933879852295 
618, -1.4237847328186035, 0.29633474349975586 
619, -1.425036907196045, 0.28560662269592285 
620, -1.4248409271240234, 0.29866933822631836 
621, -1.4250645637512207, 0.2993333339691162 
622, -1.4247479438781738, 0.2976562976837158 
623, -1.4238123893737793, 0.2978639602661133 
624, -1.4241306781768799, 0.29753613471984863 
625, -1.4243137836456299, 0.2963438034057617 
626, -1.423699140548706, 0.2984645366668701 
627, -1.42431640625, 0.2990429401397705 
628, -1.4250004291534424, 0.2968590259552002 
629, -1.425100326538086, 0.295025110244751 
630, -1.4244146347045898, 0.30493831634521484 
631, -1.424274206161499, 0.3000216484069824 
632, -1.4235060214996338, 0.3028569221496582 
633, -1.4254919290542603, 0.2974686622619629 
634, -1.4243791103363037, 0.30237746238708496 
635, -1.4246524572372437, 0.2888529300689697 
636, -1.42525315284729, 0.2997424602508545 
637, -1.4251713752746582, 0.31215405464172363 
638, -1.4252060651779175, 0.2987673282623291 
639, -1.4251670837402344, 0.2991147041320801 
640, -1.4249577522277832, 0.30013418197631836 
641, -1.4239578247070312, 0.29978370666503906 
642, -1.4249544143676758, 0.3050715923309326 
643, -1.4240137338638306, 0.2976417541503906 
644, -1.4240050315856934, 0.30536890029907227 
645, -1.4248275756835938, 0.298062801361084 
646, -1.4250099658966064, 0.30034399032592773 
647, -1.4248391389846802, 0.29872822761535645 
648, -1.4251337051391602, 0.2982203960418701 
649, -1.4258477687835693, 0.3006784915924072 
650, -1.4254302978515625, 0.3001880645751953 
651, -1.424999475479126, 0.2936866283416748 
652, -1.424161434173584, 0.2939724922180176 
653, -1.4255187511444092, 0.2986898422241211 
654, -1.4239654541015625, 0.3135802745819092 
655, -1.425137996673584, 0.30301833152770996 
656, -1.4242973327636719, 0.304671049118042 
657, -1.4238977432250977, 0.2977893352508545 
658, -1.4245762825012207, 0.3072648048400879 
659, -1.4242734909057617, 0.30496716499328613 
660, -1.4240942001342773, 0.338550329208374 
661, -1.4246642589569092, 0.3125574588775635 
662, -1.4243649244308472, 0.298814058303833 
663, -1.4244410991668701, 0.298248291015625 
664, -1.4242597818374634, 0.30365586280822754 
665, -1.4251997470855713, 0.29822802543640137 
666, -1.4252524375915527, 0.31067872047424316 
667, -1.4246938228607178, 0.2971205711364746 
668, -1.4249217510223389, 0.2988772392272949 
669, -1.4245755672454834, 0.29970741271972656 
670, -1.4245446920394897, 0.2999997138977051 
671, -1.4250636100769043, 0.31378722190856934 
672, -1.4253640174865723, 0.3027071952819824 
673, -1.4252263307571411, 0.2955343723297119 
674, -1.424452781677246, 0.31653285026550293 
675, -1.4251830577850342, 0.3005542755126953 
676, -1.4247872829437256, 0.2999730110168457 
677, -1.4247714281082153, 0.30089330673217773 
678, -1.425232172012329, 0.2957310676574707 
679, -1.424534797668457, 0.3133399486541748 
680, -1.4249982833862305, 0.3009476661682129 
681, -1.4244508743286133, 0.2967557907104492 
682, -1.4244767427444458, 0.2930326461791992 
683, -1.4250166416168213, 0.29323792457580566 
684, -1.4249825477600098, 0.2909257411956787 
685, -1.424424171447754, 0.28534889221191406 
686, -1.425352692604065, 0.29242467880249023 
687, -1.4251720905303955, 0.2910161018371582 
688, -1.4230413436889648, 0.29363179206848145 
689, -1.4255671501159668, 0.28472137451171875 
690, -1.4255335330963135, 0.2990748882293701 
691, -1.4252067804336548, 0.29147958755493164 
692, -1.4244697093963623, 0.2950315475463867 
693, -1.4246419668197632, 0.29122066497802734 
694, -1.423969030380249, 0.2923240661621094 
695, -1.4248253107070923, 0.2950928211212158 
696, -1.4241437911987305, 0.29449009895324707 
697, -1.4236993789672852, 0.29124975204467773 
698, -1.424731731414795, 0.29187440872192383 
699, -1.4247078895568848, 0.2931807041168213 
700, -1.4245318174362183, 0.29040980339050293 
701, -1.4248073101043701, 0.29335832595825195 
702, -1.4253251552581787, 0.28374385833740234 
703, -1.4247361421585083, 0.2896554470062256 
704, -1.424338459968567, 0.2857544422149658 
705, -1.425216794013977, 0.28950977325439453 
706, -1.424949049949646, 0.29134273529052734 
707, -1.4250088930130005, 0.2946748733520508 
708, -1.4250340461730957, 0.29386043548583984 
709, -1.4236501455307007, 0.29477691650390625 
710, -1.4248701333999634, 0.28756213188171387 
711, -1.4248385429382324, 0.29076051712036133 
712, -1.4246182441711426, 0.29398655891418457 
713, -1.4250009059906006, 0.295579195022583 
714, -1.42521333694458, 0.29512858390808105 
715, -1.4247252941131592, 0.2846512794494629 
716, -1.4252445697784424, 0.2907984256744385 
717, -1.4243603944778442, 0.2932295799255371 
718, -1.4244375228881836, 0.2927234172821045 
719, -1.42514967918396, 0.3027069568634033 
720, -1.4244327545166016, 0.29303622245788574 
721, -1.4242632389068604, 0.31069350242614746 
722, -1.425067663192749, 0.2961239814758301 
723, -1.4253904819488525, 0.29929065704345703 
724, -1.4246832132339478, 0.298292875289917 
725, -1.4251160621643066, 0.2944068908691406 
726, -1.4247727394104004, 0.2988104820251465 
727, -1.4254889488220215, 0.2971658706665039 
728, -1.4256298542022705, 0.2932007312774658 
729, -1.4251585006713867, 0.2963743209838867 
730, -1.4239909648895264, 0.3118162155151367 
731, -1.4247870445251465, 0.2975735664367676 
732, -1.4251956939697266, 0.305675745010376 
733, -1.424854040145874, 0.2924156188964844 
734, -1.4256069660186768, 0.298093318939209 
735, -1.4256840944290161, 0.29518914222717285 
736, -1.425217866897583, 0.29567599296569824 
737, -1.4241666793823242, 0.30043983459472656 
738, -1.424045443534851, 0.29924821853637695 
739, -1.4248695373535156, 0.2950327396392822 
740, -1.4253108501434326, 0.2940516471862793 
741, -1.4242680072784424, 0.2966020107269287 
742, -1.4249930381774902, 0.3001072406768799 
743, -1.4251258373260498, 0.2971799373626709 
744, -1.4244084358215332, 0.3118867874145508 
745, -1.4239208698272705, 0.2951691150665283 
746, -1.4243412017822266, 0.3266875743865967 
747, -1.4244967699050903, 0.29488229751586914 
748, -1.4247907400131226, 0.29727864265441895 
749, -1.4244158267974854, 0.29596686363220215 
750, -1.4252749681472778, 0.2967545986175537 
751, -1.4235291481018066, 0.30423831939697266 
752, -1.4236797094345093, 0.28923654556274414 
753, -1.4251630306243896, 0.2885434627532959 
754, -1.42433500289917, 0.29412364959716797 
755, -1.4253196716308594, 0.3023717403411865 
756, -1.4254788160324097, 0.30210232734680176 
757, -1.4245524406433105, 0.30826854705810547 
758, -1.4241726398468018, 0.3012428283691406 
759, -1.4240907430648804, 0.29877686500549316 
760, -1.424005389213562, 0.3156712055206299 
761, -1.4247100353240967, 0.3695549964904785 
762, -1.4252628087997437, 0.3080024719238281 
763, -1.4252578020095825, 0.2933809757232666 
764, -1.4245209693908691, 0.29932212829589844 
765, -1.423365592956543, 0.30451345443725586 
766, -1.4246695041656494, 0.296353816986084 
767, -1.4252032041549683, 0.29480695724487305 
768, -1.4252188205718994, 0.29218387603759766 
769, -1.4250376224517822, 0.28592896461486816 
770, -1.4251220226287842, 0.29252004623413086 
771, -1.4256513118743896, 0.29543566703796387 
772, -1.4255828857421875, 0.2945442199707031 
773, -1.4252870082855225, 0.29369020462036133 
774, -1.4237308502197266, 0.3075568675994873 
775, -1.4242299795150757, 0.2910933494567871 
776, -1.4241881370544434, 0.3013124465942383 
777, -1.4256128072738647, 0.2910327911376953 
778, -1.4253133535385132, 0.29503870010375977 
779, -1.425842046737671, 0.2936241626739502 
780, -1.424745798110962, 0.29826784133911133 
781, -1.4253957271575928, 0.2972075939178467 
782, -1.4253424406051636, 0.3053305149078369 
783, -1.4254666566848755, 0.2962677478790283 
784, -1.424746036529541, 0.30374741554260254 
785, -1.4247870445251465, 0.2999095916748047 
786, -1.4245178699493408, 0.2991178035736084 
787, -1.425269603729248, 0.2933158874511719 
788, -1.4245318174362183, 0.30623316764831543 
789, -1.4256103038787842, 0.29399847984313965 
790, -1.424984335899353, 0.29412221908569336 
791, -1.4235981702804565, 0.30031776428222656 
792, -1.4252634048461914, 0.2945578098297119 
793, -1.4240211248397827, 0.3014092445373535 
794, -1.4246959686279297, 0.3017237186431885 
795, -1.4241299629211426, 0.29721546173095703 
796, -1.4246069192886353, 0.2953064441680908 
797, -1.4241597652435303, 0.29704976081848145 
798, -1.4243228435516357, 0.2982468605041504 
799, -1.4246675968170166, 0.2967524528503418 
800, -1.424262523651123, 0.3080172538757324 
801, -1.4246596097946167, 0.29546451568603516 
802, -1.4251759052276611, 0.28888463973999023 
803, -1.4253098964691162, 0.2917604446411133 
804, -1.4246081113815308, 0.29392242431640625 
805, -1.4244879484176636, 0.29467105865478516 
806, -1.424484372138977, 0.2980763912200928 
807, -1.4226375818252563, 0.2998006343841553 
808, -1.4245203733444214, 0.29703545570373535 
809, -1.4245306253433228, 0.2969675064086914 
810, -1.425171971321106, 0.29976391792297363 
811, -1.4251558780670166, 0.2934079170227051 
812, -1.4241671562194824, 0.2945573329925537 
813, -1.424281120300293, 0.2957782745361328 
814, -1.4236092567443848, 0.29572582244873047 
815, -1.4237196445465088, 0.3085343837738037 
816, -1.4236648082733154, 0.2966737747192383 
817, -1.424034833908081, 0.29596924781799316 
818, -1.4246196746826172, 0.30025768280029297 
819, -1.4246175289154053, 0.2934260368347168 
820, -1.4247190952301025, 0.2929658889770508 
821, -1.4250905513763428, 0.29462313652038574 
822, -1.4250779151916504, 0.29784107208251953 
823, -1.4246447086334229, 0.2994964122772217 
824, -1.4243311882019043, 0.3038043975830078 
825, -1.423326015472412, 0.29853034019470215 
826, -1.4247103929519653, 0.29891395568847656 
827, -1.4240955114364624, 0.3026413917541504 
828, -1.4242701530456543, 0.2953362464904785 
829, -1.4244251251220703, 0.2930409908294678 
830, -1.4247417449951172, 0.29471778869628906 
831, -1.4240081310272217, 0.29238224029541016 
832, -1.424593448638916, 0.2952876091003418 
833, -1.424527645111084, 0.29526209831237793 
834, -1.4240329265594482, 0.2945394515991211 
835, -1.4246129989624023, 0.29251623153686523 
836, -1.4253782033920288, 0.2862677574157715 
837, -1.424494981765747, 0.28621864318847656 
838, -1.425116777420044, 0.2925229072570801 
839, -1.4250645637512207, 0.3044102191925049 
840, -1.4245843887329102, 0.30077314376831055 
841, -1.4239264726638794, 0.2954599857330322 
842, -1.42454195022583, 0.2961874008178711 
843, -1.4248650074005127, 0.2960195541381836 
844, -1.425376534461975, 0.297809362411499 
845, -1.4241397380828857, 0.29904985427856445 
846, -1.4242498874664307, 0.3140707015991211 
847, -1.4247201681137085, 0.2985374927520752 
848, -1.424438714981079, 0.29889917373657227 
849, -1.4248085021972656, 0.29859042167663574 
850, -1.425128698348999, 0.2992827892303467 
851, -1.4246258735656738, 0.29534077644348145 
852, -1.4252815246582031, 0.2943286895751953 
853, -1.4246854782104492, 0.2958512306213379 
854, -1.4255636930465698, 0.29983973503112793 
855, -1.4247146844863892, 0.31502366065979004 
856, -1.4249447584152222, 0.2941627502441406 
857, -1.4254124164581299, 0.2986748218536377 
858, -1.4255316257476807, 0.2972273826599121 
859, -1.4254672527313232, 0.2939157485961914 
860, -1.4249300956726074, 0.4341614246368408 
861, -1.4252842664718628, 0.3396444320678711 
862, -1.425177812576294, 0.29584240913391113 
863, -1.4250260591506958, 0.29480671882629395 
864, -1.4250638484954834, 0.29421305656433105 
865, -1.424796223640442, 0.29150986671447754 
866, -1.4246305227279663, 0.29717278480529785 
867, -1.4257757663726807, 0.29671478271484375 
868, -1.4258038997650146, 0.2940402030944824 
869, -1.4250879287719727, 0.30780863761901855 
870, -1.4252209663391113, 0.29990506172180176 
871, -1.4250178337097168, 0.2989935874938965 
872, -1.424827218055725, 0.29587459564208984 
873, -1.4245033264160156, 0.29489946365356445 
874, -1.4242584705352783, 0.29416418075561523 
875, -1.4242398738861084, 0.2882089614868164 
876, -1.4248769283294678, 0.2918515205383301 
877, -1.424473762512207, 0.2963900566101074 
878, -1.4252607822418213, 0.29762864112854004 
879, -1.4252426624298096, 0.29567956924438477 
880, -1.425252914428711, 0.29871487617492676 
881, -1.4232289791107178, 0.2977437973022461 
882, -1.4239559173583984, 0.3013739585876465 
883, -1.424433946609497, 0.2981114387512207 
884, -1.424842357635498, 0.29715442657470703 
885, -1.4253872632980347, 0.29633235931396484 
886, -1.4251227378845215, 0.2956202030181885 
887, -1.4254345893859863, 0.2947194576263428 
888, -1.4247398376464844, 0.2995319366455078 
889, -1.4247490167617798, 0.29251909255981445 
890, -1.4246108531951904, 0.2940051555633545 
891, -1.4245038032531738, 0.2932150363922119 
892, -1.4244205951690674, 0.3040750026702881 
893, -1.424839973449707, 0.31253719329833984 
894, -1.4241878986358643, 0.2974565029144287 
895, -1.4239680767059326, 0.29500317573547363 
896, -1.4243311882019043, 0.2991039752960205 
897, -1.4243717193603516, 0.29190802574157715 
898, -1.4252283573150635, 0.292248010635376 
899, -1.4254217147827148, 0.3048591613769531 
900, -1.4243361949920654, 0.29938316345214844 
901, -1.4259493350982666, 0.29722118377685547 
902, -1.4252471923828125, 0.2990841865539551 
903, -1.424419641494751, 0.2996060848236084 
904, -1.4249298572540283, 0.29643797874450684 
905, -1.4254169464111328, 0.2951045036315918 
906, -1.4244004487991333, 0.2946474552154541 
907, -1.4246466159820557, 0.2934682369232178 
908, -1.4242035150527954, 0.29299163818359375 
909, -1.4253829717636108, 0.29897022247314453 
910, -1.4251608848571777, 0.30597352981567383 
911, -1.4249353408813477, 0.30767250061035156 
912, -1.4246106147766113, 0.2922182083129883 
913, -1.4251213073730469, 0.2914140224456787 
914, -1.4252285957336426, 0.2926816940307617 
915, -1.4248627424240112, 0.29461073875427246 
916, -1.422942876815796, 0.29160404205322266 
917, -1.424635648727417, 0.28786468505859375 
918, -1.4247124195098877, 0.2914135456085205 
919, -1.4250974655151367, 0.29427146911621094 
920, -1.4246283769607544, 0.29085850715637207 
921, -1.4247231483459473, 0.2925150394439697 
922, -1.4237260818481445, 0.299835205078125 
923, -1.4245150089263916, 0.2910587787628174 
924, -1.4247535467147827, 0.3120274543762207 
925, -1.4249701499938965, 0.31072402000427246 
926, -1.425236463546753, 0.29871320724487305 
927, -1.4258313179016113, 0.2944912910461426 
928, -1.4253697395324707, 0.3002278804779053 
929, -1.425278902053833, 0.29613161087036133 
930, -1.4246468544006348, 0.29668641090393066 
931, -1.4242409467697144, 0.2951028347015381 
932, -1.4254052639007568, 0.30263566970825195 
933, -1.424342393875122, 0.2975916862487793 
934, -1.4251987934112549, 0.3014688491821289 
935, -1.42579984664917, 0.2979741096496582 
936, -1.4246647357940674, 0.3014819622039795 
937, -1.4253928661346436, 0.2988779544830322 
938, -1.423288106918335, 0.3052341938018799 
939, -1.4249796867370605, 0.30599403381347656 
940, -1.425285816192627, 0.30448079109191895 
941, -1.425389289855957, 0.2995426654815674 
942, -1.4247163534164429, 0.30410099029541016 
943, -1.424730896949768, 0.2995591163635254 
944, -1.424675703048706, 0.3989260196685791 
945, -1.4254862070083618, 0.3652760982513428 
946, -1.4252116680145264, 0.2990987300872803 
947, -1.4247441291809082, 0.2962648868560791 
948, -1.425795316696167, 0.2937333583831787 
949, -1.4251617193222046, 0.2972414493560791 
950, -1.4250867366790771, 0.29337263107299805 
951, -1.4252606630325317, 0.2920551300048828 
952, -1.4235508441925049, 0.2958357334136963 
953, -1.4233894348144531, 0.30707621574401855 
954, -1.4244993925094604, 0.314708948135376 
955, -1.4240814447402954, 0.29962682723999023 
956, -1.4249529838562012, 0.31493258476257324 
957, -1.4247562885284424, 0.2981717586517334 
958, -1.4247949123382568, 0.2971038818359375 
959, -1.4249415397644043, 0.295729398727417 
960, -1.423774003982544, 0.2961122989654541 
961, -1.4235711097717285, 0.3126664161682129 
962, -1.422883152961731, 0.2984910011291504 
963, -1.424654483795166, 0.2968888282775879 
964, -1.425058364868164, 0.2993161678314209 
965, -1.423436164855957, 0.2948126792907715 
966, -1.42454195022583, 0.2983083724975586 
967, -1.4240670204162598, 0.29405903816223145 
968, -1.4237841367721558, 0.2963893413543701 
969, -1.423407793045044, 0.2935645580291748 
970, -1.4235084056854248, 0.29653239250183105 
971, -1.4242067337036133, 0.294569730758667 
972, -1.4245781898498535, 0.2978653907775879 
973, -1.4257566928863525, 0.29399847984313965 
974, -1.425271987915039, 0.2977452278137207 
975, -1.4244499206542969, 0.3016622066497803 
976, -1.4248261451721191, 0.29550790786743164 
977, -1.4246363639831543, 0.30107545852661133 
978, -1.4253661632537842, 0.3050987720489502 
979, -1.4247632026672363, 0.2963294982910156 
980, -1.4247841835021973, 0.29723381996154785 
981, -1.4248061180114746, 0.2952275276184082 
982, -1.424762487411499, 0.29561901092529297 
983, -1.4246058464050293, 0.2978973388671875 
984, -1.4245836734771729, 0.2943305969238281 
985, -1.4242451190948486, 0.29967403411865234 
986, -1.4241447448730469, 0.29236578941345215 
987, -1.4245936870574951, 0.29264330863952637 
988, -1.4241935014724731, 0.29410457611083984 
989, -1.4242384433746338, 0.29410839080810547 
990, -1.4242974519729614, 0.29565954208374023 
991, -1.4251854419708252, 0.29340386390686035 
992, -1.42489492893219, 0.29582667350769043 
993, -1.4237170219421387, 0.2972285747528076 
994, -1.4251126050949097, 0.2956118583679199 
995, -1.4252779483795166, 0.29973554611206055 
996, -1.425229787826538, 0.2966017723083496 
997, -1.4248391389846802, 0.2956726551055908 
998, -1.4251004457473755, 0.2997751235961914 
999, -1.42487633228302, 0.2953321933746338 
