Iteration, loss, time 
0, 0.6517801880836487, 0.4660351276397705 
1, 0.5938538908958435, 0.3579087257385254 
2, 0.5565276145935059, 0.32166576385498047 
3, 0.5136308670043945, 0.32883644104003906 
4, 0.46585285663604736, 0.3273484706878662 
5, 0.42895811796188354, 0.32941579818725586 
6, 0.39351925253868103, 0.3235044479370117 
7, 0.35718029737472534, 0.32245612144470215 
8, 0.3148019313812256, 0.323322057723999 
9, 0.28639018535614014, 0.3436598777770996 
10, 0.24536335468292236, 0.34211230278015137 
11, 0.21257337927818298, 0.3399941921234131 
12, 0.18706181645393372, 0.33246898651123047 
13, 0.1464584767818451, 0.3254222869873047 
14, 0.12502798438072205, 0.32022976875305176 
15, 0.09326842427253723, 0.32034730911254883 
16, 0.05748400092124939, 0.32657909393310547 
17, 0.04209399223327637, 0.3245370388031006 
18, 0.005736231803894043, 0.3240046501159668 
19, -0.012100160121917725, 0.3247661590576172 
20, -0.03860735893249512, 0.3313264846801758 
21, -0.061647504568099976, 0.32343506813049316 
22, -0.0907580554485321, 0.3190629482269287 
23, -0.11330458521842957, 0.3237597942352295 
24, -0.1330539882183075, 0.32045769691467285 
25, -0.15611395239830017, 0.32114124298095703 
26, -0.17519080638885498, 0.3160059452056885 
27, -0.2006499171257019, 0.33180809020996094 
28, -0.20929178595542908, 0.3114593029022217 
29, -0.23400917649269104, 0.30867457389831543 
30, -0.2506519556045532, 0.32148075103759766 
31, -0.26857396960258484, 0.3073906898498535 
32, -0.2831914722919464, 0.303067684173584 
33, -0.30173295736312866, 0.30199122428894043 
34, -0.3205881118774414, 0.31455159187316895 
35, -0.3408505618572235, 0.3036198616027832 
36, -0.3529951274394989, 0.307873010635376 
37, -0.3714051842689514, 0.30035400390625 
38, -0.38152286410331726, 0.302060604095459 
39, -0.39872539043426514, 0.3053433895111084 
40, -0.40613698959350586, 0.30805397033691406 
41, -0.4253765344619751, 0.30754828453063965 
42, -0.4409935772418976, 0.3037142753601074 
43, -0.4528028964996338, 0.3043484687805176 
44, -0.465389221906662, 0.3094017505645752 
45, -0.4759712219238281, 0.3185081481933594 
46, -0.49082300066947937, 0.30609965324401855 
47, -0.5066442489624023, 0.3082866668701172 
48, -0.5153881311416626, 0.30968403816223145 
49, -0.5245183110237122, 0.30724668502807617 
50, -0.5365299582481384, 0.30968332290649414 
51, -0.5462920665740967, 0.31763792037963867 
52, -0.5621248483657837, 0.30217671394348145 
53, -0.5664753913879395, 0.3057565689086914 
54, -0.5741403102874756, 0.30924415588378906 
55, -0.5851295590400696, 0.3152425289154053 
56, -0.5921205282211304, 0.3059813976287842 
57, -0.600483775138855, 0.30834031105041504 
58, -0.6128687858581543, 0.3307340145111084 
59, -0.6195040345191956, 0.3251969814300537 
60, -0.6270157098770142, 0.33072686195373535 
61, -0.6355977058410645, 0.3338909149169922 
62, -0.6426070928573608, 0.3289206027984619 
63, -0.6517555117607117, 0.3499767780303955 
64, -0.6601181626319885, 0.3293910026550293 
65, -0.668982744216919, 0.3320906162261963 
66, -0.6714140176773071, 0.33096837997436523 
67, -0.6794945001602173, 0.3300621509552002 
68, -0.6879822015762329, 0.33597660064697266 
69, -0.6955057978630066, 0.3381500244140625 
70, -0.7053855061531067, 0.3371737003326416 
71, -0.709021806716919, 0.3076333999633789 
72, -0.7208994626998901, 0.3211343288421631 
73, -0.7261755466461182, 0.3056924343109131 
74, -0.7377989292144775, 0.3322169780731201 
75, -0.7432501316070557, 0.3155405521392822 
76, -0.7495216727256775, 0.30405592918395996 
77, -0.7554106712341309, 0.3118000030517578 
78, -0.7666505575180054, 0.29820799827575684 
79, -0.7748595476150513, 0.3093273639678955 
80, -0.782525897026062, 0.32618069648742676 
81, -0.7877163887023926, 0.3292818069458008 
82, -0.7947751879692078, 0.3272080421447754 
83, -0.8019001483917236, 0.3298327922821045 
84, -0.8091919422149658, 0.3279125690460205 
85, -0.8126049041748047, 0.3270549774169922 
86, -0.8188188076019287, 0.3357532024383545 
87, -0.8242520093917847, 0.33014583587646484 
88, -0.8328561186790466, 0.32500386238098145 
89, -0.8387353420257568, 0.3320167064666748 
90, -0.8432285785675049, 0.3353416919708252 
91, -0.8487600088119507, 0.333756685256958 
92, -0.8506946563720703, 0.33170056343078613 
93, -0.8557775020599365, 0.3357231616973877 
94, -0.8629583120346069, 0.3413081169128418 
95, -0.8679035305976868, 0.32865047454833984 
96, -0.8717758059501648, 0.3329756259918213 
97, -0.8790258169174194, 0.3331136703491211 
98, -0.8807993531227112, 0.3316659927368164 
99, -0.8839819431304932, 0.3276355266571045 
100, -0.8880139589309692, 0.32927560806274414 
101, -0.8946307897567749, 0.3258674144744873 
102, -0.8972560167312622, 0.32261180877685547 
103, -0.8996777534484863, 0.3227829933166504 
104, -0.9031605124473572, 0.3274843692779541 
105, -0.9075109362602234, 0.32608866691589355 
106, -0.9119807481765747, 0.327669620513916 
107, -0.9161314964294434, 0.32512760162353516 
108, -0.9189924001693726, 0.3346405029296875 
109, -0.9231715202331543, 0.33331966400146484 
110, -0.9274836778640747, 0.32563209533691406 
111, -0.9280770421028137, 0.3334181308746338 
112, -0.931227445602417, 0.3322896957397461 
113, -0.93510502576828, 0.3346855640411377 
114, -0.9373987317085266, 0.3347475528717041 
115, -0.9437004923820496, 0.3354043960571289 
116, -0.9473752975463867, 0.32880711555480957 
117, -0.9490965604782104, 0.3323361873626709 
118, -0.9514479637145996, 0.3334176540374756 
119, -0.9540475606918335, 0.33147430419921875 
120, -0.957843005657196, 0.3304402828216553 
121, -0.9611300230026245, 0.32430291175842285 
122, -0.963753342628479, 0.32630372047424316 
123, -0.9647451639175415, 0.325045108795166 
124, -0.9682028293609619, 0.32511377334594727 
125, -0.97186678647995, 0.325822114944458 
126, -0.973310112953186, 0.3349778652191162 
127, -0.9755876064300537, 0.33166980743408203 
128, -0.9780731201171875, 0.32560229301452637 
129, -0.9785453677177429, 0.3324418067932129 
130, -0.982688307762146, 0.3244013786315918 
131, -0.9848229885101318, 0.33077168464660645 
132, -0.9852809309959412, 0.33057451248168945 
133, -0.9891056418418884, 0.32871150970458984 
134, -0.9906117916107178, 0.32842302322387695 
135, -0.9933223724365234, 0.3301217555999756 
136, -0.9938445091247559, 0.32935357093811035 
137, -0.9965744018554688, 0.3330228328704834 
138, -1.0006576776504517, 0.32849979400634766 
139, -1.000328779220581, 0.3339550495147705 
140, -1.001920461654663, 0.32550787925720215 
141, -1.0038912296295166, 0.3258507251739502 
142, -1.0064014196395874, 0.332064151763916 
143, -1.009056568145752, 0.3431720733642578 
144, -1.00896418094635, 0.3399202823638916 
145, -1.0122730731964111, 0.328995943069458 
146, -1.0128998756408691, 0.3293790817260742 
147, -1.0151879787445068, 0.32839012145996094 
148, -1.0162949562072754, 0.32863569259643555 
149, -1.0183732509613037, 0.3259739875793457 
150, -1.0199401378631592, 0.3283846378326416 
151, -1.0207862854003906, 0.32648301124572754 
152, -1.0220069885253906, 0.335864782333374 
153, -1.0240070819854736, 0.33516430854797363 
154, -1.025473713874817, 0.33300232887268066 
155, -1.025573492050171, 0.3433802127838135 
156, -1.029273271560669, 0.3285806179046631 
157, -1.0282061100006104, 0.3332054615020752 
158, -1.0306763648986816, 0.3337893486022949 
159, -1.031651496887207, 0.3282589912414551 
160, -1.0348739624023438, 0.32355237007141113 
161, -1.035797119140625, 0.32166290283203125 
162, -1.0367292165756226, 0.3241286277770996 
163, -1.0362144708633423, 0.3215639591217041 
164, -1.03742516040802, 0.3251335620880127 
165, -1.0403012037277222, 0.32039523124694824 
166, -1.0405733585357666, 0.3303489685058594 
167, -1.041731595993042, 0.32306385040283203 
168, -1.0433180332183838, 0.321704626083374 
169, -1.0453505516052246, 0.32416200637817383 
170, -1.0460492372512817, 0.3338649272918701 
171, -1.0460526943206787, 0.32186436653137207 
172, -1.0467555522918701, 0.3273003101348877 
173, -1.049426794052124, 0.33089542388916016 
174, -1.0499972105026245, 0.31648802757263184 
175, -1.050654649734497, 0.32413482666015625 
176, -1.0511736869812012, 0.31925296783447266 
177, -1.052220344543457, 0.31566643714904785 
178, -1.0518007278442383, 0.3221440315246582 
179, -1.0516910552978516, 0.3196375370025635 
180, -1.0549936294555664, 0.32612085342407227 
181, -1.0555696487426758, 0.32005763053894043 
182, -1.0568037033081055, 0.32045602798461914 
183, -1.057037591934204, 0.3211667537689209 
184, -1.0578868389129639, 0.3178422451019287 
185, -1.0598247051239014, 0.32230234146118164 
186, -1.0593101978302002, 0.3249216079711914 
187, -1.0600574016571045, 0.322681188583374 
188, -1.0606272220611572, 0.32597804069519043 
189, -1.0614711046218872, 0.3252253532409668 
190, -1.062238097190857, 0.3259427547454834 
191, -1.0622332096099854, 0.32624149322509766 
192, -1.0627622604370117, 0.3252294063568115 
193, -1.06532621383667, 0.32419276237487793 
194, -1.0652127265930176, 0.31857991218566895 
195, -1.0654209852218628, 0.3246021270751953 
196, -1.066574215888977, 0.3187839984893799 
197, -1.067152500152588, 0.3206474781036377 
198, -1.0680961608886719, 0.32181501388549805 
199, -1.0679445266723633, 0.3325185775756836 
200, -1.0700032711029053, 0.32332682609558105 
201, -1.0697212219238281, 0.3197453022003174 
202, -1.0705875158309937, 0.3220407962799072 
203, -1.072195053100586, 0.32061147689819336 
204, -1.071388602256775, 0.3266594409942627 
205, -1.0720481872558594, 0.32858920097351074 
206, -1.0737735033035278, 0.3282144069671631 
207, -1.0728545188903809, 0.3282444477081299 
208, -1.0730524063110352, 0.33066797256469727 
209, -1.0746924877166748, 0.3267979621887207 
210, -1.0749648809432983, 0.32273221015930176 
211, -1.0752325057983398, 0.3250241279602051 
212, -1.075512170791626, 0.32855892181396484 
213, -1.0761046409606934, 0.31886768341064453 
214, -1.0759730339050293, 0.32990527153015137 
215, -1.0769535303115845, 0.3313741683959961 
216, -1.0772030353546143, 0.31904053688049316 
217, -1.0763475894927979, 0.3269619941711426 
218, -1.0774540901184082, 0.3185112476348877 
219, -1.0787379741668701, 0.322265625 
220, -1.0790196657180786, 0.3235287666320801 
221, -1.078989863395691, 0.3195171356201172 
222, -1.0788109302520752, 0.3181283473968506 
223, -1.0799098014831543, 0.3250901699066162 
224, -1.080322265625, 0.3189575672149658 
225, -1.080796480178833, 0.31603479385375977 
226, -1.0813452005386353, 0.32892346382141113 
227, -1.0810940265655518, 0.32091712951660156 
228, -1.0815702676773071, 0.32283520698547363 
229, -1.0830090045928955, 0.3211236000061035 
230, -1.0824100971221924, 0.32049012184143066 
231, -1.0833556652069092, 0.3258473873138428 
232, -1.0817887783050537, 0.3322446346282959 
233, -1.0831241607666016, 0.32829737663269043 
234, -1.083787202835083, 0.32898592948913574 
235, -1.0838515758514404, 0.3154611587524414 
236, -1.0842022895812988, 0.32601141929626465 
237, -1.0842869281768799, 0.31987905502319336 
238, -1.0839383602142334, 0.31888699531555176 
239, -1.084153175354004, 0.3174474239349365 
240, -1.084843635559082, 0.3195781707763672 
241, -1.0850858688354492, 0.3184177875518799 
242, -1.0854381322860718, 0.3236548900604248 
243, -1.0854692459106445, 0.3188343048095703 
244, -1.0855978727340698, 0.31279969215393066 
245, -1.0865375995635986, 0.31902170181274414 
246, -1.0863544940948486, 0.3294186592102051 
247, -1.0867424011230469, 0.32232093811035156 
248, -1.0872862339019775, 0.3234570026397705 
249, -1.0872288942337036, 0.3250393867492676 
250, -1.0881662368774414, 0.324676513671875 
251, -1.0876147747039795, 0.32704877853393555 
252, -1.0879021883010864, 0.32726192474365234 
253, -1.0887556076049805, 0.3298771381378174 
254, -1.088714361190796, 0.3301887512207031 
255, -1.0887725353240967, 0.32187724113464355 
256, -1.0892138481140137, 0.3251180648803711 
257, -1.0887181758880615, 0.3221316337585449 
258, -1.0889415740966797, 0.32158613204956055 
259, -1.0887811183929443, 0.31821298599243164 
260, -1.089834213256836, 0.32010889053344727 
261, -1.0890746116638184, 0.32958245277404785 
262, -1.0902106761932373, 0.3265218734741211 
263, -1.0902713537216187, 0.32439351081848145 
264, -1.0902976989746094, 0.3212707042694092 
265, -1.0905351638793945, 0.32527971267700195 
266, -1.0912739038467407, 0.32434630393981934 
267, -1.0899159908294678, 0.320467472076416 
268, -1.0911197662353516, 0.32354021072387695 
269, -1.09048593044281, 0.3225524425506592 
270, -1.0914348363876343, 0.3222661018371582 
271, -1.0911688804626465, 0.3181283473968506 
272, -1.0912837982177734, 0.32062745094299316 
273, -1.0921103954315186, 0.30627870559692383 
274, -1.09224271774292, 0.30513525009155273 
275, -1.0922815799713135, 0.312147855758667 
276, -1.0919454097747803, 0.30855703353881836 
277, -1.0916590690612793, 0.3106954097747803 
278, -1.0926103591918945, 0.303208589553833 
279, -1.0921454429626465, 0.3270230293273926 
280, -1.0927188396453857, 0.31061434745788574 
281, -1.093909740447998, 0.2939937114715576 
282, -1.0930519104003906, 0.30162835121154785 
283, -1.0931307077407837, 0.314666748046875 
284, -1.093042016029358, 0.3205897808074951 
285, -1.093003273010254, 0.3113865852355957 
286, -1.092710256576538, 0.3086249828338623 
287, -1.0931179523468018, 0.3106837272644043 
288, -1.093585729598999, 0.3141160011291504 
289, -1.0941346883773804, 0.3168821334838867 
290, -1.0937089920043945, 0.3095426559448242 
291, -1.094102382659912, 0.3068695068359375 
292, -1.094753384590149, 0.312361478805542 
293, -1.094338297843933, 0.31316566467285156 
294, -1.0932703018188477, 0.3113107681274414 
295, -1.094671368598938, 0.30090951919555664 
296, -1.094383716583252, 0.3065676689147949 
297, -1.0946227312088013, 0.305919885635376 
298, -1.0945212841033936, 0.30766892433166504 
299, -1.0947730541229248, 0.3059093952178955 
300, -1.0946760177612305, 0.3213992118835449 
301, -1.0949082374572754, 0.31772446632385254 
302, -1.094477891921997, 0.31307435035705566 
303, -1.0958120822906494, 0.31653285026550293 
304, -1.0947011709213257, 0.32073020935058594 
305, -1.0956976413726807, 0.31447339057922363 
306, -1.095508337020874, 0.3118867874145508 
307, -1.0965020656585693, 0.32330989837646484 
308, -1.0958094596862793, 0.32346343994140625 
309, -1.0957419872283936, 0.3168497085571289 
310, -1.0963661670684814, 0.31770968437194824 
311, -1.096571683883667, 0.3208034038543701 
312, -1.096919059753418, 0.31591272354125977 
313, -1.0968472957611084, 0.31612133979797363 
314, -1.0962961912155151, 0.3166067600250244 
315, -1.0965262651443481, 0.3225395679473877 
316, -1.0969562530517578, 0.32574033737182617 
317, -1.0972212553024292, 0.31815457344055176 
318, -1.0976876020431519, 0.3147914409637451 
319, -1.0969417095184326, 0.3165309429168701 
320, -1.0975725650787354, 0.31430482864379883 
321, -1.0968759059906006, 0.3196125030517578 
322, -1.0970932245254517, 0.3108804225921631 
323, -1.097692608833313, 0.3126566410064697 
324, -1.0973789691925049, 0.3123195171356201 
325, -1.0983474254608154, 0.3125631809234619 
326, -1.0978996753692627, 0.30757617950439453 
327, -1.0967539548873901, 0.3076503276824951 
328, -1.0972099304199219, 0.31336379051208496 
329, -1.0965936183929443, 0.31359124183654785 
330, -1.097887635231018, 0.31200385093688965 
331, -1.0970485210418701, 0.31668925285339355 
332, -1.097938060760498, 0.31894779205322266 
333, -1.097804069519043, 0.3167877197265625 
334, -1.0978007316589355, 0.3018453121185303 
335, -1.0984270572662354, 0.30779385566711426 
336, -1.0985193252563477, 0.3182227611541748 
337, -1.098691463470459, 0.3113067150115967 
338, -1.0981212854385376, 0.3126661777496338 
339, -1.0978317260742188, 0.31048059463500977 
340, -1.098083257675171, 0.31685757637023926 
341, -1.0985221862792969, 0.31018495559692383 
342, -1.0979828834533691, 0.3146035671234131 
343, -1.0981495380401611, 0.31629109382629395 
344, -1.0981314182281494, 0.309584379196167 
345, -1.0984054803848267, 0.31064867973327637 
346, -1.0981594324111938, 0.3099937438964844 
347, -1.0981366634368896, 0.31023192405700684 
348, -1.0982635021209717, 0.3103501796722412 
349, -1.0988402366638184, 0.3053412437438965 
350, -1.0985958576202393, 0.3091163635253906 
351, -1.098459243774414, 0.3104219436645508 
352, -1.0986130237579346, 0.3147592544555664 
353, -1.098900556564331, 0.3190155029296875 
354, -1.0993858575820923, 0.31322813034057617 
355, -1.0983829498291016, 0.3165137767791748 
356, -1.0989575386047363, 0.3643991947174072 
357, -1.098542332649231, 0.3282206058502197 
358, -1.0992794036865234, 0.31629180908203125 
359, -1.0985136032104492, 0.32572197914123535 
360, -1.0988774299621582, 0.31727147102355957 
361, -1.0991461277008057, 0.3238348960876465 
362, -1.0989508628845215, 0.31694459915161133 
363, -1.0993883609771729, 0.3150622844696045 
364, -1.099244236946106, 0.3134348392486572 
365, -1.0982227325439453, 0.31882810592651367 
366, -1.0985242128372192, 0.3236865997314453 
367, -1.0982842445373535, 0.3213944435119629 
368, -1.0996506214141846, 0.32161474227905273 
369, -1.0997774600982666, 0.31676387786865234 
370, -1.09913969039917, 0.31052494049072266 
371, -1.0997676849365234, 0.3162107467651367 
372, -1.0997686386108398, 0.31262683868408203 
373, -1.1000512838363647, 0.31542205810546875 
374, -1.099501609802246, 0.3118758201599121 
375, -1.0998237133026123, 0.3111138343811035 
376, -1.099184513092041, 0.3140909671783447 
377, -1.1001038551330566, 0.3142995834350586 
378, -1.0994936227798462, 0.3130652904510498 
379, -1.0996357202529907, 0.3193347454071045 
380, -1.099351406097412, 0.31098461151123047 
381, -1.0996390581130981, 0.31125378608703613 
382, -1.099555253982544, 0.3170897960662842 
383, -1.1001136302947998, 0.31055331230163574 
384, -1.099787712097168, 0.32073426246643066 
385, -1.1003644466400146, 0.3121170997619629 
386, -1.099148154258728, 0.31224751472473145 
387, -1.0990161895751953, 0.3142538070678711 
388, -1.1000125408172607, 0.3141469955444336 
389, -1.0993218421936035, 0.31701111793518066 
390, -1.0998544692993164, 0.32155442237854004 
391, -1.100250005722046, 0.3149852752685547 
392, -1.10007643699646, 0.3162422180175781 
393, -1.0996891260147095, 0.3218867778778076 
394, -1.1000028848648071, 0.32593417167663574 
395, -1.1003363132476807, 0.31284046173095703 
396, -1.1006752252578735, 0.31224656105041504 
397, -1.0997025966644287, 0.3160724639892578 
398, -1.0998109579086304, 0.30985307693481445 
399, -1.1003754138946533, 0.31575822830200195 
400, -1.1002171039581299, 0.31575751304626465 
401, -1.0998319387435913, 0.3130056858062744 
402, -1.0999293327331543, 0.3103349208831787 
403, -1.0995616912841797, 0.29230237007141113 
404, -1.1001713275909424, 0.3165113925933838 
405, -1.1003680229187012, 0.311154842376709 
406, -1.0991929769515991, 0.32044243812561035 
407, -1.100868582725525, 0.3116035461425781 
408, -1.0996851921081543, 0.31374382972717285 
409, -1.1005630493164062, 0.30757784843444824 
410, -1.1000581979751587, 0.31009793281555176 
411, -1.0996179580688477, 0.316662073135376 
412, -1.1001911163330078, 0.3132283687591553 
413, -1.0995535850524902, 0.3120920658111572 
414, -1.099875807762146, 0.2945258617401123 
415, -1.0999208688735962, 0.3200564384460449 
416, -1.1002962589263916, 0.31021547317504883 
417, -1.100466251373291, 0.2913236618041992 
418, -1.1005686521530151, 0.3142585754394531 
419, -1.1001615524291992, 0.3205554485321045 
420, -1.1002748012542725, 0.3159058094024658 
421, -1.0997146368026733, 0.3088231086730957 
422, -1.1000056266784668, 0.32264161109924316 
423, -1.0995490550994873, 0.313342809677124 
424, -1.0996854305267334, 0.31661081314086914 
425, -1.0995683670043945, 0.31328558921813965 
426, -1.1007118225097656, 0.29262495040893555 
427, -1.1009714603424072, 0.3157525062561035 
428, -1.1007012128829956, 0.3148994445800781 
429, -1.100138545036316, 0.31549739837646484 
430, -1.100618839263916, 0.3182353973388672 
431, -1.099522352218628, 0.2902064323425293 
432, -1.1005442142486572, 0.31877684593200684 
433, -1.0999622344970703, 0.31377387046813965 
434, -1.100751280784607, 0.3154428005218506 
435, -1.1000425815582275, 0.31342530250549316 
436, -1.0994219779968262, 0.31398677825927734 
437, -1.10005521774292, 0.3152194023132324 
438, -1.1002700328826904, 0.3156909942626953 
439, -1.1002007722854614, 0.31526875495910645 
440, -1.0999515056610107, 0.3154456615447998 
441, -1.1000406742095947, 0.2972877025604248 
442, -1.1003096103668213, 0.32119226455688477 
443, -1.100748896598816, 0.31534528732299805 
444, -1.0998517274856567, 0.2911350727081299 
445, -1.1004185676574707, 0.2967548370361328 
446, -1.1002299785614014, 0.31271934509277344 
447, -1.1010417938232422, 0.3153655529022217 
448, -1.099565029144287, 0.29261136054992676 
449, -1.100324273109436, 0.29346442222595215 
450, -1.1006757020950317, 0.3143332004547119 
451, -1.100191593170166, 0.3495943546295166 
452, -1.100389003753662, 0.3349297046661377 
453, -1.1003024578094482, 0.32775020599365234 
454, -1.1008517742156982, 0.31020069122314453 
455, -1.1008059978485107, 0.34691786766052246 
456, -1.1010017395019531, 0.3085920810699463 
457, -1.1008470058441162, 0.3179192543029785 
458, -1.0997366905212402, 0.3543546199798584 
459, -1.1001636981964111, 0.2961611747741699 
460, -1.1006439924240112, 0.31303954124450684 
461, -1.100129246711731, 0.2953801155090332 
462, -1.100932002067566, 0.3044908046722412 
463, -1.1009502410888672, 0.2878279685974121 
464, -1.100703239440918, 0.3085794448852539 
465, -1.100950002670288, 0.3083641529083252 
466, -1.100691556930542, 0.3070342540740967 
467, -1.1004067659378052, 0.31136393547058105 
468, -1.0998785495758057, 0.3136751651763916 
469, -1.1009917259216309, 0.29221630096435547 
470, -1.100932240486145, 0.2968299388885498 
471, -1.0996392965316772, 0.2944817543029785 
472, -1.101127028465271, 0.31197619438171387 
473, -1.1009163856506348, 0.2936854362487793 
474, -1.1004056930541992, 0.2995479106903076 
475, -1.100369930267334, 0.31591129302978516 
476, -1.1006104946136475, 0.29698991775512695 
477, -1.1006934642791748, 0.2919943332672119 
478, -1.1002027988433838, 0.29271864891052246 
479, -1.101125955581665, 0.3059661388397217 
480, -1.1008061170578003, 0.3001127243041992 
481, -1.1001529693603516, 0.3092055320739746 
482, -1.1002089977264404, 0.2917771339416504 
483, -1.1009550094604492, 0.31183600425720215 
484, -1.1005361080169678, 0.31351232528686523 
485, -1.100797176361084, 0.30913424491882324 
486, -1.1009653806686401, 0.31113290786743164 
487, -1.1011836528778076, 0.36328673362731934 
488, -1.1004451513290405, 0.3061504364013672 
489, -1.1013065576553345, 0.29146242141723633 
490, -1.100771427154541, 0.29160165786743164 
491, -1.0999099016189575, 0.3166189193725586 
492, -1.1003942489624023, 0.29118800163269043 
493, -1.1007853746414185, 0.3098573684692383 
494, -1.1007554531097412, 0.3094911575317383 
495, -1.1004605293273926, 0.3007073402404785 
496, -1.1009142398834229, 0.28914618492126465 
497, -1.1007885932922363, 0.31237363815307617 
498, -1.1000962257385254, 0.313997745513916 
499, -1.100115180015564, 0.2901036739349365 
500, -1.100447654724121, 0.3177363872528076 
501, -1.10086190700531, 0.32410240173339844 
502, -1.1004955768585205, 0.31309962272644043 
503, -1.1009901762008667, 0.298001766204834 
504, -1.100757360458374, 0.31263256072998047 
505, -1.100090503692627, 0.29549241065979004 
506, -1.1000471115112305, 0.3162543773651123 
507, -1.1003310680389404, 0.31583094596862793 
508, -1.100269079208374, 0.2949042320251465 
509, -1.0995724201202393, 0.3151283264160156 
510, -1.0996450185775757, 0.31849122047424316 
511, -1.100289225578308, 0.32401061058044434 
512, -1.1011626720428467, 0.29689979553222656 
513, -1.100885272026062, 0.31574535369873047 
514, -1.10085928440094, 0.3141591548919678 
515, -1.1011208295822144, 0.29814577102661133 
516, -1.1003696918487549, 0.2984275817871094 
517, -1.1004273891448975, 0.29262685775756836 
518, -1.1002943515777588, 0.3214542865753174 
519, -1.100224494934082, 0.3212318420410156 
520, -1.1005423069000244, 0.3242948055267334 
521, -1.1003847122192383, 0.3222980499267578 
522, -1.100343942642212, 0.32350707054138184 
523, -1.1007647514343262, 0.3128621578216553 
524, -1.1002650260925293, 0.3125910758972168 
525, -1.1006863117218018, 0.29236507415771484 
526, -1.1003973484039307, 0.2985877990722656 
527, -1.1004951000213623, 0.30695676803588867 
528, -1.1000735759735107, 0.2927124500274658 
529, -1.1004090309143066, 0.3008913993835449 
530, -1.1005622148513794, 0.31792211532592773 
531, -1.1013710498809814, 0.3195359706878662 
532, -1.1009697914123535, 0.32151198387145996 
533, -1.100841999053955, 0.292896032333374 
534, -1.1008105278015137, 0.2882101535797119 
535, -1.100623607635498, 0.29441046714782715 
536, -1.1011714935302734, 0.29614853858947754 
537, -1.1004317998886108, 0.3110082149505615 
538, -1.1007399559020996, 0.3193955421447754 
539, -1.1005029678344727, 0.31652379035949707 
540, -1.1002185344696045, 0.3198506832122803 
541, -1.1013084650039673, 0.31333160400390625 
542, -1.1015212535858154, 0.30201053619384766 
543, -1.10111403465271, 0.2968099117279053 
544, -1.1002179384231567, 0.30553460121154785 
545, -1.1001033782958984, 0.29231810569763184 
546, -1.09977126121521, 0.2980306148529053 
547, -1.0992908477783203, 0.3078179359436035 
548, -1.1002495288848877, 0.31831908226013184 
549, -1.099838137626648, 0.29173707962036133 
550, -1.100850224494934, 0.2938666343688965 
551, -1.1007142066955566, 0.3121337890625 
552, -1.1006128787994385, 0.2969207763671875 
553, -1.100429892539978, 0.29285740852355957 
554, -1.1006479263305664, 0.31056833267211914 
555, -1.100474238395691, 0.28960442543029785 
556, -1.0996719598770142, 0.32275819778442383 
557, -1.1011061668395996, 0.29455018043518066 
558, -1.1007466316223145, 0.3147158622741699 
559, -1.1006603240966797, 0.29587411880493164 
560, -1.101144790649414, 0.31876349449157715 
561, -1.10038423538208, 0.2917482852935791 
562, -1.100738763809204, 0.2956728935241699 
563, -1.1011695861816406, 0.31429147720336914 
564, -1.100804328918457, 0.31833887100219727 
565, -1.1003813743591309, 0.2956101894378662 
566, -1.1009271144866943, 0.29497528076171875 
567, -1.1015691757202148, 0.310593843460083 
568, -1.1008425951004028, 0.3088564872741699 
569, -1.1009135246276855, 0.29642534255981445 
570, -1.1010687351226807, 0.31800103187561035 
571, -1.10120689868927, 0.296428918838501 
572, -1.1003444194793701, 0.3148958683013916 
573, -1.1007513999938965, 0.30510449409484863 
574, -1.1009166240692139, 0.3149287700653076 
575, -1.1011099815368652, 0.315662145614624 
576, -1.1006418466567993, 0.31200504302978516 
577, -1.100734829902649, 0.31014013290405273 
578, -1.1007494926452637, 0.3160679340362549 
579, -1.0998445749282837, 0.31609511375427246 
580, -1.100550889968872, 0.30620408058166504 
581, -1.1008529663085938, 0.29698657989501953 
582, -1.1008069515228271, 0.3152031898498535 
583, -1.100970983505249, 0.3196117877960205 
584, -1.100764513015747, 0.3101515769958496 
585, -1.1006104946136475, 0.3271753787994385 
586, -1.1011624336242676, 0.2972137928009033 
587, -1.1008299589157104, 0.30530714988708496 
588, -1.1006083488464355, 0.28969669342041016 
589, -1.1012049913406372, 0.2968151569366455 
590, -1.1010351181030273, 0.29976677894592285 
591, -1.1015650033950806, 0.30272483825683594 
592, -1.1006605625152588, 0.29701852798461914 
593, -1.1001031398773193, 0.31965208053588867 
594, -1.1004273891448975, 0.29288721084594727 
595, -1.1009573936462402, 0.3067748546600342 
596, -1.1011033058166504, 0.2907278537750244 
597, -1.1000242233276367, 0.3275637626647949 
598, -1.100820541381836, 0.3031611442565918 
599, -1.1009235382080078, 0.31466150283813477 
600, -1.0999469757080078, 0.3154745101928711 
601, -1.0998457670211792, 0.2934377193450928 
602, -1.100886583328247, 0.31696271896362305 
603, -1.100562572479248, 0.3111457824707031 
604, -1.1009007692337036, 0.31482505798339844 
605, -1.100667119026184, 0.3186964988708496 
606, -1.1004202365875244, 0.3167691230773926 
607, -1.1010630130767822, 0.3160665035247803 
608, -1.1016533374786377, 0.2987060546875 
609, -1.100085735321045, 0.3298342227935791 
610, -1.1007866859436035, 0.3115549087524414 
611, -1.1011337041854858, 0.32006359100341797 
612, -1.1008484363555908, 0.29551100730895996 
613, -1.1012306213378906, 0.32289600372314453 
614, -1.1010918617248535, 0.2961459159851074 
615, -1.1006724834442139, 0.3274550437927246 
616, -1.100666880607605, 0.3120405673980713 
617, -1.1009275913238525, 0.31063055992126465 
618, -1.1013166904449463, 0.3131275177001953 
619, -1.1001538038253784, 0.3251779079437256 
620, -1.1009485721588135, 0.3212752342224121 
621, -1.1002883911132812, 0.3105506896972656 
622, -1.1009445190429688, 0.28509998321533203 
623, -1.1007306575775146, 0.3155176639556885 
624, -1.100947618484497, 0.3129398822784424 
625, -1.1012262105941772, 0.3136475086212158 
626, -1.1011638641357422, 0.3206310272216797 
627, -1.100346565246582, 0.31226539611816406 
628, -1.1013884544372559, 0.3152003288269043 
629, -1.1004799604415894, 0.31758713722229004 
630, -1.100326657295227, 0.3094038963317871 
631, -1.101346492767334, 0.31030917167663574 
632, -1.1009845733642578, 0.3115971088409424 
633, -1.1007159948349, 0.3285541534423828 
634, -1.1015307903289795, 0.3144383430480957 
635, -1.1005334854125977, 0.33354663848876953 
636, -1.1006611585617065, 0.3165853023529053 
637, -1.0990742444992065, 0.32313013076782227 
638, -1.100602388381958, 0.3170945644378662 
639, -1.1010760068893433, 0.3224148750305176 
640, -1.1002919673919678, 0.31701111793518066 
641, -1.100890874862671, 0.31280946731567383 
642, -1.1016266345977783, 0.31023406982421875 
643, -1.100777268409729, 0.32410192489624023 
644, -1.1009881496429443, 0.3113107681274414 
645, -1.100746989250183, 0.3099977970123291 
646, -1.1010819673538208, 0.3110499382019043 
647, -1.1012389659881592, 0.3161337375640869 
648, -1.1008672714233398, 0.3156163692474365 
649, -1.1011579036712646, 0.310436487197876 
650, -1.1012345552444458, 0.3157684803009033 
651, -1.100409984588623, 0.3063995838165283 
652, -1.1001750230789185, 0.3131742477416992 
653, -1.100319504737854, 0.31545114517211914 
654, -1.100660800933838, 0.3172292709350586 
655, -1.1011661291122437, 0.3157310485839844 
656, -1.0999215841293335, 0.3208131790161133 
657, -1.101050853729248, 0.32186079025268555 
658, -1.1003985404968262, 0.31986355781555176 
659, -1.1003103256225586, 0.31709933280944824 
660, -1.1009507179260254, 0.3167104721069336 
661, -1.1011415719985962, 0.32407164573669434 
662, -1.0997183322906494, 0.32208752632141113 
663, -1.1000628471374512, 0.33345723152160645 
664, -1.100327730178833, 0.32395482063293457 
665, -1.1006388664245605, 0.33591723442077637 
666, -1.1009011268615723, 0.32095789909362793 
667, -1.0998890399932861, 0.3345143795013428 
668, -1.1000179052352905, 0.31917595863342285 
669, -1.0999467372894287, 0.3138704299926758 
670, -1.1011406183242798, 0.3210275173187256 
671, -1.100409746170044, 0.32126307487487793 
672, -1.0998492240905762, 0.31867456436157227 
673, -1.1007893085479736, 0.3198692798614502 
674, -1.100804090499878, 0.3270845413208008 
675, -1.1012251377105713, 0.3195326328277588 
676, -1.1007752418518066, 0.3170027732849121 
677, -1.1009557247161865, 0.3196725845336914 
678, -1.1009966135025024, 0.3185431957244873 
679, -1.1004801988601685, 0.31885313987731934 
680, -1.1005760431289673, 0.3228030204772949 
681, -1.1013355255126953, 0.31911587715148926 
682, -1.1009191274642944, 0.32235193252563477 
683, -1.1010358333587646, 0.32486748695373535 
684, -1.1007059812545776, 0.32221198081970215 
685, -1.100561261177063, 0.31531310081481934 
686, -1.1009511947631836, 0.32117700576782227 
687, -1.0998319387435913, 0.3204045295715332 
688, -1.1010990142822266, 0.32441282272338867 
689, -1.1010258197784424, 0.32565760612487793 
690, -1.1011452674865723, 0.31742000579833984 
691, -1.1013917922973633, 0.3229706287384033 
692, -1.1014845371246338, 0.31986474990844727 
693, -1.1012845039367676, 0.31600451469421387 
694, -1.1012086868286133, 0.31323933601379395 
695, -1.100806474685669, 0.32053661346435547 
696, -1.1010537147521973, 0.31814026832580566 
697, -1.1011443138122559, 0.31985950469970703 
698, -1.1006107330322266, 0.32129907608032227 
699, -1.1005637645721436, 0.32342529296875 
700, -1.1005983352661133, 0.3200829029083252 
701, -1.1012444496154785, 0.3223278522491455 
702, -1.1010971069335938, 0.3206825256347656 
703, -1.1011006832122803, 0.3223092555999756 
704, -1.1007986068725586, 0.32035136222839355 
705, -1.1014418601989746, 0.32016801834106445 
706, -1.1002211570739746, 0.3192577362060547 
707, -1.1010866165161133, 0.3175652027130127 
708, -1.1008946895599365, 0.31813716888427734 
709, -1.1007721424102783, 0.322704553604126 
710, -1.1005953550338745, 0.3275930881500244 
711, -1.1013572216033936, 0.31757426261901855 
712, -1.1009430885314941, 0.3226001262664795 
713, -1.1009247303009033, 0.32123494148254395 
714, -1.100653886795044, 0.3230316638946533 
715, -1.1008151769638062, 0.3209357261657715 
716, -1.100643277168274, 0.31815671920776367 
717, -1.100311040878296, 0.3195462226867676 
718, -1.1004376411437988, 0.32430529594421387 
719, -1.1017307043075562, 0.3190805912017822 
720, -1.1009538173675537, 0.32030415534973145 
721, -1.10133695602417, 0.32335638999938965 
722, -1.1008169651031494, 0.3263065814971924 
723, -1.1014814376831055, 0.315706729888916 
724, -1.101394772529602, 0.31945371627807617 
725, -1.1004588603973389, 0.31979870796203613 
726, -1.1013565063476562, 0.3208913803100586 
727, -1.1010642051696777, 0.3217661380767822 
728, -1.1007633209228516, 0.31824612617492676 
729, -1.1011161804199219, 0.323291540145874 
730, -1.1016329526901245, 0.31966328620910645 
731, -1.1005254983901978, 0.3248412609100342 
732, -1.1004972457885742, 0.31734800338745117 
733, -1.1005337238311768, 0.3232595920562744 
734, -1.1008795499801636, 0.31969571113586426 
735, -1.1013696193695068, 0.32381153106689453 
736, -1.1012827157974243, 0.31992006301879883 
737, -1.1011275053024292, 0.32270002365112305 
738, -1.1010046005249023, 0.324631929397583 
739, -1.1007623672485352, 0.3214726448059082 
740, -1.100564956665039, 0.32499241828918457 
741, -1.1004934310913086, 0.32915282249450684 
742, -1.1006278991699219, 0.3190755844116211 
743, -1.1013319492340088, 0.32511305809020996 
744, -1.0998263359069824, 0.32243967056274414 
745, -1.1004633903503418, 0.31796717643737793 
746, -1.101205587387085, 0.3250868320465088 
747, -1.1012637615203857, 0.32368993759155273 
748, -1.1013535261154175, 0.3273923397064209 
749, -1.1010589599609375, 0.324981689453125 
750, -1.100759744644165, 0.32306456565856934 
751, -1.101585865020752, 0.3243372440338135 
752, -1.1007061004638672, 0.32540321350097656 
753, -1.1010085344314575, 0.31906890869140625 
754, -1.101248025894165, 0.32292699813842773 
755, -1.1007181406021118, 0.32723140716552734 
756, -1.1008379459381104, 0.33069705963134766 
757, -1.1011828184127808, 0.31456685066223145 
758, -1.1012402772903442, 0.3284585475921631 
759, -1.1010632514953613, 0.32443761825561523 
760, -1.1015247106552124, 0.3301818370819092 
761, -1.1011905670166016, 0.32101964950561523 
762, -1.1015963554382324, 0.31668543815612793 
763, -1.1010606288909912, 0.3190269470214844 
764, -1.1014236211776733, 0.32302212715148926 
765, -1.1009272336959839, 0.31658077239990234 
766, -1.1009892225265503, 0.32056736946105957 
767, -1.1015188694000244, 0.3218531608581543 
768, -1.1016874313354492, 0.31745266914367676 
769, -1.1004165410995483, 0.31574201583862305 
770, -1.1009992361068726, 0.3277297019958496 
771, -1.1010481119155884, 0.3271031379699707 
772, -1.1015548706054688, 0.3157789707183838 
773, -1.1011223793029785, 0.29757213592529297 
774, -1.101088047027588, 0.3262953758239746 
775, -1.1013163328170776, 0.314119815826416 
776, -1.1003837585449219, 0.3215646743774414 
777, -1.100400447845459, 0.34478235244750977 
778, -1.1005041599273682, 0.32235145568847656 
779, -1.1003960371017456, 0.31508398056030273 
780, -1.1005189418792725, 0.32027363777160645 
781, -1.100407361984253, 0.3130788803100586 
782, -1.1012158393859863, 0.32122254371643066 
783, -1.100778579711914, 0.31754064559936523 
784, -1.1012117862701416, 0.3241386413574219 
785, -1.1010833978652954, 0.3231973648071289 
786, -1.1014328002929688, 0.31646275520324707 
787, -1.1009986400604248, 0.31504034996032715 
788, -1.1014845371246338, 0.31579113006591797 
789, -1.101043701171875, 0.3133528232574463 
790, -1.1007328033447266, 0.31600260734558105 
791, -1.100325584411621, 0.3188145160675049 
792, -1.1014541387557983, 0.3170742988586426 
793, -1.101130723953247, 0.3211386203765869 
794, -1.1012258529663086, 0.3192613124847412 
795, -1.1012201309204102, 0.32330989837646484 
796, -1.100954294204712, 0.30933403968811035 
797, -1.1016511917114258, 0.3140096664428711 
798, -1.1012115478515625, 0.3193848133087158 
799, -1.1002764701843262, 0.32036757469177246 
800, -1.1004517078399658, 0.3218655586242676 
801, -1.1007683277130127, 0.3198049068450928 
802, -1.101351022720337, 0.3237173557281494 
803, -1.1010733842849731, 0.313312292098999 
804, -1.1001402139663696, 0.3177955150604248 
805, -1.1010487079620361, 0.3121507167816162 
806, -1.1003178358078003, 0.3208506107330322 
807, -1.1005263328552246, 0.31635522842407227 
808, -1.101341962814331, 0.3157052993774414 
809, -1.1006700992584229, 0.31166863441467285 
810, -1.1013010740280151, 0.31548476219177246 
811, -1.1009435653686523, 0.31733059883117676 
812, -1.1003206968307495, 0.3125476837158203 
813, -1.1005765199661255, 0.3141210079193115 
814, -1.1011273860931396, 0.31294941902160645 
815, -1.1018232107162476, 0.3136167526245117 
816, -1.100632905960083, 0.31673741340637207 
817, -1.1003243923187256, 0.3122737407684326 
818, -1.1001989841461182, 0.3153715133666992 
819, -1.1001567840576172, 0.31499743461608887 
820, -1.100843906402588, 0.31150341033935547 
821, -1.1006190776824951, 0.3167686462402344 
822, -1.101212501525879, 0.313488245010376 
823, -1.1011261940002441, 0.31537842750549316 
824, -1.1008257865905762, 0.31940340995788574 
825, -1.1010855436325073, 0.31578803062438965 
826, -1.1016528606414795, 0.3141791820526123 
827, -1.1011903285980225, 0.3243720531463623 
828, -1.1015766859054565, 0.31757283210754395 
829, -1.1012685298919678, 0.3147590160369873 
830, -1.1012052297592163, 0.31435179710388184 
831, -1.1012704372406006, 0.32138705253601074 
832, -1.1011571884155273, 0.323122501373291 
833, -1.101297378540039, 0.314007043838501 
834, -1.1007108688354492, 0.3258788585662842 
835, -1.1011416912078857, 0.3232841491699219 
836, -1.1015167236328125, 0.321089506149292 
837, -1.1006519794464111, 0.31932759284973145 
838, -1.1014797687530518, 0.3175795078277588 
839, -1.1007665395736694, 0.3164088726043701 
840, -1.1013739109039307, 0.3179471492767334 
841, -1.1005117893218994, 0.31648731231689453 
842, -1.10152268409729, 0.3225560188293457 
843, -1.1015303134918213, 0.3180050849914551 
844, -1.1009570360183716, 0.31716036796569824 
845, -1.1016802787780762, 0.326871395111084 
846, -1.1008434295654297, 0.3193793296813965 
847, -1.1008508205413818, 0.32004380226135254 
848, -1.1006741523742676, 0.3215675354003906 
849, -1.1010198593139648, 0.3197813034057617 
850, -1.1009764671325684, 0.32439756393432617 
851, -1.1003174781799316, 0.32289886474609375 
852, -1.101069688796997, 0.3180196285247803 
853, -1.0994653701782227, 0.3199636936187744 
854, -1.1004763841629028, 0.31832122802734375 
855, -1.100794792175293, 0.3216667175292969 
856, -1.1010971069335938, 0.3240396976470947 
857, -1.1002939939498901, 0.31779909133911133 
858, -1.1010169982910156, 0.3230006694793701 
859, -1.1009900569915771, 0.3123435974121094 
860, -1.1009397506713867, 0.3223128318786621 
861, -1.1003296375274658, 0.31818532943725586 
862, -1.1016263961791992, 0.3177492618560791 
863, -1.1014823913574219, 0.32180333137512207 
864, -1.1010606288909912, 0.3203165531158447 
865, -1.1013233661651611, 0.3133049011230469 
866, -1.1008796691894531, 0.3216512203216553 
867, -1.0997254848480225, 0.3194770812988281 
868, -1.1012940406799316, 0.31934285163879395 
869, -1.1001911163330078, 0.3256649971008301 
870, -1.1008026599884033, 0.3269646167755127 
871, -1.1005041599273682, 0.31684231758117676 
872, -1.101019263267517, 0.31948280334472656 
873, -1.1004691123962402, 0.31734228134155273 
874, -1.1008188724517822, 0.3195931911468506 
875, -1.1006100177764893, 0.32483434677124023 
876, -1.1005241870880127, 0.3169517517089844 
877, -1.1009459495544434, 0.31627964973449707 
878, -1.1008518934249878, 0.32175230979919434 
879, -1.100985050201416, 0.3217806816101074 
880, -1.100915789604187, 0.3252103328704834 
881, -1.100715160369873, 0.31964802742004395 
882, -1.1000289916992188, 0.3175649642944336 
883, -1.1011658906936646, 0.31885528564453125 
884, -1.1008641719818115, 0.3139011859893799 
885, -1.100815773010254, 0.3117647171020508 
886, -1.101213812828064, 0.3129916191101074 
887, -1.100934386253357, 0.31853437423706055 
888, -1.1007814407348633, 0.31770944595336914 
889, -1.1015316247940063, 0.31598329544067383 
890, -1.1009094715118408, 0.32073402404785156 
891, -1.1007564067840576, 0.3160054683685303 
892, -1.1006337404251099, 0.311251163482666 
893, -1.1012978553771973, 0.31286048889160156 
894, -1.1012201309204102, 0.32512593269348145 
895, -1.1004688739776611, 0.3169686794281006 
896, -1.1007086038589478, 0.3211324214935303 
897, -1.1011152267456055, 0.32041096687316895 
898, -1.1000114679336548, 0.3180246353149414 
899, -1.101032018661499, 0.3157806396484375 
900, -1.10145902633667, 0.3186626434326172 
901, -1.1002742052078247, 0.31971096992492676 
902, -1.1007211208343506, 0.32276082038879395 
903, -1.1011950969696045, 0.3199455738067627 
904, -1.1007516384124756, 0.32255101203918457 
905, -1.1006553173065186, 0.3253591060638428 
906, -1.1011149883270264, 0.3194272518157959 
907, -1.1014715433120728, 0.3156569004058838 
908, -1.1014913320541382, 0.3256828784942627 
909, -1.1014254093170166, 0.31624436378479004 
910, -1.100752830505371, 0.31809020042419434 
911, -1.1005985736846924, 0.3173849582672119 
912, -1.1011812686920166, 0.3194437026977539 
913, -1.1006428003311157, 0.31832337379455566 
914, -1.100555181503296, 0.3194580078125 
915, -1.1005606651306152, 0.31855201721191406 
916, -1.1009629964828491, 0.31813859939575195 
917, -1.101491093635559, 0.3177504539489746 
918, -1.1000937223434448, 0.32250070571899414 
919, -1.1011157035827637, 0.32722020149230957 
920, -1.1013648509979248, 0.3212869167327881 
921, -1.1010905504226685, 0.329470157623291 
922, -1.1009784936904907, 0.3232693672180176 
923, -1.1013323068618774, 0.3201329708099365 
924, -1.101524829864502, 0.31934404373168945 
925, -1.1003146171569824, 0.31377530097961426 
926, -1.1005825996398926, 0.3234250545501709 
927, -1.1006900072097778, 0.3173561096191406 
928, -1.1015079021453857, 0.3175170421600342 
929, -1.1006609201431274, 0.31905603408813477 
930, -1.101074457168579, 0.3207058906555176 
931, -1.101466178894043, 0.31650209426879883 
932, -1.1006388664245605, 0.31293249130249023 
933, -1.1008244752883911, 0.32306742668151855 
934, -1.101067304611206, 0.3032834529876709 
935, -1.1012641191482544, 0.31856393814086914 
936, -1.101330041885376, 0.3203125 
937, -1.1017239093780518, 0.31479501724243164 
938, -1.1013445854187012, 0.32515406608581543 
939, -1.1012163162231445, 0.3196265697479248 
940, -1.1009931564331055, 0.3201308250427246 
941, -1.1012873649597168, 0.31983280181884766 
942, -1.101029396057129, 0.31847453117370605 
943, -1.1006443500518799, 0.32377147674560547 
944, -1.1013152599334717, 0.315169095993042 
945, -1.1008422374725342, 0.3175320625305176 
946, -1.1016799211502075, 0.31572389602661133 
947, -1.10101318359375, 0.32766032218933105 
948, -1.100874662399292, 0.31988954544067383 
949, -1.1012310981750488, 0.3209350109100342 
950, -1.1010807752609253, 0.3217184543609619 
951, -1.1013314723968506, 0.31478404998779297 
952, -1.1010998487472534, 0.3157377243041992 
953, -1.1009502410888672, 0.31241917610168457 
954, -1.1008009910583496, 0.322643518447876 
955, -1.100618839263916, 0.31991028785705566 
956, -1.1010136604309082, 0.3170294761657715 
957, -1.1002929210662842, 0.3258202075958252 
958, -1.1009987592697144, 0.32042431831359863 
959, -1.1007810831069946, 0.3212544918060303 
960, -1.1009812355041504, 0.31980109214782715 
961, -1.1016075611114502, 0.31867098808288574 
962, -1.1009771823883057, 0.29799365997314453 
963, -1.1012110710144043, 0.326951265335083 
964, -1.100778579711914, 0.31607747077941895 
965, -1.1005139350891113, 0.307142972946167 
966, -1.1008179187774658, 0.31459879875183105 
967, -1.1004761457443237, 0.31267404556274414 
968, -1.1013224124908447, 0.3187887668609619 
969, -1.1011731624603271, 0.3310115337371826 
970, -1.1013891696929932, 0.3101508617401123 
971, -1.10089111328125, 0.3103156089782715 
972, -1.1012142896652222, 0.3831608295440674 
973, -1.1013154983520508, 0.3219320774078369 
974, -1.1009176969528198, 0.32111454010009766 
975, -1.1013357639312744, 0.3179588317871094 
976, -1.1004736423492432, 0.3220548629760742 
977, -1.1007201671600342, 0.3192932605743408 
978, -1.100853443145752, 0.3202972412109375 
979, -1.1012485027313232, 0.3253319263458252 
980, -1.1015355587005615, 0.3204526901245117 
981, -1.1008247137069702, 0.325946569442749 
982, -1.1011478900909424, 0.318894624710083 
983, -1.1012849807739258, 0.32601070404052734 
984, -1.1006540060043335, 0.329425573348999 
985, -1.101078987121582, 0.323169469833374 
986, -1.1009130477905273, 0.3236234188079834 
987, -1.1015067100524902, 0.32356834411621094 
988, -1.1016207933425903, 0.32050633430480957 
989, -1.099848985671997, 0.3198525905609131 
990, -1.1004860401153564, 0.322404146194458 
991, -1.10117769241333, 0.31955766677856445 
992, -1.1001274585723877, 0.32180213928222656 
993, -1.1005282402038574, 0.31945085525512695 
994, -1.101274013519287, 0.3166630268096924 
995, -1.1015124320983887, 0.3207535743713379 
996, -1.101149559020996, 0.3257875442504883 
997, -1.1007241010665894, 0.3179893493652344 
998, -1.1009458303451538, 0.29673314094543457 
999, -1.0997406244277954, 0.31437087059020996 
