Iteration, loss, time 
0, 0.6833592057228088, 0.250683069229126, 0.17558050155639648, 0.0518341064453125 
1, 0.6349828243255615, 0.11248540878295898, 0.057621002197265625, 0.05295848846435547 
2, 0.5914726853370667, 0.09742903709411621, 0.04517936706542969, 0.05025911331176758 
3, 0.5451678037643433, 0.09887504577636719, 0.044554710388183594, 0.05260109901428223 
4, 0.5002216696739197, 0.0990140438079834, 0.045176029205322266, 0.051871299743652344 
5, 0.465372234582901, 0.09760427474975586, 0.04493403434753418, 0.05074000358581543 
6, 0.42861899733543396, 0.09725332260131836, 0.04457259178161621, 0.05092930793762207 
7, 0.3801274299621582, 0.09816360473632812, 0.044922828674316406, 0.05134868621826172 
8, 0.3490585684776306, 0.09662985801696777, 0.04478311538696289, 0.05012679100036621 
9, 0.2941540777683258, 0.09715056419372559, 0.04409623146057129, 0.05133819580078125 
10, 0.2636381983757019, 0.09749722480773926, 0.04440760612487793, 0.05124545097351074 
11, 0.22790780663490295, 0.09652209281921387, 0.044231414794921875, 0.050359487533569336 
12, 0.17778435349464417, 0.09707856178283691, 0.044342994689941406, 0.05102419853210449 
13, 0.13653939962387085, 0.09749579429626465, 0.044646501541137695, 0.05106496810913086 
14, 0.11339163780212402, 0.0968012809753418, 0.04458785057067871, 0.05052065849304199 
15, 0.08816549181938171, 0.09650683403015137, 0.04406881332397461, 0.0505220890045166 
16, 0.03779980540275574, 0.09760904312133789, 0.04463481903076172, 0.050971269607543945 
17, 0.014977455139160156, 0.09670114517211914, 0.0445101261138916, 0.05051398277282715 
18, -0.00794181227684021, 0.09710836410522461, 0.04436969757080078, 0.05092501640319824 
19, -0.04193371534347534, 0.09668493270874023, 0.043950796127319336, 0.05100202560424805 
20, -0.09199699759483337, 0.09642171859741211, 0.04435920715332031, 0.05019378662109375 
21, -0.11043545603752136, 0.09625005722045898, 0.04376339912414551, 0.05055999755859375 
22, -0.12578806281089783, 0.09812235832214355, 0.04483175277709961, 0.051538705825805664 
23, -0.1639508306980133, 0.09749603271484375, 0.04442000389099121, 0.051358699798583984 
24, -0.18538570404052734, 0.09679937362670898, 0.044188737869262695, 0.05088376998901367 
25, -0.22381553053855896, 0.09692788124084473, 0.04458475112915039, 0.05045032501220703 
26, -0.22332251071929932, 0.09731817245483398, 0.04425549507141113, 0.05127120018005371 
27, -0.2779240012168884, 0.09645724296569824, 0.04397153854370117, 0.05064129829406738 
28, -0.29425525665283203, 0.09686517715454102, 0.044229984283447266, 0.05086827278137207 
29, -0.31607332825660706, 0.09701299667358398, 0.04435420036315918, 0.050952911376953125 
30, -0.3193759024143219, 0.09641528129577637, 0.04396200180053711, 0.050745487213134766 
31, -0.3461099863052368, 0.09730100631713867, 0.04402613639831543, 0.051383018493652344 
32, -0.38350722193717957, 0.09641051292419434, 0.04428887367248535, 0.05046486854553223 
33, -0.4057617485523224, 0.09641838073730469, 0.04411435127258301, 0.05042386054992676 
34, -0.4042789041996002, 0.09744834899902344, 0.044385433197021484, 0.051149845123291016 
35, -0.4298242926597595, 0.0972132682800293, 0.04442906379699707, 0.05107736587524414 
36, -0.45265164971351624, 0.0962212085723877, 0.04430532455444336, 0.050064802169799805 
37, -0.49054840207099915, 0.09689188003540039, 0.044294118881225586, 0.050721168518066406 
38, -0.47750788927078247, 0.09658217430114746, 0.04426097869873047, 0.05042147636413574 
39, -0.5092969536781311, 0.09533023834228516, 0.04401421546936035, 0.049571990966796875 
40, -0.5125256776809692, 0.09644722938537598, 0.04415607452392578, 0.050417423248291016 
41, -0.5380592346191406, 0.09740829467773438, 0.044826507568359375, 0.050812482833862305 
42, -0.565308690071106, 0.0966494083404541, 0.044481515884399414, 0.050360918045043945 
43, -0.5627251863479614, 0.09717535972595215, 0.04438161849975586, 0.050920724868774414 
44, -0.5894538760185242, 0.09763169288635254, 0.044893741607666016, 0.050871849060058594 
45, -0.6034136414527893, 0.09642863273620605, 0.04398846626281738, 0.05066561698913574 
46, -0.6184883117675781, 0.09685826301574707, 0.04394412040710449, 0.05115509033203125 
47, -0.6092029213905334, 0.09708547592163086, 0.0443263053894043, 0.05088019371032715 
48, -0.6306406855583191, 0.09722685813903809, 0.044507741928100586, 0.05086779594421387 
49, -0.6446865797042847, 0.09758543968200684, 0.04425954818725586, 0.05153989791870117 
50, -0.6424495577812195, 0.09820961952209473, 0.045202016830444336, 0.05113530158996582 
51, -0.6606905460357666, 0.09691047668457031, 0.044072866439819336, 0.051062822341918945 
52, -0.6603830456733704, 0.09734582901000977, 0.04397106170654297, 0.05153059959411621 
53, -0.6848670840263367, 0.0985260009765625, 0.04506421089172363, 0.05166268348693848 
54, -0.6909548044204712, 0.09618139266967773, 0.04359769821166992, 0.05076718330383301 
55, -0.6917135715484619, 0.09782624244689941, 0.04398655891418457, 0.05204033851623535 
56, -0.7092167139053345, 0.09791016578674316, 0.044983863830566406, 0.051067352294921875 
57, -0.7088412642478943, 0.09724950790405273, 0.04462909698486328, 0.05081462860107422 
58, -0.7205443382263184, 0.09714055061340332, 0.0440516471862793, 0.05132770538330078 
59, -0.7229193449020386, 0.09754824638366699, 0.04472780227661133, 0.05100393295288086 
60, -0.7297917008399963, 0.09612226486206055, 0.04340481758117676, 0.05087542533874512 
61, -0.7343335747718811, 0.09778738021850586, 0.04451179504394531, 0.05158352851867676 
62, -0.7326532602310181, 0.09718823432922363, 0.04452371597290039, 0.050837039947509766 
63, -0.7434677481651306, 0.09769678115844727, 0.04410219192504883, 0.051740169525146484 
64, -0.7396455407142639, 0.09790396690368652, 0.04442596435546875, 0.05158591270446777 
65, -0.7491709589958191, 0.09829831123352051, 0.04455208778381348, 0.051837921142578125 
66, -0.7491692900657654, 0.09797215461730957, 0.04426145553588867, 0.05190157890319824 
67, -0.7505646347999573, 0.09807920455932617, 0.04443049430847168, 0.05181169509887695 
68, -0.7518274784088135, 0.09810566902160645, 0.044721126556396484, 0.05157589912414551 
69, -0.7542485594749451, 0.09815478324890137, 0.044501543045043945, 0.051810264587402344 
70, -0.755801260471344, 0.09756088256835938, 0.044477224349975586, 0.05128955841064453 
71, -0.7555707097053528, 0.09784722328186035, 0.04447627067565918, 0.051540374755859375 
72, -0.7532185316085815, 0.09818267822265625, 0.04465842247009277, 0.05172419548034668 
73, -0.756249189376831, 0.0975961685180664, 0.044165611267089844, 0.05158424377441406 
74, -0.7558528780937195, 0.09857988357543945, 0.045104265213012695, 0.05166745185852051 
75, -0.7559628486633301, 0.09833264350891113, 0.044805049896240234, 0.051679372787475586 
76, -0.7564806938171387, 0.09820795059204102, 0.044696807861328125, 0.051627397537231445 
77, -0.7567007541656494, 0.09936928749084473, 0.04480600357055664, 0.0527036190032959 
78, -0.7573443651199341, 0.09835481643676758, 0.04442930221557617, 0.05206871032714844 
79, -0.7568776607513428, 0.09773540496826172, 0.04405975341796875, 0.0518338680267334 
80, -0.7579572200775146, 0.09798383712768555, 0.04423832893371582, 0.05191493034362793 
81, -0.7582147121429443, 0.09869241714477539, 0.04468107223510742, 0.05218696594238281 
82, -0.7583470344543457, 0.09752535820007324, 0.04434919357299805, 0.051301002502441406 
83, -0.7589167356491089, 0.09858989715576172, 0.04505658149719238, 0.0516815185546875 
84, -0.7596381902694702, 0.09743952751159668, 0.044175148010253906, 0.051425933837890625 
85, -0.7601863145828247, 0.09685873985290527, 0.043997764587402344, 0.0509951114654541 
86, -0.7609542608261108, 0.09791326522827148, 0.04398393630981445, 0.05205273628234863 
87, -0.7614938020706177, 0.09698700904846191, 0.0442805290222168, 0.050726890563964844 
88, -0.7618997097015381, 0.09699726104736328, 0.04415750503540039, 0.05100727081298828 
89, -0.7634307146072388, 0.09819960594177246, 0.044671058654785156, 0.0516664981842041 
90, -0.7647346258163452, 0.09782242774963379, 0.044458627700805664, 0.051481008529663086 
91, -0.7661381959915161, 0.09784817695617676, 0.04407525062561035, 0.05184650421142578 
92, -0.7672079801559448, 0.09853005409240723, 0.044321298599243164, 0.052281856536865234 
93, -0.768770694732666, 0.09805846214294434, 0.04433703422546387, 0.0517880916595459 
94, -0.7701401710510254, 0.09801745414733887, 0.04466843605041504, 0.05148959159851074 
95, -0.7714250087738037, 0.09782624244689941, 0.04437065124511719, 0.051702260971069336 
96, -0.773094654083252, 0.0983736515045166, 0.04442715644836426, 0.05206751823425293 
97, -0.7741363048553467, 0.09772515296936035, 0.04406023025512695, 0.051786184310913086 
98, -0.7756569385528564, 0.09893012046813965, 0.04450678825378418, 0.05255770683288574 
99, -0.7764174938201904, 0.09799909591674805, 0.04449033737182617, 0.05158710479736328 
100, -0.7754561901092529, 0.09753084182739258, 0.044328927993774414, 0.051369667053222656 
101, -0.7757240533828735, 0.0983738899230957, 0.044655561447143555, 0.05185985565185547 
102, -0.7772811651229858, 0.09801292419433594, 0.04392719268798828, 0.05222487449645996 
103, -0.7772321701049805, 0.0985262393951416, 0.04505491256713867, 0.05165910720825195 
104, -0.7774308919906616, 0.09793996810913086, 0.04400634765625, 0.05205202102661133 
105, -0.7768893241882324, 0.09873414039611816, 0.04508161544799805, 0.05178546905517578 
106, -0.7772157192230225, 0.09870648384094238, 0.0453648567199707, 0.05145072937011719 
107, -0.7758705615997314, 0.09795117378234863, 0.0438685417175293, 0.0520634651184082 
108, -0.773586630821228, 0.09881162643432617, 0.044534921646118164, 0.05239987373352051 
109, -0.7718542814254761, 0.09906268119812012, 0.04478812217712402, 0.052451133728027344 
110, -0.7727856636047363, 0.09795022010803223, 0.044179439544677734, 0.051883697509765625 
111, -0.7683933973312378, 0.09798336029052734, 0.04443669319152832, 0.05164766311645508 
112, -0.7680166959762573, 0.09839940071105957, 0.044792890548706055, 0.05171394348144531 
113, -0.7653411626815796, 0.0986640453338623, 0.04442930221557617, 0.05236029624938965 
114, -0.7634427547454834, 0.09883260726928711, 0.044472694396972656, 0.05251193046569824 
115, -0.7625283002853394, 0.09848403930664062, 0.04468703269958496, 0.05195927619934082 
116, -0.7596175670623779, 0.09813857078552246, 0.04370617866516113, 0.05259108543395996 
117, -0.756839394569397, 0.09956145286560059, 0.044908761978149414, 0.05280423164367676 
118, -0.7551233768463135, 0.09944367408752441, 0.045079946517944336, 0.0525670051574707 
119, -0.7519534826278687, 0.0987398624420166, 0.04436159133911133, 0.05245161056518555 
120, -0.7498865127563477, 0.09892606735229492, 0.044358253479003906, 0.05269193649291992 
121, -0.7444381713867188, 0.0992436408996582, 0.044451236724853516, 0.05290699005126953 
122, -0.7408996820449829, 0.09806990623474121, 0.04419445991516113, 0.05200481414794922 
123, -0.736750602722168, 0.09935832023620605, 0.044310808181762695, 0.053179025650024414 
124, -0.7343384027481079, 0.09862065315246582, 0.04422307014465332, 0.05252885818481445 
125, -0.7309117317199707, 0.0988469123840332, 0.044272422790527344, 0.05271720886230469 
126, -0.7262685298919678, 0.09909987449645996, 0.04384207725524902, 0.053431034088134766 
127, -0.720859169960022, 0.09933876991271973, 0.04424643516540527, 0.05325889587402344 
128, -0.7178122997283936, 0.09892559051513672, 0.04432058334350586, 0.05273795127868652 
129, -0.7137670516967773, 0.09877634048461914, 0.04411768913269043, 0.05276012420654297 
130, -0.7090976238250732, 0.0999445915222168, 0.044547080993652344, 0.053539276123046875 
131, -0.705070972442627, 0.09845566749572754, 0.0444185733795166, 0.0521245002746582 
132, -0.6993308067321777, 0.09903645515441895, 0.04417300224304199, 0.05308198928833008 
133, -0.6950315237045288, 0.09907746315002441, 0.044533729553222656, 0.05278968811035156 
134, -0.6923065185546875, 0.09823894500732422, 0.04378676414489746, 0.05260658264160156 
135, -0.6874880790710449, 0.0987389087677002, 0.04407072067260742, 0.0523686408996582 
136, -0.6791837215423584, 0.09974908828735352, 0.04486227035522461, 0.05299544334411621 
137, -0.6757537126541138, 0.09873533248901367, 0.044470787048339844, 0.0523526668548584 
138, -0.6675313711166382, 0.0993189811706543, 0.04467010498046875, 0.052797794342041016 
139, -0.6630343198776245, 0.0998845100402832, 0.04488682746887207, 0.05318784713745117 
140, -0.6574318408966064, 0.09874510765075684, 0.044454336166381836, 0.05247235298156738 
141, -0.6524741649627686, 0.09863114356994629, 0.044200897216796875, 0.052558183670043945 
142, -0.6503069400787354, 0.0993201732635498, 0.04435920715332031, 0.05306529998779297 
143, -0.6410269737243652, 0.09777712821960449, 0.04384040832519531, 0.05210757255554199 
144, -0.6361813545227051, 0.09885692596435547, 0.044198036193847656, 0.05278635025024414 
145, -0.6296433210372925, 0.10035276412963867, 0.04510331153869629, 0.05340313911437988 
146, -0.6243035793304443, 0.09847164154052734, 0.044508934020996094, 0.052073001861572266 
147, -0.6129472255706787, 0.09925627708435059, 0.04471945762634277, 0.05263233184814453 
148, -0.6084616184234619, 0.09970974922180176, 0.044447898864746094, 0.053360700607299805 
149, -0.6013878583908081, 0.09861040115356445, 0.04462242126464844, 0.052175283432006836 
150, -0.595949649810791, 0.09882307052612305, 0.04450559616088867, 0.05244755744934082 
151, -0.5920050144195557, 0.10071897506713867, 0.04540133476257324, 0.05348920822143555 
152, -0.5862576961517334, 0.09886574745178223, 0.04470992088317871, 0.05235481262207031 
153, -0.5815321207046509, 0.09839558601379395, 0.04433774948120117, 0.052172183990478516 
154, -0.575745701789856, 0.09890294075012207, 0.04451942443847656, 0.05246877670288086 
155, -0.5703003406524658, 0.09879469871520996, 0.044606685638427734, 0.052369117736816406 
156, -0.5566757917404175, 0.09802126884460449, 0.04382967948913574, 0.052347660064697266 
157, -0.5525314807891846, 0.09889507293701172, 0.0447688102722168, 0.05228424072265625 
158, -0.5520337820053101, 0.0984950065612793, 0.04473686218261719, 0.05189847946166992 
159, -0.5459531545639038, 0.09883356094360352, 0.044638633728027344, 0.05234336853027344 
160, -0.539781928062439, 0.09952330589294434, 0.04508662223815918, 0.052602291107177734 
161, -0.532511830329895, 0.09802818298339844, 0.04478192329406738, 0.05143237113952637 
162, -0.5254784822463989, 0.09835267066955566, 0.04373574256896973, 0.05277299880981445 
163, -0.5253831148147583, 0.09897518157958984, 0.04474687576293945, 0.052355289459228516 
164, -0.5200531482696533, 0.09835195541381836, 0.044620513916015625, 0.051971435546875 
165, -0.5130122900009155, 0.09936666488647461, 0.04435396194458008, 0.053162574768066406 
166, -0.5088250637054443, 0.09898829460144043, 0.04441404342651367, 0.05272722244262695 
167, -0.4973576068878174, 0.09849214553833008, 0.04422593116760254, 0.05247187614440918 
168, -0.4974318742752075, 0.09800982475280762, 0.04368114471435547, 0.05260944366455078 
169, -0.4888267517089844, 0.09873104095458984, 0.04426264762878418, 0.052480220794677734 
170, -0.4858999252319336, 0.09912109375, 0.04466128349304199, 0.05265092849731445 
171, -0.4759107828140259, 0.09752678871154785, 0.04371380805969238, 0.051908016204833984 
172, -0.4751431941986084, 0.0982966423034668, 0.044432878494262695, 0.05206489562988281 
173, -0.4633289575576782, 0.09743571281433105, 0.04394054412841797, 0.05169510841369629 
174, -0.4617941379547119, 0.0978541374206543, 0.04425954818725586, 0.05177164077758789 
175, -0.45670270919799805, 0.09873509407043457, 0.044861793518066406, 0.05202674865722656 
176, -0.4490535259246826, 0.09817171096801758, 0.04449820518493652, 0.05178689956665039 
177, -0.4445377588272095, 0.09833455085754395, 0.04414105415344238, 0.05237531661987305 
178, -0.44168901443481445, 0.09891843795776367, 0.04437422752380371, 0.05264878273010254 
179, -0.43248307704925537, 0.09856104850769043, 0.04463458061218262, 0.05212855339050293 
180, -0.4320112466812134, 0.09867405891418457, 0.044437408447265625, 0.05237579345703125 
181, -0.42886221408843994, 0.09898209571838379, 0.044550180435180664, 0.0525670051574707 
182, -0.41857361793518066, 0.09878683090209961, 0.04457235336303711, 0.05239105224609375 
183, -0.417195200920105, 0.09864187240600586, 0.044411420822143555, 0.05240821838378906 
184, -0.4131206274032593, 0.09798622131347656, 0.04435873031616211, 0.05173826217651367 
185, -0.4063025712966919, 0.0977177619934082, 0.04414844512939453, 0.05176591873168945 
186, -0.4004678726196289, 0.09712624549865723, 0.04405355453491211, 0.05126810073852539 
187, -0.3946884870529175, 0.09792518615722656, 0.0443723201751709, 0.051760196685791016 
188, -0.3955814838409424, 0.09841728210449219, 0.04455208778381348, 0.052045583724975586 
189, -0.38964080810546875, 0.09805464744567871, 0.04430270195007324, 0.051932334899902344 
190, -0.38345277309417725, 0.0974578857421875, 0.04388165473937988, 0.05177640914916992 
191, -0.3829118013381958, 0.0978095531463623, 0.04428672790527344, 0.051758766174316406 
192, -0.3808490037918091, 0.09803390502929688, 0.04437446594238281, 0.051795244216918945 
193, -0.3750133514404297, 0.09812617301940918, 0.04456806182861328, 0.05171370506286621 
194, -0.3731954097747803, 0.09781408309936523, 0.04413104057312012, 0.05179572105407715 
195, -0.37181949615478516, 0.09892153739929199, 0.044469356536865234, 0.05251765251159668 
196, -0.3654603958129883, 0.09824395179748535, 0.04466891288757324, 0.051711320877075195 
197, -0.3659101724624634, 0.0976705551147461, 0.04413247108459473, 0.05170392990112305 
198, -0.361958384513855, 0.09763002395629883, 0.043921709060668945, 0.05184578895568848 
199, -0.35965943336486816, 0.09819722175598145, 0.04460716247558594, 0.05170798301696777 
200, -0.3566932678222656, 0.09758520126342773, 0.04434037208557129, 0.05140089988708496 
201, -0.354739785194397, 0.09893155097961426, 0.04476451873779297, 0.05225992202758789 
202, -0.3524641990661621, 0.09839940071105957, 0.044568777084350586, 0.05196189880371094 
203, -0.3518352508544922, 0.09812712669372559, 0.0447537899017334, 0.051670074462890625 
204, -0.35019421577453613, 0.09763240814208984, 0.04445815086364746, 0.051373958587646484 
205, -0.34743666648864746, 0.14087438583374023, 0.0442655086517334, 0.05159449577331543 
206, -0.3472433090209961, 0.09794211387634277, 0.04424309730529785, 0.05190134048461914 
207, -0.3474372625350952, 0.09830832481384277, 0.04424262046813965, 0.05245685577392578 
208, -0.3465993404388428, 0.09782099723815918, 0.04426431655883789, 0.05182242393493652 
209, -0.347348690032959, 0.09778451919555664, 0.04454779624938965, 0.051538705825805664 
210, -0.3473712205886841, 0.09816932678222656, 0.044240713119506836, 0.05210995674133301 
211, -0.34853339195251465, 0.09816861152648926, 0.044336795806884766, 0.05192708969116211 
212, -0.349789023399353, 0.09792423248291016, 0.044559478759765625, 0.05154871940612793 
213, -0.35141777992248535, 0.09708118438720703, 0.04419875144958496, 0.05109739303588867 
214, -0.353493332862854, 0.09697985649108887, 0.04372572898864746, 0.05143928527832031 
215, -0.35576796531677246, 0.09869837760925293, 0.044530630111694336, 0.052448272705078125 
216, -0.3569679260253906, 0.0979011058807373, 0.04425358772277832, 0.05194497108459473 
217, -0.3611353635787964, 0.09785676002502441, 0.044431209564208984, 0.051609039306640625 
218, -0.36321258544921875, 0.09852218627929688, 0.045027732849121094, 0.05174612998962402 
219, -0.3650442361831665, 0.09823989868164062, 0.04448747634887695, 0.05193805694580078 
220, -0.36692965030670166, 0.09843850135803223, 0.04440712928771973, 0.05217766761779785 
221, -0.3695107698440552, 0.09876203536987305, 0.044916391372680664, 0.05202078819274902 
222, -0.3728067874908447, 0.09798097610473633, 0.04432821273803711, 0.05180811882019043 
223, -0.37548649311065674, 0.09779524803161621, 0.04446983337402344, 0.051515817642211914 
224, -0.3784281015396118, 0.09827351570129395, 0.04454827308654785, 0.0519404411315918 
225, -0.37997543811798096, 0.097412109375, 0.04438161849975586, 0.0512394905090332 
226, -0.38235676288604736, 0.09761500358581543, 0.04426145553588867, 0.05161714553833008 
227, -0.3857431411743164, 0.09745454788208008, 0.04401659965515137, 0.051569461822509766 
228, -0.390234112739563, 0.09789371490478516, 0.04392552375793457, 0.05221271514892578 
229, -0.39226484298706055, 0.09804940223693848, 0.04421091079711914, 0.052103281021118164 
230, -0.3960270881652832, 0.09803080558776855, 0.04446101188659668, 0.0518183708190918 
231, -0.3979295492172241, 0.09884905815124512, 0.04506564140319824, 0.0520482063293457 
232, -0.3996129035949707, 0.09843683242797852, 0.04504108428955078, 0.05155491828918457 
233, -0.4019029140472412, 0.09825682640075684, 0.044689178466796875, 0.05178952217102051 
234, -0.404893159866333, 0.09816384315490723, 0.044435739517211914, 0.0520169734954834 
235, -0.4082794189453125, 0.09838461875915527, 0.04477667808532715, 0.05181598663330078 
236, -0.4112132787704468, 0.09757089614868164, 0.04414629936218262, 0.0517268180847168 
237, -0.41140639781951904, 0.09873366355895996, 0.04479503631591797, 0.052185773849487305 
238, -0.4144630432128906, 0.0992584228515625, 0.045197248458862305, 0.05232501029968262 
239, -0.41517627239227295, 0.0984199047088623, 0.04511857032775879, 0.051560401916503906 
240, -0.4175601005554199, 0.09801244735717773, 0.0442500114440918, 0.051947593688964844 
241, -0.41782259941101074, 0.09878945350646973, 0.04387545585632324, 0.053137779235839844 
242, -0.4184969663619995, 0.09894442558288574, 0.04421710968017578, 0.0529782772064209 
243, -0.4185723066329956, 0.09909844398498535, 0.04491591453552246, 0.05236172676086426 
244, -0.41873419284820557, 0.09889793395996094, 0.04483461380004883, 0.05227923393249512 
245, -0.41745615005493164, 0.09783291816711426, 0.04438138008117676, 0.05172109603881836 
246, -0.4176751375198364, 0.09862518310546875, 0.04410552978515625, 0.052657127380371094 
247, -0.41679489612579346, 0.09874463081359863, 0.04448580741882324, 0.05244946479797363 
248, -0.41566312313079834, 0.09733438491821289, 0.0439143180847168, 0.051672935485839844 
249, -0.4141671657562256, 0.09813833236694336, 0.04449820518493652, 0.051801443099975586 
250, -0.41263341903686523, 0.09751749038696289, 0.043931007385253906, 0.05183076858520508 
251, -0.4108583927154541, 0.09835004806518555, 0.04441332817077637, 0.05216026306152344 
252, -0.4086958169937134, 0.09845876693725586, 0.04424571990966797, 0.05245065689086914 
253, -0.40644776821136475, 0.09859895706176758, 0.044362783432006836, 0.05241799354553223 
254, -0.40352046489715576, 0.09790539741516113, 0.04374575614929199, 0.052278995513916016 
255, -0.40039002895355225, 0.09842133522033691, 0.044811248779296875, 0.05179190635681152 
256, -0.3967798948287964, 0.09847664833068848, 0.0444638729095459, 0.05216169357299805 
257, -0.3944035768508911, 0.09830832481384277, 0.04431271553039551, 0.05213451385498047 
258, -0.3900867700576782, 0.09752655029296875, 0.043759822845458984, 0.05197548866271973 
259, -0.38629913330078125, 0.09900712966918945, 0.04424858093261719, 0.05295419692993164 
260, -0.3812549114227295, 0.0985252857208252, 0.0443730354309082, 0.052342891693115234 
261, -0.37764906883239746, 0.09879040718078613, 0.04471945762634277, 0.05225777626037598 
262, -0.3724566698074341, 0.0986166000366211, 0.04450082778930664, 0.05235147476196289 
263, -0.36704695224761963, 0.09808802604675293, 0.04431962966918945, 0.05202651023864746 
264, -0.3613930940628052, 0.09816145896911621, 0.04432821273803711, 0.05199599266052246 
265, -0.3571348190307617, 0.0993504524230957, 0.044602394104003906, 0.05291128158569336 
266, -0.35095226764678955, 0.09965157508850098, 0.04454493522644043, 0.053304195404052734 
267, -0.3449704647064209, 0.09665799140930176, 0.04382801055908203, 0.051061153411865234 
268, -0.3391745090484619, 0.09829592704772949, 0.0447230339050293, 0.05178022384643555 
269, -0.33005738258361816, 0.09838509559631348, 0.0446317195892334, 0.0519719123840332 
270, -0.32457149028778076, 0.09787154197692871, 0.044277191162109375, 0.051757097244262695 
271, -0.3166884183883667, 0.09907913208007812, 0.04447126388549805, 0.05280780792236328 
272, -0.3091355562210083, 0.09796357154846191, 0.0441436767578125, 0.05208778381347656 
273, -0.30183637142181396, 0.0982511043548584, 0.04442477226257324, 0.05208730697631836 
274, -0.2951338291168213, 0.09809184074401855, 0.0444488525390625, 0.05188560485839844 
275, -0.2880544662475586, 0.09782719612121582, 0.04438352584838867, 0.051750898361206055 
276, -0.2805517911911011, 0.09839892387390137, 0.044263362884521484, 0.052300214767456055 
277, -0.2735027074813843, 0.09936738014221191, 0.0444035530090332, 0.053058624267578125 
278, -0.2668064832687378, 0.09880542755126953, 0.044507503509521484, 0.05249786376953125 
279, -0.26098310947418213, 0.0982675552368164, 0.044463396072387695, 0.0521550178527832 
280, -0.2563455104827881, 0.09903764724731445, 0.04482150077819824, 0.052481889724731445 
281, -0.25174224376678467, 0.09858202934265137, 0.04478764533996582, 0.05206942558288574 
282, -0.24991095066070557, 0.0972754955291748, 0.04392528533935547, 0.051610708236694336 
283, -0.2459859848022461, 0.09842634201049805, 0.043813467025756836, 0.052843570709228516 
284, -0.24003887176513672, 0.09819197654724121, 0.04426121711730957, 0.05218386650085449 
285, -0.23799824714660645, 0.09810662269592285, 0.04437661170959473, 0.05181550979614258 
286, -0.23796296119689941, 0.09882521629333496, 0.044249773025512695, 0.05278801918029785 
287, -0.2335585355758667, 0.09781360626220703, 0.04410433769226074, 0.051886796951293945 
288, -0.23303377628326416, 0.09749865531921387, 0.0440068244934082, 0.05173611640930176 
289, -0.22909963130950928, 0.0989522933959961, 0.04394078254699707, 0.05313563346862793 
290, -0.2254701852798462, 0.09829282760620117, 0.04417729377746582, 0.05234122276306152 
291, -0.22919690608978271, 0.09876728057861328, 0.04438304901123047, 0.05261421203613281 
292, -0.22376203536987305, 0.0992588996887207, 0.04462790489196777, 0.05280256271362305 
293, -0.22726881504058838, 0.09822249412536621, 0.04427456855773926, 0.05221986770629883 
294, -0.22665786743164062, 0.09822702407836914, 0.0442807674407959, 0.05212116241455078 
295, -0.23123109340667725, 0.09833216667175293, 0.04430890083312988, 0.05232882499694824 
296, -0.22806930541992188, 0.09850716590881348, 0.04479360580444336, 0.05201148986816406 
297, -0.2295764684677124, 0.09762048721313477, 0.04384636878967285, 0.05197572708129883 
298, -0.23113858699798584, 0.09859418869018555, 0.04495048522949219, 0.05192303657531738 
299, -0.23348093032836914, 0.09815239906311035, 0.04442000389099121, 0.05188107490539551 
300, -0.23289620876312256, 0.0972757339477539, 0.044318199157714844, 0.05113863945007324 
301, -0.2383420467376709, 0.09740853309631348, 0.04364299774169922, 0.05196070671081543 
302, -0.24109947681427002, 0.09841609001159668, 0.04504036903381348, 0.051618337631225586 
303, -0.23935961723327637, 0.10113811492919922, 0.04444122314453125, 0.05477261543273926 
304, -0.24007892608642578, 0.09794020652770996, 0.044342041015625, 0.05170083045959473 
305, -0.24598824977874756, 0.09893655776977539, 0.04494810104370117, 0.05211806297302246 
306, -0.24559557437896729, 0.09716248512268066, 0.044341325759887695, 0.05106306076049805 
307, -0.24253690242767334, 0.12718534469604492, 0.06349444389343262, 0.06168866157531738 
308, -0.2504357099533081, 0.09886527061462402, 0.04444313049316406, 0.052571773529052734 
309, -0.25138628482818604, 0.09751629829406738, 0.044054269790649414, 0.05150032043457031 
310, -0.24855303764343262, 0.09890532493591309, 0.043979644775390625, 0.052448272705078125 
311, -0.25154101848602295, 0.09878706932067871, 0.044712066650390625, 0.05207371711730957 
312, -0.2525770664215088, 0.09752464294433594, 0.044170379638671875, 0.05143594741821289 
313, -0.2491166591644287, 0.0983428955078125, 0.04430389404296875, 0.052091121673583984 
314, -0.24983000755310059, 0.09856271743774414, 0.04449033737182617, 0.05212140083312988 
315, -0.24968194961547852, 0.09783029556274414, 0.044233083724975586, 0.05164051055908203 
316, -0.24913787841796875, 0.09871912002563477, 0.04469752311706543, 0.05213761329650879 
317, -0.24826908111572266, 0.09931516647338867, 0.04503631591796875, 0.05224776268005371 
318, -0.24699389934539795, 0.09718084335327148, 0.04373884201049805, 0.051537275314331055 
319, -0.2451692819595337, 0.09860563278198242, 0.044629812240600586, 0.05194544792175293 
320, -0.24274122714996338, 0.09957528114318848, 0.04552412033081055, 0.0522160530090332 
321, -0.24152696132659912, 0.09780025482177734, 0.0442657470703125, 0.051639556884765625 
322, -0.2393418550491333, 0.0985872745513916, 0.04457402229309082, 0.05215001106262207 
323, -0.2368408441543579, 0.09901642799377441, 0.044782400131225586, 0.05225872993469238 
324, -0.234155535697937, 0.09733819961547852, 0.04427194595336914, 0.0513455867767334 
325, -0.23129785060882568, 0.09793829917907715, 0.044431447982788086, 0.05175352096557617 
326, -0.2281053066253662, 0.0985863208770752, 0.044637441635131836, 0.05214190483093262 
327, -0.2254171371459961, 0.09787487983703613, 0.04440450668334961, 0.05166220664978027 
328, -0.2225247621536255, 0.09916973114013672, 0.04473400115966797, 0.052405357360839844 
329, -0.21918392181396484, 0.09872007369995117, 0.044655799865722656, 0.05222606658935547 
330, -0.2162395715713501, 0.09790492057800293, 0.0441744327545166, 0.0518648624420166 
331, -0.2133427858352661, 0.09824109077453613, 0.04438328742980957, 0.05205869674682617 
332, -0.2099975347518921, 0.09860897064208984, 0.0449678897857666, 0.05185437202453613 
333, -0.20731878280639648, 0.09798121452331543, 0.0442347526550293, 0.0518646240234375 
334, -0.20476877689361572, 0.09887003898620605, 0.04473614692687988, 0.05225944519042969 
335, -0.2028564214706421, 0.0989990234375, 0.045049428939819336, 0.05220437049865723 
336, -0.1991497278213501, 0.09778642654418945, 0.0444488525390625, 0.05158376693725586 
337, -0.1990753412246704, 0.09779548645019531, 0.044469594955444336, 0.05152177810668945 
338, -0.1973421573638916, 0.09815502166748047, 0.04462909698486328, 0.05178570747375488 
339, -0.19566237926483154, 0.09773612022399902, 0.04445695877075195, 0.05138874053955078 
340, -0.19578754901885986, 0.09797215461730957, 0.0442805290222168, 0.05187106132507324 
341, -0.1948564052581787, 0.09767842292785645, 0.04431414604187012, 0.05151844024658203 
342, -0.19440948963165283, 0.09764218330383301, 0.044454097747802734, 0.051373958587646484 
343, -0.19298386573791504, 0.09731769561767578, 0.04413890838623047, 0.05133962631225586 
344, -0.19829905033111572, 0.09785652160644531, 0.04422903060913086, 0.05188775062561035 
345, -0.199143648147583, 0.0977320671081543, 0.04409480094909668, 0.051802635192871094 
346, -0.2025512456893921, 0.09824323654174805, 0.04453754425048828, 0.05190896987915039 
347, -0.20155704021453857, 0.09782195091247559, 0.044390201568603516, 0.05156683921813965 
348, -0.20813679695129395, 0.09789109230041504, 0.04470348358154297, 0.05135822296142578 
349, -0.20414209365844727, 0.09745955467224121, 0.044176340103149414, 0.05146050453186035 
350, -0.2108471393585205, 0.09837484359741211, 0.04459786415100098, 0.051888465881347656 
351, -0.2162081003189087, 0.09812641143798828, 0.0446934700012207, 0.05167269706726074 
352, -0.2221994400024414, 0.09712862968444824, 0.04406619071960449, 0.05128192901611328 
353, -0.23536038398742676, 0.09781718254089355, 0.04420208930969238, 0.05179190635681152 
354, -0.24208414554595947, 0.09778523445129395, 0.04469132423400879, 0.05127239227294922 
355, -0.24220693111419678, 0.09806275367736816, 0.04457354545593262, 0.05162644386291504 
356, -0.2556806802749634, 0.09813189506530762, 0.04447054862976074, 0.05176854133605957 
357, -0.25966477394104004, 0.0980672836303711, 0.044615745544433594, 0.051601409912109375 
358, -0.27003157138824463, 0.09789800643920898, 0.0444638729095459, 0.05163741111755371 
359, -0.2773505449295044, 0.0974586009979248, 0.04416775703430176, 0.05145144462585449 
360, -0.27754437923431396, 0.09820437431335449, 0.04458761215209961, 0.05179905891418457 
361, -0.2924739122390747, 0.09731674194335938, 0.044327735900878906, 0.05112791061401367 
362, -0.2986708879470825, 0.09801721572875977, 0.04418516159057617, 0.05194449424743652 
363, -0.2969604730606079, 0.09790325164794922, 0.044625282287597656, 0.051412343978881836 
364, -0.308451771736145, 0.09796929359436035, 0.04437875747680664, 0.0517728328704834 
365, -0.3212636709213257, 0.09862351417541504, 0.04471564292907715, 0.05204486846923828 
366, -0.33312976360321045, 0.0971689224243164, 0.04378342628479004, 0.051566362380981445 
367, -0.33269202709198, 0.09790849685668945, 0.04419112205505371, 0.05183863639831543 
368, -0.34918880462646484, 0.09735822677612305, 0.04432797431945801, 0.05127668380737305 
369, -0.35100114345550537, 0.09705185890197754, 0.043572425842285156, 0.05167746543884277 
370, -0.36409950256347656, 0.09804439544677734, 0.04400157928466797, 0.05221366882324219 
371, -0.37129831314086914, 0.09824037551879883, 0.04453921318054199, 0.05185389518737793 
372, -0.37608134746551514, 0.09691858291625977, 0.04387307167053223, 0.05127215385437012 
373, -0.3756685256958008, 0.09742331504821777, 0.044185638427734375, 0.05152297019958496 
374, -0.39001989364624023, 0.09796023368835449, 0.04445528984069824, 0.05176258087158203 
375, -0.386580228805542, 0.09763073921203613, 0.04412698745727539, 0.051726341247558594 
376, -0.3972724676132202, 0.09748411178588867, 0.044008493423461914, 0.05164217948913574 
377, -0.4034949541091919, 0.0975644588470459, 0.044629812240600586, 0.05111527442932129 
378, -0.39977025985717773, 0.0967705249786377, 0.04368734359741211, 0.051319122314453125 
379, -0.4060475826263428, 0.0978391170501709, 0.04467153549194336, 0.0513148307800293 
380, -0.40241003036499023, 0.09833240509033203, 0.04449772834777832, 0.052015066146850586 
381, -0.4044681787490845, 0.09762334823608398, 0.0444645881652832, 0.05134439468383789 
382, -0.40591394901275635, 0.0967247486114502, 0.04379701614379883, 0.05103611946105957 
383, -0.4050976037979126, 0.09861087799072266, 0.045072078704833984, 0.051737070083618164 
384, -0.40381574630737305, 0.09757781028747559, 0.04406547546386719, 0.05163383483886719 
385, -0.4035179615020752, 0.09811782836914062, 0.044586896896362305, 0.05162453651428223 
386, -0.3988685607910156, 0.09939098358154297, 0.0457613468170166, 0.05180621147155762 
387, -0.39476442337036133, 0.09820151329040527, 0.04482746124267578, 0.0515594482421875 
388, -0.3879516124725342, 0.09804821014404297, 0.04427599906921387, 0.05196070671081543 
389, -0.38475096225738525, 0.09882974624633789, 0.044909000396728516, 0.05208325386047363 
390, -0.37673068046569824, 0.09812188148498535, 0.04437851905822754, 0.0519716739654541 
391, -0.3718223571777344, 0.09795141220092773, 0.04439568519592285, 0.05175328254699707 
392, -0.362127423286438, 0.09894371032714844, 0.04535055160522461, 0.05174732208251953 
393, -0.3550691604614258, 0.09826970100402832, 0.04465842247009277, 0.05176854133605957 
394, -0.34190917015075684, 0.09816122055053711, 0.04490470886230469, 0.0514066219329834 
395, -0.3288193941116333, 0.09764480590820312, 0.04433083534240723, 0.05151820182800293 
396, -0.3223916292190552, 0.09773540496826172, 0.04440021514892578, 0.05151629447937012 
397, -0.3090553283691406, 0.09779763221740723, 0.044387102127075195, 0.05154085159301758 
398, -0.3025188446044922, 0.09781718254089355, 0.044669151306152344, 0.05135989189147949 
399, -0.29429566860198975, 0.0981597900390625, 0.04466700553894043, 0.05153918266296387 
400, -0.27846431732177734, 0.09881377220153809, 0.04499244689941406, 0.05199575424194336 
401, -0.26350319385528564, 0.0985269546508789, 0.04464125633239746, 0.052097320556640625 
402, -0.257320761680603, 0.0982968807220459, 0.04444098472595215, 0.05203723907470703 
403, -0.23643267154693604, 0.09860396385192871, 0.044434309005737305, 0.051969051361083984 
404, -0.2283841371536255, 0.09819865226745605, 0.04462409019470215, 0.05182623863220215 
405, -0.21135950088500977, 0.0978856086730957, 0.043938398361206055, 0.05211043357849121 
406, -0.1931232213973999, 0.0986783504486084, 0.04484748840332031, 0.052031755447387695 
407, -0.1809154748916626, 0.09838032722473145, 0.04402756690979004, 0.05258345603942871 
408, -0.168829083442688, 0.09792613983154297, 0.04423046112060547, 0.05173897743225098 
409, -0.15522444248199463, 0.12357544898986816, 0.06506609916687012, 0.05625200271606445 
410, -0.14436936378479004, 0.1053006649017334, 0.04806327819824219, 0.05523848533630371 
411, -0.1311509609222412, 0.09857439994812012, 0.04427957534790039, 0.05236387252807617 
412, -0.11342346668243408, 0.0991370677947998, 0.04467153549194336, 0.052652835845947266 
413, -0.10154759883880615, 0.09925460815429688, 0.044632673263549805, 0.052757978439331055 
414, -0.0857093334197998, 0.09912824630737305, 0.04467153549194336, 0.05261731147766113 
415, -0.0731130838394165, 0.09890627861022949, 0.04486870765686035, 0.05211949348449707 
416, -0.0694892406463623, 0.09937405586242676, 0.04494738578796387, 0.05251026153564453 
417, -0.05577969551086426, 0.09882140159606934, 0.044504404067993164, 0.05242514610290527 
418, -0.04278600215911865, 0.09893226623535156, 0.04421567916870117, 0.05285215377807617 
419, -0.03379487991333008, 0.09916377067565918, 0.04459714889526367, 0.05274796485900879 
420, -0.010586857795715332, 0.09812092781066895, 0.044162750244140625, 0.052210330963134766 
421, -0.003454446792602539, 0.0988163948059082, 0.04437732696533203, 0.052557945251464844 
422, 0.006978154182434082, 0.10014176368713379, 0.04522275924682617, 0.053003787994384766 
423, 0.025054216384887695, 0.09804797172546387, 0.04441714286804199, 0.05167102813720703 
424, 0.03472137451171875, 0.09898591041564941, 0.04450345039367676, 0.052552223205566406 
425, 0.04188871383666992, 0.09978008270263672, 0.045041561126708984, 0.05287790298461914 
426, 0.05337941646575928, 0.09897065162658691, 0.04464912414550781, 0.052480459213256836 
427, 0.06061434745788574, 0.0986478328704834, 0.044553518295288086, 0.052249908447265625 
428, 0.06986880302429199, 0.09968400001525879, 0.044678688049316406, 0.053177595138549805 
429, 0.08082890510559082, 0.09875130653381348, 0.04462099075317383, 0.05229306221008301 
430, 0.09011375904083252, 0.09908914566040039, 0.04497575759887695, 0.05220150947570801 
431, 0.1005547046661377, 0.09897375106811523, 0.04466724395751953, 0.05249762535095215 
432, 0.107513427734375, 0.09801173210144043, 0.044233083724975586, 0.051926612854003906 
433, 0.11488211154937744, 0.09876871109008789, 0.04448556900024414, 0.05245852470397949 
434, 0.12101304531097412, 0.09920334815979004, 0.0447688102722168, 0.05277562141418457 
435, 0.12728679180145264, 0.09831047058105469, 0.04410076141357422, 0.052332162857055664 
436, 0.13562774658203125, 0.09931612014770508, 0.04480886459350586, 0.05267143249511719 
437, 0.1392146348953247, 0.09959149360656738, 0.04500913619995117, 0.05271339416503906 
438, 0.1455610990524292, 0.09878253936767578, 0.04435610771179199, 0.05257868766784668 
439, 0.15033626556396484, 0.09894871711730957, 0.04452085494995117, 0.052620887756347656 
440, 0.15493881702423096, 0.0994417667388916, 0.044539451599121094, 0.0530393123626709 
441, 0.15925097465515137, 0.0988776683807373, 0.04472970962524414, 0.05229783058166504 
442, 0.16275572776794434, 0.0988469123840332, 0.0445103645324707, 0.05252265930175781 
443, 0.16340982913970947, 0.09900403022766113, 0.04461216926574707, 0.052529335021972656 
444, 0.16587364673614502, 0.0993340015411377, 0.044751882553100586, 0.05234813690185547 
445, 0.1689678430557251, 0.09840178489685059, 0.044473886489868164, 0.052086830139160156 
446, 0.16526007652282715, 0.09830117225646973, 0.044332265853881836, 0.0521395206451416 
447, 0.16986370086669922, 0.0986475944519043, 0.04439997673034668, 0.05237865447998047 
448, 0.1680666208267212, 0.0986783504486084, 0.04492759704589844, 0.05183529853820801 
449, 0.16413581371307373, 0.09837937355041504, 0.04447484016418457, 0.052045583724975586 
450, 0.16792619228363037, 0.09826922416687012, 0.04456067085266113, 0.05183696746826172 
451, 0.1639542579650879, 0.09869790077209473, 0.04508781433105469, 0.051740407943725586 
452, 0.16072356700897217, 0.09804272651672363, 0.04427742958068848, 0.05197310447692871 
453, 0.15990078449249268, 0.09889864921569824, 0.044835805892944336, 0.05219697952270508 
454, 0.15960288047790527, 0.09963440895080566, 0.04519844055175781, 0.052541255950927734 
455, 0.1622610092163086, 0.09922647476196289, 0.04512596130371094, 0.052121877670288086 
456, 0.15836071968078613, 0.09853124618530273, 0.04430270195007324, 0.05234718322753906 
457, 0.15181589126586914, 0.09901666641235352, 0.04497170448303223, 0.052304744720458984 
458, 0.1461794376373291, 0.09847164154052734, 0.04451465606689453, 0.05218815803527832 
459, 0.14993882179260254, 0.09842491149902344, 0.044423818588256836, 0.052211761474609375 
460, 0.13882029056549072, 0.09908056259155273, 0.0449521541595459, 0.05235791206359863 
461, 0.14494049549102783, 0.09836935997009277, 0.044335126876831055, 0.05224180221557617 
462, 0.14066100120544434, 0.09908652305603027, 0.044651031494140625, 0.052613019943237305 
463, 0.13625437021255493, 0.09850883483886719, 0.04501485824584961, 0.0517125129699707 
464, 0.13615822792053223, 0.09855365753173828, 0.04449892044067383, 0.05225419998168945 
465, 0.1275920271873474, 0.09850645065307617, 0.04480409622192383, 0.051854610443115234 
466, 0.12654650211334229, 0.09877920150756836, 0.045030832290649414, 0.051930904388427734 
467, 0.11966168880462646, 0.09811663627624512, 0.04458045959472656, 0.05174875259399414 
468, 0.12499856948852539, 0.09813165664672852, 0.04457712173461914, 0.0516963005065918 
469, 0.11640286445617676, 0.09905385971069336, 0.044893741607666016, 0.052339792251586914 
470, 0.12122339010238647, 0.09851789474487305, 0.04454541206359863, 0.05218911170959473 
471, 0.11345112323760986, 0.0982506275177002, 0.04439353942871094, 0.05199027061462402 
472, 0.11480247974395752, 0.09905242919921875, 0.04446744918823242, 0.052713871002197266 
473, 0.11243653297424316, 0.09877753257751465, 0.04463768005371094, 0.05226850509643555 
474, 0.10094386339187622, 0.09867262840270996, 0.04478931427001953, 0.05204296112060547 
475, 0.10235941410064697, 0.09859633445739746, 0.04451799392700195, 0.052260637283325195 
476, 0.10235941410064697, 0.0981147289276123, 0.0441584587097168, 0.05203366279602051 
477, 0.10209482908248901, 0.09871292114257812, 0.044382333755493164, 0.052439212799072266 
478, 0.09858381748199463, 0.09858465194702148, 0.04461073875427246, 0.052094459533691406 
479, 0.0943555235862732, 0.09858942031860352, 0.04445838928222656, 0.05245709419250488 
480, 0.09473675489425659, 0.09885430335998535, 0.04462432861328125, 0.052451372146606445 
481, 0.0966293215751648, 0.09905362129211426, 0.04463529586791992, 0.052611351013183594 
482, 0.09932601451873779, 0.0981442928314209, 0.04419708251953125, 0.05204319953918457 
483, 0.10049092769622803, 0.09859609603881836, 0.044487953186035156, 0.05225729942321777 
484, 0.10187029838562012, 0.0993645191192627, 0.045037269592285156, 0.05248665809631348 
485, 0.1026046872138977, 0.09880447387695312, 0.04481935501098633, 0.0523228645324707 
486, 0.10735714435577393, 0.09842419624328613, 0.0446624755859375, 0.05191159248352051 
487, 0.11081111431121826, 0.09881877899169922, 0.044774532318115234, 0.05228543281555176 
488, 0.1135944128036499, 0.09799885749816895, 0.04426431655883789, 0.051847219467163086 
489, 0.11869198083877563, 0.09806227684020996, 0.0441286563873291, 0.05206894874572754 
490, 0.12383484840393066, 0.09959697723388672, 0.044719696044921875, 0.052969932556152344 
491, 0.12843841314315796, 0.09852361679077148, 0.044489145278930664, 0.052190542221069336 
492, 0.1345045566558838, 0.09841299057006836, 0.04452157020568848, 0.05198788642883301 
493, 0.14006882905960083, 0.09940695762634277, 0.0447993278503418, 0.052791595458984375 
494, 0.14733874797821045, 0.09872698783874512, 0.04456925392150879, 0.05220794677734375 
495, 0.1529165506362915, 0.09852790832519531, 0.044281959533691406, 0.052367448806762695 
496, 0.15972232818603516, 0.09902000427246094, 0.044779300689697266, 0.05236053466796875 
497, 0.1664155125617981, 0.09934329986572266, 0.04479503631591797, 0.05261945724487305 
498, 0.17324048280715942, 0.09885454177856445, 0.044402122497558594, 0.05251765251159668 
499, 0.18017899990081787, 0.10085058212280273, 0.04522705078125, 0.05371809005737305 
500, 0.187849760055542, 0.09936285018920898, 0.04428982734680176, 0.053142547607421875 
501, 0.19453537464141846, 0.09897804260253906, 0.04442453384399414, 0.05267953872680664 
502, 0.20047438144683838, 0.09974431991577148, 0.04468870162963867, 0.0531768798828125 
503, 0.20666468143463135, 0.0991969108581543, 0.044794559478759766, 0.05250287055969238 
504, 0.21283507347106934, 0.09950971603393555, 0.0443730354309082, 0.0531773567199707 
505, 0.21912729740142822, 0.09970521926879883, 0.044661760330200195, 0.053194522857666016 
506, 0.22330152988433838, 0.09935164451599121, 0.044541358947753906, 0.05297064781188965 
507, 0.22865915298461914, 0.09893369674682617, 0.04453420639038086, 0.05251336097717285 
508, 0.23400390148162842, 0.09904670715332031, 0.04443931579589844, 0.052648067474365234 
509, 0.23726224899291992, 0.0989985466003418, 0.0445408821105957, 0.05255484580993652 
510, 0.23864305019378662, 0.09899091720581055, 0.04479551315307617, 0.05231142044067383 
511, 0.24256324768066406, 0.09946775436401367, 0.04448699951171875, 0.053202152252197266 
512, 0.24929940700531006, 0.09925413131713867, 0.04499459266662598, 0.05241274833679199 
513, 0.2436072826385498, 0.09909176826477051, 0.04436182975769043, 0.05288529396057129 
514, 0.2546452283859253, 0.0990896224975586, 0.04464554786682129, 0.05268740653991699 
515, 0.24406611919403076, 0.09926223754882812, 0.04445457458496094, 0.052901506423950195 
516, 0.24360227584838867, 0.10013270378112793, 0.04516458511352539, 0.05306434631347656 
517, 0.24270260334014893, 0.0994417667388916, 0.04470467567443848, 0.05295109748840332 
518, 0.24395132064819336, 0.09919023513793945, 0.04443860054016113, 0.05289649963378906 
519, 0.2411508560180664, 0.09916949272155762, 0.04450869560241699, 0.05283498764038086 
520, 0.24781060218811035, 0.09901738166809082, 0.04444169998168945, 0.052701711654663086 
521, 0.23620426654815674, 0.09852099418640137, 0.04438900947570801, 0.05234026908874512 
522, 0.22465217113494873, 0.09912252426147461, 0.04482388496398926, 0.052416324615478516 
523, 0.22882366180419922, 0.0990304946899414, 0.04461359977722168, 0.05243706703186035 
524, 0.2292935848236084, 0.09896636009216309, 0.04442715644836426, 0.052619218826293945 
525, 0.21417391300201416, 0.09966063499450684, 0.044855594635009766, 0.05291748046875 
526, 0.20689725875854492, 0.0987088680267334, 0.04442000389099121, 0.05231451988220215 
527, 0.20494019985198975, 0.0996100902557373, 0.04496002197265625, 0.05269956588745117 
528, 0.18301916122436523, 0.09942483901977539, 0.04491162300109863, 0.05264687538146973 
529, 0.17450284957885742, 0.09940004348754883, 0.04500174522399902, 0.05260419845581055 
530, 0.18498146533966064, 0.09987926483154297, 0.04486417770385742, 0.05316591262817383 
531, 0.17301297187805176, 0.10028648376464844, 0.045203447341918945, 0.05325174331665039 
532, 0.1525963544845581, 0.09920787811279297, 0.04459881782531738, 0.05278658866882324 
533, 0.13186430931091309, 0.09934329986572266, 0.04459738731384277, 0.05290389060974121 
534, 0.13970255851745605, 0.09978365898132324, 0.0447695255279541, 0.053198814392089844 
535, 0.11223447322845459, 0.0996558666229248, 0.04459095001220703, 0.05326390266418457 
536, 0.10500097274780273, 0.10042262077331543, 0.04442429542541504, 0.0541994571685791 
537, 0.08727467060089111, 0.1004178524017334, 0.04446887969970703, 0.054041147232055664 
538, 0.08935260772705078, 0.10019636154174805, 0.044638872146606445, 0.05371904373168945 
539, 0.057917118072509766, 0.10013103485107422, 0.04426312446594238, 0.05400705337524414 
540, 0.06763124465942383, 0.10098624229431152, 0.04494452476501465, 0.054166555404663086 
541, 0.046434879302978516, 0.10077309608459473, 0.04474902153015137, 0.054164886474609375 
542, 0.03213202953338623, 0.10109758377075195, 0.04461932182312012, 0.054648637771606445 
543, 0.01116025447845459, 0.09973502159118652, 0.04472184181213379, 0.0530848503112793 
544, 0.024328231811523438, 0.10009217262268066, 0.0445406436920166, 0.05366969108581543 
545, 0.006554365158081055, 0.09961104393005371, 0.04472613334655762, 0.05297112464904785 
546, -0.009563803672790527, 0.09958076477050781, 0.04457664489746094, 0.05309605598449707 
547, -0.02326953411102295, 0.09982132911682129, 0.04525613784790039, 0.052730560302734375 
548, -0.028943777084350586, 0.10027384757995605, 0.04490971565246582, 0.05345749855041504 
549, -0.05719482898712158, 0.09930086135864258, 0.04472184181213379, 0.052670955657958984 
550, -0.045816779136657715, 0.09883618354797363, 0.043897151947021484, 0.0530703067779541 
551, -0.06886959075927734, 0.09981989860534668, 0.044733285903930664, 0.05314946174621582 
552, -0.07905900478363037, 0.09940052032470703, 0.044667959213256836, 0.05285358428955078 
553, -0.07382559776306152, 0.1002800464630127, 0.04491472244262695, 0.0535733699798584 
554, -0.09276628494262695, 0.09920144081115723, 0.04474139213562012, 0.05254817008972168 
555, -0.09004056453704834, 0.09906816482543945, 0.044653892517089844, 0.05251049995422363 
556, -0.09170567989349365, 0.09890341758728027, 0.04446601867675781, 0.052573442459106445 
557, -0.10181319713592529, 0.09919261932373047, 0.04481077194213867, 0.05249738693237305 
558, -0.09623050689697266, 0.0991220474243164, 0.04465627670288086, 0.0526275634765625 
559, -0.100982666015625, 0.09954023361206055, 0.04492473602294922, 0.0527501106262207 
560, -0.1031796932220459, 0.09887504577636719, 0.04397416114807129, 0.05302238464355469 
561, -0.09457802772521973, 0.09902262687683105, 0.044614553451538086, 0.05253028869628906 
562, -0.09788942337036133, 0.09869503974914551, 0.04433488845825195, 0.05247831344604492 
563, -0.09277355670928955, 0.09819746017456055, 0.044115304946899414, 0.05229759216308594 
564, -0.08781707286834717, 0.09922456741333008, 0.04442763328552246, 0.05292344093322754 
565, -0.08264493942260742, 0.09923553466796875, 0.04436755180358887, 0.05302882194519043 
566, -0.07525300979614258, 0.09877872467041016, 0.04409909248352051, 0.05283403396606445 
567, -0.06665706634521484, 0.09908270835876465, 0.04432106018066406, 0.05291271209716797 
568, -0.05267345905303955, 0.09933924674987793, 0.04454851150512695, 0.05295228958129883 
569, -0.04605567455291748, 0.09923815727233887, 0.04450678825378418, 0.052878379821777344 
570, -0.03405773639678955, 0.09843897819519043, 0.04368782043457031, 0.05304384231567383 
571, -0.025776982307434082, 0.09981107711791992, 0.04468226432800293, 0.05323672294616699 
572, -0.009180068969726562, 0.09914565086364746, 0.04472231864929199, 0.05256366729736328 
573, 0.009577751159667969, 0.09890294075012207, 0.04430842399597168, 0.052710533142089844 
574, 0.04159677028656006, 0.09864187240600586, 0.04439234733581543, 0.05238485336303711 
575, 0.045738935470581055, 0.09937572479248047, 0.04459357261657715, 0.05286383628845215 
576, 0.08363890647888184, 0.09925127029418945, 0.04492020606994629, 0.05250120162963867 
577, 0.10425102710723877, 0.09883284568786621, 0.044379234313964844, 0.0526123046875 
578, 0.11611294746398926, 0.09925436973571777, 0.044536590576171875, 0.0528874397277832 
579, 0.1446058750152588, 0.09862256050109863, 0.04408526420593262, 0.05263257026672363 
580, 0.15836799144744873, 0.09896492958068848, 0.044660329818725586, 0.05252337455749512 
581, 0.17878103256225586, 0.09930038452148438, 0.04482436180114746, 0.0526118278503418 
582, 0.19578802585601807, 0.09922409057617188, 0.04485440254211426, 0.05246615409851074 
583, 0.22709333896636963, 0.09907817840576172, 0.04412126541137695, 0.05305027961730957 
584, 0.2303009033203125, 0.09980225563049316, 0.04530024528503418, 0.05267214775085449 
585, 0.2708491086959839, 0.09911155700683594, 0.045018672943115234, 0.0522000789642334 
586, 0.2851520776748657, 0.09872078895568848, 0.04481816291809082, 0.05199742317199707 
587, 0.296331524848938, 0.09937143325805664, 0.0449671745300293, 0.05248236656188965 
588, 0.31800997257232666, 0.09912824630737305, 0.04518461227416992, 0.05208230018615723 
589, 0.34060895442962646, 0.09931349754333496, 0.044824838638305664, 0.052568674087524414 
590, 0.3710470199584961, 0.09968852996826172, 0.044765472412109375, 0.05307173728942871 
591, 0.3819996118545532, 0.09883427619934082, 0.04455900192260742, 0.052399396896362305 
592, 0.40337073802948, 0.09900259971618652, 0.044542551040649414, 0.05257081985473633 
593, 0.42132675647735596, 0.0999746322631836, 0.04500126838684082, 0.05315566062927246 
594, 0.44414985179901123, 0.09942960739135742, 0.044780731201171875, 0.05283689498901367 
595, 0.46151483058929443, 0.09929084777832031, 0.04441094398498535, 0.053032875061035156 
596, 0.4782090187072754, 0.0997624397277832, 0.044968605041503906, 0.0527951717376709 
597, 0.4838458299636841, 0.09943556785583496, 0.04472804069519043, 0.05289959907531738 
598, 0.49969732761383057, 0.09895586967468262, 0.04440617561340332, 0.05270528793334961 
599, 0.5148277282714844, 0.09993219375610352, 0.044860124588012695, 0.053206682205200195 
600, 0.5335363149642944, 0.09969592094421387, 0.04472064971923828, 0.05311751365661621 
601, 0.5436935424804688, 0.09928560256958008, 0.04457688331604004, 0.0527646541595459 
602, 0.5529351234436035, 0.09940910339355469, 0.04510688781738281, 0.05243372917175293 
603, 0.564530611038208, 0.09902119636535645, 0.04494786262512207, 0.052206993103027344 
604, 0.5726301670074463, 0.09873151779174805, 0.04484820365905762, 0.05210256576538086 
605, 0.5807031393051147, 0.09911751747131348, 0.044741153717041016, 0.05245828628540039 
606, 0.5887489318847656, 0.09925174713134766, 0.0446925163269043, 0.052718162536621094 
607, 0.5946575403213501, 0.09901785850524902, 0.04479265213012695, 0.05238795280456543 
608, 0.599699854850769, 0.09919333457946777, 0.04446768760681152, 0.05287528038024902 
609, 0.5979827642440796, 0.09955167770385742, 0.04499650001525879, 0.05272102355957031 
610, 0.606745719909668, 0.09931135177612305, 0.0443117618560791, 0.05315685272216797 
611, 0.6011170148849487, 0.09909629821777344, 0.044724464416503906, 0.05251049995422363 
612, 0.6120749711990356, 0.09903979301452637, 0.0444183349609375, 0.05279397964477539 
613, 0.6062736511230469, 0.09929490089416504, 0.04484415054321289, 0.052625179290771484 
614, 0.6126002073287964, 0.09909987449645996, 0.044522762298583984, 0.052755117416381836 
615, 0.6052643060684204, 0.0991668701171875, 0.04467940330505371, 0.052631378173828125 
616, 0.6052649021148682, 0.09871959686279297, 0.04432821273803711, 0.05254673957824707 
617, 0.5915260314941406, 0.09876894950866699, 0.04452109336853027, 0.05244946479797363 
618, 0.6022787094116211, 0.09829545021057129, 0.04446601867675781, 0.05197000503540039 
619, 0.5784436464309692, 0.09827637672424316, 0.04424643516540527, 0.05218505859375 
620, 0.5900057554244995, 0.09850335121154785, 0.04478311538696289, 0.05186963081359863 
621, 0.575252890586853, 0.09874773025512695, 0.04489850997924805, 0.05199146270751953 
622, 0.5574262142181396, 0.09823441505432129, 0.04398512840270996, 0.05239701271057129 
623, 0.5688173770904541, 0.09962105751037598, 0.04491424560546875, 0.052934885025024414 
624, 0.5600440502166748, 0.09841537475585938, 0.04454803466796875, 0.052018165588378906 
625, 0.5532454252243042, 0.09880828857421875, 0.044284820556640625, 0.05266833305358887 
626, 0.5300565958023071, 0.09949755668640137, 0.04536271095275879, 0.052262306213378906 
627, 0.5449099540710449, 0.09774398803710938, 0.04396533966064453, 0.05194568634033203 
628, 0.5180209875106812, 0.0990762710571289, 0.04463553428649902, 0.05259370803833008 
629, 0.5195157527923584, 0.09901309013366699, 0.0447077751159668, 0.052434444427490234 
630, 0.5158483982086182, 0.09901285171508789, 0.04450559616088867, 0.052195072174072266 
631, 0.5236529111862183, 0.09925389289855957, 0.0444941520690918, 0.052925825119018555 
632, 0.5021288394927979, 0.09940075874328613, 0.04513406753540039, 0.05243253707885742 
633, 0.5079439878463745, 0.09795117378234863, 0.044385671615600586, 0.05171632766723633 
634, 0.5085241794586182, 0.09888887405395508, 0.044248342514038086, 0.05265378952026367 
635, 0.5079067945480347, 0.09941792488098145, 0.0446319580078125, 0.05289649963378906 
636, 0.4930928945541382, 0.09791350364685059, 0.04416298866271973, 0.05187392234802246 
637, 0.48926806449890137, 0.09861874580383301, 0.04442858695983887, 0.052333831787109375 
638, 0.5003218650817871, 0.0996561050415039, 0.04484963417053223, 0.0529942512512207 
639, 0.489115834236145, 0.09812593460083008, 0.044237613677978516, 0.0520634651184082 
640, 0.4886361360549927, 0.09903764724731445, 0.04446864128112793, 0.052698612213134766 
641, 0.49472880363464355, 0.09943652153015137, 0.04464435577392578, 0.05292177200317383 
642, 0.49169790744781494, 0.09861636161804199, 0.04465317726135254, 0.05216169357299805 
643, 0.4940379858016968, 0.0984346866607666, 0.04407024383544922, 0.052465200424194336 
644, 0.4970930814743042, 0.09950065612792969, 0.04484224319458008, 0.05278277397155762 
645, 0.4982825517654419, 0.09902787208557129, 0.045041561126708984, 0.05215024948120117 
646, 0.4991600513458252, 0.09857702255249023, 0.04448413848876953, 0.05222368240356445 
647, 0.5022344589233398, 0.09935641288757324, 0.04488849639892578, 0.05260586738586426 
648, 0.5084426403045654, 0.09848856925964355, 0.04496455192565918, 0.05170845985412598 
649, 0.5158758163452148, 0.09803271293640137, 0.04429817199707031, 0.051860809326171875 
650, 0.5223383903503418, 0.09869194030761719, 0.04466605186462402, 0.05218029022216797 
651, 0.5297609567642212, 0.09960031509399414, 0.045793771743774414, 0.05151653289794922 
652, 0.5374612808227539, 0.09838485717773438, 0.04436779022216797, 0.052165985107421875 
653, 0.5460463762283325, 0.09860420227050781, 0.044347524642944336, 0.05243563652038574 
654, 0.5545446872711182, 0.09921431541442871, 0.044970035552978516, 0.05231666564941406 
655, 0.5653567314147949, 0.09872984886169434, 0.044655799865722656, 0.0523219108581543 
656, 0.571792483329773, 0.09846782684326172, 0.04441213607788086, 0.05223822593688965 
657, 0.5812872648239136, 0.09950637817382812, 0.045361995697021484, 0.052443742752075195 
658, 0.5909724235534668, 0.09798717498779297, 0.04396653175354004, 0.05211043357849121 
659, 0.6038824319839478, 0.09945893287658691, 0.044313907623291016, 0.05334925651550293 
660, 0.6109507083892822, 0.09940600395202637, 0.04493212699890137, 0.05273699760437012 
661, 0.6247823238372803, 0.09808135032653809, 0.04405784606933594, 0.05221748352050781 
662, 0.6346437931060791, 0.09927678108215332, 0.04449868202209473, 0.052945613861083984 
663, 0.6440061330795288, 0.0994405746459961, 0.04551291465759277, 0.05212116241455078 
664, 0.6525903940200806, 0.09837579727172852, 0.04433298110961914, 0.052173614501953125 
665, 0.6635071039199829, 0.09866070747375488, 0.04445695877075195, 0.0523533821105957 
666, 0.670759916305542, 0.09888482093811035, 0.04481983184814453, 0.05223822593688965 
667, 0.6788253784179688, 0.09795260429382324, 0.04427385330200195, 0.05189871788024902 
668, 0.6865822076797485, 0.09967041015625, 0.04487442970275879, 0.05295062065124512 
669, 0.6929336786270142, 0.09861493110656738, 0.045014381408691406, 0.05176877975463867 
670, 0.7009650468826294, 0.09728431701660156, 0.043853759765625, 0.05153226852416992 
671, 0.7031816244125366, 0.09888052940368652, 0.044658660888671875, 0.05236506462097168 
672, 0.7088961601257324, 0.09864974021911621, 0.04513406753540039, 0.0516815185546875 
673, 0.7190433740615845, 0.09783172607421875, 0.04463958740234375, 0.05132150650024414 
674, 0.7190639972686768, 0.09824228286743164, 0.04454183578491211, 0.05190730094909668 
675, 0.7290446758270264, 0.09909343719482422, 0.045408010482788086, 0.051848649978637695 
676, 0.7321596145629883, 0.09741473197937012, 0.0441744327545166, 0.051331520080566406 
677, 0.7372027635574341, 0.09833550453186035, 0.04469656944274902, 0.05178236961364746 
678, 0.7371134757995605, 0.09866642951965332, 0.04474759101867676, 0.05208706855773926 
679, 0.7438516616821289, 0.09718799591064453, 0.04444718360900879, 0.05092024803161621 
680, 0.7468433380126953, 0.09850311279296875, 0.044193267822265625, 0.05247092247009277 
681, 0.7484340667724609, 0.09905123710632324, 0.044869184494018555, 0.05232429504394531 
682, 0.7510664463043213, 0.09827065467834473, 0.04504227638244629, 0.051323652267456055 
683, 0.7567991018295288, 0.09805440902709961, 0.04458355903625488, 0.051564931869506836 
684, 0.7449322938919067, 0.09915781021118164, 0.04503607749938965, 0.052282094955444336 
685, 0.757886528968811, 0.09778785705566406, 0.04444599151611328, 0.051462411880493164 
686, 0.752327561378479, 0.0978388786315918, 0.04432106018066406, 0.051709890365600586 
687, 0.7399346828460693, 0.09828591346740723, 0.04439187049865723, 0.05202507972717285 
688, 0.7502936124801636, 0.09814786911010742, 0.04429054260253906, 0.052022695541381836 
689, 0.7549617290496826, 0.09827804565429688, 0.04482555389404297, 0.05162954330444336 
690, 0.7345274686813354, 0.09869909286499023, 0.0450286865234375, 0.0517725944519043 
691, 0.7341740131378174, 0.0982060432434082, 0.04473757743835449, 0.0516200065612793 
692, 0.7396700382232666, 0.09903669357299805, 0.04514312744140625, 0.05201077461242676 
693, 0.7331174612045288, 0.09851932525634766, 0.0449519157409668, 0.05165529251098633 
694, 0.7042009830474854, 0.09782004356384277, 0.0443882942199707, 0.05158567428588867 
695, 0.6979175806045532, 0.09820842742919922, 0.044838905334472656, 0.05153369903564453 
696, 0.7161483764648438, 0.09931206703186035, 0.04513740539550781, 0.05229616165161133 
697, 0.7055153846740723, 0.09818649291992188, 0.04457831382751465, 0.05176520347595215 
698, 0.6975579261779785, 0.09789252281188965, 0.0445556640625, 0.05138683319091797 
699, 0.6821078062057495, 0.09828615188598633, 0.04474663734436035, 0.05165576934814453 
700, 0.6718316078186035, 0.09815621376037598, 0.044565677642822266, 0.051733970642089844 
701, 0.6600924730300903, 0.09808349609375, 0.044365644454956055, 0.05189990997314453 
702, 0.6463435888290405, 0.09847116470336914, 0.04479503631591797, 0.05186915397644043 
703, 0.6387072801589966, 0.09905219078063965, 0.04487133026123047, 0.05192422866821289 
704, 0.6375335454940796, 0.09838414192199707, 0.04445314407348633, 0.05197858810424805 
705, 0.6427956819534302, 0.09911465644836426, 0.04492497444152832, 0.05235576629638672 
706, 0.6237986087799072, 0.09796619415283203, 0.04458475112915039, 0.05155372619628906 
707, 0.6139092445373535, 0.09813666343688965, 0.04436349868774414, 0.05194091796875 
708, 0.6252435445785522, 0.09809350967407227, 0.044487714767456055, 0.051766157150268555 
709, 0.6021257638931274, 0.09800553321838379, 0.04482316970825195, 0.05136704444885254 
710, 0.5957183837890625, 0.09836030006408691, 0.044447898864746094, 0.05209684371948242 
711, 0.6083172559738159, 0.09807968139648438, 0.04434657096862793, 0.051892995834350586 
712, 0.5953576564788818, 0.11653637886047363, 0.0447382926940918, 0.05260038375854492 
713, 0.6029207706451416, 0.10205078125, 0.0476529598236084, 0.05220222473144531 
714, 0.5868668556213379, 0.09863400459289551, 0.0446019172668457, 0.05213165283203125 
715, 0.5831483602523804, 0.09822249412536621, 0.04437541961669922, 0.051993370056152344 
716, 0.5799260139465332, 0.09868216514587402, 0.044554948806762695, 0.052253007888793945 
717, 0.5857119560241699, 0.09833598136901855, 0.04425501823425293, 0.05225777626037598 
718, 0.5812218189239502, 0.09793496131896973, 0.04408550262451172, 0.052034854888916016 
719, 0.5836336612701416, 0.09906578063964844, 0.04477882385253906, 0.05243873596191406 
720, 0.5899785757064819, 0.09864449501037598, 0.0446927547454834, 0.05204463005065918 
721, 0.5903539657592773, 0.09853744506835938, 0.04445457458496094, 0.0522613525390625 
722, 0.5947083234786987, 0.09918928146362305, 0.044101715087890625, 0.053307294845581055 
723, 0.5998659133911133, 0.09828734397888184, 0.0440516471862793, 0.052408456802368164 
724, 0.6057925224304199, 0.0986940860748291, 0.044495582580566406, 0.05234193801879883 
725, 0.6148821115493774, 0.09864425659179688, 0.04455447196960449, 0.05225324630737305 
726, 0.6220293045043945, 0.09928584098815918, 0.04466867446899414, 0.05276632308959961 
727, 0.633334755897522, 0.09878134727478027, 0.04497027397155762, 0.05198550224304199 
728, 0.6486811637878418, 0.09885454177856445, 0.04480457305908203, 0.05220818519592285 
729, 0.6530977487564087, 0.0982978343963623, 0.04456043243408203, 0.05184674263000488 
730, 0.6657075881958008, 0.09831428527832031, 0.04468846321105957, 0.05177187919616699 
731, 0.6855652332305908, 0.09892058372497559, 0.04464554786682129, 0.052438974380493164 
732, 0.6915215253829956, 0.09893250465393066, 0.04452323913574219, 0.05250263214111328 
733, 0.7028558254241943, 0.09895753860473633, 0.04500460624694824, 0.052063941955566406 
734, 0.725569486618042, 0.09871864318847656, 0.04441380500793457, 0.052437543869018555 
735, 0.7336117029190063, 0.09880447387695312, 0.04457378387451172, 0.052335500717163086 
736, 0.74982750415802, 0.09884142875671387, 0.04459190368652344, 0.05238199234008789 
737, 0.7598986625671387, 0.09870624542236328, 0.044440269470214844, 0.05241823196411133 
738, 0.7892587184906006, 0.09970831871032715, 0.04508686065673828, 0.05272221565246582 
739, 0.8034689426422119, 0.09926104545593262, 0.04473090171813965, 0.05269646644592285 
740, 0.8105696439743042, 0.09831762313842773, 0.044243812561035156, 0.052223920822143555 
741, 0.8439414501190186, 0.09842634201049805, 0.0442965030670166, 0.05227160453796387 
742, 0.8501808643341064, 0.09824728965759277, 0.04440116882324219, 0.051978111267089844 
743, 0.8646060228347778, 0.09879803657531738, 0.04448080062866211, 0.052585601806640625 
744, 0.8844431638717651, 0.09839320182800293, 0.044260501861572266, 0.05183815956115723 
745, 0.9089995622634888, 0.09870171546936035, 0.04462933540344238, 0.05216026306152344 
746, 0.9262754917144775, 0.09892153739929199, 0.04455065727233887, 0.05247235298156738 
747, 0.9402488470077515, 0.09848999977111816, 0.04431748390197754, 0.05227160453796387 
748, 0.9490044116973877, 0.09906363487243652, 0.044788360595703125, 0.05236482620239258 
749, 0.9673818349838257, 0.09840607643127441, 0.044492483139038086, 0.05206012725830078 
750, 0.9831446409225464, 0.09869265556335449, 0.04448699951171875, 0.052353620529174805 
751, 0.9960777759552002, 0.09840106964111328, 0.04456830024719238, 0.05194687843322754 
752, 1.0061157941818237, 0.09829044342041016, 0.0440673828125, 0.052346229553222656 
753, 1.0184173583984375, 0.09848189353942871, 0.044327735900878906, 0.05232429504394531 
754, 1.030059576034546, 0.09862112998962402, 0.0443575382232666, 0.05246996879577637 
755, 1.0395082235336304, 0.09854888916015625, 0.044391632080078125, 0.052304744720458984 
756, 1.048632264137268, 0.09850454330444336, 0.04440498352050781, 0.052277326583862305 
757, 1.055809736251831, 0.09855794906616211, 0.044656991958618164, 0.052052974700927734 
758, 1.0627769231796265, 0.09853577613830566, 0.044304847717285156, 0.052400827407836914 
759, 1.0674985647201538, 0.09877920150756836, 0.04461383819580078, 0.0522763729095459 
760, 1.0705702304840088, 0.09771990776062012, 0.04401206970214844, 0.05188298225402832 
761, 1.0710117816925049, 0.09840178489685059, 0.04418015480041504, 0.05238986015319824 
762, 1.0834734439849854, 0.09898591041564941, 0.04476785659790039, 0.052340030670166016 
763, 1.080694317817688, 0.09819817543029785, 0.044457197189331055, 0.05192899703979492 
764, 1.087581753730774, 0.09847593307495117, 0.04391670227050781, 0.05271434783935547 
765, 1.0650087594985962, 0.09941649436950684, 0.044886112213134766, 0.0527191162109375 
766, 1.0781073570251465, 0.09845638275146484, 0.04412078857421875, 0.05248069763183594 
767, 1.0737465620040894, 0.09828424453735352, 0.044184207916259766, 0.0522611141204834 
768, 1.046964168548584, 0.09927797317504883, 0.044202327728271484, 0.053237199783325195 
769, 1.0431451797485352, 0.09900140762329102, 0.044414520263671875, 0.05276942253112793 
770, 1.0582023859024048, 0.09859514236450195, 0.04429888725280762, 0.05245256423950195 
771, 1.0349889993667603, 0.0983419418334961, 0.04388618469238281, 0.05257892608642578 
772, 1.0386857986450195, 0.09883594512939453, 0.044306278228759766, 0.05272364616394043 
773, 1.035609483718872, 0.0970923900604248, 0.04364156723022461, 0.051624298095703125 
774, 0.9882551431655884, 0.09795236587524414, 0.043752431869506836, 0.05241107940673828 
775, 0.9741884469985962, 0.09864592552185059, 0.04443502426147461, 0.05239105224609375 
776, 0.9965264797210693, 0.09740447998046875, 0.04354548454284668, 0.05198359489440918 
777, 0.953930139541626, 0.09827947616577148, 0.0444178581237793, 0.05194711685180664 
778, 0.9239380359649658, 0.09810781478881836, 0.04420948028564453, 0.052039384841918945 
779, 0.9232519865036011, 0.09847521781921387, 0.04408383369445801, 0.052497148513793945 
780, 0.916549801826477, 0.09842920303344727, 0.04417586326599121, 0.05241131782531738 
781, 0.9032227993011475, 0.0983734130859375, 0.044620513916015625, 0.051865339279174805 
782, 0.8603695631027222, 0.09740614891052246, 0.04409337043762207, 0.0514521598815918 
783, 0.8708846569061279, 0.09806394577026367, 0.0442197322845459, 0.051981210708618164 
784, 0.8286951780319214, 0.09820556640625, 0.0444948673248291, 0.051865339279174805 
785, 0.8195892572402954, 0.09766221046447754, 0.04387688636779785, 0.05183815956115723 
786, 0.8037557601928711, 0.09889388084411621, 0.04436826705932617, 0.052591562271118164 
787, 0.8211215734481812, 0.09890627861022949, 0.04480314254760742, 0.052208662033081055 
788, 0.7990995645523071, 0.09755325317382812, 0.043927907943725586, 0.05174732208251953 
789, 0.789989709854126, 0.09755587577819824, 0.04388833045959473, 0.051796913146972656 
790, 0.7650998830795288, 0.09896707534790039, 0.04475736618041992, 0.052358150482177734 
791, 0.7527068853378296, 0.09715604782104492, 0.04416489601135254, 0.05118155479431152 
792, 0.7398897409439087, 0.09710860252380371, 0.04361891746520996, 0.051642656326293945 
793, 0.7397962808609009, 0.09910392761230469, 0.04483628273010254, 0.05243563652038574 
794, 0.7147196531295776, 0.09737396240234375, 0.04417562484741211, 0.051329851150512695 
795, 0.6951295137405396, 0.09762454032897949, 0.04352116584777832, 0.0522763729095459 
796, 0.6925177574157715, 0.09914302825927734, 0.04446554183959961, 0.05276036262512207 
797, 0.6732457876205444, 0.09791207313537598, 0.044277191162109375, 0.051741838455200195 
798, 0.6652700901031494, 0.09761929512023926, 0.043993234634399414, 0.05175137519836426 
799, 0.6635615825653076, 0.0991828441619873, 0.044605255126953125, 0.052666425704956055 
800, 0.6393182277679443, 0.09854555130004883, 0.0446474552154541, 0.052052974700927734 
801, 0.6479449272155762, 0.09829545021057129, 0.043749332427978516, 0.05265450477600098 
802, 0.6401145458221436, 0.09946846961975098, 0.04471015930175781, 0.05290031433105469 
803, 0.6330418586730957, 0.09837198257446289, 0.04440426826477051, 0.05213618278503418 
804, 0.6293996572494507, 0.09841346740722656, 0.04432940483093262, 0.05218219757080078 
805, 0.6131796836853027, 0.09879493713378906, 0.04456973075866699, 0.052332401275634766 
806, 0.6236859560012817, 0.09805417060852051, 0.04462265968322754, 0.051560163497924805 
807, 0.6014597415924072, 0.09788799285888672, 0.04447507858276367, 0.05153679847717285 
808, 0.60910964012146, 0.09903573989868164, 0.04464435577392578, 0.05254626274108887 
809, 0.6036796569824219, 0.09767627716064453, 0.04402446746826172, 0.05178952217102051 
810, 0.6046607494354248, 0.09772157669067383, 0.044261932373046875, 0.05160641670227051 
811, 0.601708173751831, 0.09835362434387207, 0.04403376579284668, 0.0525515079498291 
812, 0.6012260913848877, 0.09794235229492188, 0.04410219192504883, 0.05198478698730469 
813, 0.5982877016067505, 0.0983736515045166, 0.04441976547241211, 0.05206918716430664 
814, 0.5993229150772095, 0.10208892822265625, 0.044335365295410156, 0.05580854415893555 
815, 0.6000093221664429, 0.0980379581451416, 0.04415273666381836, 0.05201268196105957 
816, 0.6037026643753052, 0.09795403480529785, 0.043996334075927734, 0.05209970474243164 
817, 0.6058841943740845, 0.09887003898620605, 0.04414772987365723, 0.05293607711791992 
818, 0.6091868877410889, 0.09816193580627441, 0.04454970359802246, 0.051795244216918945 
819, 0.6125402450561523, 0.09745121002197266, 0.04387831687927246, 0.05176091194152832 
820, 0.615740180015564, 0.09882664680480957, 0.04455399513244629, 0.05242466926574707 
821, 0.6234549283981323, 0.09817075729370117, 0.04453706741333008, 0.05184531211853027 
822, 0.6297770738601685, 0.09749698638916016, 0.044431209564208984, 0.05130934715270996 
823, 0.6314487457275391, 0.09761285781860352, 0.043828487396240234, 0.051937103271484375 
824, 0.6494609117507935, 0.0988459587097168, 0.04480099678039551, 0.05215764045715332 
825, 0.6627914905548096, 0.09784603118896484, 0.04476165771484375, 0.051462411880493164 
826, 0.6625678539276123, 0.09819746017456055, 0.04427599906921387, 0.05209517478942871 
827, 0.6684831380844116, 0.09897160530090332, 0.045020341873168945, 0.05212211608886719 
828, 0.6843361854553223, 0.097564697265625, 0.04414534568786621, 0.05158829689025879 
829, 0.6931754350662231, 0.09786629676818848, 0.04351806640625, 0.05251479148864746 
830, 0.7179232835769653, 0.09854531288146973, 0.044901132583618164, 0.05190610885620117 
831, 0.7182912826538086, 0.09763717651367188, 0.04451775550842285, 0.05141472816467285 
832, 0.7508533000946045, 0.09803104400634766, 0.043970346450805664, 0.05235147476196289 
833, 0.7779338359832764, 0.09920072555541992, 0.04438376426696777, 0.0530247688293457 
834, 0.8011776208877563, 0.09814667701721191, 0.04438900947570801, 0.0518646240234375 
835, 0.7977651357650757, 0.09871459007263184, 0.044189453125, 0.05264568328857422 
836, 0.8322170972824097, 0.09840226173400879, 0.04419970512390137, 0.05237865447998047 
837, 0.8446199893951416, 0.09722065925598145, 0.04380464553833008, 0.05157470703125 
838, 0.8557121753692627, 0.09871029853820801, 0.04417133331298828, 0.052677154541015625 
839, 0.8973557949066162, 0.09848642349243164, 0.044518470764160156, 0.052129268646240234 
840, 0.9136604070663452, 0.0982816219329834, 0.043839216232299805, 0.05256319046020508 
841, 0.9179239273071289, 0.09859657287597656, 0.04419112205505371, 0.05250811576843262 
842, 0.9774655103683472, 0.09898257255554199, 0.044304609298706055, 0.052870988845825195 
843, 0.9882338047027588, 0.09788823127746582, 0.04419708251953125, 0.05186867713928223 
844, 0.9803564548492432, 0.09882235527038574, 0.04452204704284668, 0.05245518684387207 
845, 1.0308161973953247, 0.09865379333496094, 0.04442453384399414, 0.052337646484375 
846, 1.0501190423965454, 0.09945201873779297, 0.044281959533691406, 0.0532987117767334 
847, 1.0695008039474487, 0.09883737564086914, 0.044790029525756836, 0.05209803581237793 
848, 1.0944784879684448, 0.09848570823669434, 0.04415082931518555, 0.05244898796081543 
849, 1.1201659440994263, 0.0972893238067627, 0.04372978210449219, 0.05170631408691406 
850, 1.1175576448440552, 0.09848475456237793, 0.04389333724975586, 0.05286097526550293 
851, 1.15189790725708, 0.0983724594116211, 0.04396319389343262, 0.05249905586242676 
852, 1.1803597211837769, 0.09772539138793945, 0.043556928634643555, 0.05231332778930664 
853, 1.1956636905670166, 0.09921550750732422, 0.04446244239807129, 0.0528564453125 
854, 1.2170929908752441, 0.0985572338104248, 0.044077396392822266, 0.05262899398803711 
855, 1.236819863319397, 0.09883475303649902, 0.0442655086517334, 0.05277609825134277 
856, 1.2645626068115234, 0.0987706184387207, 0.04458808898925781, 0.052315473556518555 
857, 1.2914857864379883, 0.09837913513183594, 0.043588876724243164, 0.05289173126220703 
858, 1.2925734519958496, 0.09913849830627441, 0.044672250747680664, 0.05267524719238281 
859, 1.3032875061035156, 0.09876728057861328, 0.044327497482299805, 0.052628517150878906 
860, 1.339511513710022, 0.09881734848022461, 0.044014930725097656, 0.052916765213012695 
861, 1.3618546724319458, 0.0988624095916748, 0.044447898864746094, 0.05264616012573242 
862, 1.3713271617889404, 0.09836983680725098, 0.04400515556335449, 0.052519798278808594 
863, 1.384315848350525, 0.09848260879516602, 0.043910980224609375, 0.0527651309967041 
864, 1.3992987871170044, 0.09969615936279297, 0.04455423355102539, 0.05330634117126465 
865, 1.4036216735839844, 0.09890007972717285, 0.04458189010620117, 0.052500247955322266 
866, 1.4141483306884766, 0.09874916076660156, 0.04387068748474121, 0.05300021171569824 
867, 1.4331961870193481, 0.09981918334960938, 0.044829368591308594, 0.05310845375061035 
868, 1.4426729679107666, 0.09874391555786133, 0.04424142837524414, 0.05266165733337402 
869, 1.4514883756637573, 0.09854865074157715, 0.04386544227600098, 0.05289101600646973 
870, 1.4587416648864746, 0.09936189651489258, 0.04436206817626953, 0.05321073532104492 
871, 1.4674609899520874, 0.09830951690673828, 0.044119834899902344, 0.052399635314941406 
872, 1.472577452659607, 0.09860110282897949, 0.04395437240600586, 0.05281686782836914 
873, 1.475972056388855, 0.09894227981567383, 0.0439455509185791, 0.05311417579650879 
874, 1.4790387153625488, 0.09870767593383789, 0.04429006576538086, 0.052469491958618164 
875, 1.481677532196045, 0.09851622581481934, 0.04429912567138672, 0.052370309829711914 
876, 1.4813823699951172, 0.09868741035461426, 0.04383063316345215, 0.053029537200927734 
877, 1.4876940250396729, 0.0986490249633789, 0.04443216323852539, 0.05234169960021973 
878, 1.4872983694076538, 0.0988457202911377, 0.04415392875671387, 0.05280661582946777 
879, 1.4869970083236694, 0.09870171546936035, 0.04379630088806152, 0.05301928520202637 
880, 1.4777891635894775, 0.09823107719421387, 0.04428505897521973, 0.05213427543640137 
881, 1.4857043027877808, 0.09854316711425781, 0.044545888900756836, 0.05211520195007324 
882, 1.4811713695526123, 0.10005879402160645, 0.044892072677612305, 0.053251028060913086 
883, 1.480568289756775, 0.09828925132751465, 0.04386544227600098, 0.05245065689086914 
884, 1.46902334690094, 0.09911513328552246, 0.04446744918823242, 0.052789926528930664 
885, 1.4580329656600952, 0.09935688972473145, 0.04420900344848633, 0.05328059196472168 
886, 1.4474574327468872, 0.0982506275177002, 0.04419302940368652, 0.05218863487243652 
887, 1.458850383758545, 0.09901118278503418, 0.04439210891723633, 0.0528261661529541 
888, 1.4331575632095337, 0.09943246841430664, 0.044168710708618164, 0.05327916145324707 
889, 1.4287924766540527, 0.09838199615478516, 0.043920278549194336, 0.0525815486907959 
890, 1.4229549169540405, 0.09916210174560547, 0.0444951057434082, 0.05237603187561035 
891, 1.404879093170166, 0.09904694557189941, 0.04429197311401367, 0.052954912185668945 
892, 1.4004931449890137, 0.09852743148803711, 0.044258832931518555, 0.05240321159362793 
893, 1.3974934816360474, 0.0993037223815918, 0.04451298713684082, 0.052921295166015625 
894, 1.3618178367614746, 0.09904074668884277, 0.044388532638549805, 0.052744388580322266 
895, 1.3495756387710571, 0.09919428825378418, 0.04445004463195801, 0.052876949310302734 
896, 1.334125280380249, 0.09946465492248535, 0.044255971908569336, 0.0532534122467041 
897, 1.3320388793945312, 0.09908127784729004, 0.04428434371948242, 0.05302739143371582 
898, 1.3394463062286377, 0.09878325462341309, 0.04392409324645996, 0.053067922592163086 
899, 1.302157998085022, 0.09979701042175293, 0.044954538345336914, 0.053006887435913086 
900, 1.300467610359192, 0.09915781021118164, 0.04450631141662598, 0.052805423736572266 
901, 1.3029286861419678, 0.09928274154663086, 0.044478416442871094, 0.052903175354003906 
902, 1.2723455429077148, 0.09907937049865723, 0.04430389404296875, 0.05289959907531738 
903, 1.237866997718811, 0.09904336929321289, 0.043969154357910156, 0.05322980880737305 
904, 1.2302546501159668, 0.09894013404846191, 0.04488348960876465, 0.05224037170410156 
905, 1.2122726440429688, 0.09900140762329102, 0.0446321964263916, 0.052536964416503906 
906, 1.2211010456085205, 0.0988163948059082, 0.04406142234802246, 0.05294299125671387 
907, 1.2083595991134644, 0.09950923919677734, 0.0448603630065918, 0.05276012420654297 
908, 1.1662441492080688, 0.09877490997314453, 0.0442967414855957, 0.05264425277709961 
909, 1.153467059135437, 0.09886574745178223, 0.044222116470336914, 0.0528104305267334 
910, 1.1558550596237183, 0.10572052001953125, 0.05148768424987793, 0.052399396896362305 
911, 1.1674573421478271, 0.0986936092376709, 0.04461193084716797, 0.05218243598937988 
912, 1.1403955221176147, 0.09910249710083008, 0.044214725494384766, 0.0530703067779541 
913, 1.1035319566726685, 0.09898829460144043, 0.04467010498046875, 0.05248284339904785 
914, 1.1187946796417236, 0.09912705421447754, 0.04450345039367676, 0.052735090255737305 
915, 1.084250569343567, 0.1008002758026123, 0.04450654983520508, 0.053078651428222656 
916, 1.0989441871643066, 0.09961462020874023, 0.04532432556152344, 0.05238223075866699 
917, 1.0745822191238403, 0.09861969947814941, 0.044046640396118164, 0.05266618728637695 
918, 1.0730772018432617, 0.09988975524902344, 0.04447054862976074, 0.05359482765197754 
919, 1.045785665512085, 0.0996408462524414, 0.0442194938659668, 0.05362534523010254 
920, 1.0168190002441406, 0.09958815574645996, 0.04444003105163574, 0.05328559875488281 
921, 1.0108139514923096, 0.10021018981933594, 0.04418778419494629, 0.054204702377319336 
922, 0.9888304471969604, 0.09955000877380371, 0.044142723083496094, 0.05368494987487793 
923, 0.9861491918563843, 0.10005521774291992, 0.044213056564331055, 0.05401730537414551 
924, 0.9683965444564819, 0.10124874114990234, 0.04446983337402344, 0.0548858642578125 
925, 0.9850010871887207, 0.15570974349975586, 0.04438447952270508, 0.05589795112609863 
926, 0.9573785066604614, 0.10461068153381348, 0.048628807067871094, 0.05407881736755371 
927, 0.937606930732727, 0.10086703300476074, 0.044525146484375, 0.054561614990234375 
928, 0.9261255264282227, 0.0997457504272461, 0.04430079460144043, 0.05357217788696289 
929, 0.9413272142410278, 0.10088682174682617, 0.04492807388305664, 0.05405235290527344 
930, 0.9305460453033447, 0.10065865516662598, 0.04502463340759277, 0.053835391998291016 
931, 0.9066473245620728, 0.09983634948730469, 0.04424428939819336, 0.05370211601257324 
932, 0.9023616313934326, 0.10092639923095703, 0.04518604278564453, 0.05393815040588379 
933, 0.9028360247612, 0.10054826736450195, 0.045380353927612305, 0.0533599853515625 
934, 0.8990933299064636, 0.099822998046875, 0.04416918754577637, 0.053768157958984375 
935, 0.8872731924057007, 0.10132431983947754, 0.0450592041015625, 0.0543978214263916 
936, 0.8923963904380798, 0.09944343566894531, 0.044104814529418945, 0.05356597900390625 
937, 0.8773672580718994, 0.09917688369750977, 0.04438209533691406, 0.05289649963378906 
938, 0.8750608563423157, 0.09998226165771484, 0.04532289505004883, 0.05283164978027344 
939, 0.883948564529419, 0.09807133674621582, 0.04368448257446289, 0.05258059501647949 
940, 0.8654680252075195, 0.09871578216552734, 0.04414963722229004, 0.052671194076538086 
941, 0.8768832683563232, 0.10045528411865234, 0.04469633102416992, 0.05343770980834961 
942, 0.8678175806999207, 0.09894442558288574, 0.04476761817932129, 0.05233359336853027 
943, 0.863061249256134, 0.09850502014160156, 0.04383230209350586, 0.052756309509277344 
944, 0.8542458415031433, 0.10014581680297852, 0.04501175880432129, 0.053270578384399414 
945, 0.8609753251075745, 0.09923648834228516, 0.04494071006774902, 0.05241274833679199 
946, 0.8608839511871338, 0.0989687442779541, 0.04441213607788086, 0.05271410942077637 
947, 0.8557623028755188, 0.09894895553588867, 0.04422402381896973, 0.0529172420501709 
948, 0.8569520711898804, 0.0995643138885498, 0.04467368125915527, 0.05297374725341797 
949, 0.8591986298561096, 0.09835386276245117, 0.04446578025817871, 0.05209708213806152 
950, 0.8618802428245544, 0.09850263595581055, 0.044049739837646484, 0.05259108543395996 
951, 0.8679859042167664, 0.0989236831665039, 0.04477047920227051, 0.05234050750732422 
952, 0.8688901662826538, 0.09837555885314941, 0.044356584548950195, 0.052149057388305664 
953, 0.8741725087165833, 0.09805011749267578, 0.04366445541381836, 0.05247354507446289 
954, 0.8873778581619263, 0.09991741180419922, 0.044301748275756836, 0.05379533767700195 
955, 0.8968605995178223, 0.09977531433105469, 0.04451560974121094, 0.0534815788269043 
956, 0.9082813858985901, 0.0991508960723877, 0.04450082778930664, 0.05283379554748535 
957, 0.9095429182052612, 0.09918808937072754, 0.0442812442779541, 0.05311393737792969 
958, 0.9246251583099365, 0.09895801544189453, 0.04474782943725586, 0.05239081382751465 
959, 0.9224564433097839, 0.09874200820922852, 0.044214725494384766, 0.05271458625793457 
960, 0.943995475769043, 0.09907388687133789, 0.044068098068237305, 0.05321836471557617 
961, 0.9657544493675232, 0.0993351936340332, 0.044464111328125, 0.05304837226867676 
962, 0.9592315554618835, 0.09905600547790527, 0.04428458213806152, 0.05294656753540039 
963, 0.9869863986968994, 0.0992426872253418, 0.04415011405944824, 0.053269147872924805 
964, 1.0143020153045654, 0.09942960739135742, 0.0442347526550293, 0.0534052848815918 
965, 1.0111643075942993, 0.10008549690246582, 0.044565439224243164, 0.05365872383117676 
966, 1.0369572639465332, 0.09932136535644531, 0.04425311088562012, 0.05316495895385742 
967, 1.0434210300445557, 0.0988619327545166, 0.04410409927368164, 0.0529327392578125 
968, 1.0636403560638428, 0.09887576103210449, 0.044439077377319336, 0.05260062217712402 
969, 1.1067062616348267, 0.09854650497436523, 0.04403853416442871, 0.05270099639892578 
970, 1.1136305332183838, 0.09899735450744629, 0.044774532318115234, 0.0524134635925293 
971, 1.1272860765457153, 0.09877538681030273, 0.044445037841796875, 0.05241990089416504 
972, 1.1428321599960327, 0.09876728057861328, 0.043933868408203125, 0.052974700927734375 
973, 1.171379566192627, 0.09927153587341309, 0.04462385177612305, 0.05279421806335449 
974, 1.1793919801712036, 0.09893655776977539, 0.04423117637634277, 0.05279898643493652 
975, 1.2043441534042358, 0.09867739677429199, 0.04454970359802246, 0.0523223876953125 
976, 1.212599277496338, 0.09902572631835938, 0.044106483459472656, 0.053009748458862305 
977, 1.2503124475479126, 0.09917736053466797, 0.04492974281311035, 0.052469491958618164 
978, 1.2957870960235596, 0.09986543655395508, 0.04451704025268555, 0.053528785705566406 
979, 1.284327745437622, 0.09969353675842285, 0.04390358924865723, 0.05397462844848633 
980, 1.3161070346832275, 0.0999605655670166, 0.04452085494995117, 0.05355644226074219 
981, 1.3301823139190674, 0.09970688819885254, 0.04439544677734375, 0.05346226692199707 
982, 1.3414087295532227, 0.09995079040527344, 0.04458451271057129, 0.05355358123779297 
983, 1.3870117664337158, 0.0999610424041748, 0.044114112854003906, 0.054010629653930664 
984, 1.4069631099700928, 0.10030841827392578, 0.04447603225708008, 0.05395770072937012 
985, 1.4191690683364868, 0.09999656677246094, 0.04446768760681152, 0.053687334060668945 
986, 1.4385312795639038, 0.0998544692993164, 0.0443727970123291, 0.05354189872741699 
987, 1.4474843740463257, 0.1012718677520752, 0.0448305606842041, 0.054575443267822266 
988, 1.4936082363128662, 0.09958481788635254, 0.04433131217956543, 0.053421735763549805 
989, 1.52031409740448, 0.09990811347961426, 0.043993234634399414, 0.054128170013427734 
990, 1.549146056175232, 0.10019755363464355, 0.04486989974975586, 0.05343484878540039 
991, 1.5344163179397583, 0.09910345077514648, 0.0444488525390625, 0.052800893783569336 
992, 1.554919958114624, 0.09877324104309082, 0.04411578178405762, 0.05282235145568848 
993, 1.592491865158081, 0.09953904151916504, 0.04465794563293457, 0.0530705451965332 
994, 1.6185413599014282, 0.09886884689331055, 0.044617414474487305, 0.05241799354553223 
995, 1.6436084508895874, 0.09872269630432129, 0.04378843307495117, 0.05301833152770996 
996, 1.6571941375732422, 0.0999307632446289, 0.04506635665893555, 0.053009986877441406 
997, 1.6666746139526367, 0.09972333908081055, 0.04458737373352051, 0.05332493782043457 
998, 1.6878633499145508, 0.09920835494995117, 0.04385995864868164, 0.05348467826843262 
999, 1.7023471593856812, 0.1009068489074707, 0.04499411582946777, 0.05408501625061035 
