Iteration, loss, time 
0, 0.40085268020629883, 0.10463261604309082 
1, 0.34769633412361145, 0.09560370445251465 
2, 0.3115626573562622, 0.09233641624450684 
3, 0.2514413297176361, 0.0935206413269043 
4, 0.20793670415878296, 0.08933734893798828 
5, 0.17577657103538513, 0.09314799308776855 
6, 0.12959334254264832, 0.09330391883850098 
7, 0.09683576226234436, 0.09058046340942383 
8, 0.05758318305015564, 0.09504508972167969 
9, 0.011459708213806152, 0.09456324577331543 
10, -0.025679051876068115, 0.09550881385803223 
11, -0.05114835500717163, 0.0961611270904541 
12, -0.09230983257293701, 0.09840130805969238 
13, -0.13329437375068665, 0.09728407859802246 
14, -0.1682787835597992, 0.09463047981262207 
15, -0.19644424319267273, 0.10296297073364258 
16, -0.22918343544006348, 0.09621620178222656 
17, -0.25461262464523315, 0.09353041648864746 
18, -0.283990740776062, 0.09512591361999512 
19, -0.3141978681087494, 0.09719347953796387 
20, -0.34033650159835815, 0.09480166435241699 
21, -0.37653255462646484, 0.09231090545654297 
22, -0.40433254837989807, 0.09317398071289062 
23, -0.4205574691295624, 0.09190249443054199 
24, -0.44702717661857605, 0.09103703498840332 
25, -0.4686756432056427, 0.09185218811035156 
26, -0.49757227301597595, 0.09254670143127441 
27, -0.5169730186462402, 0.09099173545837402 
28, -0.5439337491989136, 0.0910789966583252 
29, -0.5656336545944214, 0.0931553840637207 
30, -0.587505578994751, 0.09184718132019043 
31, -0.6066724061965942, 0.10376381874084473 
32, -0.6249738931655884, 0.09195494651794434 
33, -0.6491594314575195, 0.09283447265625 
34, -0.660181999206543, 0.09186959266662598 
35, -0.6812354326248169, 0.09630846977233887 
36, -0.6968303918838501, 0.0953834056854248 
37, -0.7147895097732544, 0.0930945873260498 
38, -0.7343034744262695, 0.09719586372375488 
39, -0.7516579627990723, 0.0957326889038086 
40, -0.7674503326416016, 0.09503650665283203 
41, -0.7816951274871826, 0.09644222259521484 
42, -0.7982949018478394, 0.09765887260437012 
43, -0.8084021806716919, 0.09533524513244629 
44, -0.8305990099906921, 0.09358763694763184 
45, -0.8459653854370117, 0.09492945671081543 
46, -0.8515178561210632, 0.09540915489196777 
47, -0.865216076374054, 0.09476184844970703 
48, -0.8850435614585876, 0.09314250946044922 
49, -0.8931419849395752, 0.09528660774230957 
50, -0.9020970463752747, 0.09519767761230469 
51, -0.9203408360481262, 0.09132885932922363 
52, -0.9334911704063416, 0.09143328666687012 
53, -0.9446327686309814, 0.09253501892089844 
54, -0.9542271494865417, 0.09080028533935547 
55, -0.9657217860221863, 0.0912022590637207 
56, -0.9806971549987793, 0.09042596817016602 
57, -0.9818171858787537, 0.09465217590332031 
58, -0.9977713823318481, 0.09257388114929199 
59, -1.0061466693878174, 0.09426522254943848 
60, -1.0170503854751587, 0.0931088924407959 
61, -1.0268914699554443, 0.09640622138977051 
62, -1.0339363813400269, 0.09626531600952148 
63, -1.0447773933410645, 0.09805727005004883 
64, -1.0570952892303467, 0.0987701416015625 
65, -1.067509651184082, 0.09884834289550781 
66, -1.0675048828125, 0.09998464584350586 
67, -1.0798295736312866, 0.09810376167297363 
68, -1.0890411138534546, 0.0983576774597168 
69, -1.0976210832595825, 0.10285186767578125 
70, -1.1039917469024658, 0.10130047798156738 
71, -1.114994764328003, 0.09855890274047852 
72, -1.1222715377807617, 0.0998532772064209 
73, -1.1265296936035156, 0.1001596450805664 
74, -1.133799433708191, 0.10157585144042969 
75, -1.1400856971740723, 0.0981893539428711 
76, -1.1478407382965088, 0.09607481956481934 
77, -1.1552157402038574, 0.09492015838623047 
78, -1.1617542505264282, 0.09614849090576172 
79, -1.1709918975830078, 0.09502601623535156 
80, -1.1737377643585205, 0.09553956985473633 
81, -1.186439037322998, 0.09819245338439941 
82, -1.1877996921539307, 0.09815669059753418 
83, -1.1962589025497437, 0.09539198875427246 
84, -1.201533555984497, 0.09593892097473145 
85, -1.2077397108078003, 0.0988311767578125 
86, -1.2148337364196777, 0.09663915634155273 
87, -1.219839334487915, 0.0964508056640625 
88, -1.2227885723114014, 0.09969878196716309 
89, -1.2299575805664062, 0.09932470321655273 
90, -1.2338513135910034, 0.09902501106262207 
91, -1.2399548292160034, 0.09987401962280273 
92, -1.2432072162628174, 0.10171961784362793 
93, -1.2513891458511353, 0.09917998313903809 
94, -1.2571488618850708, 0.09942793846130371 
95, -1.2600778341293335, 0.10074281692504883 
96, -1.2644661664962769, 0.10006093978881836 
97, -1.269819974899292, 0.09995818138122559 
98, -1.2782005071640015, 0.10426902770996094 
99, -1.2814923524856567, 0.0974123477935791 
100, -1.2836947441101074, 0.09685325622558594 
101, -1.2895270586013794, 0.09929871559143066 
102, -1.2909232378005981, 0.09748578071594238 
103, -1.2987542152404785, 0.09746503829956055 
104, -1.302847146987915, 0.09650421142578125 
105, -1.307835578918457, 0.09620475769042969 
106, -1.310067892074585, 0.09569215774536133 
107, -1.3148326873779297, 0.09751272201538086 
108, -1.318202018737793, 0.09720373153686523 
109, -1.3205102682113647, 0.09978270530700684 
110, -1.3269190788269043, 0.09818887710571289 
111, -1.3282952308654785, 0.09709620475769043 
112, -1.3315086364746094, 0.09542107582092285 
113, -1.3380341529846191, 0.09729671478271484 
114, -1.3407745361328125, 0.0987699031829834 
115, -1.3473355770111084, 0.09869217872619629 
116, -1.348984718322754, 0.09773945808410645 
117, -1.3521080017089844, 0.1003868579864502 
118, -1.3564828634262085, 0.10003256797790527 
119, -1.3595014810562134, 0.09956693649291992 
120, -1.3616995811462402, 0.09934139251708984 
121, -1.3637264966964722, 0.12451338768005371 
122, -1.3688520193099976, 0.10376119613647461 
123, -1.373250961303711, 0.09888267517089844 
124, -1.3729887008666992, 0.09900307655334473 
125, -1.3778895139694214, 0.09980940818786621 
126, -1.3796124458312988, 0.09618067741394043 
127, -1.3842222690582275, 0.09715127944946289 
128, -1.385414719581604, 0.09683060646057129 
129, -1.388888955116272, 0.09376263618469238 
130, -1.3938322067260742, 0.09560108184814453 
131, -1.3952150344848633, 0.09790754318237305 
132, -1.3983150720596313, 0.0981590747833252 
133, -1.4008779525756836, 0.09502291679382324 
134, -1.402647852897644, 0.09837794303894043 
135, -1.4061641693115234, 0.09740328788757324 
136, -1.406390905380249, 0.09711503982543945 
137, -1.4085876941680908, 0.09552359580993652 
138, -1.411046028137207, 0.09718084335327148 
139, -1.4144983291625977, 0.09839701652526855 
140, -1.417661428451538, 0.09911727905273438 
141, -1.4179716110229492, 0.09765028953552246 
142, -1.4210267066955566, 0.10000467300415039 
143, -1.4237911701202393, 0.10083842277526855 
144, -1.426206350326538, 0.09926319122314453 
145, -1.4283753633499146, 0.09723758697509766 
146, -1.430654764175415, 0.10572934150695801 
147, -1.4332118034362793, 0.0979464054107666 
148, -1.434272050857544, 0.10358238220214844 
149, -1.435913324356079, 0.09971952438354492 
150, -1.437483787536621, 0.10049724578857422 
151, -1.439880132675171, 0.09713578224182129 
152, -1.440866231918335, 0.09853339195251465 
153, -1.445249080657959, 0.09799981117248535 
154, -1.4445395469665527, 0.09721064567565918 
155, -1.4475222826004028, 0.09649872779846191 
156, -1.4486005306243896, 0.09870314598083496 
157, -1.4489586353302002, 0.09542727470397949 
158, -1.4520015716552734, 0.09507179260253906 
159, -1.4551503658294678, 0.09838390350341797 
160, -1.4567798376083374, 0.09612393379211426 
161, -1.4571943283081055, 0.09573602676391602 
162, -1.4584722518920898, 0.09628915786743164 
163, -1.4608906507492065, 0.09470248222351074 
164, -1.4624085426330566, 0.09391021728515625 
165, -1.464672327041626, 0.09604835510253906 
166, -1.4672033786773682, 0.09484410285949707 
167, -1.4683613777160645, 0.09523963928222656 
168, -1.4680360555648804, 0.10046124458312988 
169, -1.468364953994751, 0.09901690483093262 
170, -1.4704575538635254, 0.10240030288696289 
171, -1.4726850986480713, 0.09711003303527832 
172, -1.474961757659912, 0.10224771499633789 
173, -1.475433349609375, 0.09984540939331055 
174, -1.4763579368591309, 0.09828066825866699 
175, -1.4789316654205322, 0.09783482551574707 
176, -1.4796186685562134, 0.09839177131652832 
177, -1.479782223701477, 0.09732961654663086 
178, -1.4826271533966064, 0.09711742401123047 
179, -1.4817020893096924, 0.09722232818603516 
180, -1.4858722686767578, 0.09901070594787598 
181, -1.4850828647613525, 0.09670615196228027 
182, -1.4869364500045776, 0.09804391860961914 
183, -1.486276626586914, 0.09953451156616211 
184, -1.4884668588638306, 0.0961763858795166 
185, -1.4911701679229736, 0.09781503677368164 
186, -1.4916437864303589, 0.09951424598693848 
187, -1.4916175603866577, 0.09615254402160645 
188, -1.494391918182373, 0.0977017879486084 
189, -1.4951822757720947, 0.09675884246826172 
190, -1.4954771995544434, 0.09401297569274902 
191, -1.497138500213623, 0.09611105918884277 
192, -1.4975959062576294, 0.09714508056640625 
193, -1.4989378452301025, 0.09553813934326172 
194, -1.4996213912963867, 0.10423731803894043 
195, -1.5013601779937744, 0.10004496574401855 
196, -1.4988881349563599, 0.09806323051452637 
197, -1.5020875930786133, 0.09757041931152344 
198, -1.5047202110290527, 0.1022026538848877 
199, -1.506258249282837, 0.0984644889831543 
200, -1.506434440612793, 0.09943914413452148 
201, -1.5067260265350342, 0.09982037544250488 
202, -1.508691430091858, 0.09972929954528809 
203, -1.5089821815490723, 0.09659004211425781 
204, -1.5092257261276245, 0.0980226993560791 
205, -1.5102617740631104, 0.09781002998352051 
206, -1.5101138353347778, 0.09675860404968262 
207, -1.5102128982543945, 0.09635615348815918 
208, -1.5130620002746582, 0.09801197052001953 
209, -1.5135712623596191, 0.09572792053222656 
210, -1.5157670974731445, 0.0946967601776123 
211, -1.5152997970581055, 0.0960395336151123 
212, -1.5171360969543457, 0.0950765609741211 
213, -1.5161783695220947, 0.09525871276855469 
214, -1.5157474279403687, 0.09576129913330078 
215, -1.5162773132324219, 0.09655332565307617 
216, -1.5206654071807861, 0.09383821487426758 
217, -1.5195331573486328, 0.09218025207519531 
218, -1.5209195613861084, 0.0971536636352539 
219, -1.5216233730316162, 0.09938597679138184 
220, -1.5220189094543457, 0.09697318077087402 
221, -1.5234856605529785, 0.09914684295654297 
222, -1.5232487916946411, 0.09885978698730469 
223, -1.5234721899032593, 0.09690332412719727 
224, -1.5240247249603271, 0.09698891639709473 
225, -1.5245970487594604, 0.09830212593078613 
226, -1.5260777473449707, 0.09876060485839844 
227, -1.5266623497009277, 0.10011696815490723 
228, -1.526968240737915, 0.1017143726348877 
229, -1.528473973274231, 0.09942150115966797 
230, -1.5274944305419922, 0.09978032112121582 
231, -1.529442548751831, 0.09566640853881836 
232, -1.5297985076904297, 0.09471273422241211 
233, -1.5306510925292969, 0.09649467468261719 
234, -1.530729055404663, 0.09633445739746094 
235, -1.5306414365768433, 0.0943455696105957 
236, -1.5320827960968018, 0.09574484825134277 
237, -1.5323086977005005, 0.09336066246032715 
238, -1.5331186056137085, 0.09569382667541504 
239, -1.5329804420471191, 0.09438776969909668 
240, -1.5333178043365479, 0.09260392189025879 
241, -1.5327844619750977, 0.09621715545654297 
242, -1.5347049236297607, 0.09918785095214844 
243, -1.5360970497131348, 0.09239363670349121 
244, -1.535433292388916, 0.09729719161987305 
245, -1.5362639427185059, 0.09676146507263184 
246, -1.536449670791626, 0.09403300285339355 
247, -1.5365171432495117, 0.09681987762451172 
248, -1.5363080501556396, 0.09976363182067871 
249, -1.5364054441452026, 0.0954139232635498 
250, -1.536879301071167, 0.09541511535644531 
251, -1.5380817651748657, 0.09724974632263184 
252, -1.538588047027588, 0.10015082359313965 
253, -1.5397639274597168, 0.09577155113220215 
254, -1.540100336074829, 0.10192108154296875 
255, -1.5401806831359863, 0.09807848930358887 
256, -1.5409108400344849, 0.10001540184020996 
257, -1.5399786233901978, 0.09595704078674316 
258, -1.5421020984649658, 0.0953969955444336 
259, -1.5424716472625732, 0.09385228157043457 
260, -1.5414698123931885, 0.09713864326477051 
261, -1.5425021648406982, 0.09604334831237793 
262, -1.5424773693084717, 0.09632229804992676 
263, -1.5430737733840942, 0.0948026180267334 
264, -1.5431971549987793, 0.09434342384338379 
265, -1.5430430173873901, 0.0936434268951416 
266, -1.5445462465286255, 0.09733462333679199 
267, -1.5436556339263916, 0.10749530792236328 
268, -1.544724464416504, 0.09550809860229492 
269, -1.5457253456115723, 0.09134602546691895 
270, -1.5459601879119873, 0.09019827842712402 
271, -1.5471199750900269, 0.0968472957611084 
272, -1.5467073917388916, 0.09401512145996094 
273, -1.5465832948684692, 0.0935518741607666 
274, -1.5459169149398804, 0.09918737411499023 
275, -1.5471192598342896, 0.09807991981506348 
276, -1.5480289459228516, 0.09308409690856934 
277, -1.5484039783477783, 0.09654617309570312 
278, -1.5487592220306396, 0.09733891487121582 
279, -1.548893690109253, 0.09666204452514648 
280, -1.5481865406036377, 0.0973823070526123 
281, -1.5485848188400269, 0.09747838973999023 
282, -1.5490168333053589, 0.09661746025085449 
283, -1.5487957000732422, 0.09831690788269043 
284, -1.549575924873352, 0.09428644180297852 
285, -1.5488864183425903, 0.09562420845031738 
286, -1.5500984191894531, 0.09510636329650879 
287, -1.5509415864944458, 0.10155057907104492 
288, -1.5509428977966309, 0.10202884674072266 
289, -1.551391363143921, 0.09678769111633301 
290, -1.5515626668930054, 0.09713077545166016 
291, -1.5521671772003174, 0.09514045715332031 
292, -1.5520045757293701, 0.09397268295288086 
293, -1.5525708198547363, 0.09485340118408203 
294, -1.5511422157287598, 0.09474515914916992 
295, -1.552223563194275, 0.09556102752685547 
296, -1.5530531406402588, 0.09132194519042969 
297, -1.553220510482788, 0.0952296257019043 
298, -1.5534679889678955, 0.09540724754333496 
299, -1.5537030696868896, 0.09305953979492188 
300, -1.5537872314453125, 0.0945444107055664 
301, -1.5544490814208984, 0.09740042686462402 
302, -1.5544936656951904, 0.09167790412902832 
303, -1.5541162490844727, 0.09582662582397461 
304, -1.553920030593872, 0.09985089302062988 
305, -1.5528302192687988, 0.10693693161010742 
306, -1.5546252727508545, 0.09584999084472656 
307, -1.5549235343933105, 0.09581351280212402 
308, -1.5547025203704834, 0.13170981407165527 
309, -1.5541267395019531, 0.10032391548156738 
310, -1.5547707080841064, 0.09976410865783691 
311, -1.555467128753662, 0.09718441963195801 
312, -1.5550999641418457, 0.0957498550415039 
313, -1.5554704666137695, 0.09739875793457031 
314, -1.5562539100646973, 0.09890007972717285 
315, -1.5558030605316162, 0.09176063537597656 
316, -1.5567913055419922, 0.09200477600097656 
317, -1.5569469928741455, 0.09399175643920898 
318, -1.5572279691696167, 0.09356927871704102 
319, -1.5577070713043213, 0.09029936790466309 
320, -1.5567593574523926, 0.09327077865600586 
321, -1.556888461112976, 0.09536504745483398 
322, -1.5574474334716797, 0.09088277816772461 
323, -1.5577038526535034, 0.09198808670043945 
324, -1.557592511177063, 0.09554815292358398 
325, -1.5581156015396118, 0.09286856651306152 
326, -1.5575447082519531, 0.09357619285583496 
327, -1.557409644126892, 0.09579062461853027 
328, -1.5581834316253662, 0.09649968147277832 
329, -1.5591163635253906, 0.09528064727783203 
330, -1.5586142539978027, 0.0961921215057373 
331, -1.5584743022918701, 0.09702372550964355 
332, -1.559312343597412, 0.09627628326416016 
333, -1.5575549602508545, 0.09705257415771484 
334, -1.5583056211471558, 0.09576010704040527 
335, -1.5593397617340088, 0.0941324234008789 
336, -1.5589827299118042, 0.09610199928283691 
337, -1.5591613054275513, 0.09589695930480957 
338, -1.5592420101165771, 0.0975484848022461 
339, -1.5594406127929688, 0.09337878227233887 
340, -1.5596107244491577, 0.0965116024017334 
341, -1.5596346855163574, 0.09217643737792969 
342, -1.5604982376098633, 0.09023523330688477 
343, -1.5605775117874146, 0.0907127857208252 
344, -1.5585098266601562, 0.09234166145324707 
345, -1.5593328475952148, 0.09079670906066895 
346, -1.5599608421325684, 0.0915529727935791 
347, -1.5598528385162354, 0.0918583869934082 
348, -1.5607361793518066, 0.09235167503356934 
349, -1.5607759952545166, 0.09238076210021973 
350, -1.5600183010101318, 0.09294271469116211 
351, -1.5595717430114746, 0.09107422828674316 
352, -1.5594747066497803, 0.09146833419799805 
353, -1.5603821277618408, 0.09221529960632324 
354, -1.5608537197113037, 0.09396195411682129 
355, -1.560984492301941, 0.09655070304870605 
356, -1.5617516040802002, 0.09569072723388672 
357, -1.5617034435272217, 0.09348344802856445 
358, -1.561558485031128, 0.09594035148620605 
359, -1.561765193939209, 0.09654378890991211 
360, -1.560451865196228, 0.0990593433380127 
361, -1.5618137121200562, 0.09571361541748047 
362, -1.5624089241027832, 0.09856939315795898 
363, -1.5603318214416504, 0.09808540344238281 
364, -1.5617265701293945, 0.09704136848449707 
365, -1.5617748498916626, 0.09593677520751953 
366, -1.5615408420562744, 0.09320855140686035 
367, -1.5620863437652588, 0.09439277648925781 
368, -1.5620191097259521, 0.09302568435668945 
369, -1.5618399381637573, 0.0912325382232666 
370, -1.5625360012054443, 0.09008431434631348 
371, -1.5624065399169922, 0.09261202812194824 
372, -1.5625805854797363, 0.0967257022857666 
373, -1.5624935626983643, 0.09085321426391602 
374, -1.5629514455795288, 0.09643983840942383 
375, -1.5632359981536865, 0.09533858299255371 
376, -1.5628987550735474, 0.0915219783782959 
377, -1.5628612041473389, 0.09309148788452148 
378, -1.5630720853805542, 0.09054040908813477 
379, -1.5634870529174805, 0.09248065948486328 
380, -1.5634324550628662, 0.09131217002868652 
381, -1.5634489059448242, 0.09538865089416504 
382, -1.5632774829864502, 0.09547758102416992 
383, -1.563023567199707, 0.09569478034973145 
384, -1.5637975931167603, 0.09670233726501465 
385, -1.562486171722412, 0.09687089920043945 
386, -1.5632197856903076, 0.09847021102905273 
387, -1.5628505945205688, 0.09702372550964355 
388, -1.562957763671875, 0.09624528884887695 
389, -1.5634875297546387, 0.09431123733520508 
390, -1.5637190341949463, 0.09736752510070801 
391, -1.5636050701141357, 0.09532666206359863 
392, -1.5615334510803223, 0.09435725212097168 
393, -1.5617879629135132, 0.09466719627380371 
394, -1.5628604888916016, 0.09537792205810547 
395, -1.5638879537582397, 0.0913839340209961 
396, -1.564036250114441, 0.08811712265014648 
397, -1.5638346672058105, 0.0909414291381836 
398, -1.5633163452148438, 0.09330391883850098 
399, -1.563818097114563, 0.0921640396118164 
400, -1.5633001327514648, 0.09465384483337402 
401, -1.5633940696716309, 0.09383726119995117 
402, -1.5635915994644165, 0.09303736686706543 
403, -1.5639395713806152, 0.09228301048278809 
404, -1.5636682510375977, 0.09738516807556152 
405, -1.5644237995147705, 0.0937349796295166 
406, -1.564518928527832, 0.09218835830688477 
407, -1.5647311210632324, 0.09172606468200684 
408, -1.5647332668304443, 0.09837698936462402 
409, -1.5640771389007568, 0.09671211242675781 
410, -1.56485915184021, 0.09776711463928223 
411, -1.5652377605438232, 0.09910058975219727 
412, -1.5651562213897705, 0.09742546081542969 
413, -1.5651910305023193, 0.09552145004272461 
414, -1.5636577606201172, 0.09507632255554199 
415, -1.5648219585418701, 0.10140562057495117 
416, -1.5651516914367676, 0.09797883033752441 
417, -1.5653232336044312, 0.09612631797790527 
418, -1.5652096271514893, 0.09831953048706055 
419, -1.5653016567230225, 0.09794116020202637 
420, -1.564902424812317, 0.09499764442443848 
421, -1.5653607845306396, 0.0946497917175293 
422, -1.5648691654205322, 0.09635353088378906 
423, -1.565507173538208, 0.09253311157226562 
424, -1.5650558471679688, 0.09070658683776855 
425, -1.565521478652954, 0.09384560585021973 
426, -1.5652048587799072, 0.09751462936401367 
427, -1.564429521560669, 0.09472990036010742 
428, -1.5651988983154297, 0.0921335220336914 
429, -1.5650330781936646, 0.09607076644897461 
430, -1.5643556118011475, 0.09597921371459961 
431, -1.5645023584365845, 0.09389925003051758 
432, -1.5645997524261475, 0.09328770637512207 
433, -1.5646042823791504, 0.09476351737976074 
434, -1.5651390552520752, 0.09811568260192871 
435, -1.5652251243591309, 0.09451913833618164 
436, -1.5653313398361206, 0.0982818603515625 
437, -1.5653448104858398, 0.09654355049133301 
438, -1.5653870105743408, 0.09552407264709473 
439, -1.5625591278076172, 0.09946060180664062 
440, -1.5659196376800537, 0.09717416763305664 
441, -1.5646164417266846, 0.1013023853302002 
442, -1.56465744972229, 0.09633803367614746 
443, -1.5647319555282593, 0.09784436225891113 
444, -1.565173625946045, 0.09804844856262207 
445, -1.565081000328064, 0.0970010757446289 
446, -1.5651161670684814, 0.09660553932189941 
447, -1.5640677213668823, 0.09640240669250488 
448, -1.5639703273773193, 0.09360265731811523 
449, -1.5644869804382324, 0.09538030624389648 
450, -1.564345121383667, 0.09593701362609863 
451, -1.5641226768493652, 0.09279537200927734 
452, -1.564644694328308, 0.09276843070983887 
453, -1.5651664733886719, 0.09724736213684082 
454, -1.5650019645690918, 0.09368491172790527 
455, -1.565290093421936, 0.09412169456481934 
456, -1.5661897659301758, 0.0946493148803711 
457, -1.5660860538482666, 0.09788680076599121 
458, -1.5643075704574585, 0.09671640396118164 
459, -1.5619802474975586, 0.09280252456665039 
460, -1.5644341707229614, 0.09387850761413574 
461, -1.5643980503082275, 0.09398555755615234 
462, -1.565056324005127, 0.09552955627441406 
463, -1.566349983215332, 0.09355974197387695 
464, -1.5655150413513184, 0.09779214859008789 
465, -1.5654821395874023, 0.09671688079833984 
466, -1.5648956298828125, 0.09356021881103516 
467, -1.564836025238037, 0.0940864086151123 
468, -1.5647199153900146, 0.10174202919006348 
469, -1.5652949810028076, 0.09839677810668945 
470, -1.564730167388916, 0.09508609771728516 
471, -1.5651497840881348, 0.09525585174560547 
472, -1.5658073425292969, 0.09924197196960449 
473, -1.5660792589187622, 0.09535932540893555 
474, -1.566126823425293, 0.09444451332092285 
475, -1.5662314891815186, 0.09539794921875 
476, -1.5643565654754639, 0.0975792407989502 
477, -1.5648343563079834, 0.0949714183807373 
478, -1.5643450021743774, 0.09750676155090332 
479, -1.5665736198425293, 0.09757876396179199 
480, -1.5665388107299805, 0.09496140480041504 
481, -1.5665318965911865, 0.0921480655670166 
482, -1.565903663635254, 0.1014852523803711 
483, -1.5662057399749756, 0.09585428237915039 
484, -1.566422700881958, 0.09478545188903809 
485, -1.566311240196228, 0.09493851661682129 
486, -1.5658034086227417, 0.09763145446777344 
487, -1.5664570331573486, 0.09245729446411133 
488, -1.5658748149871826, 0.09383273124694824 
489, -1.5660905838012695, 0.09429740905761719 
490, -1.566654920578003, 0.09656167030334473 
491, -1.5665794610977173, 0.09693312644958496 
492, -1.5667860507965088, 0.10002589225769043 
493, -1.5667563676834106, 0.09864377975463867 
494, -1.5654398202896118, 0.09580588340759277 
495, -1.5653979778289795, 0.09868192672729492 
496, -1.5668071508407593, 0.10138773918151855 
497, -1.5668232440948486, 0.09630823135375977 
498, -1.5669407844543457, 0.09331226348876953 
499, -1.566960334777832, 0.09830284118652344 
500, -1.5668058395385742, 0.0996401309967041 
501, -1.5666821002960205, 0.09525442123413086 
502, -1.5664825439453125, 0.0968937873840332 
503, -1.5668017864227295, 0.10034823417663574 
504, -1.565996766090393, 0.09519696235656738 
505, -1.5661351680755615, 0.09490346908569336 
506, -1.5669455528259277, 0.1012110710144043 
507, -1.5665721893310547, 0.09473299980163574 
508, -1.566030740737915, 0.09459519386291504 
509, -1.5665946006774902, 0.09672904014587402 
510, -1.5665936470031738, 0.10046601295471191 
511, -1.5662329196929932, 0.09334397315979004 
512, -1.5661401748657227, 0.09308934211730957 
513, -1.5661120414733887, 0.09519124031066895 
514, -1.5664350986480713, 0.09238958358764648 
515, -1.5668625831604004, 0.09048914909362793 
516, -1.5666385889053345, 0.09551477432250977 
517, -1.5664849281311035, 0.09607529640197754 
518, -1.5647776126861572, 0.09395790100097656 
519, -1.5668606758117676, 0.09574604034423828 
520, -1.5667966604232788, 0.10012102127075195 
521, -1.5670335292816162, 0.09623122215270996 
522, -1.566760540008545, 0.09420967102050781 
523, -1.566087245941162, 0.0991356372833252 
524, -1.5666563510894775, 0.0959775447845459 
525, -1.566953182220459, 0.09756994247436523 
526, -1.5666255950927734, 0.09823322296142578 
527, -1.566995620727539, 0.09797906875610352 
528, -1.5663056373596191, 0.09789347648620605 
529, -1.5656870603561401, 0.09915471076965332 
530, -1.5662744045257568, 0.10282468795776367 
531, -1.5664560794830322, 0.09491491317749023 
532, -1.566479206085205, 0.09661149978637695 
533, -1.5657424926757812, 0.09603142738342285 
534, -1.5654411315917969, 0.09652209281921387 
535, -1.5665075778961182, 0.09435629844665527 
536, -1.5658986568450928, 0.0949857234954834 
537, -1.5657038688659668, 0.09536409378051758 
538, -1.5663411617279053, 0.09432244300842285 
539, -1.566170573234558, 0.09275627136230469 
540, -1.567006230354309, 0.09352612495422363 
541, -1.5660394430160522, 0.09586381912231445 
542, -1.5635669231414795, 0.0921163558959961 
543, -1.5668156147003174, 0.0971982479095459 
544, -1.5668861865997314, 0.09965252876281738 
545, -1.5665088891983032, 0.09581470489501953 
546, -1.5667011737823486, 0.09430432319641113 
547, -1.5663368701934814, 0.09896159172058105 
548, -1.5665204524993896, 0.09753155708312988 
549, -1.5668984651565552, 0.09830164909362793 
550, -1.5670430660247803, 0.09906792640686035 
551, -1.5672786235809326, 0.10085225105285645 
552, -1.566354751586914, 0.09786772727966309 
553, -1.5660083293914795, 0.09644246101379395 
554, -1.5665624141693115, 0.10301566123962402 
555, -1.5661797523498535, 0.09756970405578613 
556, -1.5668398141860962, 0.09689545631408691 
557, -1.5668935775756836, 0.10336136817932129 
558, -1.5669424533843994, 0.09922099113464355 
559, -1.566321849822998, 0.09537625312805176 
560, -1.5662972927093506, 0.09517836570739746 
561, -1.566330909729004, 0.09588146209716797 
562, -1.5668981075286865, 0.09640717506408691 
563, -1.5657129287719727, 0.09286260604858398 
564, -1.5659618377685547, 0.09743261337280273 
565, -1.5663893222808838, 0.0944981575012207 
566, -1.5659832954406738, 0.09301161766052246 
567, -1.566693902015686, 0.09090471267700195 
568, -1.5669012069702148, 0.0956730842590332 
569, -1.5670291185379028, 0.0956580638885498 
570, -1.5653605461120605, 0.09921622276306152 
571, -1.5633143186569214, 0.09913349151611328 
572, -1.566116213798523, 0.09748721122741699 
573, -1.5655368566513062, 0.0967552661895752 
574, -1.5673062801361084, 0.09733819961547852 
575, -1.5665549039840698, 0.09703183174133301 
576, -1.5667152404785156, 0.09696078300476074 
577, -1.5666817426681519, 0.09894275665283203 
578, -1.5663509368896484, 0.10125350952148438 
579, -1.5662661790847778, 0.09885406494140625 
580, -1.5667190551757812, 0.09910774230957031 
581, -1.5670020580291748, 0.09878897666931152 
582, -1.5669176578521729, 0.09776520729064941 
583, -1.5665807723999023, 0.10024666786193848 
584, -1.566513180732727, 0.10211849212646484 
585, -1.5673205852508545, 0.0989995002746582 
586, -1.5672383308410645, 0.09561800956726074 
587, -1.5659327507019043, 0.09861469268798828 
588, -1.5657459497451782, 0.09646272659301758 
589, -1.5667058229446411, 0.09340071678161621 
590, -1.56742262840271, 0.09553337097167969 
591, -1.5666357278823853, 0.09259247779846191 
592, -1.5670793056488037, 0.09368491172790527 
593, -1.5672714710235596, 0.09393763542175293 
594, -1.5669199228286743, 0.0928196907043457 
595, -1.5670480728149414, 0.09355354309082031 
596, -1.5672106742858887, 0.09781026840209961 
597, -1.566406011581421, 0.09578990936279297 
598, -1.566607117652893, 0.09730315208435059 
599, -1.566094160079956, 0.09590339660644531 
600, -1.5661324262619019, 0.09615945816040039 
601, -1.5657010078430176, 0.09667134284973145 
602, -1.566422939300537, 0.10072517395019531 
603, -1.566232442855835, 0.09791445732116699 
604, -1.5665044784545898, 0.09928131103515625 
605, -1.5668531656265259, 0.09728407859802246 
606, -1.5663485527038574, 0.09743452072143555 
607, -1.5671639442443848, 0.09525299072265625 
608, -1.5669541358947754, 0.0980222225189209 
609, -1.5674371719360352, 0.09938883781433105 
610, -1.5674247741699219, 0.09738326072692871 
611, -1.567166805267334, 0.09705328941345215 
612, -1.5659703016281128, 0.09668564796447754 
613, -1.5671391487121582, 0.09644579887390137 
614, -1.5673142671585083, 0.09720659255981445 
615, -1.5662293434143066, 0.0975339412689209 
616, -1.566673994064331, 0.09447240829467773 
617, -1.5665698051452637, 0.09349179267883301 
618, -1.5668385028839111, 0.09492945671081543 
619, -1.5669689178466797, 0.09413337707519531 
620, -1.5670740604400635, 0.09483146667480469 
621, -1.5670706033706665, 0.09520721435546875 
622, -1.5670366287231445, 0.09766006469726562 
623, -1.5673224925994873, 0.09279036521911621 
624, -1.5657742023468018, 0.09538125991821289 
625, -1.5669443607330322, 0.0954446792602539 
626, -1.5657942295074463, 0.1004478931427002 
627, -1.566742181777954, 0.09509778022766113 
628, -1.566185712814331, 0.09560298919677734 
629, -1.567179560661316, 0.09890961647033691 
630, -1.5665920972824097, 0.09720826148986816 
631, -1.5662574768066406, 0.10174822807312012 
632, -1.566124677658081, 0.09767365455627441 
633, -1.5665714740753174, 0.09934282302856445 
634, -1.5661094188690186, 0.09634566307067871 
635, -1.5660772323608398, 0.09773898124694824 
636, -1.5663845539093018, 0.09941697120666504 
637, -1.5655324459075928, 0.0981435775756836 
638, -1.567224144935608, 0.10253262519836426 
639, -1.5672109127044678, 0.0945732593536377 
640, -1.5666015148162842, 0.09628987312316895 
641, -1.565758466720581, 0.0978078842163086 
642, -1.5667835474014282, 0.09538054466247559 
643, -1.566465973854065, 0.09349727630615234 
644, -1.56632661819458, 0.0937201976776123 
645, -1.566788911819458, 0.09342217445373535 
646, -1.5653579235076904, 0.09740376472473145 
647, -1.5660265684127808, 0.09655642509460449 
648, -1.5667541027069092, 0.09527420997619629 
649, -1.5660018920898438, 0.09562921524047852 
650, -1.566011905670166, 0.09816145896911621 
651, -1.5666437149047852, 0.09685039520263672 
652, -1.566707730293274, 0.09733319282531738 
653, -1.5664527416229248, 0.0971212387084961 
654, -1.5667941570281982, 0.0958108901977539 
655, -1.5665302276611328, 0.09669995307922363 
656, -1.5670387744903564, 0.09876537322998047 
657, -1.5667498111724854, 0.10118889808654785 
658, -1.5671019554138184, 0.0990605354309082 
659, -1.5670042037963867, 0.09798598289489746 
660, -1.5665004253387451, 0.1009364128112793 
661, -1.5672872066497803, 0.10060834884643555 
662, -1.5667097568511963, 0.09731340408325195 
663, -1.5663063526153564, 0.09669947624206543 
664, -1.5650532245635986, 0.09874892234802246 
665, -1.5660125017166138, 0.09937596321105957 
666, -1.5658115148544312, 0.0955810546875 
667, -1.5667333602905273, 0.09551858901977539 
668, -1.5666296482086182, 0.09673690795898438 
669, -1.566936731338501, 0.09326791763305664 
670, -1.5671615600585938, 0.0944664478302002 
671, -1.566387414932251, 0.09226393699645996 
672, -1.566460132598877, 0.09223127365112305 
673, -1.5659503936767578, 0.0937643051147461 
674, -1.5672264099121094, 0.10000228881835938 
675, -1.5664820671081543, 0.09694385528564453 
676, -1.5662686824798584, 0.09500432014465332 
677, -1.566536784172058, 0.09644961357116699 
678, -1.5666382312774658, 0.09764409065246582 
679, -1.5663787126541138, 0.09553861618041992 
680, -1.567070484161377, 0.09633469581604004 
681, -1.5671422481536865, 0.0988917350769043 
682, -1.5674598217010498, 0.09657621383666992 
683, -1.567354679107666, 0.09609389305114746 
684, -1.5671333074569702, 0.09946751594543457 
685, -1.5656665563583374, 0.1027064323425293 
686, -1.5666011571884155, 0.09757781028747559 
687, -1.566262125968933, 0.09865880012512207 
688, -1.5667706727981567, 0.0998525619506836 
689, -1.567203402519226, 0.09670734405517578 
690, -1.566918134689331, 0.09662675857543945 
691, -1.5662966966629028, 0.09579801559448242 
692, -1.566530704498291, 0.09886336326599121 
693, -1.5660054683685303, 0.09642767906188965 
694, -1.5669806003570557, 0.09650874137878418 
695, -1.5663769245147705, 0.09554672241210938 
696, -1.5672614574432373, 0.09327077865600586 
697, -1.5673065185546875, 0.09512448310852051 
698, -1.567030429840088, 0.09739017486572266 
699, -1.5660759210586548, 0.09692716598510742 
700, -1.5663174390792847, 0.09901213645935059 
701, -1.5667365789413452, 0.09795165061950684 
702, -1.5669926404953003, 0.09574270248413086 
703, -1.567023754119873, 0.09447956085205078 
704, -1.5667860507965088, 0.09637832641601562 
705, -1.5666017532348633, 0.0956583023071289 
706, -1.566645622253418, 0.09634637832641602 
707, -1.5671260356903076, 0.09968113899230957 
708, -1.5664869546890259, 0.14438867568969727 
709, -1.5673093795776367, 0.09743452072143555 
710, -1.5671660900115967, 0.09774661064147949 
711, -1.5666897296905518, 0.09874939918518066 
712, -1.5670976638793945, 0.10199689865112305 
713, -1.567002773284912, 0.12008166313171387 
714, -1.5669376850128174, 0.19231629371643066 
715, -1.566576361656189, 0.09807944297790527 
716, -1.5667402744293213, 0.09837460517883301 
717, -1.566772222518921, 0.0943605899810791 
718, -1.5666751861572266, 0.09402704238891602 
719, -1.5662086009979248, 0.09895491600036621 
720, -1.5668938159942627, 0.09589314460754395 
721, -1.5661125183105469, 0.09544515609741211 
722, -1.5660111904144287, 0.10071015357971191 
723, -1.566442847251892, 0.09758853912353516 
724, -1.5665160417556763, 0.0955498218536377 
725, -1.5661554336547852, 0.09524703025817871 
726, -1.5667484998703003, 0.09618330001831055 
727, -1.5665267705917358, 0.09616947174072266 
728, -1.566471815109253, 0.09485650062561035 
729, -1.5662648677825928, 0.09949731826782227 
730, -1.5660786628723145, 0.09829568862915039 
731, -1.5659914016723633, 0.09464406967163086 
732, -1.5670520067214966, 0.09906578063964844 
733, -1.5672632455825806, 0.10304069519042969 
734, -1.5668070316314697, 0.09710812568664551 
735, -1.5672662258148193, 0.09125566482543945 
736, -1.5672467947006226, 0.09762215614318848 
737, -1.5672860145568848, 0.09849715232849121 
738, -1.5670331716537476, 0.09593558311462402 
739, -1.5673859119415283, 0.09786772727966309 
740, -1.5668296813964844, 0.10004067420959473 
741, -1.5665379762649536, 0.09467077255249023 
742, -1.5667263269424438, 0.09732770919799805 
743, -1.566396951675415, 0.09955000877380371 
744, -1.5666358470916748, 0.09630060195922852 
745, -1.566314458847046, 0.09410738945007324 
746, -1.5668528079986572, 0.1037588119506836 
747, -1.5666530132293701, 0.09774494171142578 
748, -1.5671368837356567, 0.095001220703125 
749, -1.5668636560440063, 0.09554362297058105 
750, -1.5655425786972046, 0.0964670181274414 
751, -1.5652556419372559, 0.09415507316589355 
752, -1.5664739608764648, 0.10061168670654297 
753, -1.5669770240783691, 0.09884285926818848 
754, -1.5667316913604736, 0.09622836112976074 
755, -1.5664780139923096, 0.09612679481506348 
756, -1.564716100692749, 0.09995818138122559 
757, -1.565556526184082, 0.09671497344970703 
758, -1.5655901432037354, 0.09639954566955566 
759, -1.5661633014678955, 0.09851193428039551 
760, -1.56607985496521, 0.09777569770812988 
761, -1.5660792589187622, 0.0962836742401123 
762, -1.5660285949707031, 0.0980370044708252 
763, -1.5663152933120728, 0.09899020195007324 
764, -1.5666276216506958, 0.10145139694213867 
765, -1.566338300704956, 0.09416699409484863 
766, -1.5665082931518555, 0.0989677906036377 
767, -1.5673632621765137, 0.09760236740112305 
768, -1.5674030780792236, 0.09742927551269531 
769, -1.5668659210205078, 0.09803390502929688 
770, -1.5669958591461182, 0.10170578956604004 
771, -1.5676836967468262, 0.09812617301940918 
772, -1.5660667419433594, 0.10910558700561523 
773, -1.5659306049346924, 0.09617233276367188 
774, -1.567063570022583, 0.09485936164855957 
775, -1.5672394037246704, 0.09793376922607422 
776, -1.5675866603851318, 0.09827566146850586 
777, -1.5658588409423828, 0.09544658660888672 
778, -1.5657074451446533, 0.09697818756103516 
779, -1.5660266876220703, 0.09935116767883301 
780, -1.5671734809875488, 0.09930157661437988 
781, -1.5674835443496704, 0.09616994857788086 
782, -1.5666325092315674, 0.09951496124267578 
783, -1.566886305809021, 0.09783315658569336 
784, -1.5661216974258423, 0.09797930717468262 
785, -1.5664697885513306, 0.09684443473815918 
786, -1.5672564506530762, 0.09853792190551758 
787, -1.566627025604248, 0.09732675552368164 
788, -1.5667682886123657, 0.09882974624633789 
789, -1.567477822303772, 0.09996867179870605 
790, -1.567006230354309, 0.09725260734558105 
791, -1.5673871040344238, 0.09525132179260254 
792, -1.5658106803894043, 0.09641218185424805 
793, -1.5660443305969238, 0.09885907173156738 
794, -1.5665452480316162, 0.10228967666625977 
795, -1.5670855045318604, 0.09896278381347656 
796, -1.567277431488037, 0.09954237937927246 
797, -1.5670437812805176, 0.10174131393432617 
798, -1.5664238929748535, 0.09735321998596191 
799, -1.5671974420547485, 0.09856367111206055 
800, -1.5664470195770264, 0.09526300430297852 
801, -1.5673445463180542, 0.09336185455322266 
802, -1.5671827793121338, 0.09961223602294922 
803, -1.5673487186431885, 0.09745907783508301 
804, -1.5672714710235596, 0.09855532646179199 
805, -1.5666272640228271, 0.09988880157470703 
806, -1.5654664039611816, 0.10251331329345703 
807, -1.567352533340454, 0.09773755073547363 
808, -1.5669441223144531, 0.09567642211914062 
809, -1.5664676427841187, 0.09938859939575195 
810, -1.5662802457809448, 0.09891510009765625 
811, -1.566195011138916, 0.09449172019958496 
812, -1.566296100616455, 0.09829211235046387 
813, -1.5669829845428467, 0.09834432601928711 
814, -1.5666496753692627, 0.09398984909057617 
815, -1.5667804479599, 0.10819315910339355 
816, -1.5674328804016113, 0.10039734840393066 
817, -1.5666804313659668, 0.0972898006439209 
818, -1.5655438899993896, 0.09826874732971191 
819, -1.5674750804901123, 0.09636974334716797 
820, -1.567152500152588, 0.09705376625061035 
821, -1.5667892694473267, 0.09507226943969727 
822, -1.5669655799865723, 0.09714031219482422 
823, -1.566779375076294, 0.10010290145874023 
824, -1.5664360523223877, 0.09610128402709961 
825, -1.5671703815460205, 0.09611797332763672 
826, -1.5672924518585205, 0.09871578216552734 
827, -1.567370891571045, 0.09741783142089844 
828, -1.566965103149414, 0.09286260604858398 
829, -1.566651463508606, 0.09892749786376953 
830, -1.5669914484024048, 0.09821510314941406 
831, -1.5668970346450806, 0.09726905822753906 
832, -1.5670841932296753, 0.09871149063110352 
833, -1.5672153234481812, 0.09787750244140625 
834, -1.5674293041229248, 0.09865832328796387 
835, -1.5667502880096436, 0.09714555740356445 
836, -1.5654311180114746, 0.09864425659179688 
837, -1.5666875839233398, 0.09663510322570801 
838, -1.5669078826904297, 0.09735846519470215 
839, -1.5670329332351685, 0.09678459167480469 
840, -1.5669572353363037, 0.09673500061035156 
841, -1.5668909549713135, 0.0969383716583252 
842, -1.5661572217941284, 0.1016855239868164 
843, -1.5667271614074707, 0.09686803817749023 
844, -1.5668165683746338, 0.0941472053527832 
845, -1.567131519317627, 0.09788870811462402 
846, -1.567295789718628, 0.09740805625915527 
847, -1.5674207210540771, 0.09663963317871094 
848, -1.567261815071106, 0.09639692306518555 
849, -1.564760446548462, 0.10339522361755371 
850, -1.5657055377960205, 0.09865927696228027 
851, -1.5654282569885254, 0.09670233726501465 
852, -1.566896915435791, 0.09647178649902344 
853, -1.5669786930084229, 0.09857344627380371 
854, -1.56694495677948, 0.09895610809326172 
855, -1.5658875703811646, 0.09856200218200684 
856, -1.5660779476165771, 0.10211968421936035 
857, -1.565262794494629, 0.09786725044250488 
858, -1.5656578540802002, 0.09683489799499512 
859, -1.5643260478973389, 0.09594106674194336 
860, -1.5654377937316895, 0.09699678421020508 
861, -1.5655041933059692, 0.09805750846862793 
862, -1.5657262802124023, 0.09782862663269043 
863, -1.5649303197860718, 0.09691762924194336 
864, -1.5656611919403076, 0.09596991539001465 
865, -1.5667766332626343, 0.09903407096862793 
866, -1.566650152206421, 0.1001291275024414 
867, -1.5672762393951416, 0.0962984561920166 
868, -1.5673030614852905, 0.10157227516174316 
869, -1.5658576488494873, 0.09992027282714844 
870, -1.5649738311767578, 0.09681463241577148 
871, -1.5671743154525757, 0.09751152992248535 
872, -1.5668981075286865, 0.09794378280639648 
873, -1.5668487548828125, 0.0940392017364502 
874, -1.566275715827942, 0.09495091438293457 
875, -1.5659995079040527, 0.09820866584777832 
876, -1.5659704208374023, 0.09725499153137207 
877, -1.5660518407821655, 0.09810256958007812 
878, -1.5666399002075195, 0.09881329536437988 
879, -1.5669201612472534, 0.09382820129394531 
880, -1.5673246383666992, 0.09634661674499512 
881, -1.5668954849243164, 0.09539651870727539 
882, -1.5672261714935303, 0.0999290943145752 
883, -1.566505789756775, 0.09684014320373535 
884, -1.5676238536834717, 0.09935331344604492 
885, -1.5670950412750244, 0.09938812255859375 
886, -1.5669221878051758, 0.09738516807556152 
887, -1.5669949054718018, 0.09847807884216309 
888, -1.5670325756072998, 0.09717464447021484 
889, -1.5667057037353516, 0.09615206718444824 
890, -1.5673210620880127, 0.09844732284545898 
891, -1.566636562347412, 0.09779691696166992 
892, -1.5671944618225098, 0.09932827949523926 
893, -1.5675787925720215, 0.09625077247619629 
894, -1.5663118362426758, 0.09992527961730957 
895, -1.564256191253662, 0.09845900535583496 
896, -1.5663676261901855, 0.09640049934387207 
897, -1.566258192062378, 0.09722256660461426 
898, -1.5668178796768188, 0.09914660453796387 
899, -1.5664803981781006, 0.09674525260925293 
900, -1.5657609701156616, 0.0926666259765625 
901, -1.5656951665878296, 0.09654474258422852 
902, -1.565378189086914, 0.09789013862609863 
903, -1.5650568008422852, 0.09483480453491211 
904, -1.5657904148101807, 0.0954580307006836 
905, -1.565386176109314, 0.09848523139953613 
906, -1.5661182403564453, 0.0948634147644043 
907, -1.5664324760437012, 0.09390521049499512 
908, -1.566896915435791, 0.09595942497253418 
909, -1.566612720489502, 0.09723186492919922 
910, -1.567265510559082, 0.0969693660736084 
911, -1.5672231912612915, 0.09977149963378906 
912, -1.5670149326324463, 0.09850668907165527 
913, -1.5668524503707886, 0.0974111557006836 
914, -1.567596197128296, 0.10075879096984863 
915, -1.5671406984329224, 0.10080337524414062 
916, -1.5671577453613281, 0.09758472442626953 
917, -1.5670604705810547, 0.1059105396270752 
918, -1.5668327808380127, 0.10874080657958984 
919, -1.5673143863677979, 0.09860873222351074 
920, -1.567223072052002, 0.09747481346130371 
921, -1.5675060749053955, 0.09704041481018066 
922, -1.565882921218872, 0.09940218925476074 
923, -1.5665090084075928, 0.09870409965515137 
924, -1.5671699047088623, 0.09401941299438477 
925, -1.5668578147888184, 0.09864139556884766 
926, -1.5672411918640137, 0.09647417068481445 
927, -1.5667567253112793, 0.09635162353515625 
928, -1.5665148496627808, 0.09366893768310547 
929, -1.567083716392517, 0.0952613353729248 
930, -1.5675171613693237, 0.09711217880249023 
931, -1.5671756267547607, 0.09550642967224121 
932, -1.5676180124282837, 0.10072684288024902 
933, -1.5637030601501465, 0.0951387882232666 
934, -1.565252661705017, 0.09410262107849121 
935, -1.5656826496124268, 0.09865641593933105 
936, -1.566985845565796, 0.09738326072692871 
937, -1.5672780275344849, 0.09599184989929199 
938, -1.5660266876220703, 0.10349869728088379 
939, -1.5656416416168213, 0.09978675842285156 
940, -1.5648627281188965, 0.09806680679321289 
941, -1.5654104948043823, 0.09510684013366699 
942, -1.5650551319122314, 0.10186505317687988 
943, -1.5641194581985474, 0.09635591506958008 
944, -1.5652168989181519, 0.09708333015441895 
945, -1.565577507019043, 0.10094475746154785 
946, -1.5655202865600586, 0.09864473342895508 
947, -1.5667097568511963, 0.0989377498626709 
948, -1.566849946975708, 0.09769964218139648 
949, -1.5669147968292236, 0.10005784034729004 
950, -1.5674028396606445, 0.09628558158874512 
951, -1.566720724105835, 0.09733867645263672 
952, -1.5663156509399414, 0.09827399253845215 
953, -1.5662827491760254, 0.09660696983337402 
954, -1.5670582056045532, 0.09511923789978027 
955, -1.566692590713501, 0.09646844863891602 
956, -1.5661509037017822, 0.09540247917175293 
957, -1.5659527778625488, 0.09478902816772461 
958, -1.5654420852661133, 0.09328150749206543 
959, -1.5653777122497559, 0.09427070617675781 
960, -1.5661036968231201, 0.0950477123260498 
961, -1.566915512084961, 0.09458756446838379 
962, -1.5671768188476562, 0.10193538665771484 
963, -1.5673105716705322, 0.09771943092346191 
964, -1.5665125846862793, 0.10119056701660156 
965, -1.5657680034637451, 0.10085058212280273 
966, -1.5671275854110718, 0.10161995887756348 
967, -1.566833734512329, 0.09753227233886719 
968, -1.5672626495361328, 0.09995841979980469 
969, -1.566560983657837, 0.09698820114135742 
970, -1.567448377609253, 0.09595966339111328 
971, -1.5673108100891113, 0.0988926887512207 
972, -1.5667736530303955, 0.10130548477172852 
973, -1.567040205001831, 0.09670758247375488 
974, -1.5673942565917969, 0.09680008888244629 
975, -1.5665042400360107, 0.09850668907165527 
976, -1.5663524866104126, 0.09698081016540527 
977, -1.5662891864776611, 0.09553384780883789 
978, -1.5665165185928345, 0.09429049491882324 
979, -1.5669054985046387, 0.0976862907409668 
980, -1.5666134357452393, 0.09686684608459473 
981, -1.566580057144165, 0.09884476661682129 
982, -1.5669831037521362, 0.0961294174194336 
983, -1.5666160583496094, 0.09549379348754883 
984, -1.566582202911377, 0.09438586235046387 
985, -1.5670061111450195, 0.09223532676696777 
986, -1.5672037601470947, 0.10057377815246582 
987, -1.566908836364746, 0.0957329273223877 
988, -1.5670268535614014, 0.09333181381225586 
989, -1.5661169290542603, 0.09787440299987793 
990, -1.5665111541748047, 0.09900808334350586 
991, -1.567145586013794, 0.09652304649353027 
992, -1.567192792892456, 0.10118341445922852 
993, -1.567238211631775, 0.0982675552368164 
994, -1.5671385526657104, 0.09738945960998535 
995, -1.5664347410202026, 0.09619379043579102 
996, -1.5667541027069092, 0.09908604621887207 
997, -1.5674169063568115, 0.0964362621307373 
998, -1.5676273107528687, 0.09937763214111328 
999, -1.5674399137496948, 0.1030428409576416 
