Iteration, loss, time 
0, 1.0264846086502075, 0.05921626091003418, 0.02476334571838379, 0.02645707130432129 
1, 0.9532598257064819, 0.0496213436126709, 0.021457433700561523, 0.026214599609375 
2, 0.8906444311141968, 0.04856133460998535, 0.020740747451782227, 0.025983095169067383 
3, 0.8319361805915833, 0.049675941467285156, 0.020884037017822266, 0.026973724365234375 
4, 0.7741467952728271, 0.04871368408203125, 0.020910024642944336, 0.025964021682739258 
5, 0.7173056602478027, 0.04996180534362793, 0.020904064178466797, 0.026986360549926758 
6, 0.661428689956665, 0.05329012870788574, 0.02274775505065918, 0.028429508209228516 
7, 0.6065321564674377, 0.05193305015563965, 0.02216196060180664, 0.027765750885009766 
8, 0.5525979995727539, 0.05135989189147949, 0.022081375122070312, 0.02728581428527832 
9, 0.49953997135162354, 0.050640106201171875, 0.02205061912536621, 0.0266573429107666 
10, 0.4474906623363495, 0.04901742935180664, 0.02122330665588379, 0.025807857513427734 
11, 0.39645782113075256, 0.05227088928222656, 0.021953582763671875, 0.028173208236694336 
12, 0.3464517593383789, 0.052541494369506836, 0.02293229103088379, 0.027588605880737305 
13, 0.297471821308136, 0.05135178565979004, 0.022016525268554688, 0.027338266372680664 
14, 0.24952265620231628, 0.051012516021728516, 0.02197122573852539, 0.027195215225219727 
15, 0.20260247588157654, 0.04906105995178223, 0.0211944580078125, 0.026030540466308594 
16, 0.15670466423034668, 0.0504000186920166, 0.021167755126953125, 0.02719402313232422 
17, 0.11182677745819092, 0.052591562271118164, 0.022768020629882812, 0.027794361114501953 
18, 0.0679582953453064, 0.05151653289794922, 0.022307634353637695, 0.027228116989135742 
19, 0.025091499090194702, 0.05115365982055664, 0.021973371505737305, 0.02721261978149414 
20, -0.01678621768951416, 0.05100440979003906, 0.021838903427124023, 0.027186155319213867 
21, -0.05472749471664429, 0.05070209503173828, 0.02202463150024414, 0.02678990364074707 
22, -0.08747690916061401, 0.04893827438354492, 0.021228313446044922, 0.025968074798583984 
23, -0.12013977766036987, 0.048117637634277344, 0.020486116409301758, 0.025356292724609375 
24, -0.1522463858127594, 0.046859025955200195, 0.020212650299072266, 0.024850130081176758 
25, -0.18370944261550903, 0.046892404556274414, 0.020117998123168945, 0.02496504783630371 
26, -0.21449366211891174, 0.04692244529724121, 0.020264387130737305, 0.024858713150024414 
27, -0.2445710003376007, 0.050392866134643555, 0.02151322364807129, 0.026991605758666992 
28, -0.273928701877594, 0.051712751388549805, 0.022197961807250977, 0.027631044387817383 
29, -0.3010042607784271, 0.051465511322021484, 0.022089004516601562, 0.027498960494995117 
30, -0.3249491751194, 0.05141735076904297, 0.02209925651550293, 0.027408599853515625 
31, -0.3483622670173645, 0.051342010498046875, 0.021968364715576172, 0.027489423751831055 
32, -0.3712373375892639, 0.05151534080505371, 0.02211594581604004, 0.02748703956604004 
33, -0.39357301592826843, 0.05150246620178223, 0.022104978561401367, 0.027518272399902344 
34, -0.41536945104599, 0.05165576934814453, 0.02225208282470703, 0.02750396728515625 
35, -0.43474483489990234, 0.05358004570007324, 0.0219881534576416, 0.029700040817260742 
36, -0.4513755440711975, 0.053444623947143555, 0.023688554763793945, 0.027860641479492188 
37, -0.46775224804878235, 0.050481319427490234, 0.022007465362548828, 0.026655912399291992 
38, -0.4838385581970215, 0.04836416244506836, 0.02098679542541504, 0.025614023208618164 
39, -0.4996088743209839, 0.04629635810852051, 0.020072460174560547, 0.024547576904296875 
40, -0.5150455236434937, 0.04634904861450195, 0.019881725311279297, 0.0247805118560791 
41, -0.530134916305542, 0.04693889617919922, 0.0198361873626709, 0.025312185287475586 
42, -0.5448722839355469, 0.048371315002441406, 0.020444631576538086, 0.02613067626953125 
43, -0.5592554807662964, 0.048641204833984375, 0.020656347274780273, 0.02620100975036621 
44, -0.5732854604721069, 0.04828643798828125, 0.020479679107666016, 0.02598285675048828 
45, -0.5869672298431396, 0.0480496883392334, 0.020914077758789062, 0.025349855422973633 
46, -0.6003082990646362, 0.04865074157714844, 0.020856142044067383, 0.026011943817138672 
47, -0.6133164167404175, 0.04822111129760742, 0.020385265350341797, 0.02604365348815918 
48, -0.6260021328926086, 0.04901528358459473, 0.02079629898071289, 0.02638530731201172 
49, -0.6383761763572693, 0.05117964744567871, 0.021830081939697266, 0.02748417854309082 
50, -0.6504507064819336, 0.05083155632019043, 0.02181696891784668, 0.027249813079833984 
51, -0.660637617111206, 0.05052995681762695, 0.02161574363708496, 0.027070283889770508 
52, -0.6705690026283264, 0.04929804801940918, 0.021414995193481445, 0.026066303253173828 
53, -0.6806873679161072, 0.04868173599243164, 0.020882368087768555, 0.025986671447753906 
54, -0.6909101009368896, 0.05058407783508301, 0.021389007568359375, 0.027324438095092773 
55, -0.7011712789535522, 0.05068707466125488, 0.021680355072021484, 0.027151823043823242 
56, -0.7114142179489136, 0.05048370361328125, 0.021484851837158203, 0.027173757553100586 
57, -0.7215921878814697, 0.049977779388427734, 0.02155780792236328, 0.02662825584411621 
58, -0.731666088104248, 0.048441171646118164, 0.020774126052856445, 0.02588057518005371 
59, -0.7416033744812012, 0.050061941146850586, 0.020949602127075195, 0.0272672176361084 
60, -0.7513783574104309, 0.05091285705566406, 0.02191638946533203, 0.02716827392578125 
61, -0.7597374320030212, 0.050560951232910156, 0.021828413009643555, 0.026892900466918945 
62, -0.7677820920944214, 0.05049920082092285, 0.021569013595581055, 0.02708292007446289 
63, -0.7757790684700012, 0.050556182861328125, 0.021654367446899414, 0.027057647705078125 
64, -0.7837467193603516, 0.0507817268371582, 0.021542787551879883, 0.026916980743408203 
65, -0.7916972637176514, 0.0506131649017334, 0.021767377853393555, 0.027005910873413086 
66, -0.7996342182159424, 0.05054354667663574, 0.02178215980529785, 0.026911258697509766 
67, -0.8075542449951172, 0.050301313400268555, 0.02151322364807129, 0.026950836181640625 
68, -0.8154497742652893, 0.05005836486816406, 0.021739482879638672, 0.026486873626708984 
69, -0.8233084678649902, 0.04809093475341797, 0.020835161209106445, 0.025461673736572266 
70, -0.8304350972175598, 0.04723787307739258, 0.020311594009399414, 0.02519392967224121 
71, -0.8370109796524048, 0.04713726043701172, 0.020200252532958984, 0.025169849395751953 
72, -0.8436222672462463, 0.04698920249938965, 0.02011418342590332, 0.025091886520385742 
73, -0.8502517938613892, 0.04677605628967285, 0.02006244659423828, 0.024969816207885742 
74, -0.8568817377090454, 0.05117464065551758, 0.021367788314819336, 0.027905702590942383 
75, -0.8634953498840332, 0.051422834396362305, 0.022016286849975586, 0.027517080307006836 
76, -0.8700774908065796, 0.05140948295593262, 0.02188277244567871, 0.027637004852294922 
77, -0.8766124248504639, 0.05153536796569824, 0.02193617820739746, 0.02770376205444336 
78, -0.8824059367179871, 0.05133795738220215, 0.022016525268554688, 0.02743363380432129 
79, -0.888006329536438, 0.05121254920959473, 0.021880149841308594, 0.02741861343383789 
80, -0.8937298059463501, 0.05156064033508301, 0.02199554443359375, 0.02768850326538086 
81, -0.8995659351348877, 0.0514986515045166, 0.02198004722595215, 0.02763843536376953 
82, -0.9054958820343018, 0.051731109619140625, 0.022161483764648438, 0.027685165405273438 
83, -0.910892128944397, 0.05160975456237793, 0.021970033645629883, 0.0277707576751709 
84, -0.915656328201294, 0.050956010818481445, 0.0221555233001709, 0.027002573013305664 
85, -0.9206086993217468, 0.04772329330444336, 0.020955324172973633, 0.02507805824279785 
86, -0.9257141351699829, 0.04663562774658203, 0.02002120018005371, 0.024909257888793945 
87, -0.930936872959137, 0.046353816986083984, 0.019767045974731445, 0.024868249893188477 
88, -0.93624347448349, 0.04685401916503906, 0.019980669021606445, 0.025053739547729492 
89, -0.9405748844146729, 0.04871678352355957, 0.020653963088989258, 0.026232242584228516 
90, -0.9448928236961365, 0.0483243465423584, 0.020913124084472656, 0.02562713623046875 
91, -0.9494175910949707, 0.04852914810180664, 0.020814180374145508, 0.025923728942871094 
92, -0.9541330933570862, 0.04859209060668945, 0.020930051803588867, 0.025846481323242188 
93, -0.9585816860198975, 0.04788088798522949, 0.020482301712036133, 0.025602340698242188 
94, -0.9626799821853638, 0.048628807067871094, 0.020872831344604492, 0.025948762893676758 
95, -0.9668464660644531, 0.04975295066833496, 0.020856142044067383, 0.02705097198486328 
96, -0.9710698127746582, 0.0516362190246582, 0.02205514907836914, 0.027726411819458008 
97, -0.9753384590148926, 0.05092906951904297, 0.022009849548339844, 0.02707839012145996 
98, -0.9794871807098389, 0.05085277557373047, 0.021778583526611328, 0.027196884155273438 
99, -0.983208179473877, 0.04981732368469238, 0.021672487258911133, 0.02635502815246582 
100, -0.9868807792663574, 0.04835700988769531, 0.020441770553588867, 0.026094913482666016 
101, -0.990810215473175, 0.05146622657775879, 0.021747827529907227, 0.0278472900390625 
102, -0.9948034286499023, 0.05112504959106445, 0.022287607192993164, 0.027013778686523438 
103, -0.9981077909469604, 0.05075407028198242, 0.021723508834838867, 0.027156829833984375 
104, -1.0014543533325195, 0.05079388618469238, 0.02190542221069336, 0.027071475982666016 
105, -1.0048991441726685, 0.048444271087646484, 0.020884275436401367, 0.02577996253967285 
106, -1.0084291696548462, 0.05048537254333496, 0.021213769912719727, 0.027426481246948242 
107, -1.0118355751037598, 0.05164957046508789, 0.022043466567993164, 0.027762413024902344 
108, -1.0153005123138428, 0.050438642501831055, 0.0215761661529541, 0.02702927589416504 
109, -1.018846869468689, 0.05087852478027344, 0.02173638343811035, 0.027303695678710938 
110, -1.0220201015472412, 0.05070972442626953, 0.021628379821777344, 0.027245759963989258 
111, -1.0251566171646118, 0.05062389373779297, 0.021766185760498047, 0.026943206787109375 
112, -1.0280836820602417, 0.05047726631164551, 0.021597862243652344, 0.027059316635131836 
113, -1.0310239791870117, 0.0507962703704834, 0.021711349487304688, 0.02724480628967285 
114, -1.0340733528137207, 0.05061769485473633, 0.021747827529907227, 0.027013301849365234 
115, -1.0372177362442017, 0.04970550537109375, 0.021603107452392578, 0.026256084442138672 
116, -1.0401225090026855, 0.0481266975402832, 0.020687341690063477, 0.025618314743041992 
117, -1.042689323425293, 0.04707002639770508, 0.020184040069580078, 0.025096416473388672 
118, -1.0453945398330688, 0.04697823524475098, 0.020082712173461914, 0.02511763572692871 
119, -1.0483853816986084, 0.04693031311035156, 0.01999950408935547, 0.025185823440551758 
120, -1.05130136013031, 0.046926021575927734, 0.020126819610595703, 0.02513265609741211 
121, -1.0538467168807983, 0.050809383392333984, 0.02129077911376953, 0.02764725685119629 
122, -1.0563609600067139, 0.05184006690979004, 0.02215099334716797, 0.027805328369140625 
123, -1.0590029954910278, 0.05175328254699707, 0.022237062454223633, 0.027664899826049805 
124, -1.0617594718933105, 0.051741838455200195, 0.02220892906188965, 0.02765059471130371 
125, -1.0642582178115845, 0.05166029930114746, 0.022070884704589844, 0.027713298797607422 
126, -1.066623330116272, 0.052272796630859375, 0.02214193344116211, 0.02773141860961914 
127, -1.0692826509475708, 0.0517425537109375, 0.022121906280517578, 0.027742624282836914 
128, -1.0715515613555908, 0.0520627498626709, 0.0224454402923584, 0.02780437469482422 
129, -1.0737704038619995, 0.05158853530883789, 0.022071123123168945, 0.02762007713317871 
130, -1.075969934463501, 0.05202651023864746, 0.022357463836669922, 0.027795791625976562 
131, -1.0782848596572876, 0.050638437271118164, 0.022186994552612305, 0.02671647071838379 
132, -1.0806994438171387, 0.04630589485168457, 0.020045995712280273, 0.024768829345703125 
133, -1.0830894708633423, 0.046507835388183594, 0.01994800567626953, 0.024892330169677734 
134, -1.0850460529327393, 0.046944379806518555, 0.019968509674072266, 0.02526092529296875 
135, -1.087206482887268, 0.047011613845825195, 0.0198976993560791, 0.02526712417602539 
136, -1.0894451141357422, 0.04912734031677246, 0.020917415618896484, 0.026343345642089844 
137, -1.091616153717041, 0.048169851303100586, 0.020734548568725586, 0.02559947967529297 
138, -1.0935389995574951, 0.04880356788635254, 0.020845651626586914, 0.026209354400634766 
139, -1.0955616235733032, 0.04807329177856445, 0.020509958267211914, 0.025815725326538086 
140, -1.0975662469863892, 0.04770684242248535, 0.020218372344970703, 0.025667667388916016 
141, -1.0996224880218506, 0.04825448989868164, 0.020798444747924805, 0.025704622268676758 
142, -1.1014440059661865, 0.05040478706359863, 0.021288633346557617, 0.027307510375976562 
143, -1.1033694744110107, 0.05208325386047363, 0.022344589233398438, 0.027863740921020508 
144, -1.1053462028503418, 0.05108952522277832, 0.022170305252075195, 0.027080535888671875 
145, -1.106943130493164, 0.05050301551818848, 0.021698951721191406, 0.026954174041748047 
146, -1.1087005138397217, 0.050107479095458984, 0.021851778030395508, 0.026500463485717773 
147, -1.1103286743164062, 0.04919266700744629, 0.020458698272705078, 0.026494741439819336 
148, -1.112027883529663, 0.051642417907714844, 0.022062301635742188, 0.027663469314575195 
149, -1.1138319969177246, 0.05133843421936035, 0.022319793701171875, 0.027201414108276367 
150, -1.1157258749008179, 0.05127835273742676, 0.022055864334106445, 0.02739119529724121 
151, -1.117693305015564, 0.050461530685424805, 0.021672964096069336, 0.026972055435180664 
152, -1.1193140745162964, 0.048398733139038086, 0.020998477935791016, 0.025622129440307617 
153, -1.1205828189849854, 0.05026674270629883, 0.021347999572753906, 0.02709174156188965 
154, -1.122373104095459, 0.051511526107788086, 0.022257089614868164, 0.02743816375732422 
155, -1.1242692470550537, 0.05056405067443848, 0.021579742431640625, 0.02716350555419922 
156, -1.1257293224334717, 0.05064249038696289, 0.02168416976928711, 0.027118682861328125 
157, -1.1271464824676514, 0.05055689811706543, 0.021665573120117188, 0.027056217193603516 
158, -1.1286685466766357, 0.05064725875854492, 0.021728515625, 0.027103424072265625 
159, -1.1302833557128906, 0.05050086975097656, 0.0215606689453125, 0.02713298797607422 
160, -1.1319756507873535, 0.049253225326538086, 0.021459341049194336, 0.02605414390563965 
161, -1.133482575416565, 0.047678232192993164, 0.020475387573242188, 0.02548503875732422 
162, -1.1346757411956787, 0.04697680473327637, 0.02024984359741211, 0.02503228187561035 
163, -1.1364328861236572, 0.04707670211791992, 0.020227670669555664, 0.025133848190307617 
164, -1.1379058361053467, 0.04712319374084473, 0.02018451690673828, 0.02528667449951172 
165, -1.1392875909805298, 0.04843783378601074, 0.020038127899169922, 0.02653789520263672 
166, -1.1405916213989258, 0.05191850662231445, 0.022224903106689453, 0.027845382690429688 
167, -1.142064094543457, 0.051892995834350586, 0.022266387939453125, 0.027737855911254883 
168, -1.143381118774414, 0.05158281326293945, 0.022045135498046875, 0.027657270431518555 
169, -1.1445682048797607, 0.0517575740814209, 0.022171974182128906, 0.027709245681762695 
170, -1.1460020542144775, 0.051906585693359375, 0.022167682647705078, 0.027775287628173828 
171, -1.1472485065460205, 0.05152606964111328, 0.02211904525756836, 0.02753734588623047 
172, -1.1484692096710205, 0.05170321464538574, 0.02216172218322754, 0.02765798568725586 
173, -1.149742841720581, 0.05160880088806152, 0.02209329605102539, 0.027651548385620117 
174, -1.1508567333221436, 0.05118155479431152, 0.021976232528686523, 0.027355432510375977 
175, -1.1521896123886108, 0.051441192626953125, 0.022182703018188477, 0.027418136596679688 
176, -1.1531317234039307, 0.04896378517150879, 0.02147221565246582, 0.025963783264160156 
177, -1.1543309688568115, 0.04856753349304199, 0.019958019256591797, 0.027127504348754883 
178, -1.155510425567627, 0.04646563529968262, 0.020040273666381836, 0.02486872673034668 
179, -1.1565701961517334, 0.046393632888793945, 0.019933462142944336, 0.024945735931396484 
180, -1.1577204465866089, 0.04761385917663574, 0.02023911476135254, 0.0257875919342041 
181, -1.1589500904083252, 0.04840874671936035, 0.02089524269104004, 0.025823593139648438 
182, -1.1599998474121094, 0.04879140853881836, 0.020695924758911133, 0.026226043701171875 
183, -1.1608953475952148, 0.04869580268859863, 0.020687341690063477, 0.02611708641052246 
184, -1.1622450351715088, 0.048139095306396484, 0.020905494689941406, 0.025544404983520508 
185, -1.163182020187378, 0.04894375801086426, 0.020957469940185547, 0.02617788314819336 
186, -1.1640242338180542, 0.049085140228271484, 0.020609617233276367, 0.026546239852905273 
187, -1.1649603843688965, 0.05222058296203613, 0.02208876609802246, 0.028073787689208984 
188, -1.1659877300262451, 0.05176663398742676, 0.022322654724121094, 0.027500152587890625 
189, -1.167095422744751, 0.05109214782714844, 0.02179694175720215, 0.027403593063354492 
190, -1.16778564453125, 0.05048704147338867, 0.021828413009643555, 0.026872873306274414 
191, -1.1688028573989868, 0.04845261573791504, 0.02088618278503418, 0.02585124969482422 
192, -1.1701771020889282, 0.05179452896118164, 0.021830081939697266, 0.027863740921020508 
193, -1.1709299087524414, 0.05203390121459961, 0.023139476776123047, 0.027184486389160156 
194, -1.171701431274414, 0.05111432075500488, 0.02178788185119629, 0.027364492416381836 
195, -1.1724036931991577, 0.05144834518432617, 0.022114992141723633, 0.027541160583496094 
196, -1.1732873916625977, 0.04854249954223633, 0.020840167999267578, 0.025807619094848633 
197, -1.174377679824829, 0.05111336708068848, 0.02129817008972168, 0.027744770050048828 
198, -1.175427794456482, 0.05242347717285156, 0.02251577377319336, 0.027918338775634766 
199, -1.1763906478881836, 0.05107235908508301, 0.02178502082824707, 0.02724146842956543 
200, -1.1772677898406982, 0.051079511642456055, 0.02172684669494629, 0.027395009994506836 
201, -1.1779768466949463, 0.05143857002258301, 0.021840810775756836, 0.027655363082885742 
202, -1.1790275573730469, 0.05137467384338379, 0.022015094757080078, 0.027416229248046875 
203, -1.1798478364944458, 0.05155205726623535, 0.022197246551513672, 0.02742743492126465 
204, -1.1807427406311035, 0.05010080337524414, 0.021857500076293945, 0.026426076889038086 
205, -1.1814717054367065, 0.047945499420166016, 0.020636320114135742, 0.02565169334411621 
206, -1.182309865951538, 0.04714775085449219, 0.02018284797668457, 0.025248050689697266 
207, -1.1828930377960205, 0.04700160026550293, 0.020138025283813477, 0.025053977966308594 
208, -1.18360435962677, 0.047396183013916016, 0.020223140716552734, 0.02539515495300293 
209, -1.1842514276504517, 0.04805254936218262, 0.020151376724243164, 0.02577662467956543 
210, -1.1849873065948486, 0.05166363716125488, 0.021664857864379883, 0.02826213836669922 
211, -1.1858009099960327, 0.052283525466918945, 0.022328615188598633, 0.02797412872314453 
212, -1.1866832971572876, 0.052126407623291016, 0.022382736206054688, 0.027795791625976562 
213, -1.1876225471496582, 0.05285048484802246, 0.022522687911987305, 0.028294086456298828 
214, -1.1879913806915283, 0.05304884910583496, 0.02278304100036621, 0.028240680694580078 
215, -1.1887352466583252, 0.052816152572631836, 0.022713899612426758, 0.02809429168701172 
216, -1.1897573471069336, 0.052515506744384766, 0.02242445945739746, 0.02807140350341797 
217, -1.1900928020477295, 0.0524139404296875, 0.022398710250854492, 0.028084993362426758 
218, -1.1904467344284058, 0.05248546600341797, 0.022427082061767578, 0.028018951416015625 
219, -1.1909983158111572, 0.05226302146911621, 0.02230095863342285, 0.028086423873901367 
220, -1.1917082071304321, 0.04946112632751465, 0.021672725677490234, 0.026015043258666992 
221, -1.1924257278442383, 0.04703950881958008, 0.020361661911010742, 0.024958133697509766 
222, -1.1932122707366943, 0.04658079147338867, 0.01988840103149414, 0.024975299835205078 
223, -1.194056510925293, 0.04671144485473633, 0.020096302032470703, 0.02499556541442871 
224, -1.1949143409729004, 0.04727315902709961, 0.020171165466308594, 0.025511741638183594 
225, -1.1955026388168335, 0.049551963806152344, 0.02139735221862793, 0.02634406089782715 
226, -1.1959168910980225, 0.049104928970336914, 0.020939350128173828, 0.026337862014770508 
227, -1.1964337825775146, 0.04935884475708008, 0.021234512329101562, 0.02633523941040039 
228, -1.197259783744812, 0.048995018005371094, 0.02083301544189453, 0.02645421028137207 
229, -1.197878122329712, 0.04977250099182129, 0.021105051040649414, 0.02662825584411621 
230, -1.198124885559082, 0.05032992362976074, 0.021377086639404297, 0.027129650115966797 
231, -1.1987272500991821, 0.054144859313964844, 0.022739410400390625, 0.029258012771606445 
232, -1.1992849111557007, 0.05356335639953613, 0.023055553436279297, 0.02857804298400879 
233, -1.1997132301330566, 0.05295896530151367, 0.022578716278076172, 0.028322935104370117 
234, -1.2002274990081787, 0.05251884460449219, 0.023081064224243164, 0.027504444122314453 
235, -1.2008192539215088, 0.050063371658325195, 0.021346330642700195, 0.026793241500854492 
236, -1.2014782428741455, 0.05371713638305664, 0.02266216278076172, 0.02895069122314453 
237, -1.202195167541504, 0.0539853572845459, 0.023397207260131836, 0.028552770614624023 
238, -1.2024480104446411, 0.05315375328063965, 0.022917747497558594, 0.02819347381591797 
239, -1.2030198574066162, 0.05272054672241211, 0.02264118194580078, 0.02819037437438965 
240, -1.203669548034668, 0.049729108810424805, 0.0211331844329834, 0.026669979095458984 
241, -1.203981876373291, 0.05318903923034668, 0.022294282913208008, 0.02887439727783203 
242, -1.2043962478637695, 0.05418276786804199, 0.023101091384887695, 0.029196500778198242 
243, -1.2047032117843628, 0.05268716812133789, 0.02254652976989746, 0.028223037719726562 
244, -1.2051011323928833, 0.05302858352661133, 0.02275872230529785, 0.02821826934814453 
245, -1.2055808305740356, 0.0531771183013916, 0.022749662399291992, 0.02844071388244629 
246, -1.2061342000961304, 0.05272269248962402, 0.02260875701904297, 0.028234004974365234 
247, -1.2067497968673706, 0.04908108711242676, 0.021305084228515625, 0.02599787712097168 
248, -1.2074174880981445, 0.04813718795776367, 0.020623207092285156, 0.025803089141845703 
249, -1.207895278930664, 0.04784369468688965, 0.020410537719726562, 0.025618553161621094 
250, -1.2081505060195923, 0.04759526252746582, 0.0204775333404541, 0.02530837059020996 
251, -1.2089520692825317, 0.047868967056274414, 0.020379304885864258, 0.02568340301513672 
252, -1.2093174457550049, 0.04974174499511719, 0.020381927490234375, 0.02732539176940918 
253, -1.2097551822662354, 0.05333709716796875, 0.022881031036376953, 0.02839493751525879 
254, -1.210211992263794, 0.05254483222961426, 0.022585153579711914, 0.027953147888183594 
255, -1.2105076313018799, 0.05263972282409668, 0.022382736206054688, 0.028242111206054688 
256, -1.2108392715454102, 0.05265617370605469, 0.022536516189575195, 0.028102397918701172 
257, -1.2112457752227783, 0.052790164947509766, 0.0224153995513916, 0.02840590476989746 
258, -1.211719274520874, 0.052987098693847656, 0.02269911766052246, 0.028256893157958984 
259, -1.212037444114685, 0.05344200134277344, 0.022642850875854492, 0.028775691986083984 
260, -1.2125674486160278, 0.05302548408508301, 0.022846221923828125, 0.028180837631225586 
261, -1.2128582000732422, 0.05274844169616699, 0.0225217342376709, 0.028208494186401367 
262, -1.2130546569824219, 0.05240774154663086, 0.022833585739135742, 0.027667999267578125 
263, -1.2134782075881958, 0.04899334907531738, 0.021387100219726562, 0.025845050811767578 
264, -1.2137856483459473, 0.04781532287597656, 0.020350217819213867, 0.025690793991088867 
265, -1.2141671180725098, 0.04741239547729492, 0.0202333927154541, 0.025478839874267578 
266, -1.2146146297454834, 0.04732370376586914, 0.02028656005859375, 0.02527332305908203 
267, -1.214930772781372, 0.04912829399108887, 0.020798921585083008, 0.026540517807006836 
268, -1.215280294418335, 0.04904580116271973, 0.021221160888671875, 0.02610611915588379 
269, -1.2156234979629517, 0.049466609954833984, 0.020843505859375, 0.026567935943603516 
270, -1.2159297466278076, 0.048540592193603516, 0.020905017852783203, 0.026018857955932617 
271, -1.216333031654358, 0.04973578453063965, 0.0211946964263916, 0.026697874069213867 
272, -1.2167673110961914, 0.049805402755737305, 0.021373271942138672, 0.02655482292175293 
273, -1.217039704322815, 0.05263185501098633, 0.021906614303588867, 0.02858901023864746 
274, -1.2175167798995972, 0.05509233474731445, 0.023513317108154297, 0.029411792755126953 
275, -1.2175897359848022, 0.05319619178771973, 0.023084640502929688, 0.028126001358032227 
276, -1.217829942703247, 0.05278158187866211, 0.022568702697753906, 0.028185129165649414 
277, -1.2181310653686523, 0.05203127861022949, 0.022521257400512695, 0.027707576751708984 
278, -1.2183995246887207, 0.05102825164794922, 0.021265268325805664, 0.027709245681762695 
279, -1.2187395095825195, 0.0548245906829834, 0.023176193237304688, 0.029532194137573242 
280, -1.2191425561904907, 0.05403423309326172, 0.023537635803222656, 0.028451204299926758 
281, -1.2194457054138184, 0.05297517776489258, 0.022668123245239258, 0.0283358097076416 
282, -1.2197623252868652, 0.052805185317993164, 0.02260303497314453, 0.02836751937866211 
283, -1.2200465202331543, 0.05055522918701172, 0.02154231071472168, 0.027026653289794922 
284, -1.2202751636505127, 0.0543515682220459, 0.022698163986206055, 0.029574871063232422 
285, -1.2205746173858643, 0.05524611473083496, 0.023861169815063477, 0.02939462661743164 
286, -1.2209372520446777, 0.0529634952545166, 0.02252340316772461, 0.028448820114135742 
287, -1.2210557460784912, 0.052889108657836914, 0.022632122039794922, 0.028266191482543945 
288, -1.2213788032531738, 0.05347084999084473, 0.022857189178466797, 0.02853870391845703 
289, -1.2218915224075317, 0.05370044708251953, 0.02300572395324707, 0.028739213943481445 
290, -1.2221064567565918, 0.05344271659851074, 0.02300548553466797, 0.028378963470458984 
291, -1.222178339958191, 0.05302000045776367, 0.022542238235473633, 0.028496265411376953 
292, -1.222333312034607, 0.04948139190673828, 0.021402835845947266, 0.026209115982055664 
293, -1.2225661277770996, 0.04816460609436035, 0.020600318908691406, 0.025777816772460938 
294, -1.2228692770004272, 0.04808616638183594, 0.020519256591796875, 0.025791168212890625 
295, -1.2232083082199097, 0.0479428768157959, 0.020563364028930664, 0.025585412979125977 
296, -1.2232959270477295, 0.04810070991516113, 0.020524024963378906, 0.0257413387298584 
297, -1.2235721349716187, 0.04854226112365723, 0.020593643188476562, 0.025963783264160156 
298, -1.224026083946228, 0.05313444137573242, 0.022743701934814453, 0.028393268585205078 
299, -1.224210500717163, 0.052779197692871094, 0.022522687911987305, 0.028203487396240234 
300, -1.224463701248169, 0.05264115333557129, 0.0224151611328125, 0.02820611000061035 
301, -1.2245151996612549, 0.05303001403808594, 0.022764205932617188, 0.028204679489135742 
302, -1.2248923778533936, 0.05300116539001465, 0.022683143615722656, 0.028306007385253906 
303, -1.2250704765319824, 0.053019046783447266, 0.022524356842041016, 0.028502941131591797 
304, -1.2253321409225464, 0.05315899848937988, 0.022785186767578125, 0.02837657928466797 
305, -1.2254828214645386, 0.052951812744140625, 0.022594690322875977, 0.028310060501098633 
306, -1.2255370616912842, 0.0528101921081543, 0.022628307342529297, 0.028158903121948242 
307, -1.225719690322876, 0.05293750762939453, 0.022547483444213867, 0.02839970588684082 
308, -1.2259551286697388, 0.04898548126220703, 0.02150249481201172, 0.025905132293701172 
309, -1.2262542247772217, 0.04822850227355957, 0.020257234573364258, 0.02571845054626465 
310, -1.2266086339950562, 0.04749727249145508, 0.020421266555786133, 0.025353431701660156 
311, -1.2264318466186523, 0.047341108322143555, 0.020433425903320312, 0.025131702423095703 
312, -1.2266571521759033, 0.04885244369506836, 0.02062058448791504, 0.02642202377319336 
313, -1.2273173332214355, 0.04911494255065918, 0.02118682861328125, 0.026213645935058594 
314, -1.2272053956985474, 0.048877716064453125, 0.02074265480041504, 0.026289701461791992 
315, -1.2272047996520996, 0.049162864685058594, 0.02113819122314453, 0.026143789291381836 
316, -1.227245569229126, 0.04917407035827637, 0.021080970764160156, 0.026319265365600586 
317, -1.227369785308838, 0.04922914505004883, 0.021020889282226562, 0.02648162841796875 
318, -1.227562665939331, 0.051358699798583984, 0.02126145362854004, 0.02801227569580078 
319, -1.2277696132659912, 0.0546116828918457, 0.023105144500732422, 0.029417037963867188 
320, -1.2280359268188477, 0.05352926254272461, 0.023480892181396484, 0.028102874755859375 
321, -1.2283592224121094, 0.05264616012573242, 0.02256917953491211, 0.02824091911315918 
322, -1.2287311553955078, 0.05208230018615723, 0.02250361442565918, 0.027769088745117188 
323, -1.2288594245910645, 0.04964160919189453, 0.020997285842895508, 0.026906967163085938 
324, -1.2288904190063477, 0.05331301689147949, 0.022436141967773438, 0.028679847717285156 
325, -1.2293779850006104, 0.05373668670654297, 0.02341628074645996, 0.028326988220214844 
326, -1.2293848991394043, 0.052170753479003906, 0.022351980209350586, 0.027898788452148438 
327, -1.2293944358825684, 0.05251741409301758, 0.022446870803833008, 0.02816009521484375 
328, -1.2293829917907715, 0.0497279167175293, 0.02175164222717285, 0.02608346939086914 
329, -1.2295770645141602, 0.05246567726135254, 0.02177739143371582, 0.028041362762451172 
330, -1.2297444343566895, 0.05346512794494629, 0.022939443588256836, 0.028520822525024414 
331, -1.2299764156341553, 0.052135467529296875, 0.022394657135009766, 0.027915000915527344 
332, -1.2302641868591309, 0.05193948745727539, 0.022055387496948242, 0.02792048454284668 
333, -1.2306002378463745, 0.050836801528930664, 0.022242307662963867, 0.02676677703857422 
334, -1.2304718494415283, 0.0481410026550293, 0.02083110809326172, 0.025490999221801758 
335, -1.2305585145950317, 0.0474092960357666, 0.02033853530883789, 0.02532052993774414 
336, -1.2310526371002197, 0.04703164100646973, 0.02021503448486328, 0.0250551700592041 
337, -1.2310950756072998, 0.050325632095336914, 0.022193431854248047, 0.026529312133789062 
338, -1.2312092781066895, 0.04766678810119629, 0.02034902572631836, 0.025748729705810547 
339, -1.2313895225524902, 0.05055856704711914, 0.020621538162231445, 0.028174638748168945 
340, -1.231494665145874, 0.05222916603088379, 0.02237534523010254, 0.028087854385375977 
341, -1.231704592704773, 0.052176475524902344, 0.02237701416015625, 0.028036832809448242 
342, -1.231849193572998, 0.05186057090759277, 0.0222928524017334, 0.027820825576782227 
343, -1.2320542335510254, 0.05179738998413086, 0.022034645080566406, 0.02799820899963379 
344, -1.2320115566253662, 0.05163979530334473, 0.022151470184326172, 0.02773141860961914 
345, -1.2320942878723145, 0.05165266990661621, 0.02204418182373047, 0.02783513069152832 
346, -1.2322190999984741, 0.051653385162353516, 0.022167444229125977, 0.027708768844604492 
347, -1.2321109771728516, 0.05210733413696289, 0.022317171096801758, 0.027991533279418945 
348, -1.2320975065231323, 0.0517427921295166, 0.02220773696899414, 0.027785301208496094 
349, -1.2321488857269287, 0.05115032196044922, 0.022195100784301758, 0.027276277542114258 
350, -1.2322766780853271, 0.04768204689025879, 0.02080082893371582, 0.025359153747558594 
351, -1.2324714660644531, 0.047181129455566406, 0.02012038230895996, 0.025435686111450195 
352, -1.2327260971069336, 0.04715704917907715, 0.020357131958007812, 0.025173187255859375 
353, -1.2329312562942505, 0.046875953674316406, 0.0200653076171875, 0.02524113655090332 
354, -1.2330126762390137, 0.048982858657836914, 0.020972251892089844, 0.026355504989624023 
355, -1.2331430912017822, 0.04843950271606445, 0.021038532257080078, 0.02572488784790039 
356, -1.2332003116607666, 0.04908633232116699, 0.020865440368652344, 0.026554584503173828 
357, -1.2333279848098755, 0.04913640022277832, 0.020823240280151367, 0.026488780975341797 
358, -1.2335187196731567, 0.04922056198120117, 0.02094244956970215, 0.026451587677001953 
359, -1.2337640523910522, 0.04996776580810547, 0.021423816680908203, 0.026586294174194336 
360, -1.2337512969970703, 0.05316781997680664, 0.021956682205200195, 0.02909564971923828 
361, -1.2340035438537598, 0.05443000793457031, 0.023407936096191406, 0.028885841369628906 
362, -1.234092116355896, 0.05329132080078125, 0.02285146713256836, 0.028461217880249023 
363, -1.234102487564087, 0.05283832550048828, 0.022396087646484375, 0.028463363647460938 
364, -1.2340950965881348, 0.051157474517822266, 0.022441387176513672, 0.026860475540161133 
365, -1.234273910522461, 0.05217266082763672, 0.021800518035888672, 0.02829146385192871 
366, -1.2344510555267334, 0.05502462387084961, 0.02324962615966797, 0.029655933380126953 
367, -1.234635591506958, 0.0531916618347168, 0.023044109344482422, 0.028151988983154297 
368, -1.234468936920166, 0.05316877365112305, 0.02286386489868164, 0.028345584869384766 
369, -1.2345529794692993, 0.05149698257446289, 0.02239513397216797, 0.02724289894104004 
370, -1.2348275184631348, 0.05118823051452637, 0.02127552032470703, 0.027811527252197266 
371, -1.2348136901855469, 0.05435371398925781, 0.02284860610961914, 0.029331684112548828 
372, -1.2348732948303223, 0.053974151611328125, 0.023105621337890625, 0.028758525848388672 
373, -1.2349998950958252, 0.05307960510253906, 0.02263951301574707, 0.028409242630004883 
374, -1.2351858615875244, 0.05304121971130371, 0.022565364837646484, 0.028382301330566406 
375, -1.2352845668792725, 0.05269622802734375, 0.022516965866088867, 0.028212785720825195 
376, -1.2354905605316162, 0.05322575569152832, 0.022600889205932617, 0.028571605682373047 
377, -1.2356120347976685, 0.05280566215515137, 0.022621631622314453, 0.02821516990661621 
378, -1.2353655099868774, 0.05280017852783203, 0.022558212280273438, 0.02827286720275879 
379, -1.2355319261550903, 0.04986834526062012, 0.021643877029418945, 0.026496171951293945 
380, -1.2355520725250244, 0.04829216003417969, 0.02075958251953125, 0.02586984634399414 
381, -1.2356112003326416, 0.04798555374145508, 0.02047562599182129, 0.0258181095123291 
382, -1.2357354164123535, 0.04802751541137695, 0.020550966262817383, 0.025832653045654297 
383, -1.2358112335205078, 0.04813551902770996, 0.0205996036529541, 0.02572774887084961 
384, -1.235933542251587, 0.048526763916015625, 0.020584583282470703, 0.026018142700195312 
385, -1.2359637022018433, 0.052675485610961914, 0.02204132080078125, 0.02860236167907715 
386, -1.235935926437378, 0.05322670936584473, 0.022830486297607422, 0.028451204299926758 
387, -1.2359663248062134, 0.05292820930480957, 0.0226290225982666, 0.028287887573242188 
388, -1.2360565662384033, 0.05287599563598633, 0.02252340316772461, 0.02833724021911621 
389, -1.2362110614776611, 0.05319333076477051, 0.022778987884521484, 0.028393268585205078 
390, -1.2363604307174683, 0.052764892578125, 0.022680997848510742, 0.028261899948120117 
391, -1.2364592552185059, 0.052880287170410156, 0.02257847785949707, 0.028311967849731445 
392, -1.2365632057189941, 0.05303668975830078, 0.022516250610351562, 0.028470516204833984 
393, -1.2366580963134766, 0.05320453643798828, 0.02258443832397461, 0.028604507446289062 
394, -1.2367191314697266, 0.05306100845336914, 0.02270650863647461, 0.028366565704345703 
395, -1.2367806434631348, 0.049700260162353516, 0.021595001220703125, 0.02634406089782715 
396, -1.2366077899932861, 0.048035383224487305, 0.020533084869384766, 0.025738000869750977 
397, -1.2368478775024414, 0.04786109924316406, 0.02057504653930664, 0.025511980056762695 
398, -1.2368955612182617, 0.047896623611450195, 0.020519495010375977, 0.02553105354309082 
399, -1.2370755672454834, 0.04888153076171875, 0.020850419998168945, 0.026208877563476562 
400, -1.2368826866149902, 0.04982948303222656, 0.02148723602294922, 0.02638840675354004 
401, -1.236767053604126, 0.04904603958129883, 0.02080368995666504, 0.0263669490814209 
402, -1.23673415184021, 0.04927229881286621, 0.021088838577270508, 0.026402711868286133 
403, -1.2367675304412842, 0.05014991760253906, 0.02103281021118164, 0.027283906936645508 
404, -1.2369052171707153, 0.05032205581665039, 0.02153158187866211, 0.027019500732421875 
405, -1.2370903491973877, 0.0520024299621582, 0.021811246871948242, 0.0281527042388916 
406, -1.2373263835906982, 0.05621004104614258, 0.02387547492980957, 0.030220746994018555 
407, -1.2370009422302246, 0.05393266677856445, 0.023328304290771484, 0.02859020233154297 
408, -1.2370134592056274, 0.053139686584472656, 0.02262282371520996, 0.028510332107543945 
409, -1.2375212907791138, 0.05235433578491211, 0.0227205753326416, 0.027639150619506836 
410, -1.2374162673950195, 0.05190539360046387, 0.02169346809387207, 0.027620792388916016 
411, -1.23728346824646, 0.05525350570678711, 0.023287534713745117, 0.029752016067504883 
412, -1.2372324466705322, 0.05550265312194824, 0.024281978607177734, 0.029120922088623047 
413, -1.2371171712875366, 0.05353832244873047, 0.022917985916137695, 0.02856755256652832 
414, -1.2372934818267822, 0.05295300483703613, 0.022850751876831055, 0.028195858001708984 
415, -1.2373987436294556, 0.05130457878112793, 0.022117137908935547, 0.027218103408813477 
416, -1.237565279006958, 0.05396461486816406, 0.02262115478515625, 0.029222726821899414 
417, -1.2377846240997314, 0.05477547645568848, 0.023793935775756836, 0.028931140899658203 
418, -1.2380280494689941, 0.05342364311218262, 0.023077011108398438, 0.028356313705444336 
419, -1.237888216972351, 0.05280661582946777, 0.022642135620117188, 0.028148412704467773 
420, -1.2377710342407227, 0.05194449424743652, 0.02255558967590332, 0.02745342254638672 
421, -1.238166332244873, 0.04925060272216797, 0.021368741989135742, 0.026046037673950195 
422, -1.2379852533340454, 0.05775761604309082, 0.025005102157592773, 0.03074336051940918 
423, -1.237803339958191, 0.05854153633117676, 0.02543950080871582, 0.031078577041625977 
424, -1.2377519607543945, 0.05993962287902832, 0.026105642318725586, 0.03166699409484863 
425, -1.237762689590454, 0.04988551139831543, 0.021886825561523438, 0.026137590408325195 
426, -1.2378451824188232, 0.052127838134765625, 0.0219879150390625, 0.028087854385375977 
427, -1.2379913330078125, 0.05356740951538086, 0.023107051849365234, 0.028425931930541992 
428, -1.2381923198699951, 0.05304837226867676, 0.022838592529296875, 0.028189897537231445 
429, -1.2384377717971802, 0.05303382873535156, 0.02261948585510254, 0.028396129608154297 
430, -1.238481044769287, 0.05311155319213867, 0.022830963134765625, 0.02832174301147461 
431, -1.238302230834961, 0.052774667739868164, 0.02254772186279297, 0.02822113037109375 
432, -1.2386640310287476, 0.05260443687438965, 0.022469282150268555, 0.028108596801757812 
433, -1.2385886907577515, 0.05250215530395508, 0.022385358810424805, 0.02812671661376953 
434, -1.2385859489440918, 0.05248832702636719, 0.022354841232299805, 0.02805781364440918 
435, -1.238649845123291, 0.0528714656829834, 0.02254962921142578, 0.028336048126220703 
436, -1.238774299621582, 0.050235748291015625, 0.021647930145263672, 0.026692628860473633 
437, -1.238711953163147, 0.04829263687133789, 0.020830392837524414, 0.025661706924438477 
438, -1.238905429840088, 0.04737234115600586, 0.020276546478271484, 0.02532672882080078 
439, -1.2387919425964355, 0.04725766181945801, 0.020238399505615234, 0.025257110595703125 
440, -1.2387113571166992, 0.04799962043762207, 0.020439863204956055, 0.025905132293701172 
441, -1.2385072708129883, 0.04867410659790039, 0.02092266082763672, 0.02602386474609375 
442, -1.2387206554412842, 0.04904890060424805, 0.02097630500793457, 0.026249408721923828 
443, -1.2388025522232056, 0.04906010627746582, 0.021010160446166992, 0.026201248168945312 
444, -1.2389428615570068, 0.048940181732177734, 0.020978450775146484, 0.026076316833496094 
445, -1.2391345500946045, 0.049550533294677734, 0.021301984786987305, 0.026418209075927734 
446, -1.2386059761047363, 0.05042910575866699, 0.021459341049194336, 0.026964187622070312 
447, -1.2385951280593872, 0.05321788787841797, 0.022397994995117188, 0.02873706817626953 
448, -1.2390985488891602, 0.05350756645202637, 0.02306509017944336, 0.028451919555664062 
449, -1.2390389442443848, 0.052926063537597656, 0.02286243438720703, 0.028078079223632812 
450, -1.238858699798584, 0.0527195930480957, 0.02265453338623047, 0.02822566032409668 
451, -1.2386045455932617, 0.05079030990600586, 0.02140641212463379, 0.027507543563842773 
452, -1.2386865615844727, 0.05168271064758301, 0.02137589454650879, 0.028430700302124023 
453, -1.2386903762817383, 0.05404949188232422, 0.023103952407836914, 0.028963327407836914 
454, -1.2387663125991821, 0.0528867244720459, 0.022494792938232422, 0.028417110443115234 
455, -1.2389066219329834, 0.0529484748840332, 0.022619247436523438, 0.028362274169921875 
456, -1.2391020059585571, 0.05156993865966797, 0.02261972427368164, 0.026903152465820312 
457, -1.239342451095581, 0.05121254920959473, 0.021433353424072266, 0.02778792381286621 
458, -1.2393486499786377, 0.0545809268951416, 0.02303171157836914, 0.029436111450195312 
459, -1.239267110824585, 0.054064273834228516, 0.02339768409729004, 0.028588533401489258 
460, -1.239569067955017, 0.05250716209411621, 0.022504568099975586, 0.028058528900146484 
461, -1.2395524978637695, 0.053214311599731445, 0.022519588470458984, 0.028667449951171875 
462, -1.239551305770874, 0.05286002159118652, 0.02260613441467285, 0.028281450271606445 
463, -1.2396152019500732, 0.05359029769897461, 0.023210525512695312, 0.02830195426940918 
464, -1.2394615411758423, 0.05320906639099121, 0.022644519805908203, 0.02868485450744629 
465, -1.239638328552246, 0.04968380928039551, 0.02156996726989746, 0.026302576065063477 
466, -1.2394673824310303, 0.0480036735534668, 0.020568132400512695, 0.025637149810791016 
467, -1.239335298538208, 0.047864437103271484, 0.020464181900024414, 0.0257570743560791 
468, -1.2392833232879639, 0.04793381690979004, 0.020426034927368164, 0.025678396224975586 
469, -1.2393059730529785, 0.047852277755737305, 0.020443201065063477, 0.025656938552856445 
470, -1.2393953800201416, 0.04870915412902832, 0.02055835723876953, 0.025860071182250977 
471, -1.2395431995391846, 0.052672624588012695, 0.022005796432495117, 0.028630733489990234 
472, -1.2395306825637817, 0.053194522857666016, 0.02275705337524414, 0.02843475341796875 
473, -1.2398492097854614, 0.05268669128417969, 0.022443532943725586, 0.0282440185546875 
474, -1.239851474761963, 0.05272793769836426, 0.022552013397216797, 0.0281527042388916 
475, -1.2397539615631104, 0.052719831466674805, 0.022518396377563477, 0.02819085121154785 
476, -1.2396681308746338, 0.05295133590698242, 0.022545814514160156, 0.0283963680267334 
477, -1.2396571636199951, 0.05323314666748047, 0.022695541381835938, 0.028490066528320312 
478, -1.2397141456604004, 0.053124427795410156, 0.02278923988342285, 0.028302431106567383 
479, -1.2398319244384766, 0.052814483642578125, 0.022431135177612305, 0.02837347984313965 
480, -1.2400023937225342, 0.05284833908081055, 0.022565364837646484, 0.028263568878173828 
481, -1.2394740581512451, 0.05016613006591797, 0.021843433380126953, 0.02651357650756836 
482, -1.239773154258728, 0.04805135726928711, 0.020607948303222656, 0.025760889053344727 
483, -1.2399473190307617, 0.04805183410644531, 0.020594358444213867, 0.025647640228271484 
484, -1.2398149967193604, 0.04782700538635254, 0.020531415939331055, 0.025691509246826172 
485, -1.2397617101669312, 0.04827737808227539, 0.020421266555786133, 0.026095867156982422 
486, -1.239781379699707, 0.04962635040283203, 0.02131509780883789, 0.026470184326171875 
487, -1.239868402481079, 0.04907941818237305, 0.02113175392150879, 0.02625894546508789 
488, -1.2400137186050415, 0.04933905601501465, 0.02111339569091797, 0.026456832885742188 
489, -1.23995840549469, 0.049211978912353516, 0.020933151245117188, 0.026462554931640625 
490, -1.2400736808776855, 0.04972267150878906, 0.021224260330200195, 0.026688575744628906 
491, -1.240060567855835, 0.05119681358337402, 0.021418333053588867, 0.027733564376831055 
492, -1.2399814128875732, 0.055284738540649414, 0.023436307907104492, 0.029702186584472656 
493, -1.2397953271865845, 0.05397224426269531, 0.023162126541137695, 0.028749942779541016 
494, -1.2399935722351074, 0.05317425727844238, 0.022630929946899414, 0.02843475341796875 
495, -1.2400753498077393, 0.05250668525695801, 0.022710084915161133, 0.027911901473999023 
496, -1.240213394165039, 0.05125594139099121, 0.021648168563842773, 0.027582883834838867 
497, -1.23994779586792, 0.0550689697265625, 0.023165464401245117, 0.029709577560424805 
498, -1.2399928569793701, 0.05443906784057617, 0.02381134033203125, 0.02865314483642578 
499, -1.2402377128601074, 0.05302572250366211, 0.02259373664855957, 0.02845597267150879 
500, -1.2401522397994995, 0.052763938903808594, 0.022756338119506836, 0.028217077255249023 
501, -1.2401411533355713, 0.050887346267700195, 0.021668672561645508, 0.027212142944335938 
502, -1.2401976585388184, 0.05486917495727539, 0.02272963523864746, 0.029965877532958984 
503, -1.2401776313781738, 0.054601192474365234, 0.023832321166992188, 0.02868485450744629 
504, -1.2404232025146484, 0.05307960510253906, 0.02262115478515625, 0.028503894805908203 
505, -1.2399203777313232, 0.05273699760437012, 0.02256321907043457, 0.028207778930664062 
506, -1.2399861812591553, 0.05298471450805664, 0.022630691528320312, 0.02836751937866211 
507, -1.2403695583343506, 0.050427913665771484, 0.021909475326538086, 0.0267333984375 
508, -1.2402608394622803, 0.04822587966918945, 0.02070307731628418, 0.02582240104675293 
509, -1.2402293682098389, 0.04789471626281738, 0.02042865753173828, 0.025674104690551758 
510, -1.240268349647522, 0.048451900482177734, 0.020519256591796875, 0.025668621063232422 
511, -1.2403708696365356, 0.047966957092285156, 0.02048015594482422, 0.025678157806396484 
512, -1.240527868270874, 0.047936201095581055, 0.02039480209350586, 0.025715351104736328 
513, -1.2399601936340332, 0.05253481864929199, 0.021912336349487305, 0.028607845306396484 
514, -1.240215539932251, 0.053663015365600586, 0.022907018661499023, 0.028699159622192383 
515, -1.2403650283813477, 0.05313396453857422, 0.02274489402770996, 0.028400182723999023 
516, -1.240288496017456, 0.05292057991027832, 0.02253270149230957, 0.028376102447509766 
517, -1.2402323484420776, 0.05275988578796387, 0.022443532943725586, 0.02826094627380371 
518, -1.2402499914169312, 0.052582740783691406, 0.02246403694152832, 0.02812504768371582 
519, -1.2403348684310913, 0.05332684516906738, 0.022846460342407227, 0.028494834899902344 
520, -1.240478515625, 0.05323362350463867, 0.0226895809173584, 0.028544902801513672 
521, -1.2401189804077148, 0.0527036190032959, 0.022589921951293945, 0.02809309959411621 
522, -1.2402069568634033, 0.0528414249420166, 0.022543668746948242, 0.028307437896728516 
523, -1.2405078411102295, 0.0507969856262207, 0.022099018096923828, 0.02684926986694336 
524, -1.2404208183288574, 0.04804110527038574, 0.020750999450683594, 0.02551126480102539 
525, -1.2404086589813232, 0.047525644302368164, 0.02018594741821289, 0.02558732032775879 
526, -1.2403523921966553, 0.04713129997253418, 0.020212650299072266, 0.02522134780883789 
527, -1.2405192852020264, 0.04798269271850586, 0.020303010940551758, 0.025913715362548828 
528, -1.2406344413757324, 0.0493471622467041, 0.02107381820678711, 0.026496171951293945 
529, -1.2402770519256592, 0.04864335060119629, 0.020936250686645508, 0.025893688201904297 
530, -1.2403626441955566, 0.04902982711791992, 0.021198511123657227, 0.02601909637451172 
531, -1.2405893802642822, 0.048783063888549805, 0.020784378051757812, 0.026230573654174805 
532, -1.240480899810791, 0.04863882064819336, 0.020619630813598633, 0.02617359161376953 
533, -1.2404496669769287, 0.04959368705749512, 0.02138209342956543, 0.026317119598388672 
534, -1.2404896020889282, 0.05164957046508789, 0.02169036865234375, 0.027915000915527344 
535, -1.2405064105987549, 0.052156686782836914, 0.022475719451904297, 0.027709007263183594 
536, -1.2406895160675049, 0.05110526084899902, 0.02176952362060547, 0.02715921401977539 
537, -1.2404468059539795, 0.05446338653564453, 0.02413034439086914, 0.028255701065063477 
538, -1.2405190467834473, 0.05032062530517578, 0.022057056427001953, 0.02635979652404785 
539, -1.2405222654342651, 0.052243709564208984, 0.021732807159423828, 0.028400421142578125 
540, -1.2404892444610596, 0.05441546440124512, 0.023212909698486328, 0.029033660888671875 
541, -1.2404589653015137, 0.05301928520202637, 0.022957563400268555, 0.028101205825805664 
542, -1.2405009269714355, 0.052449941635131836, 0.02231121063232422, 0.02814650535583496 
543, -1.2406063079833984, 0.052741050720214844, 0.02233409881591797, 0.028575658798217773 
544, -1.2407660484313965, 0.05081343650817871, 0.02111673355102539, 0.02756190299987793 
545, -1.2402749061584473, 0.054418087005615234, 0.022956132888793945, 0.029308319091796875 
546, -1.240351676940918, 0.05375313758850098, 0.023360729217529297, 0.02838134765625 
547, -1.2407315969467163, 0.05273008346557617, 0.02238774299621582, 0.028348922729492188 
548, -1.2406798601150513, 0.05271124839782715, 0.02261805534362793, 0.02803635597229004 
549, -1.2406156063079834, 0.05243039131164551, 0.022436857223510742, 0.027956724166870117 
550, -1.2406249046325684, 0.05001997947692871, 0.021911144256591797, 0.026370525360107422 
551, -1.2406997680664062, 0.04811215400695801, 0.0206301212310791, 0.025738239288330078 
552, -1.2407749891281128, 0.04788851737976074, 0.02040576934814453, 0.025683879852294922 
553, -1.2407801151275635, 0.047998905181884766, 0.020400047302246094, 0.025946855545043945 
554, -1.240797996520996, 0.048172712326049805, 0.020531177520751953, 0.025852203369140625 
555, -1.240855097770691, 0.04791378974914551, 0.020488262176513672, 0.02568197250366211 
556, -1.2407784461975098, 0.05184435844421387, 0.021581172943115234, 0.028342485427856445 
557, -1.2406563758850098, 0.052393198013305664, 0.02238774299621582, 0.0280458927154541 
558, -1.2407349348068237, 0.05267810821533203, 0.02244114875793457, 0.028277158737182617 
559, -1.2407852411270142, 0.05277061462402344, 0.022494792938232422, 0.028337717056274414 
560, -1.240818977355957, 0.05243229866027832, 0.02246713638305664, 0.02801203727722168 
561, -1.240821361541748, 0.05244851112365723, 0.022386789321899414, 0.02820301055908203 
562, -1.2407886981964111, 0.05274224281311035, 0.0225677490234375, 0.02819371223449707 
563, -1.240820050239563, 0.052739620208740234, 0.02254939079284668, 0.028236865997314453 
564, -1.2407948970794678, 0.05289721488952637, 0.02263355255126953, 0.028212308883666992 
565, -1.2407677173614502, 0.05258584022521973, 0.022452592849731445, 0.028126239776611328 
566, -1.2408099174499512, 0.050749778747558594, 0.022426128387451172, 0.02663135528564453 
567, -1.2409145832061768, 0.0475621223449707, 0.0204622745513916, 0.025289535522460938 
568, -1.2406436204910278, 0.04790377616882324, 0.02056288719177246, 0.0255734920501709 
569, -1.2405790090560913, 0.04729294776916504, 0.02011847496032715, 0.025409221649169922 
570, -1.2407453060150146, 0.04776120185852051, 0.020052671432495117, 0.025890350341796875 
571, -1.240543007850647, 0.04982805252075195, 0.02110004425048828, 0.026798486709594727 
572, -1.2404286861419678, 0.04883980751037598, 0.020674705505371094, 0.026206493377685547 
573, -1.2403961420059204, 0.04894876480102539, 0.021043062210083008, 0.02615523338317871 
574, -1.2404391765594482, 0.04925966262817383, 0.0210263729095459, 0.026357412338256836 
575, -1.2405496835708618, 0.04961133003234863, 0.020984888076782227, 0.026804685592651367 
576, -1.2407186031341553, 0.051479339599609375, 0.021241426467895508, 0.027879953384399414 
577, -1.2409346103668213, 0.05580735206604004, 0.023442745208740234, 0.02997279167175293 
578, -1.2402868270874023, 0.05467367172241211, 0.023641586303710938, 0.028972864151000977 
579, -1.240229606628418, 0.05363821983337402, 0.02314615249633789, 0.028445720672607422 
580, -1.2407382726669312, 0.053739070892333984, 0.022867918014526367, 0.028757333755493164 
581, -1.240584373474121, 0.05116581916809082, 0.021831035614013672, 0.02714824676513672 
582, -1.24049973487854, 0.055147647857666016, 0.02307581901550293, 0.02983236312866211 
583, -1.2403918504714966, 0.05574822425842285, 0.023888587951660156, 0.029757261276245117 
584, -1.2403168678283691, 0.053833723068237305, 0.022950172424316406, 0.02877354621887207 
585, -1.2403225898742676, 0.05387616157531738, 0.023001432418823242, 0.028833866119384766 
586, -1.2404005527496338, 0.05154228210449219, 0.022511005401611328, 0.026957273483276367 
587, -1.240541934967041, 0.05501747131347656, 0.02297210693359375, 0.029833316802978516 
588, -1.240736484527588, 0.05817675590515137, 0.02406167984008789, 0.03156685829162598 
589, -1.2409743070602417, 0.053945064544677734, 0.023135900497436523, 0.028774499893188477 
590, -1.2403006553649902, 0.05370497703552246, 0.022985219955444336, 0.02867746353149414 
591, -1.2401583194732666, 0.05364704132080078, 0.022887706756591797, 0.02872610092163086 
592, -1.2406408786773682, 0.052474260330200195, 0.023015975952148438, 0.027598857879638672 
593, -1.24075448513031, 0.048596858978271484, 0.02088165283203125, 0.025919198989868164 
594, -1.2404863834381104, 0.04830336570739746, 0.020661592483520508, 0.025823354721069336 
595, -1.2403112649917603, 0.04825925827026367, 0.020613908767700195, 0.025852441787719727 
596, -1.2402260303497314, 0.04810166358947754, 0.020548343658447266, 0.025937795639038086 
597, -1.2402241230010986, 0.07041287422180176, 0.02056574821472168, 0.03199028968811035 
598, -1.2402974367141724, 0.05652785301208496, 0.026090383529663086, 0.028484821319580078 
599, -1.2404372692108154, 0.052713632583618164, 0.02254033088684082, 0.02820563316345215 
600, -1.2406327724456787, 0.05256056785583496, 0.022438526153564453, 0.02816939353942871 
601, -1.2408742904663086, 0.0532686710357666, 0.022658824920654297, 0.02857518196105957 
602, -1.2406927347183228, 0.053246259689331055, 0.022726058959960938, 0.02853679656982422 
603, -1.2406072616577148, 0.05310320854187012, 0.02274346351623535, 0.028389930725097656 
604, -1.241044282913208, 0.0526273250579834, 0.02256488800048828, 0.0281369686126709 
605, -1.2407371997833252, 0.05336284637451172, 0.022783517837524414, 0.028617382049560547 
606, -1.240473747253418, 0.053015947341918945, 0.02268671989440918, 0.028346538543701172 
607, -1.2403042316436768, 0.05299735069274902, 0.022626399993896484, 0.028423786163330078 
608, -1.2402244806289673, 0.05106496810913086, 0.022419214248657227, 0.026861906051635742 
609, -1.2402267456054688, 0.04789113998413086, 0.02043628692626953, 0.02562117576599121 
610, -1.2403042316436768, 0.04807877540588379, 0.020707368850708008, 0.025580883026123047 
611, -1.2404463291168213, 0.04800248146057129, 0.020427942276000977, 0.02577352523803711 
612, -1.2406420707702637, 0.04833674430847168, 0.02037835121154785, 0.026124000549316406 
613, -1.240883708000183, 0.04956960678100586, 0.021086454391479492, 0.026660919189453125 
614, -1.2407116889953613, 0.04904913902282715, 0.02089214324951172, 0.026307344436645508 
615, -1.2406005859375, 0.04913949966430664, 0.02113032341003418, 0.02618241310119629 
616, -1.2410731315612793, 0.08501005172729492, 0.021012306213378906, 0.04766678810119629 
617, -1.240549087524414, 0.05354166030883789, 0.024849891662597656, 0.026785612106323242 
618, -1.2405736446380615, 0.05339956283569336, 0.022608280181884766, 0.028865814208984375 
619, -1.2404060363769531, 0.05303764343261719, 0.023198604583740234, 0.027983665466308594 
620, -1.240325927734375, 0.08124780654907227, 0.02390003204345703, 0.04345059394836426 
621, -1.2403273582458496, 0.06322884559631348, 0.02757883071899414, 0.03348541259765625 
622, -1.2404019832611084, 0.059789180755615234, 0.02686333656311035, 0.030967235565185547 
623, -1.2405413389205933, 0.05434155464172363, 0.02310967445373535, 0.02914118766784668 
624, -1.2407357692718506, 0.05274200439453125, 0.02263808250427246, 0.028245925903320312 
625, -1.2409756183624268, 0.056734323501586914, 0.02227306365966797, 0.03234553337097168 
626, -1.2407352924346924, 0.05993008613586426, 0.025867938995361328, 0.032028913497924805 
627, -1.2407448291778564, 0.060578107833862305, 0.025861263275146484, 0.032656192779541016 
628, -1.2410356998443604, 0.06491804122924805, 0.027669191360473633, 0.03480339050292969 
629, -1.2409205436706543, 0.05514264106750488, 0.02527165412902832, 0.028078079223632812 
630, -1.2408626079559326, 0.050662994384765625, 0.021641016006469727, 0.02721381187438965 
631, -1.2409281730651855, 0.050667524337768555, 0.021944522857666016, 0.02691173553466797 
632, -1.2409298419952393, 0.05041146278381348, 0.021476268768310547, 0.027133464813232422 
633, -1.2409546375274658, 0.054880380630493164, 0.02170848846435547, 0.028629064559936523 
634, -1.2409483194351196, 0.05142641067504883, 0.02208685874938965, 0.02747368812561035 
635, -1.2410101890563965, 0.0511472225189209, 0.021666288375854492, 0.027512311935424805 
636, -1.240783452987671, 0.05089521408081055, 0.02205801010131836, 0.027022600173950195 
637, -1.2410626411437988, 0.0483241081237793, 0.02089095115661621, 0.025620222091674805 
638, -1.2410656213760376, 0.04742550849914551, 0.020343542098999023, 0.025266408920288086 
639, -1.2411060333251953, 0.04687070846557617, 0.020064592361450195, 0.025045156478881836 
640, -1.2410132884979248, 0.04702568054199219, 0.020090579986572266, 0.025159835815429688 
641, -1.2406587600708008, 0.04704761505126953, 0.020111083984375, 0.02516913414001465 
642, -1.2409133911132812, 0.04761910438537598, 0.019988536834716797, 0.025777816772460938 
643, -1.2409100532531738, 0.05151677131652832, 0.02185988426208496, 0.027774333953857422 
644, -1.2409496307373047, 0.0523378849029541, 0.02227926254272461, 0.02811264991760254 
645, -1.240708351135254, 0.052283525466918945, 0.022368907928466797, 0.027967453002929688 
646, -1.2407971620559692, 0.05224967002868652, 0.02241969108581543, 0.027858972549438477 
647, -1.2406893968582153, 0.05229663848876953, 0.02238917350769043, 0.02802586555480957 
648, -1.24051833152771, 0.05253243446350098, 0.02234649658203125, 0.028215885162353516 
649, -1.240438461303711, 0.05206489562988281, 0.022235631942749023, 0.02789020538330078 
650, -1.2404441833496094, 0.05251264572143555, 0.022355318069458008, 0.0281827449798584 
651, -1.2405266761779785, 0.052557945251464844, 0.02245044708251953, 0.028168678283691406 
652, -1.240675687789917, 0.0523524284362793, 0.02234172821044922, 0.028081893920898438 
653, -1.2408802509307861, 0.048769235610961914, 0.021389007568359375, 0.025650978088378906 
654, -1.240349292755127, 0.04642796516418457, 0.019826889038085938, 0.024884462356567383 
655, -1.240363359451294, 0.04646706581115723, 0.019848346710205078, 0.024903297424316406 
656, -1.2408796548843384, 0.04688549041748047, 0.020224571228027344, 0.024884462356567383 
657, -1.2407069206237793, 0.04844260215759277, 0.020217180252075195, 0.0264432430267334 
658, -1.240478515625, 0.04893326759338379, 0.02114272117614746, 0.026042461395263672 
659, -1.240342617034912, 0.04863429069519043, 0.020503520965576172, 0.026302337646484375 
660, -1.2402936220169067, 0.04881715774536133, 0.020978689193725586, 0.025961637496948242 
661, -1.2403228282928467, 0.047922372817993164, 0.020723819732666016, 0.025431394577026367 
662, -1.2402029037475586, 0.048563241958618164, 0.020630836486816406, 0.026156902313232422 
663, -1.2405235767364502, 0.04918956756591797, 0.020603179931640625, 0.026718616485595703 
664, -1.2406847476959229, 0.05181717872619629, 0.02208232879638672, 0.027833938598632812 
665, -1.24089515209198, 0.051631927490234375, 0.02225041389465332, 0.027530670166015625 
666, -1.2410968542099, 0.0507357120513916, 0.021843433380126953, 0.027028560638427734 
667, -1.2409825325012207, 0.05078125, 0.021557092666625977, 0.02735304832458496 
668, -1.2410435676574707, 0.04886794090270996, 0.021172761917114258, 0.02584075927734375 
669, -1.2409625053405762, 0.051767587661743164, 0.021367549896240234, 0.027912139892578125 
670, -1.2409242391586304, 0.05228877067565918, 0.022400379180908203, 0.0279233455657959 
671, -1.2409403324127197, 0.05110931396484375, 0.02177596092224121, 0.02739715576171875 
672, -1.2410205602645874, 0.05098295211791992, 0.0218203067779541, 0.027172565460205078 
673, -1.2407218217849731, 0.04972386360168457, 0.021657466888427734, 0.026195764541625977 
674, -1.240872859954834, 0.049555063247680664, 0.020661592483520508, 0.0269010066986084 
675, -1.2408628463745117, 0.05248069763183594, 0.022234678268432617, 0.028203964233398438 
676, -1.2407140731811523, 0.05160379409790039, 0.022510290145874023, 0.027136802673339844 
677, -1.2406504154205322, 0.05140185356140137, 0.02192378044128418, 0.027535676956176758 
678, -1.2406662702560425, 0.05076146125793457, 0.021745681762695312, 0.027127742767333984 
679, -1.240753412246704, 0.05132436752319336, 0.021973609924316406, 0.0274050235748291 
680, -1.2409026622772217, 0.05121755599975586, 0.02191329002380371, 0.027347803115844727 
681, -1.241105079650879, 0.051085710525512695, 0.021909236907958984, 0.027318239212036133 
682, -1.240739107131958, 0.051039695739746094, 0.02201986312866211, 0.027132749557495117 
683, -1.2404799461364746, 0.051192283630371094, 0.021874427795410156, 0.027322769165039062 
684, -1.2411408424377441, 0.05119466781616211, 0.021866559982299805, 0.027395248413085938 
685, -1.2409842014312744, 0.0498201847076416, 0.021566390991210938, 0.026448965072631836 
686, -1.2408512830734253, 0.04793286323547363, 0.020652055740356445, 0.025495052337646484 
687, -1.240930199623108, 0.047341346740722656, 0.020219802856445312, 0.02534937858581543 
688, -1.2410173416137695, 0.047092437744140625, 0.02013874053955078, 0.02520465850830078 
689, -1.240997076034546, 0.047514915466308594, 0.020381450653076172, 0.025339126586914062 
690, -1.2411096096038818, 0.047005653381347656, 0.020119428634643555, 0.02514934539794922 
691, -1.2411288022994995, 0.05199170112609863, 0.021601438522338867, 0.028439044952392578 
692, -1.240943193435669, 0.052513837814331055, 0.022560596466064453, 0.028004884719848633 
693, -1.2411060333251953, 0.05258655548095703, 0.022454500198364258, 0.0281674861907959 
694, -1.2410752773284912, 0.05235481262207031, 0.02240610122680664, 0.0280001163482666 
695, -1.2410807609558105, 0.0523529052734375, 0.02228856086730957, 0.028128385543823242 
696, -1.2411563396453857, 0.05219268798828125, 0.022345781326293945, 0.027925729751586914 
697, -1.2408521175384521, 0.05239725112915039, 0.022429466247558594, 0.028016328811645508 
698, -1.2410707473754883, 0.05267333984375, 0.02249002456665039, 0.02822589874267578 
699, -1.2408922910690308, 0.05233144760131836, 0.022510766983032227, 0.027922391891479492 
700, -1.2407126426696777, 0.052206993103027344, 0.022270917892456055, 0.027980804443359375 
701, -1.240624189376831, 0.05119180679321289, 0.02231907844543457, 0.02699732780456543 
702, -1.2406206130981445, 0.04713082313537598, 0.020563364028930664, 0.024756431579589844 
703, -1.2406928539276123, 0.046820878982543945, 0.019987821578979492, 0.025103092193603516 
704, -1.2408325672149658, 0.04686903953552246, 0.02007007598876953, 0.02503681182861328 
705, -1.2410285472869873, 0.04695272445678711, 0.019939661026000977, 0.025201797485351562 
706, -1.2409690618515015, 0.04914975166320801, 0.021074533462524414, 0.026197433471679688 
707, -1.2412083148956299, 0.0486149787902832, 0.02114582061767578, 0.025647878646850586 
708, -1.2409212589263916, 0.04915428161621094, 0.021092891693115234, 0.026300907135009766 
709, -1.240818738937378, 0.0486903190612793, 0.020535707473754883, 0.02634739875793457 
710, -1.2407631874084473, 0.047486305236816406, 0.02016282081604004, 0.025529861450195312 
711, -1.2407855987548828, 0.04871082305908203, 0.021221399307250977, 0.02567601203918457 
712, -1.2408788204193115, 0.05092430114746094, 0.021477222442626953, 0.027502775192260742 
713, -1.2410330772399902, 0.0525355339050293, 0.02240920066833496, 0.028166770935058594 
714, -1.2407031059265137, 0.051262855529785156, 0.02202749252319336, 0.027330636978149414 
715, -1.2407686710357666, 0.05105400085449219, 0.021842479705810547, 0.02732372283935547 
716, -1.2410469055175781, 0.050165653228759766, 0.021936416625976562, 0.02644634246826172 
717, -1.2409429550170898, 0.04953575134277344, 0.020562171936035156, 0.027025461196899414 
718, -1.2409186363220215, 0.05199027061462402, 0.022301673889160156, 0.027776479721069336 
719, -1.2409285306930542, 0.0512547492980957, 0.022266626358032227, 0.02707505226135254 
720, -1.241014838218689, 0.05088210105895996, 0.021789073944091797, 0.027228355407714844 
721, -1.2411272525787354, 0.05075716972351074, 0.021778345108032227, 0.027178525924682617 
722, -1.2407464981079102, 0.04837489128112793, 0.020760774612426758, 0.025758743286132812 
723, -1.2408385276794434, 0.05144548416137695, 0.02158212661743164, 0.027817487716674805 
724, -1.241034746170044, 0.05234694480895996, 0.02261066436767578, 0.02780938148498535 
725, -1.2409014701843262, 0.050865888595581055, 0.021570444107055664, 0.027296781539916992 
726, -1.2408521175384521, 0.05088210105895996, 0.021770954132080078, 0.02723550796508789 
727, -1.2408809661865234, 0.05069541931152344, 0.021525859832763672, 0.027277708053588867 
728, -1.2409791946411133, 0.05028343200683594, 0.021699905395507812, 0.026735544204711914 
729, -1.241104006767273, 0.0484006404876709, 0.02087235450744629, 0.025723934173583984 
730, -1.2409923076629639, 0.04714608192443848, 0.020176172256469727, 0.025156497955322266 
731, -1.2410697937011719, 0.04720616340637207, 0.020192384719848633, 0.025221824645996094 
732, -1.2409002780914307, 0.04728436470031738, 0.02022552490234375, 0.02525472640991211 
733, -1.240835189819336, 0.04788470268249512, 0.020839929580688477, 0.025269269943237305 
734, -1.240782380104065, 0.04893994331359863, 0.020195960998535156, 0.026802539825439453 
735, -1.2408099174499512, 0.05279684066772461, 0.02258777618408203, 0.02832198143005371 
736, -1.240908145904541, 0.05264425277709961, 0.022567272186279297, 0.02812027931213379 
737, -1.2410680055618286, 0.05199098587036133, 0.022085905075073242, 0.027959585189819336 
738, -1.2407770156860352, 0.051874637603759766, 0.02211761474609375, 0.027840137481689453 
739, -1.2408583164215088, 0.051813364028930664, 0.022177934646606445, 0.027753591537475586 
740, -1.2410888671875, 0.05245351791381836, 0.022363662719726562, 0.028122663497924805 
741, -1.2409842014312744, 0.05226469039916992, 0.02239537239074707, 0.02791619300842285 
742, -1.2406524419784546, 0.05231356620788574, 0.02240920066833496, 0.027971982955932617 
743, -1.240943193435669, 0.0518949031829834, 0.022150278091430664, 0.027817964553833008 
744, -1.2410002946853638, 0.05209088325500488, 0.022375106811523438, 0.027855873107910156 
745, -1.241121768951416, 0.04841136932373047, 0.021230220794677734, 0.025460481643676758 
746, -1.2408418655395508, 0.046526432037353516, 0.01985621452331543, 0.02495718002319336 
747, -1.2409409284591675, 0.04647183418273926, 0.019905567169189453, 0.024864673614501953 
748, -1.2410485744476318, 0.04675030708312988, 0.01998162269592285, 0.02502727508544922 
749, -1.2409182786941528, 0.04849100112915039, 0.020322322845458984, 0.026392221450805664 
750, -1.240872859954834, 0.048807382583618164, 0.021080732345581055, 0.02603769302368164 
751, -1.2408945560455322, 0.04897499084472656, 0.02049422264099121, 0.026151418685913086 
752, -1.240940809249878, 0.04866290092468262, 0.021084070205688477, 0.02576470375061035 
753, -1.2410436868667603, 0.04800748825073242, 0.02091217041015625, 0.025309324264526367 
754, -1.2410045862197876, 0.04824471473693848, 0.020307064056396484, 0.026159286499023438 
755, -1.241091012954712, 0.04927778244018555, 0.020534515380859375, 0.02672100067138672 
756, -1.2408360242843628, 0.05199074745178223, 0.022235870361328125, 0.027870655059814453 
757, -1.240797519683838, 0.05164813995361328, 0.02231884002685547, 0.02749347686767578 
758, -1.2407710552215576, 0.05092930793762207, 0.02179408073425293, 0.02729201316833496 
759, -1.240820288658142, 0.05081319808959961, 0.021747589111328125, 0.027222871780395508 
760, -1.240936279296875, 0.04829740524291992, 0.021028757095336914, 0.025484800338745117 
761, -1.2411093711853027, 0.05085015296936035, 0.02149200439453125, 0.02751636505126953 
762, -1.2404829263687134, 0.0517277717590332, 0.022251605987548828, 0.027645349502563477 
763, -1.2405270338058472, 0.05059671401977539, 0.02156519889831543, 0.027216196060180664 
764, -1.2411541938781738, 0.05050373077392578, 0.02161860466003418, 0.027070283889770508 
765, -1.2409212589263916, 0.049379587173461914, 0.021735668182373047, 0.025913476943969727 
766, -1.2409671545028687, 0.049008846282958984, 0.020537614822387695, 0.02669668197631836 
767, -1.240958333015442, 0.05172395706176758, 0.02206707000732422, 0.027843713760375977 
768, -1.2410228252410889, 0.051076650619506836, 0.022113800048828125, 0.027158260345458984 
769, -1.240959882736206, 0.050972938537597656, 0.021868467330932617, 0.027290821075439453 
770, -1.2410740852355957, 0.05077314376831055, 0.02168440818786621, 0.02727031707763672 
771, -1.2410759925842285, 0.05082988739013672, 0.02181553840637207, 0.027182817459106445 
772, -1.2410610914230347, 0.0505979061126709, 0.021773338317871094, 0.02702474594116211 
773, -1.241020679473877, 0.05075335502624512, 0.021662235260009766, 0.027269840240478516 
774, -1.2409762144088745, 0.04952597618103027, 0.021416902542114258, 0.02628016471862793 
775, -1.2409274578094482, 0.04780435562133789, 0.020457029342651367, 0.025546789169311523 
776, -1.2410420179367065, 0.04734659194946289, 0.020299196243286133, 0.02525949478149414 
777, -1.2411237955093384, 0.04788851737976074, 0.020229339599609375, 0.025834083557128906 
778, -1.2410399913787842, 0.047139883041381836, 0.02014017105102539, 0.025200366973876953 
779, -1.241018533706665, 0.04878425598144531, 0.02013564109802246, 0.02680373191833496 
780, -1.2410732507705688, 0.05223679542541504, 0.022363662719726562, 0.02798748016357422 
781, -1.2408932447433472, 0.05204343795776367, 0.0223236083984375, 0.027860403060913086 
782, -1.2411105632781982, 0.051904916763305664, 0.02224588394165039, 0.027805566787719727 
783, -1.2411067485809326, 0.05148124694824219, 0.02203679084777832, 0.0275876522064209 
784, -1.2411656379699707, 0.05125880241394043, 0.021877288818359375, 0.027514934539794922 
785, -1.2410424947738647, 0.05201578140258789, 0.0221407413482666, 0.028011083602905273 
786, -1.2409942150115967, 0.05158853530883789, 0.022137165069580078, 0.027582883834838867 
787, -1.2407597303390503, 0.05159759521484375, 0.022047758102416992, 0.027714252471923828 
788, -1.241058588027954, 0.05181169509887695, 0.02211737632751465, 0.027770042419433594 
789, -1.2411613464355469, 0.05135536193847656, 0.021978139877319336, 0.02754807472229004 
790, -1.2408170700073242, 0.048574209213256836, 0.02118706703186035, 0.025706052780151367 
791, -1.2409393787384033, 0.04657149314880371, 0.019845008850097656, 0.025023937225341797 
792, -1.2410106658935547, 0.046662330627441406, 0.020168781280517578, 0.024816513061523438 
793, -1.2409005165100098, 0.07430076599121094, 0.04622054100036621, 0.02623271942138672 
794, -1.2408571243286133, 0.04889512062072754, 0.02060389518737793, 0.026433229446411133 
795, -1.240894079208374, 0.04881906509399414, 0.02069091796875, 0.026315689086914062 
796, -1.2410029172897339, 0.04856586456298828, 0.020563602447509766, 0.026155948638916016 
797, -1.2411720752716064, 0.04857897758483887, 0.021047592163085938, 0.025751829147338867 
798, -1.2405959367752075, 0.048201799392700195, 0.020766258239746094, 0.02568507194519043 
799, -1.2409236431121826, 0.04853034019470215, 0.020411014556884766, 0.026403427124023438 
800, -1.241014003753662, 0.04974055290222168, 0.02101731300354004, 0.02695441246032715 
801, -1.2408273220062256, 0.05118060111999512, 0.02202296257019043, 0.027348041534423828 
802, -1.2407333850860596, 0.050855398178100586, 0.021795034408569336, 0.02727794647216797 
803, -1.2407265901565552, 0.05098676681518555, 0.02192378044128418, 0.027257442474365234 
804, -1.2407984733581543, 0.049806833267211914, 0.021761655807495117, 0.026276826858520508 
805, -1.2409396171569824, 0.04927635192871094, 0.021368980407714844, 0.0261232852935791 
806, -1.241098403930664, 0.05148482322692871, 0.021779775619506836, 0.027753829956054688 
807, -1.2411227226257324, 0.05159139633178711, 0.022117137908935547, 0.027518510818481445 
808, -1.2411601543426514, 0.05102872848510742, 0.02179574966430664, 0.0272979736328125 
809, -1.241034746170044, 0.05056118965148926, 0.021926164627075195, 0.02684783935546875 
810, -1.2409749031066895, 0.04943108558654785, 0.021224021911621094, 0.026362895965576172 
811, -1.2407913208007812, 0.050627708435058594, 0.0211641788482666, 0.027505874633789062 
812, -1.2410154342651367, 0.0519108772277832, 0.022511720657348633, 0.02751898765563965 
813, -1.2411078214645386, 0.05133867263793945, 0.022110939025878906, 0.027353525161743164 
814, -1.2410378456115723, 0.05107522010803223, 0.021935701370239258, 0.02726149559020996 
815, -1.2411916255950928, 0.051293134689331055, 0.021974802017211914, 0.027381420135498047 
816, -1.2408084869384766, 0.05038046836853027, 0.02191925048828125, 0.026704788208007812 
817, -1.2407530546188354, 0.04880118370056152, 0.02105545997619629, 0.025976896286010742 
818, -1.2407726049423218, 0.04744696617126465, 0.02028489112854004, 0.025556087493896484 
819, -1.240813970565796, 0.047022342681884766, 0.020097732543945312, 0.025180339813232422 
820, -1.2409234046936035, 0.04679751396179199, 0.019913196563720703, 0.02521800994873047 
821, -1.2410922050476074, 0.04706764221191406, 0.019999980926513672, 0.025235414505004883 
822, -1.2407902479171753, 0.051499128341674805, 0.022063255310058594, 0.0274503231048584 
823, -1.2409083843231201, 0.05328702926635742, 0.02282404899597168, 0.028497695922851562 
824, -1.24092698097229, 0.05336284637451172, 0.02257227897644043, 0.028819561004638672 
825, -1.2407370805740356, 0.05293154716491699, 0.02264404296875, 0.02835869789123535 
826, -1.2406408786773682, 0.053243398666381836, 0.02276778221130371, 0.02850031852722168 
827, -1.2406318187713623, 0.05305910110473633, 0.022615432739257812, 0.028505563735961914 
828, -1.24070143699646, 0.05290865898132324, 0.022655963897705078, 0.02833414077758789 
829, -1.2408406734466553, 0.05253124237060547, 0.022359132766723633, 0.02819037437438965 
830, -1.2409942150115967, 0.05278420448303223, 0.02261972427368164, 0.028132200241088867 
831, -1.2410221099853516, 0.05268120765686035, 0.022318124771118164, 0.028050899505615234 
832, -1.2410660982131958, 0.04994606971740723, 0.021465063095092773, 0.026621103286743164 
833, -1.2409330606460571, 0.04849553108215332, 0.020885229110717773, 0.02605748176574707 
834, -1.2408726215362549, 0.046272993087768555, 0.019867420196533203, 0.024880170822143555 
835, -1.240891695022583, 0.04668784141540527, 0.02010798454284668, 0.02487468719482422 
836, -1.2407164573669434, 0.04726004600524902, 0.019861936569213867, 0.025666236877441406 
837, -1.2410690784454346, 0.04800081253051758, 0.020429372787475586, 0.0258331298828125 
838, -1.241046667098999, 0.04867053031921387, 0.020558595657348633, 0.026151180267333984 
839, -1.2411526441574097, 0.0483555793762207, 0.02070331573486328, 0.025867700576782227 
840, -1.2411580085754395, 0.04852294921875, 0.0207364559173584, 0.02601027488708496 
841, -1.2409770488739014, 0.04848837852478027, 0.020735979080200195, 0.0260007381439209 
842, -1.2408803701400757, 0.047934770584106445, 0.020241975784301758, 0.026009559631347656 
843, -1.2408688068389893, 0.04896402359008789, 0.020823240280151367, 0.026228666305541992 
844, -1.2409355640411377, 0.050627946853637695, 0.02144336700439453, 0.027209997177124023 
845, -1.240997552871704, 0.051079750061035156, 0.021858692169189453, 0.027300119400024414 
846, -1.2411949634552002, 0.05067038536071777, 0.021570205688476562, 0.027219772338867188 
847, -1.240549921989441, 0.049242496490478516, 0.02120065689086914, 0.02615952491760254 
848, -1.240578532218933, 0.049216508865356445, 0.021330833435058594, 0.02624988555908203 
849, -1.2411017417907715, 0.04991292953491211, 0.021137475967407227, 0.026923656463623047 
850, -1.2409617900848389, 0.05082368850708008, 0.021524906158447266, 0.027357101440429688 
851, -1.240911841392517, 0.050658226013183594, 0.021689414978027344, 0.027106523513793945 
852, -1.2409449815750122, 0.05024218559265137, 0.02153635025024414, 0.02642202377319336 
853, -1.241004228591919, 0.0491943359375, 0.021179676055908203, 0.026143312454223633 
854, -1.2409749031066895, 0.04941129684448242, 0.02080512046813965, 0.026668310165405273 
855, -1.241142749786377, 0.05076098442077637, 0.021787166595458984, 0.02703690528869629 
856, -1.2409687042236328, 0.050696372985839844, 0.02166748046875, 0.0271303653717041 
857, -1.2408303022384644, 0.05073213577270508, 0.021721601486206055, 0.02708578109741211 
858, -1.2406195402145386, 0.05077767372131348, 0.021661043167114258, 0.027254819869995117 
859, -1.2407464981079102, 0.05077195167541504, 0.021688222885131836, 0.027166128158569336 
860, -1.2407920360565186, 0.05062246322631836, 0.021550893783569336, 0.027150869369506836 
861, -1.2409095764160156, 0.05094623565673828, 0.021723508834838867, 0.027307987213134766 
862, -1.2410900592803955, 0.05086088180541992, 0.02184319496154785, 0.027011632919311523 
863, -1.2406847476959229, 0.05059528350830078, 0.021554231643676758, 0.027126073837280273 
864, -1.2406811714172363, 0.04981851577758789, 0.02144765853881836, 0.02657175064086914 
865, -1.2411408424377441, 0.04872894287109375, 0.0210573673248291, 0.025912046432495117 
866, -1.2410404682159424, 0.04733610153198242, 0.020303726196289062, 0.02537059783935547 
867, -1.241023302078247, 0.047041893005371094, 0.020105361938476562, 0.025157690048217773 
868, -1.241031289100647, 0.047048330307006836, 0.020159482955932617, 0.025256872177124023 
869, -1.2411389350891113, 0.04693031311035156, 0.02013087272644043, 0.025219202041625977 
870, -1.240955114364624, 0.05116415023803711, 0.021491050720214844, 0.027704238891601562 
871, -1.241150975227356, 0.0534975528717041, 0.023044347763061523, 0.028476476669311523 
872, -1.2408814430236816, 0.053142547607421875, 0.022731542587280273, 0.028445959091186523 
873, -1.2406926155090332, 0.05283975601196289, 0.02249932289123535, 0.028403282165527344 
874, -1.2406220436096191, 0.05301475524902344, 0.022527456283569336, 0.02857351303100586 
875, -1.2406375408172607, 0.05313467979431152, 0.022729873657226562, 0.028419971466064453 
876, -1.240731954574585, 0.052759408950805664, 0.022583961486816406, 0.028211593627929688 
877, -1.2408945560455322, 0.053160667419433594, 0.022753238677978516, 0.02841639518737793 
878, -1.2411143779754639, 0.05250239372253418, 0.022417783737182617, 0.028120756149291992 
879, -1.2406765222549438, 0.05286049842834473, 0.022518634796142578, 0.028356075286865234 
880, -1.2405709028244019, 0.05085420608520508, 0.02219986915588379, 0.026751279830932617 
881, -1.241147756576538, 0.048242807388305664, 0.020858049392700195, 0.02564263343811035 
882, -1.2409738302230835, 0.04641222953796387, 0.019830942153930664, 0.02487921714782715 
883, -1.240890622138977, 0.04641842842102051, 0.0199127197265625, 0.024908065795898438 
884, -1.2408926486968994, 0.04716920852661133, 0.01983332633972168, 0.02559375762939453 
885, -1.2409712076187134, 0.04840874671936035, 0.020401954650878906, 0.026257753372192383 
886, -1.2410564422607422, 0.04857444763183594, 0.02054882049560547, 0.026302337646484375 
887, -1.241048812866211, 0.04840087890625, 0.020606279373168945, 0.02601909637451172 
888, -1.2410619258880615, 0.04826092720031738, 0.020852327346801758, 0.02560710906982422 
889, -1.241148591041565, 0.0487368106842041, 0.020900964736938477, 0.02608323097229004 
890, -1.2408188581466675, 0.048464059829711914, 0.020257949829101562, 0.026437044143676758 
891, -1.241143822669983, 0.04973578453063965, 0.020872116088867188, 0.026892662048339844 
892, -1.2409651279449463, 0.05155634880065918, 0.021982192993164062, 0.027639150619506836 
893, -1.2404972314834595, 0.05128121376037598, 0.021944046020507812, 0.02767658233642578 
894, -1.2405943870544434, 0.05069112777709961, 0.021677255630493164, 0.027230262756347656 
895, -1.2406078577041626, 0.049597978591918945, 0.021413087844848633, 0.026314496994018555 
896, -1.2406542301177979, 0.049098968505859375, 0.021065473556518555, 0.026273012161254883 
897, -1.2407758235931396, 0.050841569900512695, 0.021491527557373047, 0.02741384506225586 
898, -1.240962028503418, 0.05096602439880371, 0.02172565460205078, 0.027360916137695312 
899, -1.2410411834716797, 0.05059480667114258, 0.021648645401000977, 0.027071475982666016 
900, -1.2410337924957275, 0.04996156692504883, 0.02167487144470215, 0.02646923065185547 
901, -1.2410199642181396, 0.049175262451171875, 0.02109813690185547, 0.026267051696777344 
902, -1.240919828414917, 0.049890756607055664, 0.020955324172973633, 0.026986122131347656 
903, -1.2409058809280396, 0.05117988586425781, 0.021925687789916992, 0.027313232421875 
904, -1.2407217025756836, 0.0509333610534668, 0.021971464157104492, 0.02706599235534668 
905, -1.241029977798462, 0.05080080032348633, 0.021735429763793945, 0.02715921401977539 
906, -1.2411580085754395, 0.05077219009399414, 0.021630048751831055, 0.027219533920288086 
907, -1.240621566772461, 0.050668954849243164, 0.021807193756103516, 0.026984214782714844 
908, -1.2406913042068481, 0.05081629753112793, 0.021543025970458984, 0.027331113815307617 
909, -1.2410719394683838, 0.050093889236450195, 0.021516084671020508, 0.026770591735839844 
910, -1.2409316301345825, 0.04862403869628906, 0.02099323272705078, 0.025860071182250977 
911, -1.2408816814422607, 0.04723405838012695, 0.020340442657470703, 0.02531147003173828 
912, -1.2409157752990723, 0.0467686653137207, 0.020064592361450195, 0.025003671646118164 
913, -1.2410244941711426, 0.0467836856842041, 0.020087242126464844, 0.025020122528076172 
914, -1.2411975860595703, 0.04724884033203125, 0.0201570987701416, 0.02534317970275879 
915, -1.2405295372009277, 0.0513155460357666, 0.02180957794189453, 0.02750086784362793 
916, -1.2409400939941406, 0.0533299446105957, 0.022947311401367188, 0.028429031372070312 
917, -1.2410202026367188, 0.05270648002624512, 0.022429943084716797, 0.028319835662841797 
918, -1.2407610416412354, 0.052228450775146484, 0.02230548858642578, 0.027967214584350586 
919, -1.2407333850860596, 0.05240797996520996, 0.02242422103881836, 0.02798628807067871 
920, -1.240736722946167, 0.05227208137512207, 0.02243328094482422, 0.027868986129760742 
921, -1.240821361541748, 0.05243659019470215, 0.022409915924072266, 0.028063058853149414 
922, -1.240976095199585, 0.052765846252441406, 0.022507905960083008, 0.028270959854125977 
923, -1.2408710718154907, 0.05266571044921875, 0.022518157958984375, 0.028187036514282227 
924, -1.240967035293579, 0.052605390548706055, 0.02247452735900879, 0.028165578842163086 
925, -1.2409632205963135, 0.05019187927246094, 0.02178215980529785, 0.02656722068786621 
926, -1.2408430576324463, 0.04803586006164551, 0.0207364559173584, 0.02562689781188965 
927, -1.2408124208450317, 0.04610872268676758, 0.019686460494995117, 0.02471137046813965 
928, -1.2408634424209595, 0.046631813049316406, 0.020040035247802734, 0.02494668960571289 
929, -1.2406058311462402, 0.04735422134399414, 0.02003788948059082, 0.02554917335510254 
930, -1.241080403327942, 0.048180580139160156, 0.02045917510986328, 0.025971174240112305 
931, -1.240990400314331, 0.048599958419799805, 0.020671367645263672, 0.026230335235595703 
932, -1.2410192489624023, 0.04834580421447754, 0.020567893981933594, 0.025974035263061523 
933, -1.2407476902008057, 0.0481412410736084, 0.020778894424438477, 0.025518178939819336 
934, -1.2405296564102173, 0.04877591133117676, 0.021048545837402344, 0.025958538055419922 
935, -1.2404155731201172, 0.048478126525878906, 0.020376205444335938, 0.0263822078704834 
936, -1.24039888381958, 0.04945230484008789, 0.020770549774169922, 0.026773691177368164 
937, -1.240471601486206, 0.05072355270385742, 0.021691083908081055, 0.027092456817626953 
938, -1.240623116493225, 0.05103468894958496, 0.021900415420532227, 0.027202367782592773 
939, -1.240840196609497, 0.05047297477722168, 0.02164006233215332, 0.026917219161987305 
940, -1.2401373386383057, 0.04892325401306152, 0.02072596549987793, 0.026322603225708008 
941, -1.240138292312622, 0.04894566535949707, 0.020989418029785156, 0.02605152130126953 
942, -1.240797758102417, 0.050701141357421875, 0.021579504013061523, 0.027281522750854492 
943, -1.2405658960342407, 0.05067276954650879, 0.02158641815185547, 0.027255773544311523 
944, -1.240344762802124, 0.05066537857055664, 0.021695375442504883, 0.027058839797973633 
945, -1.2402613162994385, 0.04931378364562988, 0.02144932746887207, 0.026026487350463867 
946, -1.2402362823486328, 0.04900074005126953, 0.020931005477905273, 0.02621293067932129 
947, -1.2402962446212769, 0.05005669593811035, 0.021094799041748047, 0.026999711990356445 
948, -1.2404303550720215, 0.05104470252990723, 0.021717548370361328, 0.027418851852416992 
949, -1.2406282424926758, 0.050617218017578125, 0.021607160568237305, 0.027147293090820312 
950, -1.2408543825149536, 0.0506744384765625, 0.021567106246948242, 0.02718496322631836 
951, -1.2411000728607178, 0.05074763298034668, 0.021760940551757812, 0.027106523513793945 
952, -1.2403229475021362, 0.05047774314880371, 0.02157759666442871, 0.026972293853759766 
953, -1.240154504776001, 0.05067324638366699, 0.02179241180419922, 0.026978254318237305 
954, -1.2406833171844482, 0.049933671951293945, 0.02131819725036621, 0.026346206665039062 
955, -1.2408690452575684, 0.048048973083496094, 0.020894527435302734, 0.025447368621826172 
956, -1.2406082153320312, 0.04694318771362305, 0.020169973373413086, 0.025131940841674805 
957, -1.2404470443725586, 0.04701662063598633, 0.020166397094726562, 0.02509593963623047 
958, -1.2403829097747803, 0.04666423797607422, 0.01998758316040039, 0.024939298629760742 
959, -1.2402827739715576, 0.04834127426147461, 0.01990365982055664, 0.026544809341430664 
960, -1.2404401302337646, 0.0524744987487793, 0.021906614303588867, 0.028604984283447266 
961, -1.2405503988265991, 0.05288195610046387, 0.02266383171081543, 0.028264999389648438 
962, -1.2407281398773193, 0.05286741256713867, 0.022527694702148438, 0.028392791748046875 
963, -1.2409634590148926, 0.05263519287109375, 0.02245306968688965, 0.028223276138305664 
964, -1.2405623197555542, 0.05229520797729492, 0.02222728729248047, 0.02809596061706543 
965, -1.2404401302337646, 0.0526881217956543, 0.022490978240966797, 0.028237581253051758 
966, -1.2409946918487549, 0.052974700927734375, 0.02264118194580078, 0.028355836868286133 
967, -1.240767002105713, 0.052689552307128906, 0.022551774978637695, 0.02820587158203125 
968, -1.2405109405517578, 0.052690744400024414, 0.022716760635375977, 0.028038740158081055 
969, -1.2403597831726074, 0.052163124084472656, 0.022241830825805664, 0.02799677848815918 
970, -1.240308165550232, 0.049555063247680664, 0.021601200103759766, 0.026130199432373047 
971, -1.2403359413146973, 0.04749155044555664, 0.02072286605834961, 0.025070905685424805 
972, -1.2403950691223145, 0.046436309814453125, 0.019747495651245117, 0.024956464767456055 
973, -1.2405214309692383, 0.04657769203186035, 0.019999980926513672, 0.024945497512817383 
974, -1.2407163381576538, 0.047846317291259766, 0.020518064498901367, 0.025677919387817383 
975, -1.2409684658050537, 0.04856395721435547, 0.021013975143432617, 0.025793790817260742 
976, -1.2408034801483154, 0.048553466796875, 0.021052837371826172, 0.025739669799804688 
977, -1.2406578063964844, 0.04867839813232422, 0.0206606388092041, 0.02618265151977539 
978, -1.2411694526672363, 0.04812932014465332, 0.020626544952392578, 0.025679588317871094 
979, -1.2410752773284912, 0.048134803771972656, 0.020976781845092773, 0.025346755981445312 
980, -1.2411353588104248, 0.04904484748840332, 0.020859241485595703, 0.026305198669433594 
981, -1.2411901950836182, 0.050711631774902344, 0.021369218826293945, 0.02735733985900879 
982, -1.2410802841186523, 0.051305532455444336, 0.022017478942871094, 0.0273284912109375 
983, -1.241014838218689, 0.05088043212890625, 0.021799802780151367, 0.027143001556396484 
984, -1.2409942150115967, 0.05036139488220215, 0.02176690101623535, 0.026785850524902344 
985, -1.2410526275634766, 0.049193382263183594, 0.020879745483398438, 0.02652573585510254 
986, -1.240952491760254, 0.04913973808288574, 0.020613670349121094, 0.02660202980041504 
987, -1.2410900592803955, 0.051219940185546875, 0.02185201644897461, 0.02741694450378418 
988, -1.2410845756530762, 0.0511469841003418, 0.021887540817260742, 0.027341127395629883 
989, -1.2410576343536377, 0.05072951316833496, 0.021549701690673828, 0.027251720428466797 
990, -1.2410143613815308, 0.04966282844543457, 0.02143573760986328, 0.026342153549194336 
991, -1.240963101387024, 0.049189090728759766, 0.02129530906677246, 0.02601170539855957 
992, -1.2409958839416504, 0.05071282386779785, 0.0213625431060791, 0.027393341064453125 
993, -1.2411038875579834, 0.05144691467285156, 0.021848440170288086, 0.027659893035888672 
994, -1.240966796875, 0.05085158348083496, 0.021889686584472656, 0.02706289291381836 
995, -1.2411153316497803, 0.05084490776062012, 0.021567821502685547, 0.02732992172241211 
996, -1.2410447597503662, 0.05093550682067871, 0.021785974502563477, 0.02720928192138672 
997, -1.2410598993301392, 0.05060267448425293, 0.021497726440429688, 0.027173995971679688 
998, -1.2411527633666992, 0.0510258674621582, 0.021889209747314453, 0.027202606201171875 
999, -1.2410253286361694, 0.05075979232788086, 0.021739959716796875, 0.027107715606689453 
