Iteration, loss, time 
0, 0.6937000751495361, 0.360537052154541 
1, 0.6602206230163574, 0.32380104064941406 
2, 0.6132402420043945, 0.3015096187591553 
3, 0.5779650211334229, 0.30004262924194336 
4, 0.534019947052002, 0.3041987419128418 
5, 0.49221354722976685, 0.30080151557922363 
6, 0.4609878659248352, 0.31540656089782715 
7, 0.427590936422348, 0.321124792098999 
8, 0.3852638304233551, 0.3170962333679199 
9, 0.3431963324546814, 0.29771924018859863 
10, 0.313508003950119, 0.2969496250152588 
11, 0.2767520844936371, 0.29956650733947754 
12, 0.24751350283622742, 0.29564356803894043 
13, 0.2075527310371399, 0.3010408878326416 
14, 0.17823028564453125, 0.29922008514404297 
15, 0.14225411415100098, 0.293499231338501 
16, 0.1121138334274292, 0.29699015617370605 
17, 0.08197078108787537, 0.29930782318115234 
18, 0.05510750412940979, 0.2934377193450928 
19, 0.02986660599708557, 0.2981112003326416 
20, 0.0019881725311279297, 0.2971827983856201 
21, -0.022361457347869873, 0.2978198528289795 
22, -0.05483192205429077, 0.3010833263397217 
23, -0.0753788948059082, 0.29866552352905273 
24, -0.09810829162597656, 0.29001545906066895 
25, -0.12322348356246948, 0.30004262924194336 
26, -0.1571747362613678, 0.29812145233154297 
27, -0.17929938435554504, 0.2950434684753418 
28, -0.19730553030967712, 0.29583096504211426 
29, -0.21962404251098633, 0.2994096279144287 
30, -0.24497771263122559, 0.301044225692749 
31, -0.2658345699310303, 0.31771159172058105 
32, -0.2842203974723816, 0.3184843063354492 
33, -0.30408504605293274, 0.32266736030578613 
34, -0.3234166204929352, 0.3155694007873535 
35, -0.34272143244743347, 0.3126676082611084 
36, -0.35815349221229553, 0.31673431396484375 
37, -0.3727867305278778, 0.319016695022583 
38, -0.3888912796974182, 0.29821276664733887 
39, -0.4032164514064789, 0.31591105461120605 
40, -0.4205584228038788, 0.3231241703033447 
41, -0.4372997581958771, 0.31803011894226074 
42, -0.4505649209022522, 0.3049602508544922 
43, -0.4674280881881714, 0.3188047409057617 
44, -0.4781055748462677, 0.2987077236175537 
45, -0.4881652891635895, 0.29611873626708984 
46, -0.5035476684570312, 0.29593420028686523 
47, -0.5116472244262695, 0.30161261558532715 
48, -0.526765763759613, 0.2950582504272461 
49, -0.5414155721664429, 0.29996657371520996 
50, -0.5502209663391113, 0.2942616939544678 
51, -0.5606257319450378, 0.29928088188171387 
52, -0.570130467414856, 0.2943251132965088 
53, -0.5814929008483887, 0.29143238067626953 
54, -0.5938352346420288, 0.2902827262878418 
55, -0.6019251942634583, 0.2950313091278076 
56, -0.60907381772995, 0.29425048828125 
57, -0.6183784604072571, 0.29886698722839355 
58, -0.628570556640625, 0.2974848747253418 
59, -0.6356956958770752, 0.2891545295715332 
60, -0.6476315855979919, 0.29482221603393555 
61, -0.6567250490188599, 0.3005402088165283 
62, -0.6616460084915161, 0.29668664932250977 
63, -0.6661987900733948, 0.2992534637451172 
64, -0.6800918579101562, 0.2971055507659912 
65, -0.6859582662582397, 0.29907846450805664 
66, -0.6946832537651062, 0.29790735244750977 
67, -0.703768789768219, 0.29981017112731934 
68, -0.7071009874343872, 0.2984483242034912 
69, -0.7131811380386353, 0.3006856441497803 
70, -0.719091534614563, 0.29947638511657715 
71, -0.7286515235900879, 0.30036401748657227 
72, -0.7319639921188354, 0.3043959140777588 
73, -0.7382007837295532, 0.3007652759552002 
74, -0.7445946335792542, 0.30300045013427734 
75, -0.7537023425102234, 0.2968266010284424 
76, -0.7563178539276123, 0.29583263397216797 
77, -0.762488603591919, 0.2964365482330322 
78, -0.7674003839492798, 0.2974076271057129 
79, -0.7757776379585266, 0.2985341548919678 
80, -0.7788293957710266, 0.2925910949707031 
81, -0.7840131521224976, 0.29651498794555664 
82, -0.791317343711853, 0.2936668395996094 
83, -0.7945976257324219, 0.2923758029937744 
84, -0.798171877861023, 0.2940382957458496 
85, -0.8023641705513, 0.2928767204284668 
86, -0.8057459592819214, 0.2909049987792969 
87, -0.8108904361724854, 0.28849196434020996 
88, -0.8152994513511658, 0.29251551628112793 
89, -0.8187136650085449, 0.2921919822692871 
90, -0.822778582572937, 0.2932450771331787 
91, -0.8276765942573547, 0.2859683036804199 
92, -0.8316372632980347, 0.29499316215515137 
93, -0.8348890542984009, 0.29697275161743164 
94, -0.8395125269889832, 0.2980918884277344 
95, -0.8433864116668701, 0.298412561416626 
96, -0.8461781740188599, 0.296968936920166 
97, -0.8486008048057556, 0.2956089973449707 
98, -0.8550792932510376, 0.29250001907348633 
99, -0.855566143989563, 0.2924344539642334 
100, -0.8582932949066162, 0.43671154975891113 
101, -0.8626205921173096, 0.32699060440063477 
102, -0.8662285804748535, 0.29941415786743164 
103, -0.8695573806762695, 0.2941145896911621 
104, -0.8720207214355469, 0.2932913303375244 
105, -0.8760950565338135, 0.2946796417236328 
106, -0.8758975863456726, 0.2935194969177246 
107, -0.8818773031234741, 0.29212498664855957 
108, -0.8803107738494873, 0.2894935607910156 
109, -0.8849685192108154, 0.29252028465270996 
110, -0.8877861499786377, 0.2881734371185303 
111, -0.8908097147941589, 0.2921113967895508 
112, -0.8945445418357849, 0.2904975414276123 
113, -0.8944458961486816, 0.28986072540283203 
114, -0.897607147693634, 0.29090404510498047 
115, -0.899526834487915, 0.2934257984161377 
116, -0.9015651345252991, 0.2951314449310303 
117, -0.903520941734314, 0.29401683807373047 
118, -0.9053770303726196, 0.2926156520843506 
119, -0.9084919691085815, 0.29355525970458984 
120, -0.9097915887832642, 0.29215288162231445 
121, -0.9121593236923218, 0.2961454391479492 
122, -0.9129846096038818, 0.2931537628173828 
123, -0.9158403873443604, 0.28194189071655273 
124, -0.9155451059341431, 0.2979252338409424 
125, -0.9189704656600952, 0.29010748863220215 
126, -0.9214120507240295, 0.2845015525817871 
127, -0.9235233664512634, 0.290785551071167 
128, -0.9246456027030945, 0.2948901653289795 
129, -0.9269362092018127, 0.281508207321167 
130, -0.9275484085083008, 0.28548407554626465 
131, -0.9291013479232788, 0.2921290397644043 
132, -0.932633638381958, 0.2839066982269287 
133, -0.9330497980117798, 0.283205509185791 
134, -0.9338338971138, 0.28442835807800293 
135, -0.9364804625511169, 0.28632569313049316 
136, -0.9375927448272705, 0.2848782539367676 
137, -0.9382503032684326, 0.2851870059967041 
138, -0.9414390325546265, 0.28838086128234863 
139, -0.9413833618164062, 0.29024171829223633 
140, -0.9427263736724854, 0.28393125534057617 
141, -0.9441133737564087, 0.29070353507995605 
142, -0.9446693062782288, 0.2938063144683838 
143, -0.9478020071983337, 0.28967976570129395 
144, -0.9483628273010254, 0.2940974235534668 
145, -0.9501134157180786, 0.29221343994140625 
146, -0.95070481300354, 0.2920377254486084 
147, -0.9518506526947021, 0.2926928997039795 
148, -0.9524738192558289, 0.29113245010375977 
149, -0.9552112817764282, 0.29360485076904297 
150, -0.9560405611991882, 0.2915503978729248 
151, -0.9559160470962524, 0.2917933464050293 
152, -0.9566832780838013, 0.3095688819885254 
153, -0.9574330449104309, 0.2884972095489502 
154, -0.9599919319152832, 0.2910778522491455 
155, -0.9600927233695984, 0.2866637706756592 
156, -0.9607025384902954, 0.28626060485839844 
157, -0.962645411491394, 0.29576635360717773 
158, -0.9641005396842957, 0.29091596603393555 
159, -0.9640969634056091, 0.2873523235321045 
160, -0.9649227261543274, 0.28919458389282227 
161, -0.9672268629074097, 0.2848231792449951 
162, -0.9666865468025208, 0.2857367992401123 
163, -0.9685906767845154, 0.29070067405700684 
164, -0.9679624438285828, 0.29436326026916504 
165, -0.9702547192573547, 0.2957448959350586 
166, -0.9705487489700317, 0.28850650787353516 
167, -0.9709088802337646, 0.2909057140350342 
168, -0.9715009331703186, 0.29036641120910645 
169, -0.9729413390159607, 0.29411983489990234 
170, -0.9743576645851135, 0.2920238971710205 
171, -0.9750109910964966, 0.28502678871154785 
172, -0.9747710227966309, 0.29161572456359863 
173, -0.9762724041938782, 0.2858753204345703 
174, -0.9762275218963623, 0.2909510135650635 
175, -0.9766049981117249, 0.2819352149963379 
176, -0.9784279465675354, 0.2857210636138916 
177, -0.9781951308250427, 0.2873973846435547 
178, -0.9790197610855103, 0.28290462493896484 
179, -0.9798052906990051, 0.2892723083496094 
180, -0.9802165031433105, 0.2870955467224121 
181, -0.9819769859313965, 0.2885465621948242 
182, -0.9821016788482666, 0.28368139266967773 
183, -0.9826937317848206, 0.28279995918273926 
184, -0.9831706881523132, 0.28229188919067383 
185, -0.9832100868225098, 0.28558826446533203 
186, -0.9839798212051392, 0.2925877571105957 
187, -0.9842326045036316, 0.29105114936828613 
188, -0.9855508208274841, 0.29116296768188477 
189, -0.9854938983917236, 0.2857370376586914 
190, -0.9861422777175903, 0.2917056083679199 
191, -0.9864482283592224, 0.2932140827178955 
192, -0.987002968788147, 0.29038381576538086 
193, -0.9880720973014832, 0.28804874420166016 
194, -0.9875525832176208, 0.28981900215148926 
195, -0.9879022240638733, 0.288654088973999 
196, -0.9888115525245667, 0.2882049083709717 
197, -0.989959716796875, 0.2924070358276367 
198, -0.9899288415908813, 0.29029083251953125 
199, -0.9902548789978027, 0.2792541980743408 
200, -0.9909926652908325, 0.29372429847717285 
201, -0.9921118021011353, 0.2968463897705078 
202, -0.9916056990623474, 0.28741025924682617 
203, -0.9930869936943054, 0.2910268306732178 
204, -0.9917603731155396, 0.2832798957824707 
205, -0.9934217929840088, 0.29073524475097656 
206, -0.9941288828849792, 0.28362464904785156 
207, -0.994451642036438, 0.2834789752960205 
208, -0.9938694834709167, 0.2839071750640869 
209, -0.9948645830154419, 0.29200100898742676 
210, -0.9943098425865173, 0.29023313522338867 
211, -0.9958436489105225, 0.29459190368652344 
212, -0.9958221912384033, 0.2904231548309326 
213, -0.9965596199035645, 0.289975643157959 
214, -0.995936393737793, 0.2899620532989502 
215, -0.9964010119438171, 0.287647008895874 
216, -0.9970351457595825, 0.291029691696167 
217, -0.9973200559616089, 0.28473567962646484 
218, -0.9968867897987366, 0.28756093978881836 
219, -0.998340904712677, 0.2906637191772461 
220, -0.9983092546463013, 0.28415775299072266 
221, -0.9987087249755859, 0.2901268005371094 
222, -0.9989328384399414, 0.2864646911621094 
223, -0.9984967112541199, 0.2881486415863037 
224, -0.9993047118186951, 0.2829451560974121 
225, -0.9994660019874573, 0.28653812408447266 
226, -0.9995986223220825, 0.2882249355316162 
227, -0.9999951720237732, 0.2848484516143799 
228, -0.9996340274810791, 0.28321385383605957 
229, -1.0007240772247314, 0.2836322784423828 
230, -1.0013632774353027, 0.2860400676727295 
231, -1.000960350036621, 0.28907084465026855 
232, -1.0012239217758179, 0.2862856388092041 
233, -1.0018128156661987, 0.29003334045410156 
234, -1.0020251274108887, 0.29446864128112793 
235, -1.0017188787460327, 0.2918100357055664 
236, -1.0027639865875244, 0.2910804748535156 
237, -1.0015318393707275, 0.2936992645263672 
238, -1.0027997493743896, 0.2894291877746582 
239, -1.0027307271957397, 0.29329967498779297 
240, -1.0031726360321045, 0.2878115177154541 
241, -1.0034608840942383, 0.29362916946411133 
242, -1.0034246444702148, 0.2921407222747803 
243, -1.0041489601135254, 0.28759050369262695 
244, -1.0041792392730713, 0.28951168060302734 
245, -1.0041004419326782, 0.2874715328216553 
246, -1.004469394683838, 0.28989291191101074 
247, -1.0045031309127808, 0.28624415397644043 
248, -1.0038180351257324, 0.2868773937225342 
249, -1.004934549331665, 0.28944945335388184 
250, -1.0044474601745605, 0.2907073497772217 
251, -1.004826545715332, 0.28401923179626465 
252, -1.0052618980407715, 0.29198646545410156 
253, -1.005819320678711, 0.28769826889038086 
254, -1.0049833059310913, 0.29322075843811035 
255, -1.0057055950164795, 0.28833699226379395 
256, -1.0060253143310547, 0.2963981628417969 
257, -1.0060429573059082, 0.2894480228424072 
258, -1.0060265064239502, 0.29090118408203125 
259, -1.006666660308838, 0.29529643058776855 
260, -1.0064938068389893, 0.2872638702392578 
261, -1.0066895484924316, 0.2889735698699951 
262, -1.006775140762329, 0.2928502559661865 
263, -1.0075979232788086, 0.2959482669830322 
264, -1.0077602863311768, 0.2916750907897949 
265, -1.007070541381836, 0.28922080993652344 
266, -1.0067857503890991, 0.2927358150482178 
267, -1.007218599319458, 0.2928965091705322 
268, -1.0076581239700317, 0.28972935676574707 
269, -1.0075690746307373, 0.2928440570831299 
270, -1.007799506187439, 0.2947816848754883 
271, -1.0081169605255127, 0.28629302978515625 
272, -1.008281946182251, 0.29572224617004395 
273, -1.008300542831421, 0.28943610191345215 
274, -1.0083518028259277, 0.29904818534851074 
275, -1.0083463191986084, 0.2899794578552246 
276, -1.0086827278137207, 0.2921946048736572 
277, -1.0088824033737183, 0.287233829498291 
278, -1.0092015266418457, 0.2906494140625 
279, -1.0087504386901855, 0.2916238307952881 
280, -1.0089160203933716, 0.2899899482727051 
281, -1.009049654006958, 0.28598642349243164 
282, -1.009336233139038, 0.2824881076812744 
283, -1.007049560546875, 0.29623913764953613 
284, -1.008457899093628, 0.29555559158325195 
285, -1.0085780620574951, 0.29282069206237793 
286, -1.008165955543518, 0.29534149169921875 
287, -1.009506106376648, 0.2998664379119873 
288, -1.0101134777069092, 0.2932920455932617 
289, -1.0097700357437134, 0.2894885540008545 
290, -1.009680986404419, 0.29401278495788574 
291, -1.0102200508117676, 0.29018473625183105 
292, -1.0094257593154907, 0.28403282165527344 
293, -1.0099103450775146, 0.299938440322876 
294, -1.010026216506958, 0.29232096672058105 
295, -1.0095075368881226, 0.30089807510375977 
296, -1.0101982355117798, 0.29291296005249023 
297, -1.009697437286377, 0.2889747619628906 
298, -1.0109803676605225, 0.28957128524780273 
299, -1.010528326034546, 0.2953670024871826 
300, -1.0106127262115479, 0.2938244342803955 
301, -1.0109636783599854, 0.2965362071990967 
302, -1.0104963779449463, 0.2910590171813965 
303, -1.0110512971878052, 0.2885289192199707 
304, -1.0111945867538452, 0.2955167293548584 
305, -1.010467767715454, 0.2926905155181885 
306, -1.0111145973205566, 0.29535961151123047 
307, -1.0105080604553223, 0.2928328514099121 
308, -1.0110878944396973, 0.2887260913848877 
309, -1.0109426975250244, 0.2902538776397705 
310, -1.011490821838379, 0.2959914207458496 
311, -1.0109819173812866, 0.29708051681518555 
312, -1.0112626552581787, 0.29667067527770996 
313, -1.010804533958435, 0.2919292449951172 
314, -1.0111712217330933, 0.2861194610595703 
315, -1.011303424835205, 0.2899336814880371 
316, -1.0110366344451904, 0.2929654121398926 
317, -1.01121187210083, 0.28831052780151367 
318, -1.0113781690597534, 0.2879147529602051 
319, -1.0116944313049316, 0.29380249977111816 
320, -1.010826826095581, 0.3263826370239258 
321, -1.0116260051727295, 0.31149888038635254 
322, -1.0118497610092163, 0.2927718162536621 
323, -1.012183666229248, 0.2910749912261963 
324, -1.0117770433425903, 0.28948044776916504 
325, -1.0120530128479004, 0.2934126853942871 
326, -1.0120787620544434, 0.2926909923553467 
327, -1.0120052099227905, 0.2849090099334717 
328, -1.0121843814849854, 0.2894260883331299 
329, -1.0121464729309082, 0.28368639945983887 
330, -1.0123817920684814, 0.2911036014556885 
331, -1.011714220046997, 0.2928130626678467 
332, -1.0117511749267578, 0.28540587425231934 
333, -1.0121173858642578, 0.29013776779174805 
334, -1.012392282485962, 0.28507137298583984 
335, -1.0124883651733398, 0.2888457775115967 
336, -1.01220703125, 0.2919180393218994 
337, -1.0123436450958252, 0.29085397720336914 
338, -1.0124917030334473, 0.28506898880004883 
339, -1.0128085613250732, 0.29769349098205566 
340, -1.0123690366744995, 0.2884402275085449 
341, -1.011830449104309, 0.2938988208770752 
342, -1.012660264968872, 0.29421138763427734 
343, -1.0121614933013916, 0.30200767517089844 
344, -1.0124907493591309, 0.289215087890625 
345, -1.0122621059417725, 0.2968714237213135 
346, -1.012101411819458, 0.28854799270629883 
347, -1.012500524520874, 0.3231632709503174 
348, -1.012374997138977, 0.3056600093841553 
349, -1.0128676891326904, 0.3044285774230957 
350, -1.0126543045043945, 0.28533315658569336 
351, -1.0129423141479492, 0.2992987632751465 
352, -1.0128921270370483, 0.2885584831237793 
353, -1.012852668762207, 0.2891979217529297 
354, -1.0125465393066406, 0.29681825637817383 
355, -1.013663649559021, 0.2899971008300781 
356, -1.0129761695861816, 0.2886979579925537 
357, -1.012587547302246, 0.2926487922668457 
358, -1.0131868124008179, 0.2909069061279297 
359, -1.0131006240844727, 0.2859013080596924 
360, -1.0134387016296387, 0.2917346954345703 
361, -1.0132179260253906, 0.2890911102294922 
362, -1.01301908493042, 0.28577637672424316 
363, -1.0129752159118652, 0.29369473457336426 
364, -1.012820839881897, 0.29136013984680176 
365, -1.0128110647201538, 0.2954866886138916 
366, -1.0133466720581055, 0.3186073303222656 
367, -1.012981653213501, 0.28684234619140625 
368, -1.0131311416625977, 0.38576793670654297 
369, -1.0132765769958496, 0.30948591232299805 
370, -1.0127888917922974, 0.2877540588378906 
371, -1.012967586517334, 0.28302931785583496 
372, -1.0126302242279053, 0.2910196781158447 
373, -1.0129084587097168, 0.28589391708374023 
374, -1.0128015279769897, 0.2885003089904785 
375, -1.0130298137664795, 0.29167675971984863 
376, -1.0133075714111328, 0.2906482219696045 
377, -1.0135862827301025, 0.28284120559692383 
378, -1.0129201412200928, 0.28101658821105957 
379, -1.013506531715393, 0.28632593154907227 
380, -1.0131609439849854, 0.28426599502563477 
381, -1.0134592056274414, 0.28558993339538574 
382, -1.0135765075683594, 0.29477858543395996 
383, -1.0134243965148926, 0.2860848903656006 
384, -1.013357162475586, 0.28905463218688965 
385, -1.012887716293335, 0.29535555839538574 
386, -1.0132989883422852, 0.2872307300567627 
387, -1.0131373405456543, 0.28392601013183594 
388, -1.0134996175765991, 0.2833230495452881 
389, -1.01340913772583, 0.2829728126525879 
390, -1.0133596658706665, 0.2838129997253418 
391, -1.0133631229400635, 0.2908039093017578 
392, -1.0138509273529053, 0.2901482582092285 
393, -1.01337730884552, 0.286848783493042 
394, -1.0141804218292236, 0.29129838943481445 
395, -1.0141063928604126, 0.28874969482421875 
396, -1.0137863159179688, 0.2872188091278076 
397, -1.0137139558792114, 0.2873241901397705 
398, -1.0138064622879028, 0.2882068157196045 
399, -1.0135544538497925, 0.27975893020629883 
400, -1.0134496688842773, 0.2946341037750244 
401, -1.0134258270263672, 0.28667187690734863 
402, -1.0131863355636597, 0.2808864116668701 
403, -1.0132501125335693, 0.2854161262512207 
404, -1.013529658317566, 0.283066987991333 
405, -1.013515591621399, 0.2858235836029053 
406, -1.0135726928710938, 0.29479312896728516 
407, -1.0133466720581055, 0.28436970710754395 
408, -1.012866735458374, 0.2924799919128418 
409, -1.0137288570404053, 0.290041446685791 
410, -1.013273000717163, 0.28722310066223145 
411, -1.0140399932861328, 0.28389906883239746 
412, -1.0138455629348755, 0.2870674133300781 
413, -1.0144023895263672, 0.2955300807952881 
414, -1.0138537883758545, 0.28795289993286133 
415, -1.01381516456604, 0.2838897705078125 
416, -1.0134925842285156, 0.29225635528564453 
417, -1.0138745307922363, 0.2889723777770996 
418, -1.013906478881836, 0.2846403121948242 
419, -1.013960599899292, 0.2893385887145996 
420, -1.0138490200042725, 0.2912430763244629 
421, -1.0135512351989746, 0.2911829948425293 
422, -1.0137724876403809, 0.288421630859375 
423, -1.0134904384613037, 0.2904045581817627 
424, -1.013899803161621, 0.29015660285949707 
425, -1.013871669769287, 0.2920045852661133 
426, -1.0140725374221802, 0.28528499603271484 
427, -1.0136245489120483, 0.28651857376098633 
428, -1.0133087635040283, 0.291339635848999 
429, -1.0137947797775269, 0.2885253429412842 
430, -1.0133581161499023, 0.2981412410736084 
431, -1.0137341022491455, 0.29678988456726074 
432, -1.0135352611541748, 0.2900657653808594 
433, -1.0139740705490112, 0.2885706424713135 
434, -1.013477087020874, 0.2945106029510498 
435, -1.0140198469161987, 0.2933204174041748 
436, -1.0141541957855225, 0.29293394088745117 
437, -1.0131869316101074, 0.29191040992736816 
438, -1.0135650634765625, 0.2944982051849365 
439, -1.0140159130096436, 0.2923471927642822 
440, -1.0139126777648926, 0.2886924743652344 
441, -1.0137817859649658, 0.2947812080383301 
442, -1.0137131214141846, 0.29367828369140625 
443, -1.0140297412872314, 0.29158759117126465 
444, -1.0136387348175049, 0.2933614253997803 
445, -1.0142672061920166, 0.2887234687805176 
446, -1.0140390396118164, 0.29280686378479004 
447, -1.0139219760894775, 0.29193782806396484 
448, -1.0138698816299438, 0.28697872161865234 
449, -1.0140029191970825, 0.2861659526824951 
450, -1.0142810344696045, 0.29229211807250977 
451, -1.0141030550003052, 0.2979001998901367 
452, -1.0136890411376953, 0.29166674613952637 
453, -1.0139418840408325, 0.29599881172180176 
454, -1.0139607191085815, 0.28684115409851074 
455, -1.0135188102722168, 0.28889918327331543 
456, -1.013941764831543, 0.29019784927368164 
457, -1.0138838291168213, 0.29140496253967285 
458, -1.0139620304107666, 0.2903139591217041 
459, -1.0137054920196533, 0.29659056663513184 
460, -1.013872504234314, 0.28968000411987305 
461, -1.0139403343200684, 0.2996830940246582 
462, -1.013392448425293, 0.2928886413574219 
463, -1.014526605606079, 0.2927873134613037 
464, -1.013879418373108, 0.29126691818237305 
465, -1.014308214187622, 0.29177331924438477 
466, -1.013390064239502, 0.29480743408203125 
467, -1.0143803358078003, 0.2909567356109619 
468, -1.014523983001709, 0.29542088508605957 
469, -1.0139482021331787, 0.292466402053833 
470, -1.0141832828521729, 0.2931981086730957 
471, -1.0132009983062744, 0.29037976264953613 
472, -1.0138134956359863, 0.2957494258880615 
473, -1.0138447284698486, 0.2936434745788574 
474, -1.0135846138000488, 0.3011496067047119 
475, -1.0143578052520752, 0.2895534038543701 
476, -1.0135835409164429, 0.28977441787719727 
477, -1.0139243602752686, 0.29500794410705566 
478, -1.0140776634216309, 0.29254865646362305 
479, -1.0145118236541748, 0.29404330253601074 
480, -1.0143353939056396, 0.2977588176727295 
481, -1.0135924816131592, 0.291074275970459 
482, -1.0141360759735107, 0.2913689613342285 
483, -1.0140423774719238, 0.29620933532714844 
484, -1.0136061906814575, 0.2928011417388916 
485, -1.0143475532531738, 0.2966768741607666 
486, -1.013662576675415, 0.29159116744995117 
487, -1.0145403146743774, 0.2901151180267334 
488, -1.0141816139221191, 0.2927665710449219 
489, -1.0139003992080688, 0.29308414459228516 
490, -1.0139662027359009, 0.2934849262237549 
491, -1.0135266780853271, 0.29709744453430176 
492, -1.0136315822601318, 0.29056382179260254 
493, -1.013948917388916, 0.2927229404449463 
494, -1.0141799449920654, 0.29504966735839844 
495, -1.0140068531036377, 0.3015141487121582 
496, -1.0142204761505127, 0.2985050678253174 
497, -1.0139045715332031, 0.2948453426361084 
498, -1.0131961107254028, 0.28571391105651855 
499, -1.0135531425476074, 0.2969543933868408 
500, -1.0140820741653442, 0.29604434967041016 
501, -1.013841152191162, 0.29477357864379883 
502, -1.0140137672424316, 0.2928168773651123 
503, -1.0141258239746094, 0.2889537811279297 
504, -1.0137912034988403, 0.2900819778442383 
505, -1.0135092735290527, 0.3042261600494385 
506, -1.0140944719314575, 0.2916748523712158 
507, -1.0137310028076172, 0.28996968269348145 
508, -1.013983964920044, 0.29218053817749023 
509, -1.0141805410385132, 0.29353928565979004 
510, -1.013802170753479, 0.29276418685913086 
511, -1.014218807220459, 0.297501802444458 
512, -1.0137147903442383, 0.29668664932250977 
513, -1.0139706134796143, 0.29683995246887207 
514, -1.0136967897415161, 0.29210829734802246 
515, -1.0134532451629639, 0.2869579792022705 
516, -1.014466404914856, 0.29744935035705566 
517, -1.0136187076568604, 0.2927854061126709 
518, -1.0143322944641113, 0.29859185218811035 
519, -1.0141780376434326, 0.2960660457611084 
520, -1.0139286518096924, 0.28809618949890137 
521, -1.0140173435211182, 0.2934074401855469 
522, -1.01387357711792, 0.29338550567626953 
523, -1.0143885612487793, 0.2958495616912842 
524, -1.014225721359253, 0.2886626720428467 
525, -1.013886570930481, 0.292769193649292 
526, -1.0139272212982178, 0.2976264953613281 
527, -1.0141936540603638, 0.3010542392730713 
528, -1.013135552406311, 0.29889488220214844 
529, -1.013890027999878, 0.2987368106842041 
530, -1.0134177207946777, 0.29891204833984375 
531, -1.0138198137283325, 0.2880551815032959 
532, -1.0137877464294434, 0.29166173934936523 
533, -1.0146913528442383, 0.2968752384185791 
534, -1.01408851146698, 0.29482364654541016 
535, -1.0138702392578125, 0.2979927062988281 
536, -1.0140666961669922, 0.2947678565979004 
537, -1.014298677444458, 0.2965824604034424 
538, -1.0146806240081787, 0.2972688674926758 
539, -1.0138766765594482, 0.2933027744293213 
540, -1.0138001441955566, 0.29740023612976074 
541, -1.0141406059265137, 0.2995460033416748 
542, -1.014481544494629, 0.2930278778076172 
543, -1.014102578163147, 0.28844618797302246 
544, -1.0139617919921875, 0.2898428440093994 
545, -1.0143828392028809, 0.29180145263671875 
546, -1.0140825510025024, 0.29034924507141113 
547, -1.0137476921081543, 0.2871208190917969 
548, -1.0138156414031982, 0.2933173179626465 
549, -1.0135934352874756, 0.2991151809692383 
550, -1.014270544052124, 0.2896883487701416 
551, -1.014343023300171, 0.29218530654907227 
552, -1.0139520168304443, 0.2937295436859131 
553, -1.0138535499572754, 0.2878408432006836 
554, -1.0140165090560913, 0.2981085777282715 
555, -1.014493703842163, 0.29314422607421875 
556, -1.0143427848815918, 0.2908759117126465 
557, -1.014222264289856, 0.2883567810058594 
558, -1.0140535831451416, 0.28517580032348633 
559, -1.013562798500061, 0.2945284843444824 
560, -1.013742208480835, 0.30055856704711914 
561, -1.0134632587432861, 0.2964797019958496 
562, -1.0144250392913818, 0.2935044765472412 
563, -1.014061689376831, 0.28906750679016113 
564, -1.0143678188323975, 0.29250597953796387 
565, -1.0138378143310547, 0.29001522064208984 
566, -1.0134007930755615, 0.29071640968322754 
567, -1.0139679908752441, 0.2903735637664795 
568, -1.0135893821716309, 0.29396772384643555 
569, -1.013303518295288, 0.2935004234313965 
570, -1.0138537883758545, 0.2884516716003418 
571, -1.0133490562438965, 0.2954559326171875 
572, -1.0134730339050293, 0.28726840019226074 
573, -1.0144507884979248, 0.2884352207183838 
574, -1.013859510421753, 0.2899794578552246 
575, -1.013650894165039, 0.2939891815185547 
576, -1.0138596296310425, 0.29058265686035156 
577, -1.013845443725586, 0.2942824363708496 
578, -1.014307975769043, 0.29308605194091797 
579, -1.0140814781188965, 0.2937915325164795 
580, -1.014256238937378, 0.29062342643737793 
581, -1.0141246318817139, 0.29668617248535156 
582, -1.014052391052246, 0.29767704010009766 
583, -1.0141788721084595, 0.2922351360321045 
584, -1.014304757118225, 0.2892482280731201 
585, -1.0137687921524048, 0.2945373058319092 
586, -1.013949990272522, 0.2865784168243408 
587, -1.0137883424758911, 0.290968656539917 
588, -1.014009952545166, 0.28998756408691406 
589, -1.0138299465179443, 0.2914912700653076 
590, -1.0139820575714111, 0.29093170166015625 
591, -1.014345407485962, 0.2937767505645752 
592, -1.0140724182128906, 0.29459238052368164 
593, -1.0138356685638428, 0.2932579517364502 
594, -1.0142595767974854, 0.29499173164367676 
595, -1.0142120122909546, 0.2936127185821533 
596, -1.0141992568969727, 0.2909567356109619 
597, -1.0143623352050781, 0.2884995937347412 
598, -1.013946533203125, 0.2911977767944336 
599, -1.013674259185791, 0.28948044776916504 
600, -1.0138238668441772, 0.2929234504699707 
601, -1.0143117904663086, 0.2985658645629883 
602, -1.0136982202529907, 0.29262518882751465 
603, -1.01399827003479, 0.290250301361084 
604, -1.0138380527496338, 0.29819512367248535 
605, -1.0141186714172363, 0.29229092597961426 
606, -1.014113187789917, 0.2895326614379883 
607, -1.0142126083374023, 0.29657912254333496 
608, -1.0138969421386719, 0.293781042098999 
609, -1.014394760131836, 0.296947717666626 
610, -1.0138335227966309, 0.288177490234375 
611, -1.0140137672424316, 0.2930262088775635 
612, -1.0138638019561768, 0.29088759422302246 
613, -1.014200210571289, 0.29215002059936523 
614, -1.0138176679611206, 0.29912900924682617 
615, -1.014029622077942, 0.29509806632995605 
616, -1.013859510421753, 0.28735876083374023 
617, -1.0138075351715088, 0.28771376609802246 
618, -1.0140528678894043, 0.29091811180114746 
619, -1.0142943859100342, 0.28835320472717285 
620, -1.0140079259872437, 0.2969682216644287 
621, -1.0136456489562988, 0.2900731563568115 
622, -1.013868808746338, 0.2884206771850586 
623, -1.0141210556030273, 0.2873544692993164 
624, -1.0144284963607788, 0.2918097972869873 
625, -1.0144087076187134, 0.29032254219055176 
626, -1.0143048763275146, 0.29767584800720215 
627, -1.0147075653076172, 0.29350829124450684 
628, -1.0144892930984497, 0.2980828285217285 
629, -1.014200210571289, 0.29345154762268066 
630, -1.0138415098190308, 0.28745079040527344 
631, -1.0142827033996582, 0.2956733703613281 
632, -1.0141432285308838, 0.2974233627319336 
633, -1.0139230489730835, 0.2957282066345215 
634, -1.014073133468628, 0.2881500720977783 
635, -1.014317512512207, 0.28836679458618164 
636, -1.013905644416809, 0.29637622833251953 
637, -1.0138301849365234, 0.2926058769226074 
638, -1.0137403011322021, 0.2985804080963135 
639, -1.014209270477295, 0.2958674430847168 
640, -1.0141079425811768, 0.2882413864135742 
641, -1.0142279863357544, 0.2905759811401367 
642, -1.014435887336731, 0.2957618236541748 
643, -1.0141854286193848, 0.291515588760376 
644, -1.013697862625122, 0.2925741672515869 
645, -1.0143553018569946, 0.28840088844299316 
646, -1.0144585371017456, 0.2903256416320801 
647, -1.0139358043670654, 0.2903788089752197 
648, -1.0142393112182617, 0.29244327545166016 
649, -1.013505220413208, 0.295166015625 
650, -1.0140600204467773, 0.2943129539489746 
651, -1.0135130882263184, 0.2854025363922119 
652, -1.0136444568634033, 0.28965020179748535 
653, -1.0133540630340576, 0.2902069091796875 
654, -1.0144253969192505, 0.29012298583984375 
655, -1.0136381387710571, 0.29136133193969727 
656, -1.0139490365982056, 0.29103708267211914 
657, -1.0136044025421143, 0.29630184173583984 
658, -1.0140372514724731, 0.2936539649963379 
659, -1.0138742923736572, 0.29122424125671387 
660, -1.0135650634765625, 0.2998957633972168 
661, -1.0139107704162598, 0.2929837703704834 
662, -1.0136775970458984, 0.29531311988830566 
663, -1.014332890510559, 0.2884521484375 
664, -1.0140856504440308, 0.2907223701477051 
665, -1.0135514736175537, 0.2960200309753418 
666, -1.0142436027526855, 0.29631710052490234 
667, -1.0139973163604736, 0.29073357582092285 
668, -1.0137908458709717, 0.2986721992492676 
669, -1.0138862133026123, 0.29930758476257324 
670, -1.013917326927185, 0.29379987716674805 
671, -1.0138452053070068, 0.29508090019226074 
672, -1.0139684677124023, 0.2902514934539795 
673, -1.0137748718261719, 0.2939012050628662 
674, -1.0133047103881836, 0.2968416213989258 
675, -1.0135782957077026, 0.29319286346435547 
676, -1.0135366916656494, 0.29106688499450684 
677, -1.01389741897583, 0.2867288589477539 
678, -1.0137581825256348, 0.2968790531158447 
679, -1.0138282775878906, 0.2874164581298828 
680, -1.0141236782073975, 0.2971055507659912 
681, -1.0141358375549316, 0.29671764373779297 
682, -1.0138481855392456, 0.29776573181152344 
683, -1.0140349864959717, 0.2923562526702881 
684, -1.0139248371124268, 0.2935492992401123 
685, -1.0141587257385254, 0.3051145076751709 
686, -1.0141489505767822, 0.28955864906311035 
687, -1.0142714977264404, 0.29427218437194824 
688, -1.0146005153656006, 0.2960641384124756 
689, -1.014139175415039, 0.29354429244995117 
690, -1.013853669166565, 0.2887539863586426 
691, -1.0143285989761353, 0.29407787322998047 
692, -1.0146398544311523, 0.29305005073547363 
693, -1.0140600204467773, 0.3049740791320801 
694, -1.0141668319702148, 0.2912731170654297 
695, -1.0144267082214355, 0.2980203628540039 
696, -1.01399564743042, 0.2909574508666992 
697, -1.0132179260253906, 0.2928314208984375 
698, -1.0141650438308716, 0.29545044898986816 
699, -1.0135173797607422, 0.29419779777526855 
700, -1.014385461807251, 0.29055047035217285 
701, -1.0133711099624634, 0.2888340950012207 
702, -1.0139126777648926, 0.3003058433532715 
703, -1.0143325328826904, 0.2929391860961914 
704, -1.0138978958129883, 0.2946157455444336 
705, -1.0143404006958008, 0.29784178733825684 
706, -1.0140838623046875, 0.29607605934143066 
707, -1.0141606330871582, 0.2898280620574951 
708, -1.0141408443450928, 0.29207849502563477 
709, -1.0140395164489746, 0.30858850479125977 
710, -1.0138788223266602, 0.291475772857666 
711, -1.0142357349395752, 0.3001105785369873 
712, -1.014164686203003, 0.2930009365081787 
713, -1.0140342712402344, 0.31375813484191895 
714, -1.0140867233276367, 0.2991793155670166 
715, -1.0134315490722656, 0.3093540668487549 
716, -1.0142734050750732, 0.294536828994751 
717, -1.0136085748672485, 0.306368350982666 
718, -1.0138475894927979, 0.3004617691040039 
719, -1.0133918523788452, 0.29523396492004395 
720, -1.0142258405685425, 0.2933659553527832 
721, -1.0142521858215332, 0.2926483154296875 
722, -1.0135817527770996, 0.2921755313873291 
723, -1.0138779878616333, 0.29725074768066406 
724, -1.0134730339050293, 0.3111751079559326 
725, -1.0141935348510742, 0.29401588439941406 
726, -1.0141327381134033, 0.2939431667327881 
727, -1.0140283107757568, 0.2920832633972168 
728, -1.0141080617904663, 0.29709720611572266 
729, -1.0146067142486572, 0.29886817932128906 
730, -1.0140255689620972, 0.295440673828125 
731, -1.0140002965927124, 0.29396533966064453 
732, -1.0137648582458496, 0.29275083541870117 
733, -1.013967514038086, 0.2924783229827881 
734, -1.0134648084640503, 0.29503512382507324 
735, -1.014000654220581, 0.29639530181884766 
736, -1.014247179031372, 0.29676318168640137 
737, -1.0142571926116943, 0.2929813861846924 
738, -1.014328956604004, 0.29715609550476074 
739, -1.0141199827194214, 0.2927279472351074 
740, -1.0140974521636963, 0.29404234886169434 
741, -1.0141326189041138, 0.2912609577178955 
742, -1.01369309425354, 0.29665589332580566 
743, -1.014211654663086, 0.28948163986206055 
744, -1.0140260457992554, 0.29123520851135254 
745, -1.014270305633545, 0.2975325584411621 
746, -1.0138704776763916, 0.29952192306518555 
747, -1.0140604972839355, 0.29878735542297363 
748, -1.0143816471099854, 0.29166460037231445 
749, -1.014174222946167, 0.29138994216918945 
750, -1.0138731002807617, 0.2920258045196533 
751, -1.013371467590332, 0.2922384738922119 
752, -1.0142643451690674, 0.3001728057861328 
753, -1.014280080795288, 0.29694485664367676 
754, -1.0139377117156982, 0.2975773811340332 
755, -1.0142786502838135, 0.2927374839782715 
756, -1.0140907764434814, 0.29415106773376465 
757, -1.0144504308700562, 0.29009199142456055 
758, -1.0142419338226318, 0.2990427017211914 
759, -1.013563632965088, 0.2967662811279297 
760, -1.0139250755310059, 0.29174375534057617 
761, -1.0143439769744873, 0.2879221439361572 
762, -1.013771653175354, 0.29216885566711426 
763, -1.0137537717819214, 0.29436397552490234 
764, -1.0140857696533203, 0.2880864143371582 
765, -1.013932704925537, 0.28462767601013184 
766, -1.0146408081054688, 0.28557896614074707 
767, -1.0135769844055176, 0.29586124420166016 
768, -1.0134395360946655, 0.29508042335510254 
769, -1.0134741067886353, 0.29382777214050293 
770, -1.0143502950668335, 0.29401731491088867 
771, -1.0142223834991455, 0.2875227928161621 
772, -1.0142199993133545, 0.2927567958831787 
773, -1.014061689376831, 0.2968478202819824 
774, -1.0143065452575684, 0.2934730052947998 
775, -1.0141873359680176, 0.29753661155700684 
776, -1.0140994787216187, 0.2926969528198242 
777, -1.014376163482666, 0.29384326934814453 
778, -1.0141937732696533, 0.2963833808898926 
779, -1.0140371322631836, 0.29604053497314453 
780, -1.0142300128936768, 0.290769100189209 
781, -1.0137913227081299, 0.2896285057067871 
782, -1.0136171579360962, 0.29347896575927734 
783, -1.0133564472198486, 0.2946920394897461 
784, -1.014068841934204, 0.2911958694458008 
785, -1.0142247676849365, 0.2979123592376709 
786, -1.0140292644500732, 0.2929871082305908 
787, -1.0129272937774658, 0.29223179817199707 
788, -1.0143585205078125, 0.2892649173736572 
789, -1.0142724514007568, 0.2925410270690918 
790, -1.0139830112457275, 0.2873373031616211 
791, -1.0142167806625366, 0.294769287109375 
792, -1.0142629146575928, 0.32500648498535156 
793, -1.0140827894210815, 0.3003578186035156 
794, -1.0127103328704834, 0.29837965965270996 
795, -1.0142954587936401, 0.28805112838745117 
796, -1.0143578052520752, 0.29213976860046387 
797, -1.0137853622436523, 0.2920999526977539 
798, -1.014066219329834, 0.2911694049835205 
799, -1.0143764019012451, 0.2947704792022705 
800, -1.013920783996582, 0.2977631092071533 
801, -1.0138499736785889, 0.29452013969421387 
802, -1.0143177509307861, 0.29346752166748047 
803, -1.0137169361114502, 0.28714823722839355 
804, -1.0142934322357178, 0.2855870723724365 
805, -1.0141812562942505, 0.28963279724121094 
806, -1.0139274597167969, 0.2959587574005127 
807, -1.0137524604797363, 0.29622769355773926 
808, -1.0144052505493164, 0.2892920970916748 
809, -1.0144883394241333, 0.29153990745544434 
810, -1.0137910842895508, 0.2876744270324707 
811, -1.014371633529663, 0.2893493175506592 
812, -1.0141303539276123, 0.2916688919067383 
813, -1.0140562057495117, 0.29132914543151855 
814, -1.014305830001831, 0.2840738296508789 
815, -1.0145463943481445, 0.29032397270202637 
816, -1.0138764381408691, 0.28639769554138184 
817, -1.0133265256881714, 0.29534196853637695 
818, -1.0137749910354614, 0.29635119438171387 
819, -1.0138254165649414, 0.2857170104980469 
820, -1.0145161151885986, 0.28863048553466797 
821, -1.0140175819396973, 0.2959756851196289 
822, -1.014040470123291, 0.29776453971862793 
823, -1.0142065286636353, 0.29079699516296387 
824, -1.0142548084259033, 0.2910428047180176 
825, -1.0142848491668701, 0.29180479049682617 
826, -1.0139737129211426, 0.287585973739624 
827, -1.0140732526779175, 0.2877485752105713 
828, -1.0138978958129883, 0.28929829597473145 
829, -1.0142371654510498, 0.294541597366333 
830, -1.0145158767700195, 0.2919776439666748 
831, -1.0139248371124268, 0.2891991138458252 
832, -1.0137581825256348, 0.28995490074157715 
833, -1.0139250755310059, 0.28881263732910156 
834, -1.0136669874191284, 0.293961763381958 
835, -1.0137109756469727, 0.293856143951416 
836, -1.0141732692718506, 0.2955939769744873 
837, -1.013816237449646, 0.28728151321411133 
838, -1.0139756202697754, 0.2895970344543457 
839, -1.0134379863739014, 0.28629279136657715 
840, -1.0138036012649536, 0.2933332920074463 
841, -1.0139589309692383, 0.2928934097290039 
842, -1.013965368270874, 0.29132747650146484 
843, -1.0142558813095093, 0.2999386787414551 
844, -1.0130268335342407, 0.29467320442199707 
845, -1.0140820741653442, 0.2917611598968506 
846, -1.0139796733856201, 0.29087233543395996 
847, -1.014355182647705, 0.2870504856109619 
848, -1.0140373706817627, 0.2871227264404297 
849, -1.0133864879608154, 0.2908477783203125 
850, -1.0139939785003662, 0.2916738986968994 
851, -1.0141615867614746, 0.29708290100097656 
852, -1.0139894485473633, 0.2914762496948242 
853, -1.0138988494873047, 0.28876256942749023 
854, -1.0138635635375977, 0.2953629493713379 
855, -1.0138564109802246, 0.2891719341278076 
856, -1.0137114524841309, 0.2957746982574463 
857, -1.0140759944915771, 0.28819704055786133 
858, -1.0143756866455078, 0.2886369228363037 
859, -1.013870358467102, 0.2939887046813965 
860, -1.01409113407135, 0.2875199317932129 
861, -1.0140526294708252, 0.28710508346557617 
862, -1.0140960216522217, 0.28989601135253906 
863, -1.013974666595459, 0.28351283073425293 
864, -1.0145807266235352, 0.28766822814941406 
865, -1.0143036842346191, 0.308457612991333 
866, -1.0141353607177734, 0.29018712043762207 
867, -1.0139970779418945, 0.2876126766204834 
868, -1.0141243934631348, 0.2984161376953125 
869, -1.0141124725341797, 0.2918052673339844 
870, -1.0138473510742188, 0.2973513603210449 
871, -1.013870120048523, 0.2941133975982666 
872, -1.0139548778533936, 0.2914273738861084 
873, -1.0137279033660889, 0.29705381393432617 
874, -1.0141395330429077, 0.2881636619567871 
875, -1.0137304067611694, 0.29152679443359375 
876, -1.0141384601593018, 0.29047632217407227 
877, -1.0135775804519653, 0.2943093776702881 
878, -1.0135161876678467, 0.2953965663909912 
879, -1.0142197608947754, 0.29219508171081543 
880, -1.0136752128601074, 0.28656959533691406 
881, -1.013641357421875, 0.2908008098602295 
882, -1.0139071941375732, 0.28801679611206055 
883, -1.0141115188598633, 0.2911951541900635 
884, -1.0141735076904297, 0.29009222984313965 
885, -1.0144281387329102, 0.2983837127685547 
886, -1.0136134624481201, 0.2892594337463379 
887, -1.0140259265899658, 0.29679203033447266 
888, -1.0140719413757324, 0.29297399520874023 
889, -1.0142009258270264, 0.2924013137817383 
890, -1.014094591140747, 0.2949998378753662 
891, -1.0139076709747314, 0.29001426696777344 
892, -1.0143558979034424, 0.291318416595459 
893, -1.0141499042510986, 0.30269408226013184 
894, -1.0144332647323608, 0.287945032119751 
895, -1.014099359512329, 0.30141162872314453 
896, -1.0138683319091797, 0.29161787033081055 
897, -1.014123558998108, 0.2954714298248291 
898, -1.0139024257659912, 0.2987091541290283 
899, -1.0137104988098145, 0.29887938499450684 
900, -1.0139715671539307, 0.2874605655670166 
901, -1.0139617919921875, 0.28648853302001953 
902, -1.0139036178588867, 0.29291462898254395 
903, -1.0139896869659424, 0.2936837673187256 
904, -1.0140482187271118, 0.2973353862762451 
905, -1.0139460563659668, 0.2899744510650635 
906, -1.014621615409851, 0.2912747859954834 
907, -1.0141491889953613, 0.29434776306152344 
908, -1.0142309665679932, 0.2908475399017334 
909, -1.0143847465515137, 0.2879927158355713 
910, -1.0136234760284424, 0.28914690017700195 
911, -1.0134530067443848, 0.2856864929199219 
912, -1.0138559341430664, 0.2870924472808838 
913, -1.0141489505767822, 0.29434800148010254 
914, -1.013880968093872, 0.29558491706848145 
915, -1.0141310691833496, 0.2978789806365967 
916, -1.0135776996612549, 0.2905855178833008 
917, -1.013852596282959, 0.29160213470458984 
918, -1.0137795209884644, 0.2969975471496582 
919, -1.0140633583068848, 0.2932558059692383 
920, -1.0133466720581055, 0.2968323230743408 
921, -1.0135540962219238, 0.2966437339782715 
922, -1.0139480829238892, 0.29293012619018555 
923, -1.014237403869629, 0.29663991928100586 
924, -1.0140390396118164, 0.2941453456878662 
925, -1.0133907794952393, 0.296720027923584 
926, -1.0144479274749756, 0.2944786548614502 
927, -1.0140076875686646, 0.289165735244751 
928, -1.014263391494751, 0.2836732864379883 
929, -1.0142436027526855, 0.29407501220703125 
930, -1.0137627124786377, 0.2922985553741455 
931, -1.0141586065292358, 0.2960977554321289 
932, -1.0140700340270996, 0.29071640968322754 
933, -1.0142735242843628, 0.28946709632873535 
934, -1.01394522190094, 0.29255056381225586 
935, -1.0141205787658691, 0.29627537727355957 
936, -1.0141398906707764, 0.29143357276916504 
937, -1.0138680934906006, 0.28953123092651367 
938, -1.0141451358795166, 0.29796385765075684 
939, -1.0137979984283447, 0.29495716094970703 
940, -1.014182448387146, 0.2920088768005371 
941, -1.013566017150879, 0.2893669605255127 
942, -1.0138862133026123, 0.2916886806488037 
943, -1.0143556594848633, 0.29616332054138184 
944, -1.0145578384399414, 0.2861776351928711 
945, -1.0142736434936523, 0.2882273197174072 
946, -1.0142157077789307, 0.2947704792022705 
947, -1.0143275260925293, 0.29346489906311035 
948, -1.0134077072143555, 0.2892470359802246 
949, -1.0140950679779053, 0.29183101654052734 
950, -1.013421893119812, 0.29457569122314453 
951, -1.0135083198547363, 0.2931857109069824 
952, -1.0138094425201416, 0.293978214263916 
953, -1.0135350227355957, 0.2927286624908447 
954, -1.0134468078613281, 0.2878141403198242 
955, -1.0140869617462158, 0.2898731231689453 
956, -1.0140634775161743, 0.29392170906066895 
957, -1.0145432949066162, 0.2943692207336426 
958, -1.013957142829895, 0.2950754165649414 
959, -1.0140409469604492, 0.29086756706237793 
960, -1.0140266418457031, 0.2943434715270996 
961, -1.0133860111236572, 0.2915222644805908 
962, -1.0143184661865234, 0.2947201728820801 
963, -1.0140371322631836, 0.2919762134552002 
964, -1.013792634010315, 0.292069673538208 
965, -1.013761281967163, 0.2883000373840332 
966, -1.0142090320587158, 0.2904322147369385 
967, -1.0143346786499023, 0.29275012016296387 
968, -1.0138905048370361, 0.28713297843933105 
969, -1.0140037536621094, 0.2879784107208252 
970, -1.0137468576431274, 0.28697872161865234 
971, -1.0143966674804688, 0.29707765579223633 
972, -1.0149166584014893, 0.29784321784973145 
973, -1.0140981674194336, 0.29717183113098145 
974, -1.0132927894592285, 0.29547905921936035 
975, -1.0139716863632202, 0.28919219970703125 
976, -1.0134742259979248, 0.28813958168029785 
977, -1.0135924816131592, 0.3230471611022949 
978, -1.0137152671813965, 0.34003114700317383 
979, -1.0139132738113403, 0.29656314849853516 
980, -1.0138530731201172, 0.28903770446777344 
981, -1.0138654708862305, 0.2916398048400879 
982, -1.0141750574111938, 0.2873716354370117 
983, -1.0138521194458008, 0.2927889823913574 
984, -1.013800859451294, 0.29131364822387695 
985, -1.01375150680542, 0.29227495193481445 
986, -1.0139155387878418, 0.289398193359375 
987, -1.0142974853515625, 0.2837393283843994 
988, -1.01413893699646, 0.2853100299835205 
989, -1.0140737295150757, 0.2868459224700928 
990, -1.0138261318206787, 0.2935934066772461 
991, -1.0139360427856445, 0.2943384647369385 
992, -1.0146394968032837, 0.29007887840270996 
993, -1.0144659280776978, 0.29501891136169434 
994, -1.0140751600265503, 0.2941434383392334 
995, -1.01399564743042, 0.28781747817993164 
996, -1.014103889465332, 0.2957756519317627 
997, -1.0145881175994873, 0.28896641731262207 
998, -1.0141541957855225, 0.2905135154724121 
999, -1.0146052837371826, 0.28789496421813965 
