Iteration, loss, time 
0, 0.918170154094696, 0.17351722717285156, 0.09742522239685059, 0.07030916213989258 
1, 0.8730231523513794, 0.12732601165771484, 0.054244041442871094, 0.06931257247924805 
2, 0.828750729560852, 0.1253209114074707, 0.053836822509765625, 0.06799030303955078 
3, 0.7851356267929077, 0.12604975700378418, 0.05299830436706543, 0.0695197582244873 
4, 0.742293119430542, 0.1264345645904541, 0.05355525016784668, 0.06934165954589844 
5, 0.7002890110015869, 0.12656688690185547, 0.054100751876831055, 0.0691380500793457 
6, 0.6591653227806091, 0.12329649925231934, 0.05206727981567383, 0.06781315803527832 
7, 0.6189392805099487, 0.12665772438049316, 0.0540006160736084, 0.06916356086730957 
8, 0.5796298980712891, 0.12533330917358398, 0.05431365966796875, 0.06749916076660156 
9, 0.5412589311599731, 0.12446999549865723, 0.052018165588378906, 0.06877541542053223 
10, 0.5038344860076904, 0.12575936317443848, 0.05355501174926758, 0.06866788864135742 
11, 0.46721673011779785, 0.12595582008361816, 0.05370736122131348, 0.0687568187713623 
12, 0.4313652813434601, 0.12527251243591309, 0.05314350128173828, 0.06839966773986816 
13, 0.3965015709400177, 0.12460780143737793, 0.052907705307006836, 0.06828427314758301 
14, 0.3627304434776306, 0.1242222785949707, 0.053518056869506836, 0.06735396385192871 
15, 0.32992929220199585, 0.1263134479522705, 0.05356478691101074, 0.06925058364868164 
16, 0.2971087694168091, 0.12572360038757324, 0.054126739501953125, 0.06801438331604004 
17, 0.2647974193096161, 0.12511205673217773, 0.053421735763549805, 0.06793904304504395 
18, 0.23342373967170715, 0.12674808502197266, 0.05309557914733887, 0.07023739814758301 
19, 0.2029583752155304, 0.12570762634277344, 0.05376124382019043, 0.06829094886779785 
20, 0.17337289452552795, 0.12543320655822754, 0.05383181571960449, 0.06808948516845703 
21, 0.14464014768600464, 0.12469482421875, 0.05263042449951172, 0.068572998046875 
22, 0.11673301458358765, 0.12556815147399902, 0.0533909797668457, 0.06844806671142578 
23, 0.08962783217430115, 0.12452054023742676, 0.05355954170227051, 0.0675055980682373 
24, 0.06329947710037231, 0.12532329559326172, 0.05327463150024414, 0.06848406791687012 
25, 0.03772658109664917, 0.12639403343200684, 0.053575992584228516, 0.06926465034484863 
26, 0.013084232807159424, 0.12458205223083496, 0.05311846733093262, 0.06780576705932617 
27, -0.009209126234054565, 0.12575173377990723, 0.053276777267456055, 0.06869101524353027 
28, -0.03101438283920288, 0.1260547637939453, 0.05361342430114746, 0.06893587112426758 
29, -0.05231344699859619, 0.12636351585388184, 0.05441713333129883, 0.06841015815734863 
30, -0.07609397172927856, 0.12728643417358398, 0.0544586181640625, 0.069305419921875 
31, -0.09942209720611572, 0.1266016960144043, 0.053878068923950195, 0.06908369064331055 
32, -0.12052828073501587, 0.12625861167907715, 0.053305625915527344, 0.06934595108032227 
33, -0.14110267162322998, 0.1255788803100586, 0.05372118949890137, 0.06839561462402344 
34, -0.16111651062965393, 0.12385702133178711, 0.05259513854980469, 0.06775689125061035 
35, -0.18042102456092834, 0.1231393814086914, 0.05117011070251465, 0.06833982467651367 
36, -0.1987917125225067, 0.12243938446044922, 0.051377296447753906, 0.06759119033813477 
37, -0.21644073724746704, 0.12501835823059082, 0.05334782600402832, 0.06783533096313477 
38, -0.233568012714386, 0.1252138614654541, 0.05315709114074707, 0.06845903396606445 
39, -0.2501981854438782, 0.12530899047851562, 0.05350375175476074, 0.06827998161315918 
40, -0.2663443088531494, 0.12519288063049316, 0.053453683853149414, 0.06831169128417969 
41, -0.2820206582546234, 0.12546205520629883, 0.053229331970214844, 0.06871604919433594 
42, -0.29724037647247314, 0.12552618980407715, 0.05333662033081055, 0.06848740577697754 
43, -0.3120156228542328, 0.12453126907348633, 0.053427934646606445, 0.06749773025512695 
44, -0.32618555426597595, 0.12480974197387695, 0.05320143699645996, 0.06812810897827148 
45, -0.33978569507598877, 0.12458682060241699, 0.0534365177154541, 0.06771254539489746 
46, -0.352711021900177, 0.1253948211669922, 0.05370378494262695, 0.06812143325805664 
47, -0.36560484766960144, 0.12511634826660156, 0.05313229560852051, 0.06852173805236816 
48, -0.37809890508651733, 0.12766313552856445, 0.05413103103637695, 0.06996440887451172 
49, -0.3899713158607483, 0.1257491111755371, 0.05398273468017578, 0.06813907623291016 
50, -0.4015284478664398, 0.12651371955871582, 0.05402517318725586, 0.06892228126525879 
51, -0.412802517414093, 0.12470793724060059, 0.05313897132873535, 0.06796121597290039 
52, -0.4237067699432373, 0.1239168643951416, 0.052904605865478516, 0.06754422187805176 
53, -0.4344310164451599, 0.12441825866699219, 0.05218005180358887, 0.06867575645446777 
54, -0.4449737071990967, 0.12532258033752441, 0.053592681884765625, 0.0682063102722168 
55, -0.4553317129611969, 0.12445425987243652, 0.05310821533203125, 0.06775999069213867 
56, -0.46530693769454956, 0.1244816780090332, 0.05308246612548828, 0.06792831420898438 
57, -0.4750913679599762, 0.12436079978942871, 0.05318713188171387, 0.06754875183105469 
58, -0.48468413949012756, 0.1255812644958496, 0.05432438850402832, 0.06784653663635254 
59, -0.49411168694496155, 0.12517929077148438, 0.05385422706604004, 0.06788396835327148 
60, -0.5031759738922119, 0.12378478050231934, 0.052919626235961914, 0.06735014915466309 
61, -0.5119361877441406, 0.12273216247558594, 0.051876068115234375, 0.06743431091308594 
62, -0.5205599069595337, 0.12337613105773926, 0.05256819725036621, 0.0672922134399414 
63, -0.5290811657905579, 0.12395405769348145, 0.05278468132019043, 0.06752729415893555 
64, -0.5374960899353027, 0.12738680839538574, 0.054570674896240234, 0.0691828727722168 
65, -0.545799970626831, 0.12773704528808594, 0.0547182559967041, 0.06934666633605957 
66, -0.5536526441574097, 0.1250014305114746, 0.053447723388671875, 0.06805610656738281 
67, -0.5613517165184021, 0.12583208084106445, 0.05338025093078613, 0.06880021095275879 
68, -0.568882942199707, 0.12471818923950195, 0.05263042449951172, 0.06857538223266602 
69, -0.5763124227523804, 0.12539052963256836, 0.0536501407623291, 0.06822490692138672 
70, -0.5836604237556458, 0.12590765953063965, 0.05328083038330078, 0.06910562515258789 
71, -0.5909215211868286, 0.1256239414215088, 0.05389118194580078, 0.06822562217712402 
72, -0.5977697372436523, 0.1245582103729248, 0.05312204360961914, 0.06800532341003418 
73, -0.6049816012382507, 0.12151050567626953, 0.051897287368774414, 0.06610822677612305 
74, -0.6114960312843323, 0.123748779296875, 0.052292585372924805, 0.06799674034118652 
75, -0.6179420948028564, 0.12787747383117676, 0.054166555404663086, 0.07014894485473633 
76, -0.6244405508041382, 0.125046968460083, 0.05318284034729004, 0.06834292411804199 
77, -0.6308247447013855, 0.12831354141235352, 0.05310487747192383, 0.07163143157958984 
78, -0.6371559500694275, 0.12739777565002441, 0.056012630462646484, 0.0678396224975586 
79, -0.6431226134300232, 0.12298345565795898, 0.0522761344909668, 0.06723690032958984 
80, -0.6490063667297363, 0.12482261657714844, 0.05248713493347168, 0.0687568187713623 
81, -0.654853105545044, 0.12552690505981445, 0.05358481407165527, 0.06845593452453613 
82, -0.66065514087677, 0.1244804859161377, 0.053076744079589844, 0.0679023265838623 
83, -0.6662737131118774, 0.1271071434020996, 0.054320335388183594, 0.06914043426513672 
84, -0.6718260049819946, 0.12629008293151855, 0.054429054260253906, 0.06810998916625977 
85, -0.6772991418838501, 0.12781000137329102, 0.05463552474975586, 0.0695946216583252 
86, -0.6826070547103882, 0.12642526626586914, 0.05500459671020508, 0.06791043281555176 
87, -0.687814474105835, 0.12455439567565918, 0.05296802520751953, 0.06792426109313965 
88, -0.6929689645767212, 0.1278693675994873, 0.053815603256225586, 0.07056355476379395 
89, -0.6979570388793945, 0.12549591064453125, 0.05352640151977539, 0.06835699081420898 
90, -0.7029246091842651, 0.12550687789916992, 0.05379033088684082, 0.06805157661437988 
91, -0.7078499794006348, 0.12566828727722168, 0.05422258377075195, 0.06794953346252441 
92, -0.712689220905304, 0.12656426429748535, 0.0545046329498291, 0.06856250762939453 
93, -0.7174807786941528, 0.12528061866760254, 0.05327177047729492, 0.06839537620544434 
94, -0.7220631241798401, 0.12645339965820312, 0.05428957939147949, 0.06855034828186035 
95, -0.7265938520431519, 0.12621665000915527, 0.05371904373168945, 0.06887316703796387 
96, -0.7310856580734253, 0.12519216537475586, 0.05374312400817871, 0.06782054901123047 
97, -0.7354480028152466, 0.12413549423217773, 0.05348062515258789, 0.06711935997009277 
98, -0.7396019697189331, 0.12387895584106445, 0.0526888370513916, 0.06758856773376465 
99, -0.7440276145935059, 0.12246847152709961, 0.052355289459228516, 0.06663036346435547 
100, -0.7481192350387573, 0.12342548370361328, 0.05262899398803711, 0.06733250617980957 
101, -0.7522025108337402, 0.12662196159362793, 0.05379009246826172, 0.06924247741699219 
102, -0.7562681436538696, 0.12721943855285645, 0.053392648696899414, 0.07022786140441895 
103, -0.760164737701416, 0.1268162727355957, 0.053374290466308594, 0.06977581977844238 
104, -0.7640441656112671, 0.12553787231445312, 0.05353999137878418, 0.06852316856384277 
105, -0.7678554058074951, 0.12486052513122559, 0.05304837226867676, 0.0680851936340332 
106, -0.7714120745658875, 0.12520742416381836, 0.05321002006530762, 0.06853961944580078 
107, -0.7750754356384277, 0.12558817863464355, 0.053800344467163086, 0.06828951835632324 
108, -0.7788218259811401, 0.12452316284179688, 0.052889347076416016, 0.06807494163513184 
109, -0.7823200225830078, 0.12668704986572266, 0.05397820472717285, 0.06914329528808594 
110, -0.785779595375061, 0.12720584869384766, 0.05389833450317383, 0.0695946216583252 
111, -0.789193868637085, 0.1256237030029297, 0.053377628326416016, 0.06882095336914062 
112, -0.7925222516059875, 0.12626099586486816, 0.053797245025634766, 0.06899094581604004 
113, -0.7958132028579712, 0.12517738342285156, 0.054019927978515625, 0.06767010688781738 
114, -0.7989943027496338, 0.1267693042755127, 0.05355024337768555, 0.0695946216583252 
115, -0.802188515663147, 0.1260819435119629, 0.05442547798156738, 0.06800580024719238 
116, -0.8053025007247925, 0.12552833557128906, 0.05405616760253906, 0.06793451309204102 
117, -0.808330774307251, 0.1226649284362793, 0.052233219146728516, 0.06702589988708496 
118, -0.8112857341766357, 0.1233971118927002, 0.052793025970458984, 0.06705784797668457 
119, -0.8141902089118958, 0.12236428260803223, 0.052300214767456055, 0.06651806831359863 
120, -0.8171003460884094, 0.12423014640808105, 0.05327153205871582, 0.06741809844970703 
121, -0.81992506980896, 0.12436938285827637, 0.05278348922729492, 0.06794309616088867 
122, -0.8226698637008667, 0.12626290321350098, 0.05386829376220703, 0.06878972053527832 
123, -0.825440526008606, 0.12620043754577637, 0.053560733795166016, 0.06901025772094727 
124, -0.8280575275421143, 0.12479567527770996, 0.052584171295166016, 0.06869888305664062 
125, -0.8306546807289124, 0.12467050552368164, 0.053005218505859375, 0.06822896003723145 
126, -0.833237886428833, 0.1251373291015625, 0.053087711334228516, 0.06858468055725098 
127, -0.8357590436935425, 0.12834477424621582, 0.05556011199951172, 0.06898760795593262 
128, -0.8382161855697632, 0.1255791187286377, 0.05353808403015137, 0.06844758987426758 
129, -0.8406286239624023, 0.125746488571167, 0.054166316986083984, 0.06799197196960449 
130, -0.8429487943649292, 0.12533259391784668, 0.05289125442504883, 0.06887006759643555 
131, -0.845316469669342, 0.12511825561523438, 0.05332541465759277, 0.06818699836730957 
132, -0.847590446472168, 0.12465572357177734, 0.053427696228027344, 0.06774425506591797 
133, -0.8498084545135498, 0.12407588958740234, 0.0524442195892334, 0.06796836853027344 
134, -0.8520339727401733, 0.12352442741394043, 0.05290055274963379, 0.06708788871765137 
135, -0.8542417883872986, 0.12347912788391113, 0.052892446517944336, 0.0671377182006836 
136, -0.8563535213470459, 0.12303280830383301, 0.0528872013092041, 0.06666970252990723 
137, -0.8585007786750793, 0.12183403968811035, 0.052423954010009766, 0.0658409595489502 
138, -0.8605197668075562, 0.12201571464538574, 0.05184435844421387, 0.06670451164245605 
139, -0.8624549508094788, 0.12472414970397949, 0.05287289619445801, 0.06824064254760742 
140, -0.8643890619277954, 0.1227884292602539, 0.052007198333740234, 0.06738686561584473 
141, -0.866315484046936, 0.12630748748779297, 0.05417490005493164, 0.0683889389038086 
142, -0.868248462677002, 0.12619805335998535, 0.05453824996948242, 0.06807160377502441 
143, -0.8701190948486328, 0.12538790702819824, 0.053264617919921875, 0.06865477561950684 
144, -0.8719968795776367, 0.12623906135559082, 0.0542445182800293, 0.06849813461303711 
145, -0.873751163482666, 0.12387490272521973, 0.05309891700744629, 0.06730270385742188 
146, -0.8755207061767578, 0.12459135055541992, 0.05257463455200195, 0.0684816837310791 
147, -0.8772439956665039, 0.1272265911102295, 0.053961992263793945, 0.06962895393371582 
148, -0.8789699077606201, 0.1255359649658203, 0.05347752571105957, 0.0684359073638916 
149, -0.8805478811264038, 0.12665176391601562, 0.05404019355773926, 0.06911063194274902 
150, -0.8821964263916016, 0.12403345108032227, 0.05293440818786621, 0.06757974624633789 
151, -0.8837686777114868, 0.12549734115600586, 0.05308985710144043, 0.06874775886535645 
152, -0.8852744698524475, 0.12620234489440918, 0.05363750457763672, 0.06910324096679688 
153, -0.8868014812469482, 0.12668156623840332, 0.05410480499267578, 0.06894612312316895 
154, -0.8883586525917053, 0.12485384941101074, 0.05340242385864258, 0.06792402267456055 
155, -0.8899250030517578, 0.12563514709472656, 0.053780555725097656, 0.06842803955078125 
156, -0.891304075717926, 0.12374734878540039, 0.052600860595703125, 0.06764483451843262 
157, -0.8927182555198669, 0.12326955795288086, 0.05291628837585449, 0.06680583953857422 
158, -0.8941806554794312, 0.12339496612548828, 0.05282282829284668, 0.06701183319091797 
159, -0.8955315351486206, 0.1249685287475586, 0.05326724052429199, 0.06804728507995605 
160, -0.896830677986145, 0.12576699256896973, 0.05327963829040527, 0.06891512870788574 
161, -0.8981666564941406, 0.12683844566345215, 0.05372905731201172, 0.0696413516998291 
162, -0.8995203971862793, 0.12638354301452637, 0.05422568321228027, 0.06856393814086914 
163, -0.9008102416992188, 0.12464547157287598, 0.052683353424072266, 0.06840252876281738 
164, -0.9020326733589172, 0.1273646354675293, 0.05461692810058594, 0.06909847259521484 
165, -0.9032329320907593, 0.12666654586791992, 0.05348706245422363, 0.06959104537963867 
166, -0.9044026136398315, 0.12717413902282715, 0.05397963523864746, 0.06949114799499512 
167, -0.9055836200714111, 0.1302485466003418, 0.057446956634521484, 0.06912899017333984 
168, -0.9067596197128296, 0.12577104568481445, 0.05368781089782715, 0.06848692893981934 
169, -0.9079508781433105, 0.12392663955688477, 0.05273699760437012, 0.06767463684082031 
170, -0.9089106321334839, 0.12440729141235352, 0.05278444290161133, 0.06817746162414551 
171, -0.9100804328918457, 0.1247861385345459, 0.05355644226074219, 0.06763911247253418 
172, -0.9112101793289185, 0.12445950508117676, 0.05273103713989258, 0.06819558143615723 
173, -0.9122103452682495, 0.12451839447021484, 0.05303668975830078, 0.06787395477294922 
174, -0.9132329225540161, 0.12649226188659668, 0.05447816848754883, 0.0685434341430664 
175, -0.914269745349884, 0.1253492832183838, 0.05374741554260254, 0.06802129745483398 
176, -0.9153109788894653, 0.12414073944091797, 0.05292534828186035, 0.0676722526550293 
177, -0.9161579012870789, 0.12396883964538574, 0.05263972282409668, 0.06768345832824707 
178, -0.9171889424324036, 0.12486481666564941, 0.05336451530456543, 0.06796002388000488 
179, -0.918194591999054, 0.12630581855773926, 0.05282282829284668, 0.0697944164276123 
180, -0.9190792441368103, 0.12578058242797852, 0.05431222915649414, 0.06796956062316895 
181, -0.9200113415718079, 0.12621712684631348, 0.054033517837524414, 0.06862711906433105 
182, -0.920984148979187, 0.12601613998413086, 0.05450129508972168, 0.0680239200592041 
183, -0.9218367338180542, 0.1260688304901123, 0.05281233787536621, 0.06952905654907227 
184, -0.92274010181427, 0.12728214263916016, 0.0539093017578125, 0.06972217559814453 
185, -0.9235808849334717, 0.12611627578735352, 0.053531646728515625, 0.06866836547851562 
186, -0.9244521856307983, 0.12679290771484375, 0.05430459976196289, 0.06877875328063965 
187, -0.9252395629882812, 0.12659120559692383, 0.05385255813598633, 0.06900715827941895 
188, -0.9260618090629578, 0.1256420612335205, 0.05351066589355469, 0.06858038902282715 
189, -0.9268238544464111, 0.12488150596618652, 0.05283498764038086, 0.06846499443054199 
190, -0.9276102781295776, 0.12639403343200684, 0.053673744201660156, 0.06895232200622559 
191, -0.9283528327941895, 0.12468194961547852, 0.05339360237121582, 0.0676581859588623 
192, -0.9291017055511475, 0.124359130859375, 0.05329418182373047, 0.06740760803222656 
193, -0.9298661351203918, 0.12729358673095703, 0.053084611892700195, 0.07049894332885742 
194, -0.9306056499481201, 0.12470626831054688, 0.05426359176635742, 0.0669090747833252 
195, -0.9311591982841492, 0.12367892265319824, 0.05259966850280762, 0.06761479377746582 
196, -0.9319419264793396, 0.12368464469909668, 0.05238819122314453, 0.06764817237854004 
197, -0.9325850009918213, 0.12460970878601074, 0.0531458854675293, 0.06796097755432129 
198, -0.9331507086753845, 0.12553739547729492, 0.052933454513549805, 0.0688481330871582 
199, -0.9337397217750549, 0.12656641006469727, 0.05357027053833008, 0.06944680213928223 
200, -0.9343889951705933, 0.1255180835723877, 0.053415536880493164, 0.06847739219665527 
201, -0.9350777864456177, 0.12779784202575684, 0.054262638092041016, 0.06983518600463867 
202, -0.9357821345329285, 0.12581634521484375, 0.0541532039642334, 0.06816697120666504 
203, -0.9364808797836304, 0.12493681907653809, 0.05349135398864746, 0.06784462928771973 
204, -0.9368857145309448, 0.1291189193725586, 0.05443692207336426, 0.07112264633178711 
205, -0.9374686479568481, 0.126190185546875, 0.05402088165283203, 0.06868839263916016 
206, -0.9382697343826294, 0.12498641014099121, 0.05327963829040527, 0.06820297241210938 
207, -0.938721776008606, 0.12759804725646973, 0.054015398025512695, 0.06981682777404785 
208, -0.9391988515853882, 0.12523245811462402, 0.05323004722595215, 0.06815457344055176 
209, -0.9397168755531311, 0.12472081184387207, 0.0533597469329834, 0.06779742240905762 
210, -0.9402177333831787, 0.1249687671661377, 0.05273318290710449, 0.06847429275512695 
211, -0.9407431483268738, 0.12444567680358887, 0.05317831039428711, 0.06775069236755371 
212, -0.9412803053855896, 0.12522387504577637, 0.0536036491394043, 0.06796407699584961 
213, -0.9418421983718872, 0.12407946586608887, 0.05284285545349121, 0.06763267517089844 
214, -0.9424311518669128, 0.12600207328796387, 0.053406715393066406, 0.06738829612731934 
215, -0.9429859519004822, 0.12276315689086914, 0.05251884460449219, 0.06676316261291504 
216, -0.9432497620582581, 0.12373900413513184, 0.052449703216552734, 0.0677487850189209 
217, -0.943694531917572, 0.12384414672851562, 0.052841901779174805, 0.06745219230651855 
218, -0.944270670413971, 0.12620306015014648, 0.05318307876586914, 0.0692603588104248 
219, -0.9447101950645447, 0.12637782096862793, 0.054390907287597656, 0.0683901309967041 
220, -0.9450984597206116, 0.12574481964111328, 0.05335640907287598, 0.06873917579650879 
221, -0.94544917345047, 0.12600183486938477, 0.05345344543457031, 0.06887316703796387 
222, -0.9458316564559937, 0.12503957748413086, 0.05303359031677246, 0.06837773323059082 
223, -0.9462553858757019, 0.12525653839111328, 0.054042816162109375, 0.06770014762878418 
224, -0.9467152953147888, 0.12646079063415527, 0.05424070358276367, 0.06855487823486328 
225, -0.9471874833106995, 0.12562322616577148, 0.05382943153381348, 0.06820130348205566 
226, -0.9476954340934753, 0.12522387504577637, 0.053670406341552734, 0.06802606582641602 
227, -0.9480167031288147, 0.12733888626098633, 0.05431771278381348, 0.0692906379699707 
228, -0.948352575302124, 0.12671470642089844, 0.054302215576171875, 0.0686497688293457 
229, -0.9488555788993835, 0.12552285194396973, 0.053537607192993164, 0.06832456588745117 
230, -0.9491840600967407, 0.12704753875732422, 0.05338644981384277, 0.06989860534667969 
231, -0.949489414691925, 0.12577176094055176, 0.05332469940185547, 0.06881475448608398 
232, -0.9498048424720764, 0.12328863143920898, 0.05315375328063965, 0.06683588027954102 
233, -0.9501355886459351, 0.12304496765136719, 0.052115678787231445, 0.0672154426574707 
234, -0.9505038857460022, 0.12401700019836426, 0.05326509475708008, 0.06727051734924316 
235, -0.9509053826332092, 0.12209534645080566, 0.051605224609375, 0.06688427925109863 
236, -0.9512917995452881, 0.12359356880187988, 0.05232524871826172, 0.06775140762329102 
237, -0.9516614675521851, 0.12665748596191406, 0.0543212890625, 0.06862354278564453 
238, -0.9520058631896973, 0.1275794506072998, 0.054451942443847656, 0.06951212882995605 
239, -0.9523044228553772, 0.12661123275756836, 0.05415606498718262, 0.06897377967834473 
240, -0.9526078701019287, 0.1254262924194336, 0.05359792709350586, 0.06814908981323242 
241, -0.9528144598007202, 0.1272902488708496, 0.05389046669006348, 0.06979990005493164 
242, -0.9530625343322754, 0.12677812576293945, 0.053347110748291016, 0.06980538368225098 
243, -0.9533534049987793, 0.12709379196166992, 0.0537106990814209, 0.0696561336517334 
244, -0.953671932220459, 0.12526726722717285, 0.05297255516052246, 0.06874561309814453 
245, -0.9539920687675476, 0.12566542625427246, 0.05396127700805664, 0.06803774833679199 
246, -0.9543009996414185, 0.12517142295837402, 0.05353379249572754, 0.06797432899475098 
247, -0.9545841217041016, 0.12499451637268066, 0.05313873291015625, 0.06821036338806152 
248, -0.9548527598381042, 0.13058710098266602, 0.05408930778503418, 0.07266855239868164 
249, -0.9550495743751526, 0.12723588943481445, 0.05491304397583008, 0.06860947608947754 
250, -0.9553917646408081, 0.12371325492858887, 0.052419185638427734, 0.06769323348999023 
251, -0.9556393027305603, 0.12419986724853516, 0.05348944664001465, 0.0672612190246582 
252, -0.955886960029602, 0.12428426742553711, 0.052535057067871094, 0.06813168525695801 
253, -0.9560474157333374, 0.1236729621887207, 0.0531613826751709, 0.06695842742919922 
254, -0.9563698768615723, 0.12366127967834473, 0.051892995834350586, 0.06782221794128418 
255, -0.956611156463623, 0.12328267097473145, 0.052851200103759766, 0.06687450408935547 
256, -0.9568560123443604, 0.1252918243408203, 0.05287337303161621, 0.06882667541503906 
257, -0.9571218490600586, 0.12699580192565918, 0.05385017395019531, 0.06898975372314453 
258, -0.9573389291763306, 0.12553882598876953, 0.05327916145324707, 0.0685889720916748 
259, -0.9576197862625122, 0.1265411376953125, 0.05353498458862305, 0.06928873062133789 
260, -0.9578378796577454, 0.12552380561828613, 0.05356860160827637, 0.06833386421203613 
261, -0.9579840898513794, 0.12404394149780273, 0.05305147171020508, 0.06747269630432129 
262, -0.9582223892211914, 0.12460064888000488, 0.05292463302612305, 0.0680849552154541 
263, -0.9583902359008789, 0.12767362594604492, 0.05413961410522461, 0.06986713409423828 
264, -0.95860755443573, 0.1267690658569336, 0.05341601371765137, 0.06974363327026367 
265, -0.9588500261306763, 0.12723922729492188, 0.05395174026489258, 0.06904053688049316 
266, -0.9590454697608948, 0.12484216690063477, 0.053574323654174805, 0.06773161888122559 
267, -0.9592005610466003, 0.12429690361022949, 0.052672624588012695, 0.06801199913024902 
268, -0.959367573261261, 0.12497448921203613, 0.05325460433959961, 0.0679938793182373 
269, -0.9595532417297363, 0.1250762939453125, 0.05360674858093262, 0.06784296035766602 
270, -0.9597676992416382, 0.12549734115600586, 0.05334115028381348, 0.06861114501953125 
271, -0.9598677754402161, 0.12379646301269531, 0.05312371253967285, 0.06715226173400879 
272, -0.9601190686225891, 0.1242375373840332, 0.05298137664794922, 0.06773972511291504 
273, -0.9602770805358887, 0.1228952407836914, 0.05235719680786133, 0.06693243980407715 
274, -0.9604359865188599, 0.12501287460327148, 0.05328512191772461, 0.06833243370056152 
275, -0.960599422454834, 0.12406253814697266, 0.05258965492248535, 0.06781959533691406 
276, -0.9607529640197754, 0.12749719619750977, 0.05372118949890137, 0.07011604309082031 
277, -0.9608733057975769, 0.12780451774597168, 0.05474352836608887, 0.06944108009338379 
278, -0.9610505700111389, 0.12704157829284668, 0.053711652755737305, 0.06966423988342285 
279, -0.9612356424331665, 0.12307214736938477, 0.05240511894226074, 0.0672299861907959 
280, -0.9614225029945374, 0.12587833404541016, 0.05369234085083008, 0.06858444213867188 
281, -0.9615715742111206, 0.1253821849822998, 0.053415536880493164, 0.06833624839782715 
282, -0.9617384076118469, 0.1277925968170166, 0.054383277893066406, 0.06979966163635254 
283, -0.9618645906448364, 0.12662649154663086, 0.05460858345031738, 0.06826496124267578 
284, -0.9619843363761902, 0.12756896018981934, 0.05433082580566406, 0.06967639923095703 
285, -0.9620832204818726, 0.12464356422424316, 0.053019046783447266, 0.06793928146362305 
286, -0.962222695350647, 0.1249227523803711, 0.052771806716918945, 0.06859850883483887 
287, -0.9623939394950867, 0.12556171417236328, 0.05306601524353027, 0.06867766380310059 
288, -0.9625149965286255, 0.12383890151977539, 0.05339860916137695, 0.06679749488830566 
289, -0.9626724123954773, 0.12383127212524414, 0.05298328399658203, 0.06729698181152344 
290, -0.9627982378005981, 0.12363147735595703, 0.05313420295715332, 0.06691145896911621 
291, -0.9629458785057068, 0.12362933158874512, 0.052587032318115234, 0.0674140453338623 
292, -0.9629958271980286, 0.12613725662231445, 0.05306720733642578, 0.06934928894042969 
293, -0.9631576538085938, 0.12420988082885742, 0.053342580795288086, 0.06735754013061523 
294, -0.9632470011711121, 0.12334203720092773, 0.05205988883972168, 0.06754040718078613 
295, -0.96334308385849, 0.12859439849853516, 0.054502248764038086, 0.07033181190490723 
296, -0.9635014533996582, 0.12592625617980957, 0.05364704132080078, 0.0686192512512207 
297, -0.963585615158081, 0.12536168098449707, 0.05332660675048828, 0.06837058067321777 
298, -0.9638057351112366, 0.12483739852905273, 0.05276966094970703, 0.06839418411254883 
299, -0.9638306498527527, 0.12467765808105469, 0.05240345001220703, 0.06862020492553711 
300, -0.9638746976852417, 0.12479114532470703, 0.05331301689147949, 0.06788873672485352 
301, -0.9639485478401184, 0.12788701057434082, 0.05452775955200195, 0.06941890716552734 
302, -0.9640517830848694, 0.12752819061279297, 0.05402803421020508, 0.06980705261230469 
303, -0.9641915559768677, 0.12748026847839355, 0.05405712127685547, 0.06966257095336914 
304, -0.9643442630767822, 0.12505197525024414, 0.053412675857543945, 0.06806373596191406 
305, -0.9644457697868347, 0.12565851211547852, 0.05320477485656738, 0.06874299049377441 
306, -0.9646559357643127, 0.12563109397888184, 0.05333566665649414, 0.06873369216918945 
307, -0.9646256566047668, 0.12599754333496094, 0.05400419235229492, 0.06834626197814941 
308, -0.9647727608680725, 0.12412190437316895, 0.05263829231262207, 0.06776762008666992 
309, -0.9648343324661255, 0.12505197525024414, 0.05313229560852051, 0.06836295127868652 
310, -0.964838445186615, 0.12337708473205566, 0.05237841606140137, 0.06733059883117676 
311, -0.9648870229721069, 0.12505078315734863, 0.052979469299316406, 0.06852912902832031 
312, -0.9649631977081299, 0.126082181930542, 0.05344223976135254, 0.06906914710998535 
313, -0.9650710225105286, 0.12636470794677734, 0.05342221260070801, 0.06920909881591797 
314, -0.9652151465415955, 0.1260967254638672, 0.05357098579406738, 0.06886100769042969 
315, -0.9653751850128174, 0.12519359588623047, 0.05361437797546387, 0.06792283058166504 
316, -0.9653339385986328, 0.1252458095550537, 0.053708791732788086, 0.06782937049865723 
317, -0.96542888879776, 0.12508249282836914, 0.05336260795593262, 0.06816291809082031 
318, -0.9656406044960022, 0.1270599365234375, 0.053811073303222656, 0.06957817077636719 
319, -0.9656614661216736, 0.12810206413269043, 0.05486941337585449, 0.06959080696105957 
320, -0.9656987190246582, 0.1274855136871338, 0.054055213928222656, 0.0697178840637207 
321, -0.9657949209213257, 0.12966561317443848, 0.05433487892150879, 0.07163214683532715 
322, -0.9659444689750671, 0.1270618438720703, 0.05339479446411133, 0.06947994232177734 
323, -0.9660624265670776, 0.1271200180053711, 0.05411481857299805, 0.06925344467163086 
324, -0.966138482093811, 0.12594962120056152, 0.053787946701049805, 0.06862425804138184 
325, -0.9662213325500488, 0.12559127807617188, 0.053282737731933594, 0.06854534149169922 
326, -0.9663040637969971, 0.12394094467163086, 0.0528261661529541, 0.06750893592834473 
327, -0.9663394093513489, 0.12356257438659668, 0.05281567573547363, 0.06715989112854004 
328, -0.9663907885551453, 0.12355470657348633, 0.05264711380004883, 0.06722283363342285 
329, -0.9664422273635864, 0.12473917007446289, 0.0529475212097168, 0.0681767463684082 
330, -0.9665312767028809, 0.12528061866760254, 0.05366778373718262, 0.0680079460144043 
331, -0.9666560292243958, 0.12323427200317383, 0.05272340774536133, 0.06686878204345703 
332, -0.9666634202003479, 0.12508177757263184, 0.05371737480163574, 0.0676572322845459 
333, -0.9667463302612305, 0.12281608581542969, 0.052294254302978516, 0.06688475608825684 
334, -0.9667881727218628, 0.12561726570129395, 0.05306124687194824, 0.06878113746643066 
335, -0.9668230414390564, 0.12771010398864746, 0.05450725555419922, 0.06951332092285156 
336, -0.9668529033660889, 0.12611913681030273, 0.05368185043334961, 0.06877446174621582 
337, -0.9669186472892761, 0.1250450611114502, 0.05325794219970703, 0.06813216209411621 
338, -0.9670077562332153, 0.1252272129058838, 0.05386805534362793, 0.06765413284301758 
339, -0.967111349105835, 0.12577152252197266, 0.05337667465209961, 0.06869268417358398 
340, -0.9671799540519714, 0.12822985649108887, 0.055251121520996094, 0.06929707527160645 
341, -0.9671445488929749, 0.1274421215057373, 0.05508613586425781, 0.06863713264465332 
342, -0.9672971963882446, 0.12549996376037598, 0.053452491760253906, 0.0683906078338623 
343, -0.9672680497169495, 0.12474370002746582, 0.05323958396911621, 0.06793999671936035 
344, -0.9672203660011292, 0.12630963325500488, 0.05346560478210449, 0.06914615631103516 
345, -0.9672207832336426, 0.12513375282287598, 0.05327343940734863, 0.06827592849731445 
346, -0.9672662615776062, 0.12365078926086426, 0.052939653396606445, 0.06699371337890625 
347, -0.9673318266868591, 0.12684917449951172, 0.05364584922790527, 0.06913566589355469 
348, -0.9674135446548462, 0.12431502342224121, 0.05328249931335449, 0.06740212440490723 
349, -0.9675003290176392, 0.12479734420776367, 0.05322408676147461, 0.06794619560241699 
350, -0.9676179885864258, 0.12589454650878906, 0.05388331413269043, 0.0683891773223877 
351, -0.9674109816551208, 0.12400650978088379, 0.05275988578796387, 0.06773257255554199 
352, -0.967522144317627, 0.12354063987731934, 0.05245685577392578, 0.06765985488891602 
353, -0.9678215980529785, 0.12681365013122559, 0.053823232650756836, 0.06930923461914062 
354, -0.9677802324295044, 0.12595343589782715, 0.053220272064208984, 0.06893229484558105 
355, -0.967778205871582, 0.12680482864379883, 0.054239749908447266, 0.0691676139831543 
356, -0.9678362607955933, 0.1265888214111328, 0.05417943000793457, 0.06870841979980469 
357, -0.967925488948822, 0.1258254051208496, 0.053385019302368164, 0.06862854957580566 
358, -0.9680474996566772, 0.12924933433532715, 0.05614614486694336, 0.0694422721862793 
359, -0.9679869413375854, 0.1258690357208252, 0.05335736274719238, 0.06888294219970703 
360, -0.968099057674408, 0.12592697143554688, 0.053198814392089844, 0.06895589828491211 
361, -0.9681061506271362, 0.12685847282409668, 0.0544886589050293, 0.06876182556152344 
362, -0.9680784344673157, 0.12679576873779297, 0.053900957107543945, 0.06918692588806152 
363, -0.9681100249290466, 0.12621712684631348, 0.053899288177490234, 0.06870818138122559 
364, -0.9681418538093567, 0.12493324279785156, 0.05370354652404785, 0.0675504207611084 
365, -0.9682047367095947, 0.12503290176391602, 0.053791046142578125, 0.06761670112609863 
366, -0.9682877659797668, 0.12382936477661133, 0.05253911018371582, 0.0676729679107666 
367, -0.9683836698532104, 0.12453436851501465, 0.05274534225463867, 0.06811881065368652 
368, -0.9685039520263672, 0.12472176551818848, 0.05302309989929199, 0.0679788589477539 
369, -0.9683066010475159, 0.1246953010559082, 0.0536189079284668, 0.06739497184753418 
370, -0.9683520197868347, 0.12452340126037598, 0.05304551124572754, 0.0679326057434082 
371, -0.9685336947441101, 0.12350702285766602, 0.05298256874084473, 0.06701397895812988 
372, -0.9684978723526001, 0.12746906280517578, 0.05303812026977539, 0.07019257545471191 
373, -0.9684932231903076, 0.12737274169921875, 0.054595232009887695, 0.06938934326171875 
374, -0.9685608744621277, 0.12641596794128418, 0.05320858955383301, 0.06955933570861816 
375, -0.9686504006385803, 0.12716197967529297, 0.05410647392272949, 0.06939339637756348 
376, -0.9686821103096008, 0.12543058395385742, 0.0535585880279541, 0.06822967529296875 
377, -0.9685305953025818, 0.12472653388977051, 0.05309414863586426, 0.0680704116821289 
378, -0.9686530828475952, 0.1278238296508789, 0.05463814735412598, 0.06958436965942383 
379, -0.968664824962616, 0.12683725357055664, 0.05482888221740723, 0.06846809387207031 
380, -0.9686452746391296, 0.12717366218566895, 0.05359315872192383, 0.06987762451171875 
381, -0.968658983707428, 0.1256392002105713, 0.05340886116027832, 0.06855058670043945 
382, -0.9687038064002991, 0.12662053108215332, 0.05374765396118164, 0.0691521167755127 
383, -0.9687698483467102, 0.1268446445465088, 0.053823232650756836, 0.06926226615905762 
384, -0.968816339969635, 0.12753534317016602, 0.053897857666015625, 0.06989741325378418 
385, -0.9689006209373474, 0.12601423263549805, 0.05400681495666504, 0.06837654113769531 
386, -0.9690183997154236, 0.1253952980041504, 0.05332541465759277, 0.06843423843383789 
387, -0.9688025116920471, 0.1261003017425537, 0.05375051498413086, 0.06868934631347656 
388, -0.968864917755127, 0.12543797492980957, 0.05388283729553223, 0.06782984733581543 
389, -0.9690932631492615, 0.12489080429077148, 0.0533902645111084, 0.06790947914123535 
390, -0.9690383672714233, 0.12409138679504395, 0.052506446838378906, 0.06795549392700195 
391, -0.9690263867378235, 0.12582111358642578, 0.05368232727050781, 0.06843686103820801 
392, -0.9690566062927246, 0.12653613090515137, 0.0536198616027832, 0.0692596435546875 
393, -0.9691244959831238, 0.1288013458251953, 0.05519700050354004, 0.06989026069641113 
394, -0.9691876173019409, 0.1264197826385498, 0.054425716400146484, 0.06828045845031738 
395, -0.9692443013191223, 0.1292867660522461, 0.05456376075744629, 0.07093667984008789 
396, -0.9690766334533691, 0.12694764137268066, 0.05402255058288574, 0.0691995620727539 
397, -0.9691883325576782, 0.12741756439208984, 0.053366899490356445, 0.07030630111694336 
398, -0.969285786151886, 0.12752819061279297, 0.054605960845947266, 0.06918454170227051 
399, -0.969226062297821, 0.1263718605041504, 0.0535128116607666, 0.06901907920837402 
400, -0.9692064523696899, 0.1248636245727539, 0.05339193344116211, 0.06782674789428711 
401, -0.9692303538322449, 0.1255803108215332, 0.053546905517578125, 0.06842160224914551 
402, -0.969291627407074, 0.12685537338256836, 0.05425763130187988, 0.06890392303466797 
403, -0.9693480730056763, 0.1257016658782959, 0.05327796936035156, 0.06864523887634277 
404, -0.9694418907165527, 0.1249387264251709, 0.053205251693725586, 0.06803083419799805 
405, -0.9694433212280273, 0.12772107124328613, 0.05340290069580078, 0.07066488265991211 
406, -0.9695188403129578, 0.12484002113342285, 0.053737640380859375, 0.06743192672729492 
407, -0.9695309400558472, 0.1249544620513916, 0.053270578384399414, 0.06807637214660645 
408, -0.9694716334342957, 0.12411141395568848, 0.05298018455505371, 0.06748676300048828 
409, -0.9694478511810303, 0.12514710426330566, 0.053034305572509766, 0.0683748722076416 
410, -0.9694532752037048, 0.1255323886871338, 0.05343961715698242, 0.06848025321960449 
411, -0.969482958316803, 0.12578034400939941, 0.05401873588562012, 0.0681924819946289 
412, -0.9695358872413635, 0.14221978187561035, 0.05255842208862305, 0.07610034942626953 
413, -0.9695684313774109, 0.13311123847961426, 0.059784889221191406, 0.06961345672607422 
414, -0.9696007370948792, 0.1267697811126709, 0.05365896224975586, 0.06930994987487793 
415, -0.9695762991905212, 0.1278076171875, 0.05433034896850586, 0.06987190246582031 
416, -0.969541072845459, 0.127777099609375, 0.05429267883300781, 0.06947588920593262 
417, -0.9696069359779358, 0.12621617317199707, 0.05354022979736328, 0.06901431083679199 
418, -0.9696150422096252, 0.12574529647827148, 0.05363750457763672, 0.06835341453552246 
419, -0.969635009765625, 0.12720012664794922, 0.05386638641357422, 0.06961631774902344 
420, -0.9696947932243347, 0.12589120864868164, 0.053583383560180664, 0.06867504119873047 
421, -0.969684898853302, 0.1300055980682373, 0.05410194396972656, 0.07213044166564941 
422, -0.9697300791740417, 0.13028669357299805, 0.0563511848449707, 0.0702826976776123 
423, -0.9697456955909729, 0.1257343292236328, 0.053880929946899414, 0.06812024116516113 
424, -0.9697993993759155, 0.12527847290039062, 0.053344011306762695, 0.06833219528198242 
425, -0.9696824550628662, 0.12322783470153809, 0.0525364875793457, 0.06720733642578125 
426, -0.9697936773300171, 0.12430357933044434, 0.052606821060180664, 0.06805992126464844 
427, -0.9698033332824707, 0.12453150749206543, 0.05284452438354492, 0.06807374954223633 
428, -0.9698197841644287, 0.12522172927856445, 0.053244590759277344, 0.06829690933227539 
429, -0.9698524475097656, 0.12715888023376465, 0.054350852966308594, 0.0690615177154541 
430, -0.9698271751403809, 0.12604808807373047, 0.053696393966674805, 0.06866836547851562 
431, -0.9699130654335022, 0.12430024147033691, 0.052442073822021484, 0.06820487976074219 
432, -0.9698706865310669, 0.12567448616027832, 0.05304670333862305, 0.06886816024780273 
433, -0.9698559641838074, 0.12822985649108887, 0.054654836654663086, 0.06973528861999512 
434, -0.9698675274848938, 0.12663912773132324, 0.053780317306518555, 0.06921696662902832 
435, -0.9698821902275085, 0.12584590911865234, 0.05361533164978027, 0.06857657432556152 
436, -0.9698702096939087, 0.12620902061462402, 0.05353713035583496, 0.0690162181854248 
437, -0.9698992371559143, 0.12683749198913574, 0.05369377136230469, 0.0694727897644043 
438, -0.9699661731719971, 0.12717843055725098, 0.05389571189880371, 0.06951761245727539 
439, -0.9699771404266357, 0.12998366355895996, 0.053583621978759766, 0.07277750968933105 
440, -0.9700341820716858, 0.12644028663635254, 0.053981781005859375, 0.06880426406860352 
441, -0.970024049282074, 0.1260664463043213, 0.05365419387817383, 0.06878662109375 
442, -0.9700512886047363, 0.12549567222595215, 0.05353426933288574, 0.06838274002075195 
443, -0.9699681997299194, 0.12510299682617188, 0.05366015434265137, 0.06778430938720703 
444, -0.9700872302055359, 0.1235651969909668, 0.05285143852233887, 0.06709933280944824 
445, -0.9700787663459778, 0.12559294700622559, 0.05311942100524902, 0.06896066665649414 
446, -0.970112144947052, 0.12431192398071289, 0.052887916564941406, 0.06766891479492188 
447, -0.9700414538383484, 0.12943291664123535, 0.05421280860900879, 0.07092881202697754 
448, -0.9700323343276978, 0.12601256370544434, 0.053893089294433594, 0.06836676597595215 
449, -0.9700051546096802, 0.1267862319946289, 0.05385255813598633, 0.0693061351776123 
450, -0.9700799584388733, 0.12585854530334473, 0.05348372459411621, 0.06877255439758301 
451, -0.9701305627822876, 0.12381672859191895, 0.05288100242614746, 0.0672616958618164 
452, -0.9699976444244385, 0.12508678436279297, 0.05336117744445801, 0.06804299354553223 
453, -0.9701682329177856, 0.1360323429107666, 0.05475592613220215, 0.07220101356506348 
454, -0.9701558947563171, 0.13100123405456543, 0.05780959129333496, 0.06942510604858398 
455, -0.9701592922210693, 0.12737035751342773, 0.05451083183288574, 0.06916260719299316 
456, -0.9701317548751831, 0.12703680992126465, 0.05411958694458008, 0.06933951377868652 
457, -0.9701710939407349, 0.1293933391571045, 0.05366706848144531, 0.07201528549194336 
458, -0.970160186290741, 0.13065266609191895, 0.05591106414794922, 0.07098937034606934 
459, -0.9701634645462036, 0.12714695930480957, 0.054233551025390625, 0.06924128532409668 
460, -0.9702101945877075, 0.12742257118225098, 0.05442452430725098, 0.06936383247375488 
461, -0.9701583385467529, 0.13738393783569336, 0.05398750305175781, 0.07982301712036133 
462, -0.9702098965644836, 0.12415862083435059, 0.05315661430358887, 0.06740784645080566 
463, -0.9701882600784302, 0.12506508827209473, 0.05278420448303223, 0.06813955307006836 
464, -0.9702022671699524, 0.12494993209838867, 0.0532839298248291, 0.06808257102966309 
465, -0.9702279567718506, 0.12456417083740234, 0.052887678146362305, 0.06815695762634277 
466, -0.970092236995697, 0.12696123123168945, 0.05321502685546875, 0.06999921798706055 
467, -0.9702130556106567, 0.1264345645904541, 0.0538942813873291, 0.06896114349365234 
468, -0.9701208472251892, 0.12659907341003418, 0.054361820220947266, 0.06842613220214844 
469, -0.9700432419776917, 0.12639760971069336, 0.05388331413269043, 0.06886076927185059 
470, -0.9700185060501099, 0.12507224082946777, 0.05361366271972656, 0.0679006576538086 
471, -0.969996452331543, 0.1255791187286377, 0.05323076248168945, 0.06874561309814453 
472, -0.9700149893760681, 0.12719345092773438, 0.05459761619567871, 0.06889629364013672 
473, -0.9700770974159241, 0.1258554458618164, 0.05410885810852051, 0.06814098358154297 
474, -0.9701759815216064, 0.12693023681640625, 0.053115129470825195, 0.0700540542602539 
475, -0.9702416658401489, 0.1322636604309082, 0.0568392276763916, 0.07136321067810059 
476, -0.9700433015823364, 0.1263904571533203, 0.053963422775268555, 0.06876373291015625 
477, -0.9701030850410461, 0.13283443450927734, 0.056412696838378906, 0.07259869575500488 
478, -0.9702943563461304, 0.12703371047973633, 0.05499887466430664, 0.06830596923828125 
479, -0.9702160954475403, 0.1245584487915039, 0.05324697494506836, 0.06783652305603027 
480, -0.9701455235481262, 0.12541437149047852, 0.05355262756347656, 0.06823301315307617 
481, -0.9701731204986572, 0.12647652626037598, 0.05426025390625, 0.0686490535736084 
482, -0.9702796339988708, 0.12442684173583984, 0.05316948890686035, 0.06767511367797852 
483, -0.9703080058097839, 0.12435030937194824, 0.052934885025024414, 0.06767559051513672 
484, -0.9702497720718384, 0.12373471260070801, 0.05303835868835449, 0.06711030006408691 
485, -0.9703621864318848, 0.1270613670349121, 0.054273128509521484, 0.0689842700958252 
486, -0.9704005718231201, 0.12757444381713867, 0.055212974548339844, 0.06873178482055664 
487, -0.9703857898712158, 0.12587404251098633, 0.05364680290222168, 0.0685579776763916 
488, -0.9703512787818909, 0.1252613067626953, 0.05300140380859375, 0.06847643852233887 
489, -0.970319926738739, 0.12557172775268555, 0.053774118423461914, 0.0682530403137207 
490, -0.9703255295753479, 0.12334203720092773, 0.05275416374206543, 0.06700849533081055 
491, -0.9703946113586426, 0.12209820747375488, 0.05161881446838379, 0.06699323654174805 
492, -0.9704445004463196, 0.1264491081237793, 0.053519487380981445, 0.0693061351776123 
493, -0.9701938629150391, 0.12587475776672363, 0.05338692665100098, 0.06892800331115723 
494, -0.9703226089477539, 0.12836027145385742, 0.05524921417236328, 0.0695505142211914 
495, -0.9703678488731384, 0.1263718605041504, 0.05345296859741211, 0.06925010681152344 
496, -0.9702825546264648, 0.1326899528503418, 0.05621695518493652, 0.07277083396911621 
497, -0.970252275466919, 0.12676453590393066, 0.05399012565612793, 0.06860160827636719 
498, -0.9702627658843994, 0.125931978225708, 0.0532228946685791, 0.06906270980834961 
499, -0.9702808260917664, 0.1268465518951416, 0.05462217330932617, 0.06866621971130371 
500, -0.9703196287155151, 0.12453866004943848, 0.05360579490661621, 0.06728792190551758 
501, -0.9704007506370544, 0.12874722480773926, 0.05756545066833496, 0.06762814521789551 
502, -0.9705168604850769, 0.1266334056854248, 0.05386662483215332, 0.06902217864990234 
503, -0.9702484011650085, 0.125518798828125, 0.05382108688354492, 0.06822872161865234 
504, -0.9702231287956238, 0.12830471992492676, 0.053772687911987305, 0.07079744338989258 
505, -0.970452606678009, 0.12711477279663086, 0.05382132530212402, 0.0691537857055664 
506, -0.9703552722930908, 0.12640047073364258, 0.05346250534057617, 0.06927800178527832 
507, -0.9702584743499756, 0.1253511905670166, 0.05351734161376953, 0.06818246841430664 
508, -0.970158576965332, 0.12536096572875977, 0.05350041389465332, 0.06786608695983887 
509, -0.970095157623291, 0.12582850456237793, 0.05373978614807129, 0.06842637062072754 
510, -0.9701068997383118, 0.1268632411956787, 0.05491900444030762, 0.06837773323059082 
511, -0.9701536893844604, 0.12542128562927246, 0.05321860313415527, 0.06853485107421875 
512, -0.9702454805374146, 0.1263577938079834, 0.05316352844238281, 0.06942629814147949 
513, -0.9703243374824524, 0.13611984252929688, 0.05916428565979004, 0.07323622703552246 
514, -0.9704089760780334, 0.12661075592041016, 0.05399465560913086, 0.06907844543457031 
515, -0.9705231189727783, 0.12811660766601562, 0.05398869514465332, 0.0703592300415039 
516, -0.9702540636062622, 0.13061928749084473, 0.05771756172180176, 0.06928825378417969 
517, -0.970180094242096, 0.12463760375976562, 0.05311870574951172, 0.06807494163513184 
518, -0.9704128503799438, 0.12612056732177734, 0.05352473258972168, 0.06891369819641113 
519, -0.9704955816268921, 0.12557721138000488, 0.053998708724975586, 0.06806778907775879 
520, -0.9703600406646729, 0.12479352951049805, 0.05322074890136719, 0.06799173355102539 
521, -0.9702765345573425, 0.12861967086791992, 0.054143428802490234, 0.07069993019104004 
522, -0.9702380299568176, 0.12635087966918945, 0.05423688888549805, 0.06843328475952148 
523, -0.9702609777450562, 0.12907648086547852, 0.05374026298522949, 0.07154011726379395 
524, -0.9702873826026917, 0.12756943702697754, 0.054445743560791016, 0.06940793991088867 
525, -0.9703555703163147, 0.1262044906616211, 0.05398750305175781, 0.06850457191467285 
526, -0.9704275727272034, 0.12604904174804688, 0.05407404899597168, 0.06836485862731934 
527, -0.9705358147621155, 0.12508058547973633, 0.05348658561706543, 0.06794023513793945 
528, -0.970582127571106, 0.12409520149230957, 0.053076744079589844, 0.06740951538085938 
529, -0.9705913662910461, 0.12394356727600098, 0.052520751953125, 0.06775689125061035 
530, -0.9705460667610168, 0.12765836715698242, 0.054443359375, 0.06939411163330078 
531, -0.9704623222351074, 0.1267564296722412, 0.05362248420715332, 0.06948161125183105 
532, -0.9704681634902954, 0.12735772132873535, 0.05447220802307129, 0.06919479370117188 
533, -0.9704967141151428, 0.12749242782592773, 0.05466723442077637, 0.0690450668334961 
534, -0.9705468416213989, 0.13141155242919922, 0.05438542366027832, 0.07331418991088867 
535, -0.9706284999847412, 0.12779450416564941, 0.054851531982421875, 0.06925082206726074 
536, -0.9705185294151306, 0.12593364715576172, 0.053832054138183594, 0.06839609146118164 
537, -0.9705560803413391, 0.12660694122314453, 0.05375242233276367, 0.06931591033935547 
538, -0.9705734848976135, 0.12639093399047852, 0.054056644439697266, 0.06813287734985352 
539, -0.9704945087432861, 0.12437272071838379, 0.05318927764892578, 0.06761336326599121 
540, -0.9704660177230835, 0.1341550350189209, 0.05356574058532715, 0.07518577575683594 
541, -0.9704484939575195, 0.1293807029724121, 0.05717039108276367, 0.06857442855834961 
542, -0.9704471826553345, 0.1261918544769287, 0.05370640754699707, 0.0689232349395752 
543, -0.9705181121826172, 0.12700223922729492, 0.05375552177429199, 0.06951475143432617 
544, -0.9706177115440369, 0.12711477279663086, 0.05373263359069824, 0.06973791122436523 
545, -0.9705750942230225, 0.12495112419128418, 0.05326557159423828, 0.0681149959564209 
546, -0.9705753326416016, 0.12472081184387207, 0.053031206130981445, 0.06765198707580566 
547, -0.9705867767333984, 0.12578654289245605, 0.05335640907287598, 0.06872415542602539 
548, -0.9705475568771362, 0.12578153610229492, 0.05380392074584961, 0.0683281421661377 
549, -0.9705396890640259, 0.12760567665100098, 0.05427837371826172, 0.06960463523864746 
550, -0.9705349206924438, 0.12693333625793457, 0.054145097732543945, 0.0690908432006836 
551, -0.9705774188041687, 0.12760639190673828, 0.0538179874420166, 0.07001948356628418 
552, -0.9706406593322754, 0.12891840934753418, 0.05486106872558594, 0.07031750679016113 
553, -0.9706002473831177, 0.12903070449829102, 0.055428266525268555, 0.0698246955871582 
554, -0.9706715941429138, 0.12773966789245605, 0.05422711372375488, 0.0691230297088623 
555, -0.9705838561058044, 0.12537932395935059, 0.05334663391113281, 0.0683896541595459 
556, -0.9705092310905457, 0.12544918060302734, 0.053366661071777344, 0.06839632987976074 
557, -0.9704897999763489, 0.12546014785766602, 0.053499460220336914, 0.06841206550598145 
558, -0.9704784154891968, 0.12627458572387695, 0.0537714958190918, 0.0687248706817627 
559, -0.9705284833908081, 0.12846612930297852, 0.05463528633117676, 0.07013130187988281 
560, -0.9705994725227356, 0.12699437141418457, 0.05395245552062988, 0.06934189796447754 
561, -0.9706632494926453, 0.1260700225830078, 0.053801774978637695, 0.06857967376708984 
562, -0.9704639315605164, 0.1263875961303711, 0.05405473709106445, 0.06865239143371582 
563, -0.9705590009689331, 0.12586116790771484, 0.05394458770751953, 0.06825613975524902 
564, -0.970606803894043, 0.12479805946350098, 0.05286002159118652, 0.06830573081970215 
565, -0.9704790711402893, 0.12458324432373047, 0.05340933799743652, 0.06761932373046875 
566, -0.9704512357711792, 0.1234128475189209, 0.05272936820983887, 0.06714606285095215 
567, -0.9704691767692566, 0.12524127960205078, 0.05334162712097168, 0.06827998161315918 
568, -0.9705281257629395, 0.1269824504852295, 0.05359506607055664, 0.06964635848999023 
569, -0.9706249237060547, 0.12737417221069336, 0.05409669876098633, 0.06969308853149414 
570, -0.9706704020500183, 0.12701725959777832, 0.05359196662902832, 0.06961655616760254 
571, -0.9703521728515625, 0.12655067443847656, 0.0543665885925293, 0.06867265701293945 
572, -0.9704181551933289, 0.1270606517791748, 0.05376005172729492, 0.0696415901184082 
573, -0.970645010471344, 0.12881040573120117, 0.054444313049316406, 0.07061576843261719 
574, -0.970577597618103, 0.1262202262878418, 0.05343890190124512, 0.06904816627502441 
575, -0.9705047607421875, 0.12628746032714844, 0.053956031799316406, 0.06875443458557129 
576, -0.9704844951629639, 0.1257154941558838, 0.053665876388549805, 0.06835055351257324 
577, -0.9705114960670471, 0.12494182586669922, 0.05305290222167969, 0.06828880310058594 
578, -0.9705670475959778, 0.12801361083984375, 0.05405092239379883, 0.07021212577819824 
579, -0.97066730260849, 0.12451410293579102, 0.05341649055480957, 0.06745409965515137 
580, -0.9705653786659241, 0.13976788520812988, 0.06668210029602051, 0.06927013397216797 
581, -0.9706501960754395, 0.12609362602233887, 0.05396008491516113, 0.06843900680541992 
582, -0.9706248641014099, 0.12501072883605957, 0.053403615951538086, 0.0679931640625 
583, -0.9705294966697693, 0.12505292892456055, 0.05237889289855957, 0.0689089298248291 
584, -0.9704883098602295, 0.12730860710144043, 0.05406379699707031, 0.06952571868896484 
585, -0.9704979062080383, 0.126814603805542, 0.054074764251708984, 0.0691983699798584 
586, -0.970533549785614, 0.1259903907775879, 0.05351114273071289, 0.06882095336914062 
587, -0.9705744385719299, 0.12836289405822754, 0.053603172302246094, 0.07113385200500488 
588, -0.9706587195396423, 0.1288163661956787, 0.05628681182861328, 0.06887221336364746 
589, -0.9707129597663879, 0.12847042083740234, 0.05475163459777832, 0.069915771484375 
590, -0.9707443714141846, 0.12845468521118164, 0.05580902099609375, 0.06888699531555176 
591, -0.9707046151161194, 0.1257171630859375, 0.05373978614807129, 0.06834602355957031 
592, -0.9706897735595703, 0.12723946571350098, 0.05356955528259277, 0.07007360458374023 
593, -0.9706456661224365, 0.12567734718322754, 0.05326104164123535, 0.06868481636047363 
594, -0.9706533551216125, 0.12599802017211914, 0.053461551666259766, 0.06891179084777832 
595, -0.9706727266311646, 0.1275184154510498, 0.054857730865478516, 0.06903624534606934 
596, -0.970697283744812, 0.1268761157989502, 0.05394792556762695, 0.06915998458862305 
597, -0.9706438779830933, 0.12541627883911133, 0.053926706314086914, 0.06777596473693848 
598, -0.9707099199295044, 0.12460565567016602, 0.05357718467712402, 0.06756162643432617 
599, -0.9706611633300781, 0.12659525871276855, 0.05320906639099121, 0.06967759132385254 
600, -0.9705673456192017, 0.12571334838867188, 0.053649187088012695, 0.06849980354309082 
601, -0.9704980850219727, 0.1259768009185791, 0.05326128005981445, 0.06928753852844238 
602, -0.9705087542533875, 0.12349390983581543, 0.052756547927856445, 0.06719732284545898 
603, -0.9705401659011841, 0.12504315376281738, 0.053189992904663086, 0.0681908130645752 
604, -0.9705852270126343, 0.12633085250854492, 0.05341911315917969, 0.06923747062683105 
605, -0.9706685543060303, 0.1268606185913086, 0.05436229705810547, 0.06885528564453125 
606, -0.9707590937614441, 0.1271810531616211, 0.05392289161682129, 0.06957507133483887 
607, -0.9705042243003845, 0.12648701667785645, 0.05328989028930664, 0.06942582130432129 
608, -0.970502495765686, 0.12641453742980957, 0.05436515808105469, 0.06841278076171875 
609, -0.9706747531890869, 0.12588071823120117, 0.053125619888305664, 0.06904911994934082 
610, -0.9706295132637024, 0.12788033485412598, 0.05416703224182129, 0.0699758529663086 
611, -0.9706571102142334, 0.12641191482543945, 0.054030656814575195, 0.06869387626647949 
612, -0.970703125, 0.12638545036315918, 0.053513526916503906, 0.06917047500610352 
613, -0.9707084894180298, 0.1288449764251709, 0.05588555335998535, 0.06928539276123047 
614, -0.9705972075462341, 0.12571358680725098, 0.05297446250915527, 0.0690610408782959 
615, -0.9707033038139343, 0.1260387897491455, 0.05401349067687988, 0.06839299201965332 
616, -0.9707173705101013, 0.12489533424377441, 0.053099632263183594, 0.06820225715637207 
617, -0.9707433581352234, 0.12414026260375977, 0.0529475212097168, 0.06758499145507812 
618, -0.970728874206543, 0.12639927864074707, 0.05376887321472168, 0.06895160675048828 
619, -0.9706957340240479, 0.12571358680725098, 0.05385589599609375, 0.0681295394897461 
620, -0.97068190574646, 0.12597227096557617, 0.053251028060913086, 0.0691063404083252 
621, -0.9707033038139343, 0.12512969970703125, 0.05294322967529297, 0.0684361457824707 
622, -0.9707038402557373, 0.12509465217590332, 0.053507089614868164, 0.06797027587890625 
623, -0.9705497622489929, 0.12751460075378418, 0.05379939079284668, 0.07003593444824219 
624, -0.9707054495811462, 0.12801480293273926, 0.054529666900634766, 0.06979942321777344 
625, -0.9707044363021851, 0.12636470794677734, 0.0541377067565918, 0.06847310066223145 
626, -0.9707564115524292, 0.12857842445373535, 0.05556201934814453, 0.06939077377319336 
627, -0.9706572890281677, 0.12651896476745605, 0.0539860725402832, 0.0688631534576416 
628, -0.9707337021827698, 0.12737059593200684, 0.05391407012939453, 0.0696711540222168 
629, -0.9707309007644653, 0.1264057159423828, 0.05409574508666992, 0.06802845001220703 
630, -0.9707450270652771, 0.12655067443847656, 0.05367612838745117, 0.06910014152526855 
631, -0.9706998467445374, 0.12500810623168945, 0.05322980880737305, 0.0681755542755127 
632, -0.9707285761833191, 0.12468552589416504, 0.0532526969909668, 0.06780028343200684 
633, -0.9706494808197021, 0.12645363807678223, 0.05343174934387207, 0.06936001777648926 
634, -0.970650851726532, 0.12409353256225586, 0.052884817123413086, 0.06756472587585449 
635, -0.9706894755363464, 0.12480282783508301, 0.05350470542907715, 0.0679013729095459 
636, -0.9707693457603455, 0.12453031539916992, 0.053281307220458984, 0.06769204139709473 
637, -0.9705368876457214, 0.1255202293395996, 0.05274820327758789, 0.06899666786193848 
638, -0.9706466794013977, 0.12667560577392578, 0.05419635772705078, 0.06882619857788086 
639, -0.970661997795105, 0.12613129615783691, 0.05362415313720703, 0.06887960433959961 
640, -0.9705749154090881, 0.12368631362915039, 0.05290532112121582, 0.06720757484436035 
641, -0.9705484509468079, 0.12573003768920898, 0.05350017547607422, 0.06853723526000977 
642, -0.9705390334129333, 0.12505626678466797, 0.05345511436462402, 0.06798577308654785 
643, -0.9705542922019958, 0.12765192985534668, 0.05304312705993652, 0.07077598571777344 
644, -0.9706193804740906, 0.12768244743347168, 0.054525136947631836, 0.06932759284973145 
645, -0.9706841707229614, 0.12720012664794922, 0.05471324920654297, 0.06885480880737305 
646, -0.9707715511322021, 0.12562155723571777, 0.0533905029296875, 0.06854009628295898 
647, -0.9705011248588562, 0.1262047290802002, 0.053807973861694336, 0.06894469261169434 
648, -0.9704667329788208, 0.12565994262695312, 0.05344104766845703, 0.06848740577697754 
649, -0.9707862138748169, 0.12698030471801758, 0.05363178253173828, 0.06960344314575195 
650, -0.9706165790557861, 0.12662005424499512, 0.05372023582458496, 0.0692434310913086 
651, -0.9704518914222717, 0.12634038925170898, 0.05368757247924805, 0.06884527206420898 
652, -0.9703035354614258, 0.12564849853515625, 0.05392599105834961, 0.0680694580078125 
653, -0.970251202583313, 0.12530040740966797, 0.053128719329833984, 0.0683286190032959 
654, -0.9702657461166382, 0.12555980682373047, 0.05321669578552246, 0.06864571571350098 
655, -0.9703224301338196, 0.12499761581420898, 0.053307533264160156, 0.06807065010070801 
656, -0.9704079627990723, 0.12700295448303223, 0.053409576416015625, 0.06977415084838867 
657, -0.9704812169075012, 0.12558841705322266, 0.05372762680053711, 0.0681145191192627 
658, -0.9705855846405029, 0.12716460227966309, 0.0538175106048584, 0.06959295272827148 
659, -0.9707255959510803, 0.12866568565368652, 0.05411863327026367, 0.0708003044128418 
660, -0.9705822467803955, 0.12503552436828613, 0.05318284034729004, 0.06815528869628906 
661, -0.9704975485801697, 0.1282942295074463, 0.054306745529174805, 0.07040882110595703 
662, -0.9706928133964539, 0.12772226333618164, 0.05526566505432129, 0.06889724731445312 
663, -0.9705472588539124, 0.1264019012451172, 0.05332684516906738, 0.06932973861694336 
664, -0.9704210162162781, 0.1264021396636963, 0.053919315338134766, 0.06883454322814941 
665, -0.9703536629676819, 0.1258690357208252, 0.05356264114379883, 0.06863665580749512 
666, -0.9703420400619507, 0.12729358673095703, 0.05382847785949707, 0.06973695755004883 
667, -0.9703817367553711, 0.13546371459960938, 0.0625758171081543, 0.06895279884338379 
668, -0.9703137874603271, 0.12821674346923828, 0.054207801818847656, 0.07028746604919434 
669, -0.9703376889228821, 0.12659835815429688, 0.05356264114379883, 0.06929779052734375 
670, -0.9704148173332214, 0.12752223014831543, 0.05497431755065918, 0.06893539428710938 
671, -0.9705299735069275, 0.12587380409240723, 0.05361795425415039, 0.06869149208068848 
672, -0.9706586599349976, 0.12565875053405762, 0.05349159240722656, 0.06858468055725098 
673, -0.9707503318786621, 0.1238853931427002, 0.052655696868896484, 0.06757688522338867 
674, -0.9707515239715576, 0.12588763236999512, 0.053736209869384766, 0.06836676597595215 
675, -0.9706960916519165, 0.12593507766723633, 0.05334901809692383, 0.06890273094177246 
676, -0.9706892371177673, 0.12738299369812012, 0.05420994758605957, 0.06945466995239258 
677, -0.9706676602363586, 0.125732421875, 0.053940534591674805, 0.0682363510131836 
678, -0.9706932306289673, 0.12528061866760254, 0.05374622344970703, 0.0678873062133789 
679, -0.9707063436508179, 0.12444448471069336, 0.05299544334411621, 0.06781506538391113 
680, -0.9707624316215515, 0.12584471702575684, 0.053575992584228516, 0.06819534301757812 
681, -0.9707675576210022, 0.1262674331665039, 0.053725242614746094, 0.06885027885437012 
682, -0.9705413579940796, 0.12648415565490723, 0.05412173271179199, 0.06867361068725586 
683, -0.9707173705101013, 0.12622570991516113, 0.05379939079284668, 0.06875038146972656 
684, -0.9706215858459473, 0.12634658813476562, 0.05381178855895996, 0.06881022453308105 
685, -0.9705309867858887, 0.12871575355529785, 0.05447697639465332, 0.07037472724914551 
686, -0.9704556465148926, 0.12653779983520508, 0.054012298583984375, 0.06878900527954102 
687, -0.9704307317733765, 0.1262955665588379, 0.05383014678955078, 0.06874966621398926 
688, -0.9704621434211731, 0.1329197883605957, 0.059259891510009766, 0.06993770599365234 
689, -0.970515787601471, 0.12616348266601562, 0.05388808250427246, 0.06870365142822266 
690, -0.9705824851989746, 0.12534379959106445, 0.05362367630004883, 0.06803631782531738 
691, -0.9706931114196777, 0.12581706047058105, 0.05365610122680664, 0.06849932670593262 
692, -0.9708080887794495, 0.12420487403869629, 0.052571773529052734, 0.0680239200592041 
693, -0.9705222249031067, 0.12451839447021484, 0.05333685874938965, 0.06750273704528809 
694, -0.9704710841178894, 0.1248321533203125, 0.05310821533203125, 0.06797623634338379 
695, -0.9707198739051819, 0.12654829025268555, 0.054086923599243164, 0.0687563419342041 
696, -0.9706421494483948, 0.12773895263671875, 0.0547940731048584, 0.06919574737548828 
697, -0.9704471230506897, 0.12552762031555176, 0.053502559661865234, 0.06840395927429199 
698, -0.970382571220398, 0.12511062622070312, 0.05327582359313965, 0.06823110580444336 
699, -0.970342218875885, 0.12655329704284668, 0.053997039794921875, 0.06889772415161133 
700, -0.9703091382980347, 0.12531137466430664, 0.05340433120727539, 0.0681769847869873 
701, -0.970339834690094, 0.1253042221069336, 0.05340838432312012, 0.06839227676391602 
702, -0.9704263806343079, 0.1262350082397461, 0.053780317306518555, 0.06880712509155273 
703, -0.9705590605735779, 0.1268329620361328, 0.054451942443847656, 0.06863188743591309 
704, -0.9706751108169556, 0.12604832649230957, 0.053235769271850586, 0.06903743743896484 
705, -0.9707706570625305, 0.13080549240112305, 0.05696463584899902, 0.0700674057006836 
706, -0.9704169631004333, 0.12703967094421387, 0.05382728576660156, 0.06971454620361328 
707, -0.9703516364097595, 0.12718415260314941, 0.0539546012878418, 0.06963729858398438 
708, -0.9705974459648132, 0.12579607963562012, 0.05347561836242676, 0.06882357597351074 
709, -0.970671534538269, 0.1250143051147461, 0.05319046974182129, 0.06823253631591797 
710, -0.9705188870429993, 0.12482857704162598, 0.053255558013916016, 0.06797909736633301 
711, -0.9704775214195251, 0.12334871292114258, 0.05261397361755371, 0.06711602210998535 
712, -0.9704713821411133, 0.12327384948730469, 0.05245685577392578, 0.06724262237548828 
713, -0.9704992175102234, 0.12623929977416992, 0.05338859558105469, 0.06919503211975098 
714, -0.9705289006233215, 0.13335871696472168, 0.05987834930419922, 0.06975030899047852 
715, -0.9706060886383057, 0.12709784507751465, 0.05370354652404785, 0.06967687606811523 
716, -0.9706699252128601, 0.12593650817871094, 0.054276466369628906, 0.06802773475646973 
717, -0.970773458480835, 0.12493705749511719, 0.0530858039855957, 0.06820869445800781 
718, -0.9704909920692444, 0.12343025207519531, 0.05285930633544922, 0.06709671020507812 
719, -0.9705265760421753, 0.1256115436553955, 0.05276060104370117, 0.06905245780944824 
720, -0.9707759618759155, 0.12671303749084473, 0.05421757698059082, 0.06883859634399414 
721, -0.9707075357437134, 0.12595009803771973, 0.053496599197387695, 0.06873965263366699 
722, -0.9706921577453613, 0.12751078605651855, 0.05430746078491211, 0.06933236122131348 
723, -0.9707249402999878, 0.12739205360412598, 0.05452322959899902, 0.06908035278320312 
724, -0.9707437753677368, 0.13312458992004395, 0.05613589286804199, 0.07327389717102051 
725, -0.9707095623016357, 0.12900519371032715, 0.05640149116516113, 0.06891155242919922 
726, -0.9706647396087646, 0.12633466720581055, 0.053980350494384766, 0.0685737133026123 
727, -0.9706575870513916, 0.12693071365356445, 0.05412602424621582, 0.06914496421813965 
728, -0.9706839323043823, 0.12476968765258789, 0.05321621894836426, 0.06792902946472168 
729, -0.9707660675048828, 0.12526655197143555, 0.053164005279541016, 0.06848406791687012 
730, -0.9707372188568115, 0.12483811378479004, 0.05312800407409668, 0.06814289093017578 
731, -0.9707412719726562, 0.12515044212341309, 0.05305790901184082, 0.06832528114318848 
732, -0.970748782157898, 0.12554240226745605, 0.052847862243652344, 0.06909561157226562 
733, -0.9707736968994141, 0.1296098232269287, 0.05536603927612305, 0.07043242454528809 
734, -0.9705815315246582, 0.1264939308166504, 0.05387473106384277, 0.06897425651550293 
735, -0.9707876443862915, 0.12674403190612793, 0.05437350273132324, 0.06872940063476562 
736, -0.9706522822380066, 0.12607908248901367, 0.053531646728515625, 0.06901144981384277 
737, -0.9705466032028198, 0.1240239143371582, 0.05311322212219238, 0.0673518180847168 
738, -0.9705016016960144, 0.1259467601776123, 0.05339646339416504, 0.06874394416809082 
739, -0.9704654216766357, 0.12761425971984863, 0.05429363250732422, 0.06915521621704102 
740, -0.9704697132110596, 0.12535858154296875, 0.053591251373291016, 0.06816864013671875 
741, -0.9705077409744263, 0.12749242782592773, 0.05488920211791992, 0.06892848014831543 
742, -0.9706214070320129, 0.12658214569091797, 0.05380511283874512, 0.06907439231872559 
743, -0.9707286357879639, 0.13474106788635254, 0.058854103088378906, 0.07213068008422852 
744, -0.9706249237060547, 0.12900996208190918, 0.054268836975097656, 0.07099604606628418 
745, -0.9705984592437744, 0.12713170051574707, 0.05381178855895996, 0.06950688362121582 
746, -0.9707966446876526, 0.12684965133666992, 0.05450439453125, 0.06873202323913574 
747, -0.9707448482513428, 0.12583065032958984, 0.05343341827392578, 0.06821084022521973 
748, -0.9707126021385193, 0.1264960765838623, 0.053632259368896484, 0.06918478012084961 
749, -0.9707363247871399, 0.12505626678466797, 0.05379652976989746, 0.06756591796875 
750, -0.9708023071289062, 0.12605810165405273, 0.05311751365661621, 0.06942415237426758 
751, -0.9707049131393433, 0.12554168701171875, 0.05303478240966797, 0.06889009475708008 
752, -0.9708319902420044, 0.1278061866760254, 0.053928375244140625, 0.07003283500671387 
753, -0.9708333015441895, 0.1271839141845703, 0.054175376892089844, 0.06934857368469238 
754, -0.9707586765289307, 0.12622880935668945, 0.05353689193725586, 0.06898212432861328 
755, -0.9707598090171814, 0.12474608421325684, 0.0529172420501709, 0.06781864166259766 
756, -0.9707042574882507, 0.12387490272521973, 0.05276322364807129, 0.06744861602783203 
757, -0.9707036018371582, 0.1247248649597168, 0.053047895431518555, 0.0680532455444336 
758, -0.9707298874855042, 0.1261920928955078, 0.05318880081176758, 0.06935644149780273 
759, -0.9707691669464111, 0.12502098083496094, 0.05284833908081055, 0.06853604316711426 
760, -0.9707828164100647, 0.1258378028869629, 0.0542607307434082, 0.06796789169311523 
761, -0.9708276391029358, 0.12558627128601074, 0.05279684066772461, 0.06899213790893555 
762, -0.9707986116409302, 0.1295475959777832, 0.05583024024963379, 0.07001495361328125 
763, -0.970730721950531, 0.12934517860412598, 0.056548357009887695, 0.06904864311218262 
764, -0.9707508683204651, 0.12699413299560547, 0.053640127182006836, 0.06956291198730469 
765, -0.970695972442627, 0.1270740032196045, 0.05451011657714844, 0.06897878646850586 
766, -0.9706926941871643, 0.1256716251373291, 0.05425286293029785, 0.06776237487792969 
767, -0.9707317352294922, 0.12492752075195312, 0.05297493934631348, 0.06828594207763672 
768, -0.970815896987915, 0.12672781944274902, 0.053961992263793945, 0.06897926330566406 
769, -0.97060626745224, 0.12609076499938965, 0.05343890190124512, 0.06904816627502441 
770, -0.970724880695343, 0.12719368934631348, 0.05384421348571777, 0.06984162330627441 
771, -0.9707047343254089, 0.12697386741638184, 0.054082632064819336, 0.0691370964050293 
772, -0.970557689666748, 0.12610220909118652, 0.05400657653808594, 0.06848931312561035 
773, -0.9704662561416626, 0.12589120864868164, 0.053621530532836914, 0.06857466697692871 
774, -0.9704398512840271, 0.12514162063598633, 0.05341815948486328, 0.06805729866027832 
775, -0.9704657793045044, 0.12404322624206543, 0.05255699157714844, 0.0679173469543457 
776, -0.970565140247345, 0.1275007724761963, 0.05423331260681152, 0.06968116760253906 
777, -0.9706336855888367, 0.12537240982055664, 0.05367016792297363, 0.06804847717285156 
778, -0.9707101583480835, 0.12999701499938965, 0.05842137336730957, 0.0678870677947998 
779, -0.9705578088760376, 0.1263597011566162, 0.054000139236450195, 0.06864452362060547 
780, -0.9706360697746277, 0.13076519966125488, 0.0560305118560791, 0.07054257392883301 
781, -0.9706906676292419, 0.12798166275024414, 0.05399012565612793, 0.07028913497924805 
782, -0.9705896973609924, 0.12566542625427246, 0.0536196231842041, 0.06849074363708496 
783, -0.9705924987792969, 0.12630343437194824, 0.053452491760253906, 0.06912732124328613 
784, -0.9706100225448608, 0.12555336952209473, 0.0532841682434082, 0.06873822212219238 
785, -0.9706761240959167, 0.15012097358703613, 0.053687334060668945, 0.06767821311950684 
786, -0.9707830548286438, 0.1271679401397705, 0.05504012107849121, 0.06839752197265625 
787, -0.9706839919090271, 0.12613725662231445, 0.05394601821899414, 0.06846070289611816 
788, -0.9707549810409546, 0.1260700225830078, 0.05335688591003418, 0.06860113143920898 
789, -0.9707589745521545, 0.12662100791931152, 0.05423903465270996, 0.06870555877685547 
790, -0.9707603454589844, 0.12782645225524902, 0.054253339767456055, 0.07001185417175293 
791, -0.9707445502281189, 0.12525105476379395, 0.053452253341674805, 0.06812644004821777 
792, -0.9706563949584961, 0.12399983406066895, 0.052719831466674805, 0.06760048866271973 
793, -0.9706220030784607, 0.12500786781311035, 0.05323004722595215, 0.06824898719787598 
794, -0.970662534236908, 0.12455892562866211, 0.05349302291870117, 0.06750845909118652 
795, -0.9707455635070801, 0.12561321258544922, 0.05334067344665527, 0.06864666938781738 
796, -0.9708064794540405, 0.1259937286376953, 0.05365777015686035, 0.06876802444458008 
797, -0.970785915851593, 0.12391972541809082, 0.05317044258117676, 0.06715202331542969 
798, -0.9707627892494202, 0.12483954429626465, 0.05308127403259277, 0.0681447982788086 
799, -0.9707951545715332, 0.12538504600524902, 0.05334329605102539, 0.0683736801147461 
800, -0.9707204103469849, 0.12949061393737793, 0.05535006523132324, 0.07047152519226074 
801, -0.9708330631256104, 0.12632131576538086, 0.05405998229980469, 0.06859207153320312 
802, -0.9708065986633301, 0.12668800354003906, 0.0535433292388916, 0.06945490837097168 
803, -0.9708157181739807, 0.12500238418579102, 0.0536198616027832, 0.06782174110412598 
804, -0.9706996083259583, 0.12410712242126465, 0.052785396575927734, 0.06779885292053223 
805, -0.9707894325256348, 0.12727665901184082, 0.05378246307373047, 0.06922698020935059 
806, -0.9707300066947937, 0.12733817100524902, 0.054503679275512695, 0.06924772262573242 
807, -0.9707269668579102, 0.12635254859924316, 0.053876638412475586, 0.0687108039855957 
808, -0.9707750678062439, 0.12788081169128418, 0.05443096160888672, 0.06976866722106934 
809, -0.9707872867584229, 0.12651872634887695, 0.054212331771850586, 0.06855154037475586 
810, -0.9707688689231873, 0.126173734664917, 0.05433201789855957, 0.0680851936340332 
811, -0.9707075357437134, 0.1273055076599121, 0.054051876068115234, 0.06963109970092773 
812, -0.9707298874855042, 0.12562870979309082, 0.053780317306518555, 0.0682225227355957 
813, -0.9706225991249084, 0.12695813179016113, 0.05399584770202637, 0.06926155090332031 
814, -0.9708070755004883, 0.12716245651245117, 0.05419588088989258, 0.06924653053283691 
815, -0.9707411527633667, 0.1242971420288086, 0.05314016342163086, 0.06754779815673828 
816, -0.9707101583480835, 0.12624001502990723, 0.052794694900512695, 0.06977224349975586 
817, -0.9707332253456116, 0.13822412490844727, 0.05477547645568848, 0.07975244522094727 
818, -0.9706060290336609, 0.12522363662719727, 0.05340266227722168, 0.06819534301757812 
819, -0.9707573056221008, 0.12743759155273438, 0.05419325828552246, 0.06958317756652832 
820, -0.9706406593322754, 0.12525486946105957, 0.05360603332519531, 0.06797194480895996 
821, -0.9705679416656494, 0.12657904624938965, 0.05347394943237305, 0.06947588920593262 
822, -0.9704791307449341, 0.12863636016845703, 0.055298566818237305, 0.06898760795593262 
823, -0.970458984375, 0.12659573554992676, 0.05412793159484863, 0.06886100769042969 
824, -0.970504641532898, 0.12832975387573242, 0.05309581756591797, 0.07150673866271973 
825, -0.9706066250801086, 0.12686610221862793, 0.054878950119018555, 0.06832575798034668 
826, -0.9707229733467102, 0.1255321502685547, 0.053110361099243164, 0.0687406063079834 
827, -0.9708088040351868, 0.12890195846557617, 0.05579423904418945, 0.06944537162780762 
828, -0.9704573154449463, 0.12624526023864746, 0.054308176040649414, 0.06832337379455566 
829, -0.970445454120636, 0.12477970123291016, 0.053766727447509766, 0.06746697425842285 
830, -0.9707489013671875, 0.12402200698852539, 0.052494049072265625, 0.06784844398498535 
831, -0.970659613609314, 0.13020586967468262, 0.05334019660949707, 0.07318949699401855 
832, -0.9704734086990356, 0.12588787078857422, 0.0533444881439209, 0.0688636302947998 
833, -0.9703297019004822, 0.12781238555908203, 0.054633140563964844, 0.06944561004638672 
834, -0.9702824950218201, 0.12724947929382324, 0.05440402030944824, 0.06922125816345215 
835, -0.9702844023704529, 0.12718462944030762, 0.055301666259765625, 0.06833338737487793 
836, -0.9703514575958252, 0.1240999698638916, 0.053202152252197266, 0.06734967231750488 
837, -0.9704014658927917, 0.12564945220947266, 0.053614139556884766, 0.06835484504699707 
838, -0.9704778790473938, 0.12682151794433594, 0.053869009017944336, 0.06925535202026367 
839, -0.9705986380577087, 0.12633466720581055, 0.053755998611450195, 0.0689244270324707 
840, -0.970754086971283, 0.12658476829528809, 0.053375244140625, 0.06947922706604004 
841, -0.9705799221992493, 0.1254887580871582, 0.0537259578704834, 0.06821036338806152 
842, -0.9705352187156677, 0.1246337890625, 0.052594661712646484, 0.06831550598144531 
843, -0.9708006381988525, 0.12910246849060059, 0.05487990379333496, 0.07059526443481445 
844, -0.9707333445549011, 0.12596368789672852, 0.05317521095275879, 0.06909298896789551 
845, -0.9707328677177429, 0.12699270248413086, 0.05418968200683594, 0.06921005249023438 
846, -0.970776379108429, 0.12840938568115234, 0.05447268486022949, 0.07022809982299805 
847, -0.9707928895950317, 0.1263871192932129, 0.05370807647705078, 0.06847620010375977 
848, -0.9706213474273682, 0.12718868255615234, 0.05498695373535156, 0.06859374046325684 
849, -0.9707987904548645, 0.12483358383178711, 0.05367279052734375, 0.0675504207611084 
850, -0.97081458568573, 0.12560606002807617, 0.05384969711303711, 0.06814050674438477 
851, -0.9708091020584106, 0.12740516662597656, 0.05377960205078125, 0.06999826431274414 
852, -0.9707968831062317, 0.12649297714233398, 0.05400896072387695, 0.06880426406860352 
853, -0.9707788228988647, 0.12579941749572754, 0.053392887115478516, 0.06881928443908691 
854, -0.9707441926002502, 0.12601327896118164, 0.05331134796142578, 0.06896400451660156 
855, -0.9707144498825073, 0.1258256435394287, 0.05375528335571289, 0.06833577156066895 
856, -0.9707766175270081, 0.12672805786132812, 0.0537416934967041, 0.06932234764099121 
857, -0.9707001447677612, 0.12716317176818848, 0.05386948585510254, 0.06977486610412598 
858, -0.9708144664764404, 0.12441539764404297, 0.053958892822265625, 0.06679248809814453 
859, -0.9707882404327393, 0.12609529495239258, 0.05324602127075195, 0.06923031806945801 
860, -0.9707986116409302, 0.12612271308898926, 0.05422854423522949, 0.06825518608093262 
861, -0.9707328081130981, 0.12804269790649414, 0.05365705490112305, 0.07075834274291992 
862, -0.9708051085472107, 0.12976980209350586, 0.05627107620239258, 0.06979179382324219 
863, -0.9707742929458618, 0.12720727920532227, 0.05430746078491211, 0.06893563270568848 
864, -0.970799446105957, 0.1273036003112793, 0.054322242736816406, 0.06937265396118164 
865, -0.9708391427993774, 0.1270289421081543, 0.054196834564208984, 0.0690922737121582 
866, -0.9707111120223999, 0.12807297706604004, 0.05409717559814453, 0.07021474838256836 
867, -0.9707545042037964, 0.12701153755187988, 0.05399465560913086, 0.06945109367370605 
868, -0.970754086971283, 0.12638306617736816, 0.05414581298828125, 0.06866002082824707 
869, -0.9707970023155212, 0.12612318992614746, 0.0540316104888916, 0.06845903396606445 
870, -0.970813512802124, 0.12514901161193848, 0.0532832145690918, 0.06821751594543457 
871, -0.970795750617981, 0.1284499168395996, 0.05396413803100586, 0.07083821296691895 
872, -0.9707571268081665, 0.125870943069458, 0.05371427536010742, 0.06843924522399902 
873, -0.9707708358764648, 0.12812256813049316, 0.05471181869506836, 0.06882929801940918 
874, -0.9708139896392822, 0.12499642372131348, 0.0531158447265625, 0.06819534301757812 
875, -0.9707050323486328, 0.12647652626037598, 0.053215980529785156, 0.06947636604309082 
876, -0.9708082675933838, 0.12728524208068848, 0.05436849594116211, 0.06926727294921875 
877, -0.9707733392715454, 0.1265101432800293, 0.053643226623535156, 0.06927061080932617 
878, -0.9707592129707336, 0.1273183822631836, 0.0536198616027832, 0.06999540328979492 
879, -0.970751941204071, 0.12718462944030762, 0.05399823188781738, 0.06949687004089355 
880, -0.9707735776901245, 0.12620925903320312, 0.05354118347167969, 0.0690152645111084 
881, -0.9707269668579102, 0.12573480606079102, 0.05397510528564453, 0.0680849552154541 
882, -0.9707435965538025, 0.1277170181274414, 0.05413389205932617, 0.06988644599914551 
883, -0.9707695245742798, 0.12618684768676758, 0.05367588996887207, 0.0688018798828125 
884, -0.9707575440406799, 0.12705683708190918, 0.054054975509643555, 0.06922554969787598 
885, -0.9706836342811584, 0.12867164611816406, 0.05491495132446289, 0.07007837295532227 
886, -0.9706702828407288, 0.1270148754119873, 0.05464363098144531, 0.06875848770141602 
887, -0.9707123041152954, 0.12571024894714355, 0.05333876609802246, 0.0687093734741211 
888, -0.9708020687103271, 0.12610244750976562, 0.05363106727600098, 0.06885838508605957 
889, -0.9706207513809204, 0.12627220153808594, 0.05330204963684082, 0.06940150260925293 
890, -0.9707444906234741, 0.128831148147583, 0.054852962493896484, 0.07023906707763672 
891, -0.9706798195838928, 0.12631583213806152, 0.05401325225830078, 0.06865119934082031 
892, -0.9705527424812317, 0.12757205963134766, 0.053663015365600586, 0.0701904296875 
893, -0.9705243110656738, 0.12732577323913574, 0.05402731895446777, 0.06956171989440918 
894, -0.9705171585083008, 0.1267554759979248, 0.053533315658569336, 0.0695042610168457 
895, -0.9705244898796082, 0.12534832954406738, 0.05362200736999512, 0.06810283660888672 
896, -0.9705841541290283, 0.12581110000610352, 0.05322527885437012, 0.06885957717895508 
897, -0.9706916213035583, 0.12842988967895508, 0.054605960845947266, 0.07011651992797852 
898, -0.9707865118980408, 0.12563586235046387, 0.05352425575256348, 0.06842803955078125 
899, -0.9705166220664978, 0.13031482696533203, 0.0552363395690918, 0.07140564918518066 
900, -0.9705897569656372, 0.12672972679138184, 0.05424857139587402, 0.06883001327514648 
901, -0.9707554578781128, 0.12654852867126465, 0.0532984733581543, 0.06955122947692871 
902, -0.9706054925918579, 0.12618470191955566, 0.053939104080200195, 0.06863951683044434 
903, -0.9705675840377808, 0.13056015968322754, 0.05606722831726074, 0.0707550048828125 
904, -0.9706109166145325, 0.1286771297454834, 0.05580449104309082, 0.06901955604553223 
905, -0.9706858396530151, 0.12801384925842285, 0.05453085899353027, 0.0697329044342041 
906, -0.970802903175354, 0.12763333320617676, 0.054221391677856445, 0.06975555419921875 
907, -0.9706224203109741, 0.12679409980773926, 0.053792476654052734, 0.06884264945983887 
908, -0.9707027077674866, 0.12682437896728516, 0.05425739288330078, 0.06897783279418945 
909, -0.9706164598464966, 0.12708234786987305, 0.05361199378967285, 0.06971263885498047 
910, -0.9705488085746765, 0.12767982482910156, 0.05382037162780762, 0.07018017768859863 
911, -0.9704799652099609, 0.12908148765563965, 0.054146766662597656, 0.07120823860168457 
912, -0.9704237580299377, 0.12600016593933105, 0.05427718162536621, 0.06820225715637207 
913, -0.9704228043556213, 0.12450361251831055, 0.05257415771484375, 0.06824994087219238 
914, -0.9705101251602173, 0.12822985649108887, 0.05528974533081055, 0.06922531127929688 
915, -0.9706361293792725, 0.12731504440307617, 0.05424237251281738, 0.06939983367919922 
916, -0.9707458019256592, 0.1343364715576172, 0.05458188056945801, 0.07594919204711914 
917, -0.9706022143363953, 0.12775039672851562, 0.05422711372375488, 0.06978392601013184 
918, -0.9706460237503052, 0.12775444984436035, 0.05438494682312012, 0.0696713924407959 
919, -0.9707116484642029, 0.13051891326904297, 0.055927276611328125, 0.0709071159362793 
920, -0.9706240892410278, 0.12834811210632324, 0.054865121841430664, 0.0697484016418457 
921, -0.9706311225891113, 0.12790584564208984, 0.054750680923461914, 0.06948065757751465 
922, -0.9706595540046692, 0.12863850593566895, 0.05421638488769531, 0.07068610191345215 
923, -0.9706892371177673, 0.12773990631103516, 0.054502248764038086, 0.06954765319824219 
924, -0.9707430005073547, 0.1261897087097168, 0.05300307273864746, 0.06914687156677246 
925, -0.9707413911819458, 0.1268310546875, 0.054038286209106445, 0.06911373138427734 
926, -0.9708186984062195, 0.12586498260498047, 0.05330801010131836, 0.06886053085327148 
927, -0.9707932472229004, 0.1280655860900879, 0.05495023727416992, 0.06943154335021973 
928, -0.9707807898521423, 0.12863826751708984, 0.05481362342834473, 0.0700845718383789 
929, -0.9707556366920471, 0.1272425651550293, 0.054779767990112305, 0.06880903244018555 
930, -0.9707108736038208, 0.12569260597229004, 0.05342674255371094, 0.06854891777038574 
931, -0.9706892371177673, 0.12595653533935547, 0.05352187156677246, 0.06876206398010254 
932, -0.970685601234436, 0.12712645530700684, 0.05379343032836914, 0.06965804100036621 
933, -0.9707624316215515, 0.12579131126403809, 0.05290627479553223, 0.06919384002685547 
934, -0.9706359505653381, 0.1285855770111084, 0.053995370864868164, 0.07083559036254883 
935, -0.9707099795341492, 0.12872672080993652, 0.05526900291442871, 0.06973719596862793 
936, -0.9706820845603943, 0.12777137756347656, 0.05403566360473633, 0.06995081901550293 
937, -0.9705917835235596, 0.13023829460144043, 0.055541276931762695, 0.07094764709472656 
938, -0.9705652594566345, 0.12840676307678223, 0.054448843002319336, 0.07038283348083496 
939, -0.9705401659011841, 0.1253056526184082, 0.05322408676147461, 0.06834268569946289 
940, -0.9705480337142944, 0.1282804012298584, 0.05359196662902832, 0.07096362113952637 
941, -0.9706187844276428, 0.1295909881591797, 0.05597281455993652, 0.0698704719543457 
942, -0.9707232713699341, 0.1282198429107666, 0.055112600326538086, 0.06943845748901367 
943, -0.9707701802253723, 0.15259647369384766, 0.05449223518371582, 0.0894622802734375 
944, -0.9707673788070679, 0.13984417915344238, 0.06792020797729492, 0.06820940971374512 
945, -0.9706924557685852, 0.12775516510009766, 0.054198265075683594, 0.06988835334777832 
946, -0.9706735014915466, 0.12618708610534668, 0.053877830505371094, 0.06863927841186523 
947, -0.9706389904022217, 0.12726593017578125, 0.05378913879394531, 0.06977176666259766 
948, -0.9706330895423889, 0.12720489501953125, 0.054395437240600586, 0.06914496421813965 
949, -0.9706897139549255, 0.12703800201416016, 0.054343461990356445, 0.06905722618103027 
950, -0.9707990884780884, 0.13029718399047852, 0.058144569396972656, 0.06840872764587402 
951, -0.9706985354423523, 0.12674379348754883, 0.05450773239135742, 0.06860208511352539 
952, -0.9707344174385071, 0.12628412246704102, 0.05451774597167969, 0.06823992729187012 
953, -0.9706742167472839, 0.12968969345092773, 0.05462646484375, 0.07150053977966309 
954, -0.9706184267997742, 0.12810111045837402, 0.05390191078186035, 0.07048916816711426 
955, -0.9706189632415771, 0.12845396995544434, 0.05398249626159668, 0.07076454162597656 
956, -0.9705642461776733, 0.12743568420410156, 0.054433584213256836, 0.0692591667175293 
957, -0.9705682992935181, 0.12772345542907715, 0.05464601516723633, 0.06934118270874023 
958, -0.970634937286377, 0.12699437141418457, 0.053717613220214844, 0.06901121139526367 
959, -0.9707552194595337, 0.129472017288208, 0.054544925689697266, 0.07109689712524414 
960, -0.970531702041626, 0.12858915328979492, 0.05452227592468262, 0.07027840614318848 
961, -0.9705997109413147, 0.1273508071899414, 0.05472898483276367, 0.06896233558654785 
962, -0.9707044959068298, 0.12609648704528809, 0.05359292030334473, 0.06888556480407715 
963, -0.9706206321716309, 0.12850141525268555, 0.05430102348327637, 0.0705568790435791 
964, -0.9705948829650879, 0.1265850067138672, 0.053063154220581055, 0.06981301307678223 
965, -0.9706284999847412, 0.12924432754516602, 0.05524873733520508, 0.07022714614868164 
966, -0.9707148671150208, 0.12786006927490234, 0.05474042892456055, 0.06951260566711426 
967, -0.9707688689231873, 0.12552809715270996, 0.05270242691040039, 0.06910276412963867 
968, -0.9706339240074158, 0.1269075870513916, 0.053896188735961914, 0.06938362121582031 
969, -0.9707784652709961, 0.12574219703674316, 0.05364990234375, 0.06848025321960449 
970, -0.9706816673278809, 0.12613582611083984, 0.053312063217163086, 0.06904983520507812 
971, -0.9704829454421997, 0.12790966033935547, 0.05238509178161621, 0.07162880897521973 
972, -0.9703947901725769, 0.12990236282348633, 0.055614471435546875, 0.0705881118774414 
973, -0.970428466796875, 0.12650203704833984, 0.05350685119628906, 0.06934404373168945 
974, -0.9704789519309998, 0.13193368911743164, 0.057094573974609375, 0.07110190391540527 
975, -0.9705831408500671, 0.12680506706237793, 0.05411028861999512, 0.06892919540405273 
976, -0.9706940650939941, 0.1275331974029541, 0.05368375778198242, 0.0700685977935791 
977, -0.9707847833633423, 0.12895536422729492, 0.055121421813964844, 0.07001614570617676 
978, -0.9705469012260437, 0.12948846817016602, 0.056121826171875, 0.06960010528564453 
979, -0.9706299304962158, 0.12999701499938965, 0.0550847053527832, 0.07138562202453613 
980, -0.970761775970459, 0.12946653366088867, 0.054551124572753906, 0.07109308242797852 
981, -0.9706273674964905, 0.12771916389465332, 0.054572343826293945, 0.06945133209228516 
982, -0.9705595374107361, 0.12970638275146484, 0.05459451675415039, 0.07142114639282227 
983, -0.9705036282539368, 0.12839126586914062, 0.05540943145751953, 0.06929397583007812 
984, -0.9705904126167297, 0.12708568572998047, 0.05482006072998047, 0.06850385665893555 
985, -0.9707481265068054, 0.12669014930725098, 0.05417037010192871, 0.06881165504455566 
986, -0.9707624316215515, 0.12600326538085938, 0.05367136001586914, 0.06867861747741699 
987, -0.9708037972450256, 0.12431979179382324, 0.0525822639465332, 0.06802630424499512 
988, -0.9708048701286316, 0.12558794021606445, 0.05360221862792969, 0.06841301918029785 
989, -0.9707907438278198, 0.12706851959228516, 0.05446505546569824, 0.06898140907287598 
990, -0.970736563205719, 0.1267552375793457, 0.053336143493652344, 0.06974172592163086 
991, -0.9706447720527649, 0.127885103225708, 0.05534219741821289, 0.06887292861938477 
992, -0.9706169962882996, 0.12676382064819336, 0.054138898849487305, 0.06884098052978516 
993, -0.9706482887268066, 0.13132739067077637, 0.055878639221191406, 0.07164955139160156 
994, -0.9707260131835938, 0.1297898292541504, 0.05685853958129883, 0.06920409202575684 
995, -0.9708060026168823, 0.12676596641540527, 0.0541379451751709, 0.06882047653198242 
996, -0.97080397605896, 0.1288447380065918, 0.054288625717163086, 0.0708155632019043 
997, -0.9708104133605957, 0.1279311180114746, 0.05469942092895508, 0.06954312324523926 
998, -0.970818281173706, 0.12699198722839355, 0.05427885055541992, 0.06904363632202148 
999, -0.9707164764404297, 0.12709975242614746, 0.054497718811035156, 0.0689079761505127 
