Iteration, loss, time 
0, 1.0954777002334595, 0.15620160102844238, 0.08883261680603027, 0.0627138614654541 
1, 1.0468941926956177, 0.11261296272277832, 0.047524452209472656, 0.062192678451538086 
2, 0.9996455311775208, 0.11157894134521484, 0.04747891426086426, 0.06131911277770996 
3, 0.9538053274154663, 0.11144900321960449, 0.04665946960449219, 0.06212878227233887 
4, 0.9093073010444641, 0.11044430732727051, 0.046689748764038086, 0.060986995697021484 
5, 0.8661450743675232, 0.11142563819885254, 0.04659867286682129, 0.06204485893249512 
6, 0.8242605328559875, 0.11058425903320312, 0.04717254638671875, 0.06071805953979492 
7, 0.7836185693740845, 0.1105489730834961, 0.04551434516906738, 0.06207895278930664 
8, 0.7441869974136353, 0.11259603500366211, 0.04760265350341797, 0.06219792366027832 
9, 0.705930233001709, 0.10973238945007324, 0.04654550552368164, 0.06040453910827637 
10, 0.6678390502929688, 0.1150052547454834, 0.048293113708496094, 0.06378698348999023 
11, 0.6301543116569519, 0.11355090141296387, 0.04813838005065918, 0.06263256072998047 
12, 0.5930832624435425, 0.11371731758117676, 0.048671722412109375, 0.06189727783203125 
13, 0.5571902990341187, 0.11184525489807129, 0.0468144416809082, 0.0620427131652832 
14, 0.5224510431289673, 0.1120767593383789, 0.047621726989746094, 0.06155514717102051 
15, 0.4888303577899933, 0.11102700233459473, 0.047495126724243164, 0.06081867218017578 
16, 0.4562903046607971, 0.1121830940246582, 0.04729008674621582, 0.06213045120239258 
17, 0.4247886538505554, 0.11307072639465332, 0.04790663719177246, 0.06211590766906738 
18, 0.3942863643169403, 0.11269521713256836, 0.04813218116760254, 0.06194806098937988 
19, 0.36474308371543884, 0.11116909980773926, 0.04669189453125, 0.061644554138183594 
20, 0.33612510561943054, 0.11233282089233398, 0.047185420989990234, 0.06230616569519043 
21, 0.30839332938194275, 0.11137723922729492, 0.047225236892700195, 0.0614466667175293 
22, 0.28151676058769226, 0.11171555519104004, 0.04705691337585449, 0.06151986122131348 
23, 0.25546205043792725, 0.11114358901977539, 0.04738020896911621, 0.06089949607849121 
24, 0.23020491003990173, 0.11779212951660156, 0.04710745811462402, 0.0679008960723877 
25, 0.20571452379226685, 0.11191415786743164, 0.047724246978759766, 0.061385154724121094 
26, 0.18196725845336914, 0.11130118370056152, 0.04724574089050293, 0.06116151809692383 
27, 0.1589432656764984, 0.11131596565246582, 0.04697895050048828, 0.06117987632751465 
28, 0.13661861419677734, 0.11185836791992188, 0.04689621925354004, 0.062128543853759766 
29, 0.11497601866722107, 0.11152791976928711, 0.047277212142944336, 0.06155204772949219 
30, 0.09399569034576416, 0.1144568920135498, 0.04726815223693848, 0.0640408992767334 
31, 0.0736595094203949, 0.11524176597595215, 0.04973888397216797, 0.06273293495178223 
32, 0.05394592881202698, 0.11275577545166016, 0.0476832389831543, 0.06205129623413086 
33, 0.0348375141620636, 0.11384248733520508, 0.04786181449890137, 0.06320524215698242 
34, 0.016315430402755737, 0.11253499984741211, 0.04823493957519531, 0.06151771545410156 
35, -0.0016958117485046387, 0.11308026313781738, 0.047930240631103516, 0.062189579010009766 
36, -0.019197285175323486, 0.11278796195983887, 0.04802227020263672, 0.06197333335876465 
37, -0.036579668521881104, 0.11326026916503906, 0.04766845703125, 0.0624852180480957 
38, -0.05365794897079468, 0.11322283744812012, 0.04735565185546875, 0.06296062469482422 
39, -0.07022708654403687, 0.11287665367126465, 0.047955989837646484, 0.06228446960449219 
40, -0.08630126714706421, 0.11097073554992676, 0.047360897064208984, 0.060890913009643555 
41, -0.10189706087112427, 0.10986971855163574, 0.046259403228759766, 0.0608065128326416 
42, -0.11703106760978699, 0.11225438117980957, 0.047241926193237305, 0.06188178062438965 
43, -0.13171523809432983, 0.11215710639953613, 0.047554969787597656, 0.06168961524963379 
44, -0.14596489071846008, 0.11149334907531738, 0.04712867736816406, 0.06141042709350586 
45, -0.15979254245758057, 0.11091303825378418, 0.0472567081451416, 0.060921430587768555 
46, -0.17321449518203735, 0.11074352264404297, 0.04711508750915527, 0.06087040901184082 
47, -0.18624022603034973, 0.1098787784576416, 0.04627203941345215, 0.060758113861083984 
48, -0.19888457655906677, 0.11032462120056152, 0.04677295684814453, 0.0609745979309082 
49, -0.2111595869064331, 0.11052155494689941, 0.04685831069946289, 0.06093168258666992 
50, -0.22307759523391724, 0.1101067066192627, 0.046480655670166016, 0.06076812744140625 
51, -0.23464202880859375, 0.1152958869934082, 0.04823637008666992, 0.06388068199157715 
52, -0.24612629413604736, 0.1143949031829834, 0.049085378646850586, 0.062401533126831055 
53, -0.25800397992134094, 0.11179614067077637, 0.04658651351928711, 0.06233406066894531 
54, -0.26955604553222656, 0.11353206634521484, 0.04801583290100098, 0.06256341934204102 
55, -0.2807918190956116, 0.11269450187683105, 0.04760265350341797, 0.06218576431274414 
56, -0.2917228043079376, 0.11233735084533691, 0.04755663871765137, 0.06170082092285156 
57, -0.302359402179718, 0.11566734313964844, 0.048894643783569336, 0.06372690200805664 
58, -0.31271064281463623, 0.11362290382385254, 0.04830789566040039, 0.062482357025146484 
59, -0.3223980665206909, 0.11192703247070312, 0.04770469665527344, 0.06152653694152832 
60, -0.33186283707618713, 0.1116628646850586, 0.04725456237792969, 0.061640024185180664 
61, -0.3411274552345276, 0.11244034767150879, 0.047626495361328125, 0.0618743896484375 
62, -0.35018014907836914, 0.1122884750366211, 0.047887325286865234, 0.06157422065734863 
63, -0.35901349782943726, 0.11157870292663574, 0.04736685752868652, 0.06157422065734863 
64, -0.36762747168540955, 0.11217617988586426, 0.04749345779418945, 0.06170940399169922 
65, -0.3760435879230499, 0.1107640266418457, 0.047417402267456055, 0.060593366622924805 
66, -0.38424214720726013, 0.11000227928161621, 0.046855926513671875, 0.060402870178222656 
67, -0.39222875237464905, 0.11120367050170898, 0.04696965217590332, 0.06144094467163086 
68, -0.40000754594802856, 0.11216902732849121, 0.04781293869018555, 0.06154823303222656 
69, -0.4075902998447418, 0.1097722053527832, 0.04636645317077637, 0.06061744689941406 
70, -0.4149833619594574, 0.11093711853027344, 0.04704022407531738, 0.060979366302490234 
71, -0.4221923053264618, 0.11157560348510742, 0.047631263732910156, 0.06120443344116211 
72, -0.42922282218933105, 0.11112165451049805, 0.04660153388977051, 0.061736106872558594 
73, -0.436078816652298, 0.1141362190246582, 0.047659873962402344, 0.06344342231750488 
74, -0.4427666664123535, 0.11349630355834961, 0.0482180118560791, 0.06251239776611328 
75, -0.44929251074790955, 0.11136388778686523, 0.047429561614990234, 0.061112165451049805 
76, -0.45566242933273315, 0.11253595352172852, 0.04703164100646973, 0.06270074844360352 
77, -0.4618605673313141, 0.11284732818603516, 0.04794621467590332, 0.062207937240600586 
78, -0.46788960695266724, 0.11038780212402344, 0.0466306209564209, 0.06093788146972656 
79, -0.4737872779369354, 0.11494088172912598, 0.048314809799194336, 0.06359100341796875 
80, -0.47955650091171265, 0.11410713195800781, 0.04838752746582031, 0.06282520294189453 
81, -0.4852009117603302, 0.11249470710754395, 0.04813337326049805, 0.06149625778198242 
82, -0.490724116563797, 0.1111764907836914, 0.046842336654663086, 0.061553001403808594 
83, -0.4961293935775757, 0.11109638214111328, 0.0469362735748291, 0.061380624771118164 
84, -0.5014210939407349, 0.11133670806884766, 0.04720592498779297, 0.061228036880493164 
85, -0.5065163373947144, 0.11271119117736816, 0.04765915870666504, 0.06215095520019531 
86, -0.5114485025405884, 0.11184334754943848, 0.047384023666381836, 0.06158566474914551 
87, -0.5162973403930664, 0.11119842529296875, 0.047431230545043945, 0.06094527244567871 
88, -0.5210161209106445, 0.11009883880615234, 0.046539306640625, 0.06084799766540527 
89, -0.5256987810134888, 0.11053133010864258, 0.047037601470947266, 0.060894012451171875 
90, -0.5303089022636414, 0.11011576652526855, 0.04690814018249512, 0.06046485900878906 
91, -0.534787654876709, 0.11017584800720215, 0.04633617401123047, 0.0610051155090332 
92, -0.5391737222671509, 0.10964846611022949, 0.04619026184082031, 0.06061196327209473 
93, -0.543471097946167, 0.11265873908996582, 0.04743599891662598, 0.062383413314819336 
94, -0.5476838946342468, 0.11121010780334473, 0.046936750411987305, 0.06152844429016113 
95, -0.5518156290054321, 0.11184000968933105, 0.04731440544128418, 0.061797380447387695 
96, -0.5558693408966064, 0.1124410629272461, 0.04730629920959473, 0.06228160858154297 
97, -0.5598384141921997, 0.11127686500549316, 0.04699206352233887, 0.06152486801147461 
98, -0.5637199878692627, 0.11267924308776855, 0.04752326011657715, 0.06221890449523926 
99, -0.5675265789031982, 0.11454319953918457, 0.04837179183959961, 0.06318855285644531 
100, -0.5712393522262573, 0.11292171478271484, 0.0481569766998291, 0.06190085411071777 
101, -0.5749014019966125, 0.11231207847595215, 0.04755902290344238, 0.06182694435119629 
102, -0.5784725546836853, 0.11352705955505371, 0.04749560356140137, 0.06293487548828125 
103, -0.5819681882858276, 0.11225152015686035, 0.04768657684326172, 0.06157565116882324 
104, -0.5853977799415588, 0.11172342300415039, 0.04658842086791992, 0.062159061431884766 
105, -0.5887637138366699, 0.11215829849243164, 0.04793190956115723, 0.06142616271972656 
106, -0.5920672416687012, 0.11212897300720215, 0.04771232604980469, 0.061492204666137695 
107, -0.5953110456466675, 0.11077070236206055, 0.0469975471496582, 0.06097531318664551 
108, -0.5984967350959778, 0.1107330322265625, 0.04693269729614258, 0.06106376647949219 
109, -0.6016256809234619, 0.110076904296875, 0.04659724235534668, 0.06072425842285156 
110, -0.6046989560127258, 0.11087703704833984, 0.04651069641113281, 0.06155133247375488 
111, -0.6076580286026001, 0.11101365089416504, 0.04694724082946777, 0.06134796142578125 
112, -0.6106106042861938, 0.11031270027160645, 0.04681968688964844, 0.060628652572631836 
113, -0.613544225692749, 0.10936975479125977, 0.046631574630737305, 0.06020617485046387 
114, -0.6163748502731323, 0.11269617080688477, 0.04660797119140625, 0.06313228607177734 
115, -0.6191595792770386, 0.11398816108703613, 0.048467397689819336, 0.06268048286437988 
116, -0.6218959093093872, 0.11278963088989258, 0.047750234603881836, 0.06213188171386719 
117, -0.6245927810668945, 0.11357855796813965, 0.048798322677612305, 0.06194472312927246 
118, -0.6272430419921875, 0.11161041259765625, 0.04686617851257324, 0.06183624267578125 
119, -0.6298525333404541, 0.1122138500213623, 0.047602176666259766, 0.06161308288574219 
120, -0.6324214339256287, 0.11175966262817383, 0.04757356643676758, 0.06147599220275879 
121, -0.6349332928657532, 0.11355185508728027, 0.047560930252075195, 0.06298255920410156 
122, -0.637427568435669, 0.11397743225097656, 0.04889321327209473, 0.06213951110839844 
123, -0.6398469805717468, 0.11268401145935059, 0.04785656929016113, 0.06191301345825195 
124, -0.6422352194786072, 0.11254620552062988, 0.04778242111206055, 0.06182289123535156 
125, -0.644567608833313, 0.11158537864685059, 0.04741358757019043, 0.061455726623535156 
126, -0.6468675136566162, 0.11202406883239746, 0.046730756759643555, 0.062274932861328125 
127, -0.649115800857544, 0.11298346519470215, 0.04785966873168945, 0.06200003623962402 
128, -0.6513502597808838, 0.11188387870788574, 0.04746651649475098, 0.06161761283874512 
129, -0.6535349488258362, 0.11147570610046387, 0.047186851501464844, 0.06138348579406738 
130, -0.6556895971298218, 0.11197900772094727, 0.047393083572387695, 0.061910390853881836 
131, -0.6577964425086975, 0.11087489128112793, 0.04726433753967285, 0.06084442138671875 
132, -0.6598860025405884, 0.10948634147644043, 0.0465998649597168, 0.06017470359802246 
133, -0.6619032025337219, 0.1096651554107666, 0.04628157615661621, 0.060730695724487305 
134, -0.6639134883880615, 0.11089825630187988, 0.04693889617919922, 0.06109809875488281 
135, -0.6659085750579834, 0.11050891876220703, 0.04653286933898926, 0.06111311912536621 
136, -0.6678520441055298, 0.11460232734680176, 0.0484311580657959, 0.06317591667175293 
137, -0.6697682738304138, 0.11419820785522461, 0.048828125, 0.06250262260437012 
138, -0.671622633934021, 0.11180329322814941, 0.047754764556884766, 0.061205387115478516 
139, -0.6734906435012817, 0.11202502250671387, 0.04679560661315918, 0.06216883659362793 
140, -0.6753044128417969, 0.11255145072937012, 0.04837965965270996, 0.06132364273071289 
141, -0.6770705580711365, 0.11251354217529297, 0.04755234718322754, 0.06193852424621582 
142, -0.6788203120231628, 0.11408162117004395, 0.04801654815673828, 0.06308817863464355 
143, -0.6805444955825806, 0.11373615264892578, 0.048163414001464844, 0.0627284049987793 
144, -0.6822205781936646, 0.11354756355285645, 0.0481114387512207, 0.062450408935546875 
145, -0.6838785409927368, 0.11197710037231445, 0.04725956916809082, 0.061687469482421875 
146, -0.6855189800262451, 0.11213016510009766, 0.04752516746520996, 0.06168985366821289 
147, -0.6871412992477417, 0.11203980445861816, 0.04686450958251953, 0.062337636947631836 
148, -0.6886919140815735, 0.11164045333862305, 0.04764699935913086, 0.06108260154724121 
149, -0.6902449131011963, 0.11142516136169434, 0.047273874282836914, 0.06127047538757324 
150, -0.6917955875396729, 0.11121225357055664, 0.04670858383178711, 0.0618131160736084 
151, -0.6933048963546753, 0.1109459400177002, 0.047211647033691406, 0.06097292900085449 
152, -0.6947714686393738, 0.11092543601989746, 0.04712176322937012, 0.06097006797790527 
153, -0.6962258815765381, 0.11139273643493652, 0.0468142032623291, 0.061777591705322266 
154, -0.6976677179336548, 0.11098098754882812, 0.046942710876464844, 0.06116032600402832 
155, -0.6990647315979004, 0.11049342155456543, 0.046916961669921875, 0.060891151428222656 
156, -0.7004610300064087, 0.11118483543395996, 0.04688072204589844, 0.0614166259765625 
157, -0.7018219828605652, 0.11243128776550293, 0.04778480529785156, 0.06165814399719238 
158, -0.703131914138794, 0.11300921440124512, 0.047687530517578125, 0.06239604949951172 
159, -0.7044470310211182, 0.11489987373352051, 0.04848742485046387, 0.06339406967163086 
160, -0.705733060836792, 0.11134099960327148, 0.047179222106933594, 0.06136274337768555 
161, -0.7070010900497437, 0.11183881759643555, 0.047194480895996094, 0.06171846389770508 
162, -0.7082582712173462, 0.11450672149658203, 0.04856300354003906, 0.06306624412536621 
163, -0.7095046043395996, 0.11248111724853516, 0.04794716835021973, 0.06188654899597168 
164, -0.7107294797897339, 0.11358451843261719, 0.04711556434631348, 0.0634922981262207 
165, -0.7119321227073669, 0.11400008201599121, 0.048749446868896484, 0.06241869926452637 
166, -0.7131273150444031, 0.11197042465209961, 0.04769706726074219, 0.06167721748352051 
167, -0.7142524719238281, 0.11130189895629883, 0.04669952392578125, 0.0618131160736084 
168, -0.7153720855712891, 0.11194610595703125, 0.04770255088806152, 0.06156301498413086 
169, -0.7165126204490662, 0.11208415031433105, 0.04751324653625488, 0.061776161193847656 
170, -0.7175947427749634, 0.11230158805847168, 0.0475459098815918, 0.06197786331176758 
171, -0.7186651229858398, 0.11120271682739258, 0.04688525199890137, 0.061421871185302734 
172, -0.7197171449661255, 0.11153650283813477, 0.0473480224609375, 0.0613245964050293 
173, -0.720758318901062, 0.11118364334106445, 0.04719805717468262, 0.06114959716796875 
174, -0.7217904329299927, 0.1110692024230957, 0.04734444618225098, 0.06102728843688965 
175, -0.7228161096572876, 0.10969305038452148, 0.04627346992492676, 0.060727834701538086 
176, -0.7238298654556274, 0.11035513877868652, 0.04665732383728027, 0.06078028678894043 
177, -0.7247738838195801, 0.11097836494445801, 0.04653573036193848, 0.06143450736999512 
178, -0.7257835268974304, 0.11473274230957031, 0.048340797424316406, 0.06357240676879883 
179, -0.7266513705253601, 0.11307716369628906, 0.047601938247680664, 0.06259703636169434 
180, -0.727587103843689, 0.11266565322875977, 0.04763650894165039, 0.062128543853759766 
181, -0.7284860610961914, 0.1384596824645996, 0.07304143905639648, 0.0624852180480957 
182, -0.7293751239776611, 0.12586498260498047, 0.04860544204711914, 0.07440304756164551 
183, -0.7302281260490417, 0.1125330924987793, 0.04705381393432617, 0.06241250038146973 
184, -0.7310746908187866, 0.11595702171325684, 0.048941612243652344, 0.06397128105163574 
185, -0.7319597005844116, 0.11275029182434082, 0.04826068878173828, 0.06158781051635742 
186, -0.732877254486084, 0.11295175552368164, 0.0478053092956543, 0.06216001510620117 
187, -0.7337775230407715, 0.11144638061523438, 0.04669809341430664, 0.06193375587463379 
188, -0.7346687316894531, 0.11069583892822266, 0.0464940071105957, 0.06156492233276367 
189, -0.7355682849884033, 0.11200523376464844, 0.04677987098693848, 0.062279701232910156 
190, -0.7364146709442139, 0.11155176162719727, 0.04720449447631836, 0.061406612396240234 
191, -0.7372270822525024, 0.11089539527893066, 0.04728102684020996, 0.06070423126220703 
192, -0.7380363345146179, 0.1113591194152832, 0.04702019691467285, 0.0615229606628418 
193, -0.7388359904289246, 0.1130368709564209, 0.04712367057800293, 0.06299090385437012 
194, -0.7395995855331421, 0.11395764350891113, 0.04856991767883301, 0.0623774528503418 
195, -0.7403721809387207, 0.1115119457244873, 0.04729437828063965, 0.06130647659301758 
196, -0.741135835647583, 0.11089611053466797, 0.04724407196044922, 0.06087446212768555 
197, -0.7419060468673706, 0.11133146286010742, 0.04720187187194824, 0.061496734619140625 
198, -0.7426536083221436, 0.1112210750579834, 0.04689955711364746, 0.06143832206726074 
199, -0.7433899641036987, 0.11468052864074707, 0.048200130462646484, 0.06345605850219727 
200, -0.7441704869270325, 0.11513686180114746, 0.04877305030822754, 0.0633687973022461 
201, -0.7448675632476807, 0.11246871948242188, 0.048586130142211914, 0.06105637550354004 
202, -0.7455097436904907, 0.11115336418151855, 0.04641127586364746, 0.0619502067565918 
203, -0.7462028861045837, 0.11207866668701172, 0.04721832275390625, 0.06194281578063965 
204, -0.7468947172164917, 0.11355876922607422, 0.04757237434387207, 0.06310415267944336 
205, -0.747552216053009, 0.11523294448852539, 0.04898977279663086, 0.06333541870117188 
206, -0.7482067942619324, 0.11550259590148926, 0.048963069915771484, 0.06355428695678711 
207, -0.7488863468170166, 0.11463594436645508, 0.048888444900512695, 0.06278419494628906 
208, -0.7495558857917786, 0.11147737503051758, 0.047296762466430664, 0.06134390830993652 
209, -0.7501591444015503, 0.11181855201721191, 0.04706597328186035, 0.061800241470336914 
210, -0.7508005499839783, 0.11265444755554199, 0.047791242599487305, 0.06192326545715332 
211, -0.7514708042144775, 0.11137628555297852, 0.04711008071899414, 0.06144309043884277 
212, -0.75206458568573, 0.11199593544006348, 0.04750847816467285, 0.06146717071533203 
213, -0.7526599168777466, 0.11283206939697266, 0.04796338081359863, 0.062024831771850586 
214, -0.7532644867897034, 0.11114048957824707, 0.04677224159240723, 0.061531782150268555 
215, -0.7538237571716309, 0.11179280281066895, 0.04720711708068848, 0.061737775802612305 
216, -0.7544152140617371, 0.11174249649047852, 0.04726266860961914, 0.06157684326171875 
217, -0.7549686431884766, 0.11288046836853027, 0.047565460205078125, 0.062294960021972656 
218, -0.7555372714996338, 0.11325693130493164, 0.047891855239868164, 0.06247091293334961 
219, -0.756137490272522, 0.11487174034118652, 0.048249006271362305, 0.06367683410644531 
220, -0.7566664218902588, 0.11458182334899902, 0.049225807189941406, 0.06236743927001953 
221, -0.7571823596954346, 0.11652970314025879, 0.04973793029785156, 0.06386876106262207 
222, -0.7577344179153442, 0.1131753921508789, 0.0476834774017334, 0.06261205673217773 
223, -0.7582552433013916, 0.1127312183380127, 0.0471806526184082, 0.06259393692016602 
224, -0.7587650418281555, 0.11558294296264648, 0.04891800880432129, 0.06366968154907227 
225, -0.7592860460281372, 0.11685895919799805, 0.04966998100280762, 0.06425929069519043 
226, -0.7598161697387695, 0.11618351936340332, 0.050134897232055664, 0.06308245658874512 
227, -0.7603046894073486, 0.11565399169921875, 0.048501014709472656, 0.06427216529846191 
228, -0.7608455419540405, 0.11336994171142578, 0.04777169227600098, 0.06267905235290527 
229, -0.7612639665603638, 0.11315464973449707, 0.04778933525085449, 0.062415122985839844 
230, -0.7616816759109497, 0.11195230484008789, 0.047881364822387695, 0.06116080284118652 
231, -0.7621018886566162, 0.11274313926696777, 0.04749131202697754, 0.06228899955749512 
232, -0.7625633478164673, 0.11250662803649902, 0.047510385513305664, 0.062087059020996094 
233, -0.7630437612533569, 0.11091375350952148, 0.04700970649719238, 0.06123018264770508 
234, -0.7634910345077515, 0.11311888694763184, 0.04741358757019043, 0.06272292137145996 
235, -0.763951301574707, 0.11287736892700195, 0.04886436462402344, 0.06118917465209961 
236, -0.7644020318984985, 0.11191701889038086, 0.04753899574279785, 0.06153678894042969 
237, -0.7648451924324036, 0.11166143417358398, 0.04704642295837402, 0.06170940399169922 
238, -0.7652935981750488, 0.11359906196594238, 0.04852628707885742, 0.06229805946350098 
239, -0.7657285332679749, 0.11189007759094238, 0.04694032669067383, 0.062035322189331055 
240, -0.766171395778656, 0.11882901191711426, 0.0499575138092041, 0.06592130661010742 
241, -0.7665690183639526, 0.11838555335998535, 0.05241560935974121, 0.06304144859313965 
242, -0.7669540047645569, 0.11353302001953125, 0.047495365142822266, 0.06314992904663086 
243, -0.767306387424469, 0.1176140308380127, 0.048235416412353516, 0.06641888618469238 
244, -0.7676936388015747, 0.1156470775604248, 0.04967904090881348, 0.06306815147399902 
245, -0.7680680751800537, 0.1118471622467041, 0.047039031982421875, 0.06195378303527832 
246, -0.7684391736984253, 0.1199643611907959, 0.05044412612915039, 0.06649470329284668 
247, -0.768812894821167, 0.11654067039489746, 0.0498197078704834, 0.06374359130859375 
248, -0.769167423248291, 0.11425471305847168, 0.04801630973815918, 0.06332254409790039 
249, -0.7695364952087402, 0.11255884170532227, 0.0477602481842041, 0.061963796615600586 
250, -0.7699178457260132, 0.1113898754119873, 0.04699563980102539, 0.06149435043334961 
251, -0.7702720165252686, 0.11159372329711914, 0.0473322868347168, 0.061286211013793945 
252, -0.7706352472305298, 0.11113166809082031, 0.046846628189086914, 0.06149435043334961 
253, -0.7709537744522095, 0.11271357536315918, 0.04787278175354004, 0.06192898750305176 
254, -0.7712801694869995, 0.11078214645385742, 0.046631813049316406, 0.06132960319519043 
255, -0.7716225385665894, 0.11131572723388672, 0.04717659950256348, 0.061286211013793945 
256, -0.7719354629516602, 0.1129605770111084, 0.0477294921875, 0.06234478950500488 
257, -0.772205650806427, 0.1122136116027832, 0.04847908020019531, 0.06089043617248535 
258, -0.7725182771682739, 0.10948896408081055, 0.04670357704162598, 0.05992484092712402 
259, -0.7728381156921387, 0.11630725860595703, 0.04843735694885254, 0.06489419937133789 
260, -0.7731341123580933, 0.11286735534667969, 0.04841041564941406, 0.06152749061584473 
261, -0.773446798324585, 0.11457705497741699, 0.04839897155761719, 0.06325149536132812 
262, -0.7737728953361511, 0.11775398254394531, 0.04918980598449707, 0.0656273365020752 
263, -0.774075984954834, 0.11358237266540527, 0.048779964447021484, 0.06200766563415527 
264, -0.7743684649467468, 0.11470651626586914, 0.04712200164794922, 0.06456160545349121 
265, -0.7746478319168091, 0.11461710929870605, 0.048561811447143555, 0.06288361549377441 
266, -0.7749526500701904, 0.11434078216552734, 0.04922342300415039, 0.06220293045043945 
267, -0.7751768827438354, 0.1140296459197998, 0.04723095893859863, 0.06408953666687012 
268, -0.775398850440979, 0.11338925361633301, 0.0475466251373291, 0.06298971176147461 
269, -0.7756443023681641, 0.1118156909942627, 0.04768967628479004, 0.061266422271728516 
270, -0.775910496711731, 0.11205601692199707, 0.04755687713623047, 0.061669349670410156 
271, -0.7761886715888977, 0.11085987091064453, 0.046567440032958984, 0.06148386001586914 
272, -0.776445746421814, 0.11151409149169922, 0.047293901443481445, 0.06139016151428223 
273, -0.7766969799995422, 0.1121978759765625, 0.04711580276489258, 0.062206268310546875 
274, -0.7769762873649597, 0.11199569702148438, 0.047821998596191406, 0.06120586395263672 
275, -0.7772485017776489, 0.11430120468139648, 0.04768061637878418, 0.06374692916870117 
276, -0.7774956226348877, 0.11351704597473145, 0.047739267349243164, 0.0628499984741211 
277, -0.7777566909790039, 0.11156249046325684, 0.04750466346740723, 0.06120109558105469 
278, -0.7779721617698669, 0.11425971984863281, 0.04859137535095215, 0.06271672248840332 
279, -0.7782307863235474, 0.11292791366577148, 0.047319889068603516, 0.06259870529174805 
280, -0.7784720659255981, 0.11489152908325195, 0.048397064208984375, 0.0635077953338623 
281, -0.7786509990692139, 0.11847782135009766, 0.05005145072937012, 0.06543445587158203 
282, -0.778842031955719, 0.11322283744812012, 0.047801971435546875, 0.06254768371582031 
283, -0.7790606021881104, 0.11276817321777344, 0.04768538475036621, 0.06212902069091797 
284, -0.7792961597442627, 0.11728739738464355, 0.04989433288574219, 0.06433510780334473 
285, -0.7794785499572754, 0.11336827278137207, 0.047432899475097656, 0.06303787231445312 
286, -0.7796897292137146, 0.11839056015014648, 0.04912996292114258, 0.06623339653015137 
287, -0.7799280881881714, 0.12305641174316406, 0.0528714656829834, 0.06725239753723145 
288, -0.7801607847213745, 0.11280941963195801, 0.047856807708740234, 0.062055110931396484 
289, -0.7803620100021362, 0.11443066596984863, 0.047933101654052734, 0.06355881690979004 
290, -0.7805674076080322, 0.11393904685974121, 0.048827409744262695, 0.06220507621765137 
291, -0.7807441353797913, 0.11223125457763672, 0.047560691833496094, 0.06170225143432617 
292, -0.7809656858444214, 0.11177778244018555, 0.047284603118896484, 0.06161665916442871 
293, -0.7811729311943054, 0.11416506767272949, 0.04859304428100586, 0.06270360946655273 
294, -0.7813104391098022, 0.11125040054321289, 0.047071218490600586, 0.06132817268371582 
295, -0.7814476490020752, 0.11231136322021484, 0.047060251235961914, 0.06227684020996094 
296, -0.7816442251205444, 0.11310338973999023, 0.04886293411254883, 0.061432600021362305 
297, -0.7818344831466675, 0.11089682579040527, 0.046828508377075195, 0.06121110916137695 
298, -0.7820142507553101, 0.1132209300994873, 0.04765439033508301, 0.06261348724365234 
299, -0.7821798920631409, 0.1191549301147461, 0.05065417289733887, 0.06556868553161621 
300, -0.7823596000671387, 0.1144871711730957, 0.04881143569946289, 0.06260895729064941 
301, -0.7825589179992676, 0.1192636489868164, 0.05093836784362793, 0.0653684139251709 
302, -0.7827419638633728, 0.11846208572387695, 0.05048727989196777, 0.06512045860290527 
303, -0.7829257249832153, 0.11225438117980957, 0.04729962348937988, 0.061978816986083984 
304, -0.7830522656440735, 0.11703085899353027, 0.04973316192626953, 0.06425595283508301 
305, -0.7832139730453491, 0.12121415138244629, 0.051575422286987305, 0.0667109489440918 
306, -0.7833789587020874, 0.11446881294250488, 0.04889106750488281, 0.06259274482727051 
307, -0.7835202217102051, 0.11568260192871094, 0.049567222595214844, 0.06310009956359863 
308, -0.7836591601371765, 0.11474895477294922, 0.0487055778503418, 0.06313371658325195 
309, -0.7837752103805542, 0.11141705513000488, 0.047084808349609375, 0.06148529052734375 
310, -0.7839127779006958, 0.11221551895141602, 0.04749798774719238, 0.06182408332824707 
311, -0.7840744256973267, 0.11397576332092285, 0.0485377311706543, 0.06257176399230957 
312, -0.7842390537261963, 0.11104440689086914, 0.047113895416259766, 0.061018943786621094 
313, -0.784392774105072, 0.11266064643859863, 0.04769277572631836, 0.06207442283630371 
314, -0.7845483422279358, 0.11430501937866211, 0.04857325553894043, 0.06285977363586426 
315, -0.7847039103507996, 0.11569380760192871, 0.0515444278717041, 0.06116890907287598 
316, -0.7848746180534363, 0.1121816635131836, 0.04742622375488281, 0.06184720993041992 
317, -0.7849622368812561, 0.11222529411315918, 0.04683279991149902, 0.06259822845458984 
318, -0.7851076126098633, 0.11106991767883301, 0.047124385833740234, 0.061105966567993164 
319, -0.7852532267570496, 0.11398959159851074, 0.04768037796020508, 0.06335163116455078 
320, -0.7853443622589111, 0.1197669506072998, 0.05124688148498535, 0.06557703018188477 
321, -0.7854416370391846, 0.1147010326385498, 0.047959089279174805, 0.06382918357849121 
322, -0.7855486273765564, 0.11535477638244629, 0.04922747611999512, 0.06310844421386719 
323, -0.7856654524803162, 0.11807918548583984, 0.050075531005859375, 0.06508111953735352 
324, -0.7858073711395264, 0.11265134811401367, 0.04789566993713379, 0.061881303787231445 
325, -0.785912275314331, 0.11500144004821777, 0.048395633697509766, 0.06362056732177734 
326, -0.7860380411148071, 0.1210184097290039, 0.05250859260559082, 0.06556415557861328 
327, -0.7861894965171814, 0.11504340171813965, 0.04802083969116211, 0.06403493881225586 
328, -0.786312460899353, 0.11601853370666504, 0.05022716522216797, 0.06287884712219238 
329, -0.7864280343055725, 0.11250495910644531, 0.04839038848876953, 0.06121397018432617 
330, -0.7865078449249268, 0.11177754402160645, 0.0471038818359375, 0.06179928779602051 
331, -0.7866337895393372, 0.11212491989135742, 0.04727745056152344, 0.061942100524902344 
332, -0.7867555618286133, 0.11116838455200195, 0.04723215103149414, 0.06106090545654297 
333, -0.7868583798408508, 0.11118221282958984, 0.04691815376281738, 0.061521291732788086 
334, -0.7869453430175781, 0.11256861686706543, 0.047972917556762695, 0.06180620193481445 
335, -0.7870359420776367, 0.11183047294616699, 0.04745316505432129, 0.06153583526611328 
336, -0.7871521711349487, 0.11110806465148926, 0.04688143730163574, 0.0612943172454834 
337, -0.787247359752655, 0.1107187271118164, 0.046723365783691406, 0.06116175651550293 
338, -0.7873626947402954, 0.11026358604431152, 0.0471651554107666, 0.06031918525695801 
339, -0.7874652147293091, 0.11242938041687012, 0.04688119888305664, 0.0625309944152832 
340, -0.78758704662323, 0.11315584182739258, 0.047796010971069336, 0.062425851821899414 
341, -0.787688672542572, 0.11500072479248047, 0.04782891273498535, 0.06419849395751953 
342, -0.7877431511878967, 0.1139216423034668, 0.04879403114318848, 0.06231546401977539 
343, -0.7878514528274536, 0.11381149291992188, 0.047553062438964844, 0.06340932846069336 
344, -0.7879224419593811, 0.11450767517089844, 0.048882484436035156, 0.06226158142089844 
345, -0.7879844903945923, 0.11455821990966797, 0.04800224304199219, 0.06357383728027344 
346, -0.7880262136459351, 0.11515522003173828, 0.049306392669677734, 0.06287050247192383 
347, -0.78811115026474, 0.11705374717712402, 0.04966402053833008, 0.06447696685791016 
348, -0.788185715675354, 0.11331725120544434, 0.04873394966125488, 0.06160545349121094 
349, -0.7882623672485352, 0.11271214485168457, 0.04769396781921387, 0.0621037483215332 
350, -0.7883673906326294, 0.11234617233276367, 0.047937870025634766, 0.06128430366516113 
351, -0.7884901762008667, 0.11353468894958496, 0.048239707946777344, 0.0622098445892334 
352, -0.7885904312133789, 0.11195898056030273, 0.04756569862365723, 0.06153416633605957 
353, -0.7886828184127808, 0.11521196365356445, 0.04752659797668457, 0.06427764892578125 
354, -0.7887885570526123, 0.11416840553283691, 0.04940176010131836, 0.06184649467468262 
355, -0.7888373732566833, 0.11177325248718262, 0.04708290100097656, 0.061843156814575195 
356, -0.7889167070388794, 0.11322903633117676, 0.04731488227844238, 0.06299352645874023 
357, -0.789009690284729, 0.11278367042541504, 0.049002885818481445, 0.06087374687194824 
358, -0.7890346646308899, 0.11063432693481445, 0.04671502113342285, 0.061031341552734375 
359, -0.7890880107879639, 0.11242842674255371, 0.04713845252990723, 0.06237387657165527 
360, -0.7891438007354736, 0.11680197715759277, 0.05073261260986328, 0.06315994262695312 
361, -0.7892090082168579, 0.11432385444641113, 0.0477299690246582, 0.06364035606384277 
362, -0.7892656326293945, 0.12195539474487305, 0.04942774772644043, 0.0690162181854248 
363, -0.7893534898757935, 0.11627197265625, 0.05115222930908203, 0.062198638916015625 
364, -0.7894613742828369, 0.11395859718322754, 0.048460960388183594, 0.06254076957702637 
365, -0.7895351648330688, 0.11706161499023438, 0.04850125312805176, 0.06555581092834473 
366, -0.7896249294281006, 0.11863994598388672, 0.05188918113708496, 0.06381416320800781 
367, -0.7897043824195862, 0.11664152145385742, 0.04858660697937012, 0.06505227088928223 
368, -0.7897603511810303, 0.12043452262878418, 0.050917625427246094, 0.06657099723815918 
369, -0.7897684574127197, 0.11434388160705566, 0.04949808120727539, 0.06199932098388672 
370, -0.7897988557815552, 0.11350297927856445, 0.04784131050109863, 0.0626533031463623 
371, -0.789861798286438, 0.11406469345092773, 0.047573089599609375, 0.06307363510131836 
372, -0.7899394035339355, 0.11245965957641602, 0.047834157943725586, 0.06177806854248047 
373, -0.7899690866470337, 0.1137232780456543, 0.04757380485534668, 0.06313276290893555 
374, -0.7900680303573608, 0.11584901809692383, 0.04787468910217285, 0.06507754325866699 
375, -0.7901425361633301, 0.1138465404510498, 0.04937171936035156, 0.0615537166595459 
376, -0.7901983261108398, 0.11173415184020996, 0.04741311073303223, 0.0614469051361084 
377, -0.7902803421020508, 0.11301207542419434, 0.048239946365356445, 0.06183886528015137 
378, -0.7903873920440674, 0.1143653392791748, 0.0486299991607666, 0.06293272972106934 
379, -0.7904592752456665, 0.11167168617248535, 0.047223806381225586, 0.06154894828796387 
380, -0.7905192375183105, 0.1151726245880127, 0.04824638366699219, 0.06393122673034668 
381, -0.7905229330062866, 0.11511063575744629, 0.04899024963378906, 0.06318116188049316 
382, -0.7905473709106445, 0.11353588104248047, 0.047632694244384766, 0.06288695335388184 
383, -0.7906028032302856, 0.1155548095703125, 0.04875612258911133, 0.0638272762298584 
384, -0.7906252145767212, 0.11897110939025879, 0.04975295066833496, 0.06618976593017578 
385, -0.7906968593597412, 0.11473560333251953, 0.04794907569885254, 0.06384897232055664 
386, -0.7907770276069641, 0.1179819107055664, 0.05074119567871094, 0.06420660018920898 
387, -0.7908011674880981, 0.11846423149108887, 0.0513608455657959, 0.06421279907226562 
388, -0.7908563613891602, 0.11381673812866211, 0.047714948654174805, 0.06280374526977539 
389, -0.7909119129180908, 0.11342382431030273, 0.0477292537689209, 0.06264352798461914 
390, -0.7910059094429016, 0.11475849151611328, 0.048346757888793945, 0.06347775459289551 
391, -0.791022002696991, 0.1130685806274414, 0.04779815673828125, 0.06235814094543457 
392, -0.7910507917404175, 0.1131124496459961, 0.04796910285949707, 0.06224822998046875 
393, -0.7911025285720825, 0.1129148006439209, 0.04797005653381348, 0.06211352348327637 
394, -0.7911511659622192, 0.10891103744506836, 0.04583263397216797, 0.060217857360839844 
395, -0.7911144495010376, 0.11025238037109375, 0.046898603439331055, 0.06046342849731445 
396, -0.7911159992218018, 0.1135246753692627, 0.04740118980407715, 0.0632474422454834 
397, -0.7911549806594849, 0.11093997955322266, 0.04699277877807617, 0.06102585792541504 
398, -0.7912290096282959, 0.11302685737609863, 0.04805493354797363, 0.06210160255432129 
399, -0.7913320064544678, 0.11420607566833496, 0.048000335693359375, 0.06320786476135254 
400, -0.7914072275161743, 0.11338353157043457, 0.047524213790893555, 0.06293368339538574 
401, -0.7914177179336548, 0.11378812789916992, 0.04906344413757324, 0.06196784973144531 
402, -0.7914752960205078, 0.11113309860229492, 0.04680752754211426, 0.06143832206726074 
403, -0.7915302515029907, 0.11066222190856934, 0.046752214431762695, 0.06101584434509277 
404, -0.7915410995483398, 0.11189985275268555, 0.047481536865234375, 0.06152963638305664 
405, -0.7915531396865845, 0.11405324935913086, 0.04808998107910156, 0.06296873092651367 
406, -0.7915711402893066, 0.11524009704589844, 0.04842710494995117, 0.06375265121459961 
407, -0.7916333675384521, 0.11872434616088867, 0.05084562301635742, 0.06488347053527832 
408, -0.7916908264160156, 0.11525940895080566, 0.04889202117919922, 0.06349468231201172 
409, -0.7917022109031677, 0.11347389221191406, 0.048390865325927734, 0.062131404876708984 
410, -0.7917511463165283, 0.11367559432983398, 0.048410654067993164, 0.06240677833557129 
411, -0.7917991876602173, 0.1154472827911377, 0.04770517349243164, 0.06346964836120605 
412, -0.7918373942375183, 0.11284208297729492, 0.04808402061462402, 0.06195497512817383 
413, -0.7918702363967896, 0.11295151710510254, 0.04874610900878906, 0.061357736587524414 
414, -0.7919027805328369, 0.11320972442626953, 0.046967267990112305, 0.06340384483337402 
415, -0.791914701461792, 0.11041045188903809, 0.04719257354736328, 0.060339927673339844 
416, -0.7919591665267944, 0.10986828804016113, 0.04677581787109375, 0.060278892517089844 
417, -0.7919859886169434, 0.11064577102661133, 0.046066999435424805, 0.06166529655456543 
418, -0.7920205593109131, 0.11161327362060547, 0.04730629920959473, 0.06142735481262207 
419, -0.7920488119125366, 0.11212706565856934, 0.0478515625, 0.06131458282470703 
420, -0.7920551300048828, 0.12121891975402832, 0.051516056060791016, 0.0666346549987793 
421, -0.7920457124710083, 0.11564278602600098, 0.049910783767700195, 0.06279611587524414 
422, -0.7920535802841187, 0.1131138801574707, 0.04796648025512695, 0.062280893325805664 
423, -0.792148232460022, 0.11179709434509277, 0.04744076728820801, 0.061453819274902344 
424, -0.7922046184539795, 0.11198759078979492, 0.04809427261352539, 0.06093406677246094 
425, -0.7922070026397705, 0.11378645896911621, 0.0477595329284668, 0.06268048286437988 
426, -0.7922658324241638, 0.11909008026123047, 0.049073219299316406, 0.06700491905212402 
427, -0.7922882437705994, 0.11753129959106445, 0.05224156379699707, 0.062415361404418945 
428, -0.792299747467041, 0.1121375560760498, 0.047438859939575195, 0.06174111366271973 
429, -0.7923457622528076, 0.11423325538635254, 0.04773259162902832, 0.06350398063659668 
430, -0.7923856973648071, 0.11455655097961426, 0.048815011978149414, 0.06293010711669922 
431, -0.7923940420150757, 0.11527252197265625, 0.04764366149902344, 0.0646519660949707 
432, -0.7924423217773438, 0.11479568481445312, 0.048532962799072266, 0.0632479190826416 
433, -0.7924517393112183, 0.11400961875915527, 0.04928898811340332, 0.0619359016418457 
434, -0.7924604415893555, 0.11409640312194824, 0.04750776290893555, 0.06321597099304199 
435, -0.7924914360046387, 0.11618542671203613, 0.04835343360900879, 0.06493282318115234 
436, -0.792510986328125, 0.11105108261108398, 0.047168731689453125, 0.06104087829589844 
437, -0.7925330400466919, 0.11201763153076172, 0.04768180847167969, 0.06143546104431152 
438, -0.7925513982772827, 0.11200332641601562, 0.04796481132507324, 0.06121182441711426 
439, -0.7925738096237183, 0.11179566383361816, 0.04709148406982422, 0.061776161193847656 
440, -0.7925993204116821, 0.11580061912536621, 0.048152923583984375, 0.06468844413757324 
441, -0.792651891708374, 0.11613106727600098, 0.04897356033325195, 0.06426596641540527 
442, -0.7926718592643738, 0.11410164833068848, 0.0490574836730957, 0.06213235855102539 
443, -0.7926748991012573, 0.11995720863342285, 0.04778099060058594, 0.06702494621276855 
444, -0.7927143573760986, 0.11313748359680176, 0.048406124114990234, 0.06182289123535156 
445, -0.7927631139755249, 0.11415433883666992, 0.04785037040710449, 0.06341290473937988 
446, -0.7927542328834534, 0.11390280723571777, 0.04799509048461914, 0.06301212310791016 
447, -0.7927645444869995, 0.12180042266845703, 0.05370163917541504, 0.06519627571105957 
448, -0.7928034067153931, 0.11517047882080078, 0.05007052421569824, 0.06214714050292969 
449, -0.7928390502929688, 0.1131439208984375, 0.04733014106750488, 0.06291437149047852 
450, -0.7928328514099121, 0.11426568031311035, 0.0478215217590332, 0.06350946426391602 
451, -0.7927994132041931, 0.11681556701660156, 0.04904913902282715, 0.06479787826538086 
452, -0.79280686378479, 0.11295652389526367, 0.04779839515686035, 0.06180214881896973 
453, -0.7928520441055298, 0.11394476890563965, 0.047966957092285156, 0.06308770179748535 
454, -0.7929286360740662, 0.1178138256072998, 0.04983210563659668, 0.06518363952636719 
455, -0.792884886264801, 0.1183779239654541, 0.04698586463928223, 0.06195473670959473 
456, -0.7928887605667114, 0.11330795288085938, 0.04824638366699219, 0.06218838691711426 
457, -0.7929311990737915, 0.11497259140014648, 0.048398494720458984, 0.06370949745178223 
458, -0.7929863929748535, 0.1108250617980957, 0.0471951961517334, 0.06071949005126953 
459, -0.7929891347885132, 0.11813473701477051, 0.049796104431152344, 0.06523537635803223 
460, -0.7929515242576599, 0.11804318428039551, 0.05120348930358887, 0.06395435333251953 
461, -0.7929711937904358, 0.11262679100036621, 0.047666072845458984, 0.06205248832702637 
462, -0.7929999828338623, 0.11512088775634766, 0.049304962158203125, 0.06290984153747559 
463, -0.7930643558502197, 0.11358809471130371, 0.047750234603881836, 0.06297564506530762 
464, -0.79305100440979, 0.1131441593170166, 0.047545433044433594, 0.0626974105834961 
465, -0.7930506467819214, 0.11535048484802246, 0.04816436767578125, 0.06432366371154785 
466, -0.7930771112442017, 0.11575913429260254, 0.05050539970397949, 0.062355995178222656 
467, -0.7930961847305298, 0.11329293251037598, 0.04777073860168457, 0.06260204315185547 
468, -0.7931383848190308, 0.1149756908416748, 0.048078060150146484, 0.06398248672485352 
469, -0.7930656671524048, 0.11382603645324707, 0.047956228256225586, 0.06290578842163086 
470, -0.7930312156677246, 0.11601996421813965, 0.04839444160461426, 0.06422138214111328 
471, -0.7930426597595215, 0.11391234397888184, 0.04886889457702637, 0.06218075752258301 
472, -0.7930961847305298, 0.11312580108642578, 0.047235727310180664, 0.06295371055603027 
473, -0.7931334972381592, 0.11386609077453613, 0.048436641693115234, 0.06248354911804199 
474, -0.7932366132736206, 0.11248040199279785, 0.047576904296875, 0.062146663665771484 
475, -0.7931817770004272, 0.11240887641906738, 0.046961069107055664, 0.0626678466796875 
476, -0.7931548357009888, 0.11168217658996582, 0.04687309265136719, 0.061925649642944336 
477, -0.7931329011917114, 0.11126327514648438, 0.047066450119018555, 0.06139540672302246 
478, -0.7931567430496216, 0.11213970184326172, 0.04604601860046387, 0.06313657760620117 
479, -0.7931816577911377, 0.11841726303100586, 0.04995584487915039, 0.06554818153381348 
480, -0.793218731880188, 0.11312103271484375, 0.0478672981262207, 0.06236147880554199 
481, -0.793222188949585, 0.11361002922058105, 0.04861760139465332, 0.06209826469421387 
482, -0.7932604551315308, 0.11483287811279297, 0.048990488052368164, 0.06296610832214355 
483, -0.7933324575424194, 0.11073923110961914, 0.04672360420227051, 0.06115388870239258 
484, -0.7933816313743591, 0.1133580207824707, 0.046948909759521484, 0.06314635276794434 
485, -0.7933958768844604, 0.13170862197875977, 0.056790828704833984, 0.07155847549438477 
486, -0.7934333086013794, 0.11284852027893066, 0.04725790023803711, 0.06268930435180664 
487, -0.793390154838562, 0.11315417289733887, 0.04796910285949707, 0.062320709228515625 
488, -0.7933433651924133, 0.11403608322143555, 0.04792904853820801, 0.06316924095153809 
489, -0.7933392524719238, 0.11398530006408691, 0.04809427261352539, 0.06298685073852539 
490, -0.7933733463287354, 0.11574172973632812, 0.04830217361450195, 0.06445121765136719 
491, -0.793370246887207, 0.1142575740814209, 0.048152923583984375, 0.06314778327941895 
492, -0.7933682799339294, 0.11132931709289551, 0.04743361473083496, 0.060975074768066406 
493, -0.7933976650238037, 0.11191129684448242, 0.047179222106933594, 0.0618746280670166 
494, -0.7934543490409851, 0.11197805404663086, 0.04796934127807617, 0.06111478805541992 
495, -0.7934524416923523, 0.11165308952331543, 0.047498226165771484, 0.06140303611755371 
496, -0.7934198975563049, 0.11017918586730957, 0.04664468765258789, 0.06060934066772461 
497, -0.793425440788269, 0.11200475692749023, 0.046962738037109375, 0.06222176551818848 
498, -0.7934595942497253, 0.11094784736633301, 0.04623126983642578, 0.06134796142578125 
499, -0.7934987545013428, 0.11312127113342285, 0.04805302619934082, 0.062155723571777344 
500, -0.7934466600418091, 0.11402297019958496, 0.04837298393249512, 0.06269454956054688 
501, -0.7934266924858093, 0.11499500274658203, 0.04856395721435547, 0.06353116035461426 
502, -0.7934402823448181, 0.11293482780456543, 0.04817366600036621, 0.061803579330444336 
503, -0.7934836149215698, 0.11328649520874023, 0.047888994216918945, 0.06248807907104492 
504, -0.7935522794723511, 0.11330032348632812, 0.04851174354553223, 0.061865806579589844 
505, -0.7935328483581543, 0.11323213577270508, 0.04738879203796387, 0.06286334991455078 
506, -0.7935217618942261, 0.11310696601867676, 0.0477597713470459, 0.062461137771606445 
507, -0.793487548828125, 0.11323666572570801, 0.04781699180603027, 0.06238818168640137 
508, -0.7935322523117065, 0.11321258544921875, 0.048116445541381836, 0.062131404876708984 
509, -0.7935829758644104, 0.1140449047088623, 0.048742055892944336, 0.06233930587768555 
510, -0.7935917377471924, 0.11395668983459473, 0.04764533042907715, 0.06339359283447266 
511, -0.7935507297515869, 0.11200308799743652, 0.04765653610229492, 0.06140398979187012 
512, -0.7935421466827393, 0.11388611793518066, 0.048555850982666016, 0.06241154670715332 
513, -0.7935836315155029, 0.11513352394104004, 0.04797792434692383, 0.06287622451782227 
514, -0.7935594320297241, 0.11396670341491699, 0.049530744552612305, 0.06156587600708008 
515, -0.7935551404953003, 0.11222314834594727, 0.047566890716552734, 0.06173849105834961 
516, -0.7935925722122192, 0.11370396614074707, 0.04869818687438965, 0.06194877624511719 
517, -0.793667197227478, 0.11327338218688965, 0.04901003837585449, 0.06095552444458008 
518, -0.7937377095222473, 0.1126704216003418, 0.04735517501831055, 0.06243491172790527 
519, -0.7937254905700684, 0.11476898193359375, 0.048903703689575195, 0.0628359317779541 
520, -0.793739914894104, 0.1143498420715332, 0.04902839660644531, 0.06248140335083008 
521, -0.7937439680099487, 0.11220884323120117, 0.04703092575073242, 0.06227612495422363 
522, -0.7937161922454834, 0.11377930641174316, 0.04751992225646973, 0.06336283683776855 
523, -0.7937455773353577, 0.11360406875610352, 0.0482175350189209, 0.06244850158691406 
524, -0.7937304973602295, 0.11379837989807129, 0.047562360763549805, 0.06325984001159668 
525, -0.7937204241752625, 0.1133279800415039, 0.04805421829223633, 0.06239151954650879 
526, -0.7937403917312622, 0.12182354927062988, 0.055925846099853516, 0.06244707107543945 
527, -0.7937228679656982, 0.11113643646240234, 0.04672074317932129, 0.061557769775390625 
528, -0.7937244176864624, 0.11257147789001465, 0.0474550724029541, 0.062255144119262695 
529, -0.7937276363372803, 0.11449098587036133, 0.047954559326171875, 0.06359338760375977 
530, -0.793778657913208, 0.11384916305541992, 0.048407554626464844, 0.06254887580871582 
531, -0.7937579154968262, 0.11317014694213867, 0.04768037796020508, 0.06257414817810059 
532, -0.7937576770782471, 0.11670279502868652, 0.048616886138916016, 0.06510734558105469 
533, -0.7937794923782349, 0.11246490478515625, 0.0484623908996582, 0.0611109733581543 
534, -0.7937986850738525, 0.11174440383911133, 0.04661273956298828, 0.06221508979797363 
535, -0.7937673926353455, 0.11342358589172363, 0.0479433536529541, 0.06254911422729492 
536, -0.7937278151512146, 0.11214900016784668, 0.04763293266296387, 0.06162619590759277 
537, -0.7937349677085876, 0.11271905899047852, 0.048169612884521484, 0.06162095069885254 
538, -0.7937847375869751, 0.11463260650634766, 0.048813819885253906, 0.06280303001403809 
539, -0.7938421964645386, 0.11743831634521484, 0.05022382736206055, 0.06427478790283203 
540, -0.7938546538352966, 0.11332941055297852, 0.04732394218444824, 0.06308627128601074 
541, -0.7938392758369446, 0.1126565933227539, 0.04804849624633789, 0.061736106872558594 
542, -0.7938607931137085, 0.11200261116027832, 0.04760026931762695, 0.06157088279724121 
543, -0.79381263256073, 0.11289715766906738, 0.04723858833312988, 0.0626688003540039 
544, -0.7937898635864258, 0.11498808860778809, 0.0482640266418457, 0.06372523307800293 
545, -0.7937682867050171, 0.11386346817016602, 0.048714637756347656, 0.06220722198486328 
546, -0.7937489748001099, 0.11219048500061035, 0.04773211479187012, 0.0615229606628418 
547, -0.793763279914856, 0.11259961128234863, 0.047757625579833984, 0.061954498291015625 
548, -0.7937361001968384, 0.11296200752258301, 0.04749274253845215, 0.06254434585571289 
549, -0.7937389612197876, 0.1125175952911377, 0.04781055450439453, 0.061716318130493164 
550, -0.7937662601470947, 0.11141157150268555, 0.04696083068847656, 0.06160545349121094 
551, -0.7938777208328247, 0.11277389526367188, 0.047472476959228516, 0.06229543685913086 
552, -0.7939262390136719, 0.11211204528808594, 0.04762601852416992, 0.061623573303222656 
553, -0.7939052581787109, 0.1117851734161377, 0.0468294620513916, 0.06213259696960449 
554, -0.7939286231994629, 0.11269688606262207, 0.0472102165222168, 0.06255483627319336 
555, -0.7939527034759521, 0.11193466186523438, 0.04764223098754883, 0.06144428253173828 
556, -0.7939344644546509, 0.11289167404174805, 0.04777956008911133, 0.062216758728027344 
557, -0.7939172387123108, 0.11307287216186523, 0.048076629638671875, 0.06208086013793945 
558, -0.7939127683639526, 0.11457180976867676, 0.04835343360900879, 0.06328821182250977 
559, -0.7939310073852539, 0.11445975303649902, 0.04761910438537598, 0.0637810230255127 
560, -0.7939486503601074, 0.11400461196899414, 0.048944711685180664, 0.0621492862701416 
561, -0.7939414381980896, 0.1123197078704834, 0.04782724380493164, 0.061586856842041016 
562, -0.7939659357070923, 0.11179351806640625, 0.04660987854003906, 0.06225442886352539 
563, -0.7940208911895752, 0.11314010620117188, 0.047513484954833984, 0.06231546401977539 
564, -0.7939825057983398, 0.1135718822479248, 0.04810476303100586, 0.06251883506774902 
565, -0.7939678430557251, 0.11313199996948242, 0.047574758529663086, 0.06259465217590332 
566, -0.7939835786819458, 0.11490869522094727, 0.04852700233459473, 0.06349444389343262 
567, -0.7940213084220886, 0.11327195167541504, 0.04783177375793457, 0.06257462501525879 
568, -0.7939765453338623, 0.11146116256713867, 0.04702258110046387, 0.061559200286865234 
569, -0.7939718961715698, 0.11099481582641602, 0.04723787307739258, 0.0608823299407959 
570, -0.7939435839653015, 0.1109921932220459, 0.04693174362182617, 0.061177968978881836 
571, -0.793921947479248, 0.11152839660644531, 0.047156572341918945, 0.06145811080932617 
572, -0.7939837574958801, 0.11080169677734375, 0.04706311225891113, 0.060914039611816406 
573, -0.7939590215682983, 0.11066603660583496, 0.046767473220825195, 0.06098031997680664 
574, -0.7939482927322388, 0.11153769493103027, 0.04779648780822754, 0.06087636947631836 
575, -0.7939566969871521, 0.1126701831817627, 0.04744911193847656, 0.06234550476074219 
576, -0.7939949035644531, 0.11295580863952637, 0.04841947555541992, 0.06169247627258301 
577, -0.7940160036087036, 0.11237263679504395, 0.04706740379333496, 0.06240034103393555 
578, -0.7940099239349365, 0.11492037773132324, 0.0483396053314209, 0.06366991996765137 
579, -0.7940073013305664, 0.1144711971282959, 0.04835367202758789, 0.06315755844116211 
580, -0.794036865234375, 0.11266040802001953, 0.047981977462768555, 0.06181025505065918 
581, -0.7939554452896118, 0.11291098594665527, 0.04716801643371582, 0.06282615661621094 
582, -0.793913722038269, 0.11370134353637695, 0.048274993896484375, 0.06258368492126465 
583, -0.793921947479248, 0.11378216743469238, 0.048830509185791016, 0.06199002265930176 
584, -0.7939742803573608, 0.11325597763061523, 0.04777836799621582, 0.06251764297485352 
585, -0.7940389513969421, 0.11307120323181152, 0.047863006591796875, 0.06235694885253906 
586, -0.7940070629119873, 0.11213278770446777, 0.04754304885864258, 0.06169629096984863 
587, -0.7940006852149963, 0.11197590827941895, 0.04732632637023926, 0.061782121658325195 
588, -0.7939802408218384, 0.1347808837890625, 0.0593409538269043, 0.06256389617919922 
589, -0.7939581871032715, 0.11505389213562012, 0.05013537406921387, 0.06197834014892578 
590, -0.7940285801887512, 0.11093449592590332, 0.04714488983154297, 0.06096220016479492 
591, -0.7940045595169067, 0.11055469512939453, 0.04646420478820801, 0.06088900566101074 
592, -0.7940325736999512, 0.11004042625427246, 0.04598641395568848, 0.061255455017089844 
593, -0.7940436005592346, 0.11062884330749512, 0.0470883846282959, 0.06067848205566406 
594, -0.7940177917480469, 0.11322736740112305, 0.04817557334899902, 0.06207847595214844 
595, -0.7940067052841187, 0.11579751968383789, 0.04956865310668945, 0.06329751014709473 
596, -0.794025182723999, 0.11287450790405273, 0.04764676094055176, 0.0623164176940918 
597, -0.7940554618835449, 0.11296415328979492, 0.047307491302490234, 0.06266975402832031 
598, -0.7940358519554138, 0.1158602237701416, 0.04926705360412598, 0.06367039680480957 
599, -0.7940177917480469, 0.11413335800170898, 0.04849863052368164, 0.0626521110534668 
600, -0.794029712677002, 0.11425089836120605, 0.048338890075683594, 0.06295251846313477 
601, -0.7940328121185303, 0.11319255828857422, 0.04830789566040039, 0.06189107894897461 
602, -0.7940502166748047, 0.11419224739074707, 0.048241615295410156, 0.06298184394836426 
603, -0.7940608263015747, 0.11180615425109863, 0.047498226165771484, 0.06143355369567871 
604, -0.7940074801445007, 0.11302423477172852, 0.04749464988708496, 0.06254720687866211 
605, -0.793968915939331, 0.11524653434753418, 0.048657894134521484, 0.06361198425292969 
606, -0.7939795255661011, 0.1139061450958252, 0.047887325286865234, 0.0630638599395752 
607, -0.7940317392349243, 0.11391830444335938, 0.04799199104309082, 0.06290936470031738 
608, -0.7940418124198914, 0.1137547492980957, 0.048616886138916016, 0.0622563362121582 
609, -0.7940125465393066, 0.1118617057800293, 0.04693412780761719, 0.062029123306274414 
610, -0.7940521240234375, 0.11307525634765625, 0.04753589630126953, 0.062177419662475586 
611, -0.7940585613250732, 0.11320328712463379, 0.047870635986328125, 0.06240963935852051 
612, -0.7940622568130493, 0.11033344268798828, 0.04682779312133789, 0.06067609786987305 
613, -0.7940714955329895, 0.11111116409301758, 0.04731440544128418, 0.06099653244018555 
614, -0.7940534353256226, 0.11063289642333984, 0.047367095947265625, 0.06035637855529785 
615, -0.7940574288368225, 0.11075353622436523, 0.047210693359375, 0.06062912940979004 
616, -0.7940913438796997, 0.11362004280090332, 0.047820329666137695, 0.06287288665771484 
617, -0.7940791845321655, 0.11818242073059082, 0.04874134063720703, 0.06646442413330078 
618, -0.7940549254417419, 0.1146554946899414, 0.04911208152770996, 0.06256437301635742 
619, -0.7940598130226135, 0.11523842811584473, 0.048993825912475586, 0.06323814392089844 
620, -0.7940976619720459, 0.11356377601623535, 0.04819774627685547, 0.06246638298034668 
621, -0.7941006422042847, 0.11408233642578125, 0.0477910041809082, 0.06334781646728516 
622, -0.7941139936447144, 0.11202812194824219, 0.04777717590332031, 0.06133437156677246 
623, -0.7941112518310547, 0.21167469024658203, 0.05372262001037598, 0.06540036201477051 
624, -0.7941035032272339, 0.11282730102539062, 0.04731893539428711, 0.06256556510925293 
625, -0.7940930128097534, 0.11203384399414062, 0.04757332801818848, 0.0615234375 
626, -0.7941094636917114, 0.11262965202331543, 0.047844886779785156, 0.061881303787231445 
627, -0.7941163778305054, 0.11232399940490723, 0.047034502029418945, 0.06235003471374512 
628, -0.7941036224365234, 0.11292409896850586, 0.04779171943664551, 0.062244415283203125 
629, -0.7941094636917114, 0.1118619441986084, 0.04752755165100098, 0.06143784523010254 
630, -0.7940704822540283, 0.11185836791992188, 0.04721522331237793, 0.06180167198181152 
631, -0.7940613031387329, 0.11200261116027832, 0.04761147499084473, 0.061502933502197266 
632, -0.7940966486930847, 0.11076068878173828, 0.04737710952758789, 0.060585975646972656 
633, -0.7941241264343262, 0.11072897911071777, 0.046706199645996094, 0.061179161071777344 
634, -0.7940915822982788, 0.11104941368103027, 0.04700875282287598, 0.06116485595703125 
635, -0.7941335439682007, 0.11183452606201172, 0.047422170639038086, 0.06151318550109863 
636, -0.7940911054611206, 0.11198091506958008, 0.046961307525634766, 0.06212186813354492 
637, -0.7940697073936462, 0.11625075340270996, 0.04880046844482422, 0.06449198722839355 
638, -0.7940951585769653, 0.11478376388549805, 0.048391103744506836, 0.06346368789672852 
639, -0.7941120862960815, 0.11317658424377441, 0.04767727851867676, 0.06253290176391602 
640, -0.7941096425056458, 0.11441969871520996, 0.04945564270019531, 0.06205105781555176 
641, -0.7940850257873535, 0.11337709426879883, 0.04823589324951172, 0.06228184700012207 
642, -0.7940819263458252, 0.11343050003051758, 0.04793357849121094, 0.06255531311035156 
643, -0.7940930128097534, 0.11292314529418945, 0.04768967628479004, 0.062274932861328125 
644, -0.7941203117370605, 0.11523294448852539, 0.048740386962890625, 0.0634312629699707 
645, -0.7941296100616455, 0.1156158447265625, 0.04863286018371582, 0.06402111053466797 
646, -0.794150710105896, 0.11236310005187988, 0.047701120376586914, 0.06166481971740723 
647, -0.79413902759552, 0.11192107200622559, 0.0470883846282959, 0.06194877624511719 
648, -0.7941478490829468, 0.11229205131530762, 0.04772496223449707, 0.0616602897644043 
649, -0.7941527366638184, 0.11156630516052246, 0.046910762786865234, 0.061749935150146484 
650, -0.7941532135009766, 0.11265277862548828, 0.047554969787597656, 0.062158823013305664 
651, -0.7941656112670898, 0.11136007308959961, 0.047017812728881836, 0.061502695083618164 
652, -0.7941582202911377, 0.111846923828125, 0.04653143882751465, 0.06244015693664551 
653, -0.7941155433654785, 0.1106882095336914, 0.04666280746459961, 0.06128382682800293 
654, -0.7941203117370605, 0.1096198558807373, 0.046645402908325195, 0.06011056900024414 
655, -0.7941685318946838, 0.11093401908874512, 0.04700899124145508, 0.061095476150512695 
656, -0.7941634654998779, 0.11215496063232422, 0.04683375358581543, 0.06201934814453125 
657, -0.7941099405288696, 0.11347270011901855, 0.0478825569152832, 0.06262540817260742 
658, -0.7941476702690125, 0.1143488883972168, 0.0484156608581543, 0.063018798828125 
659, -0.7941288948059082, 0.11238813400268555, 0.047785282135009766, 0.06160998344421387 
660, -0.7940546274185181, 0.11339092254638672, 0.047859907150268555, 0.06257295608520508 
661, -0.7940329313278198, 0.11353278160095215, 0.048140764236450195, 0.06244349479675293 
662, -0.7940047979354858, 0.11356973648071289, 0.048024654388427734, 0.0625300407409668 
663, -0.7940161228179932, 0.11437797546386719, 0.048438072204589844, 0.06292128562927246 
664, -0.7940455079078674, 0.11367416381835938, 0.04794669151306152, 0.06281852722167969 
665, -0.7940753698348999, 0.11439085006713867, 0.048532962799072266, 0.06295132637023926 
666, -0.7940961718559265, 0.11633586883544922, 0.048014163970947266, 0.06377983093261719 
667, -0.7941378951072693, 0.11166787147521973, 0.04730367660522461, 0.06155896186828613 
668, -0.7941933870315552, 0.11022472381591797, 0.04669499397277832, 0.06072235107421875 
669, -0.7941790819168091, 0.11086702346801758, 0.047051429748535156, 0.0609135627746582 
670, -0.7941827774047852, 0.11172628402709961, 0.04744672775268555, 0.06134915351867676 
671, -0.7941986322402954, 0.11183309555053711, 0.04762554168701172, 0.06138420104980469 
672, -0.7941323518753052, 0.11142969131469727, 0.04714250564575195, 0.06139349937438965 
673, -0.7941023111343384, 0.11162996292114258, 0.04685807228088379, 0.061852455139160156 
674, -0.7941209077835083, 0.11147260665893555, 0.04745626449584961, 0.061048269271850586 
675, -0.7941083908081055, 0.11027836799621582, 0.0467987060546875, 0.06034088134765625 
676, -0.7941049933433533, 0.11349916458129883, 0.046855926513671875, 0.06373095512390137 
677, -0.7941337823867798, 0.1144266128540039, 0.04816389083862305, 0.06332778930664062 
678, -0.7941852807998657, 0.11400842666625977, 0.048346757888793945, 0.06269097328186035 
679, -0.7941990494728088, 0.1145620346069336, 0.0485844612121582, 0.0630028247833252 
680, -0.7942030429840088, 0.11304616928100586, 0.047713518142700195, 0.06238722801208496 
681, -0.7941871881484985, 0.11281871795654297, 0.047223806381225586, 0.06261181831359863 
682, -0.7941902875900269, 0.11463689804077148, 0.04921531677246094, 0.06254744529724121 
683, -0.7941815257072449, 0.1143951416015625, 0.04793858528137207, 0.0635073184967041 
684, -0.7941887974739075, 0.11432766914367676, 0.048357248306274414, 0.0629432201385498 
685, -0.7941849231719971, 0.11312747001647949, 0.048036813735961914, 0.06218290328979492 
686, -0.7941827178001404, 0.11347627639770508, 0.047766685485839844, 0.06283807754516602 
687, -0.7941864728927612, 0.11443662643432617, 0.04851698875427246, 0.06293654441833496 
688, -0.7942041754722595, 0.11451911926269531, 0.048529624938964844, 0.06302452087402344 
689, -0.7942236065864563, 0.11317181587219238, 0.04780864715576172, 0.06243276596069336 
690, -0.7941897511482239, 0.11313033103942871, 0.04826474189758301, 0.06192517280578613 
691, -0.7942066192626953, 0.11138081550598145, 0.0468144416809082, 0.06161665916442871 
692, -0.7941508293151855, 0.11180281639099121, 0.04721570014953613, 0.061745405197143555 
693, -0.7941303253173828, 0.11112332344055176, 0.04693150520324707, 0.06133842468261719 
694, -0.7940658926963806, 0.11263012886047363, 0.046816349029541016, 0.062325239181518555 
695, -0.7940354943275452, 0.11292243003845215, 0.0484766960144043, 0.06154179573059082 
696, -0.794042706489563, 0.11445856094360352, 0.04898476600646973, 0.06255435943603516 
697, -0.794082522392273, 0.11258244514465332, 0.047891855239868164, 0.06184506416320801 
698, -0.7940617203712463, 0.1127328872680664, 0.04758715629577637, 0.06224966049194336 
699, -0.7940902709960938, 0.1137542724609375, 0.048047780990600586, 0.06279754638671875 
700, -0.7941620349884033, 0.11243271827697754, 0.047881126403808594, 0.06163144111633301 
701, -0.7941486835479736, 0.1147620677947998, 0.047910213470458984, 0.06384468078613281 
702, -0.7941622138023376, 0.1154775619506836, 0.04950881004333496, 0.06294417381286621 
703, -0.7941927909851074, 0.11498141288757324, 0.0481715202331543, 0.06331038475036621 
704, -0.7941925525665283, 0.11289334297180176, 0.04784369468688965, 0.06210589408874512 
705, -0.7941292524337769, 0.11348271369934082, 0.04788494110107422, 0.06263065338134766 
706, -0.7941182255744934, 0.11295962333679199, 0.04781699180603027, 0.06226754188537598 
707, -0.794154167175293, 0.11466717720031738, 0.04834485054016113, 0.06343817710876465 
708, -0.7941396236419678, 0.11403846740722656, 0.04787874221801758, 0.0632009506225586 
709, -0.7941582202911377, 0.1129910945892334, 0.04792952537536621, 0.06221342086791992 
710, -0.794162392616272, 0.11126184463500977, 0.0465092658996582, 0.0618901252746582 
711, -0.7941848039627075, 0.11274886131286621, 0.04771900177001953, 0.06215310096740723 
712, -0.7942285537719727, 0.11155009269714355, 0.04760861396789551, 0.06105208396911621 
713, -0.7942327260971069, 0.11012101173400879, 0.046691179275512695, 0.06048178672790527 
714, -0.7942050695419312, 0.11185097694396973, 0.0476832389831543, 0.06128859519958496 
715, -0.7942235469818115, 0.11302733421325684, 0.047147512435913086, 0.06296205520629883 
716, -0.7941820025444031, 0.1114661693572998, 0.04688453674316406, 0.061652183532714844 
717, -0.7941795587539673, 0.11464262008666992, 0.048326730728149414, 0.0633859634399414 
718, -0.7941776514053345, 0.11432075500488281, 0.04884743690490723, 0.06249833106994629 
719, -0.7941068410873413, 0.11182427406311035, 0.04721879959106445, 0.06167435646057129 
720, -0.7940683364868164, 0.11089372634887695, 0.04671788215637207, 0.06128954887390137 
721, -0.7941247224807739, 0.11214709281921387, 0.04782700538635254, 0.061446428298950195 
722, -0.7942101955413818, 0.11172604560852051, 0.04738283157348633, 0.061446428298950195 
723, -0.7941619157791138, 0.11367583274841309, 0.047835588455200195, 0.0629119873046875 
724, -0.7941723465919495, 0.11539411544799805, 0.04915332794189453, 0.06321978569030762 
725, -0.7941522598266602, 0.11348080635070801, 0.048439741134643555, 0.06215071678161621 
726, -0.7941393852233887, 0.11362671852111816, 0.048799753189086914, 0.06193375587463379 
727, -0.7940533757209778, 0.11418962478637695, 0.0477902889251709, 0.06341814994812012 
728, -0.7939959168434143, 0.11456036567687988, 0.048384666442871094, 0.06325602531433105 
729, -0.793998122215271, 0.11337494850158691, 0.047963619232177734, 0.06255221366882324 
730, -0.7940539121627808, 0.11305499076843262, 0.04768800735473633, 0.06245613098144531 
731, -0.7941105961799622, 0.11385488510131836, 0.048258304595947266, 0.062218427658081055 
732, -0.7941176891326904, 0.11081504821777344, 0.04675722122192383, 0.061188697814941406 
733, -0.7941557765007019, 0.11269664764404297, 0.04722094535827637, 0.06256294250488281 
734, -0.794221043586731, 0.1139829158782959, 0.04774880409240723, 0.06334567070007324 
735, -0.7941204309463501, 0.11214566230773926, 0.04755711555480957, 0.06174778938293457 
736, -0.7940906286239624, 0.11222577095031738, 0.04673004150390625, 0.06258988380432129 
737, -0.7941164970397949, 0.11288976669311523, 0.047513484954833984, 0.06250309944152832 
738, -0.7941234111785889, 0.11224365234375, 0.047286272048950195, 0.06209230422973633 
739, -0.7941384315490723, 0.11213040351867676, 0.04718327522277832, 0.06200885772705078 
740, -0.7940966486930847, 0.11246728897094727, 0.04692888259887695, 0.0626070499420166 
741, -0.7941302061080933, 0.11126232147216797, 0.04728293418884277, 0.061063289642333984 
742, -0.7941487431526184, 0.11338210105895996, 0.04758429527282715, 0.06282639503479004 
743, -0.7941625118255615, 0.11394643783569336, 0.04755854606628418, 0.06343626976013184 
744, -0.7942198514938354, 0.11069798469543457, 0.0467832088470459, 0.061087846755981445 
745, -0.7942149043083191, 0.11208367347717285, 0.047287940979003906, 0.06201004981994629 
746, -0.7942185401916504, 0.11178326606750488, 0.04743170738220215, 0.06147122383117676 
747, -0.7942323684692383, 0.11206293106079102, 0.04771566390991211, 0.06141161918640137 
748, -0.7942100763320923, 0.11397814750671387, 0.04799532890319824, 0.06306982040405273 
749, -0.7941637635231018, 0.11136341094970703, 0.047425270080566406, 0.06098532676696777 
750, -0.7941789031028748, 0.1119852066040039, 0.04753375053405762, 0.06107211112976074 
751, -0.7941994667053223, 0.11186790466308594, 0.04706311225891113, 0.061953067779541016 
752, -0.7941823601722717, 0.11114764213562012, 0.04631376266479492, 0.0620119571685791 
753, -0.794176459312439, 0.11313033103942871, 0.04706907272338867, 0.06314468383789062 
754, -0.794196367263794, 0.11162948608398438, 0.046868324279785156, 0.06181073188781738 
755, -0.7941911816596985, 0.1604757308959961, 0.04685378074645996, 0.0641021728515625 
756, -0.7941720485687256, 0.12142181396484375, 0.05547285079956055, 0.06301760673522949 
757, -0.7942135334014893, 0.11862301826477051, 0.05272793769836426, 0.06295967102050781 
758, -0.7941281199455261, 0.11334633827209473, 0.048345327377319336, 0.062139272689819336 
759, -0.7940832376480103, 0.11133241653442383, 0.04739713668823242, 0.061058998107910156 
760, -0.7941253185272217, 0.11085987091064453, 0.046738624572753906, 0.06120586395263672 
761, -0.7941612005233765, 0.11125659942626953, 0.04716849327087402, 0.06119585037231445 
762, -0.794174313545227, 0.11490416526794434, 0.04799294471740723, 0.0639796257019043 
763, -0.7941539287567139, 0.11435198783874512, 0.04796266555786133, 0.06344342231750488 
764, -0.7941687107086182, 0.12087416648864746, 0.05624556541442871, 0.06172895431518555 
765, -0.7942144274711609, 0.11377644538879395, 0.04733419418334961, 0.06349468231201172 
766, -0.7941865921020508, 0.1136622428894043, 0.047972679138183594, 0.06273221969604492 
767, -0.7941569089889526, 0.11310911178588867, 0.047870635986328125, 0.06232953071594238 
768, -0.7941752672195435, 0.11291027069091797, 0.04719376564025879, 0.06231284141540527 
769, -0.7942158579826355, 0.1130514144897461, 0.0476839542388916, 0.06243324279785156 
770, -0.7942327857017517, 0.11232328414916992, 0.047879934310913086, 0.061606407165527344 
771, -0.794221043586731, 0.11244726181030273, 0.047739505767822266, 0.061767578125 
772, -0.7942051887512207, 0.11253523826599121, 0.04797506332397461, 0.06167721748352051 
773, -0.7942420840263367, 0.11446452140808105, 0.0478816032409668, 0.06361150741577148 
774, -0.7941571474075317, 0.11243128776550293, 0.04717683792114258, 0.062255859375 
775, -0.7941064834594727, 0.11452460289001465, 0.04838442802429199, 0.0631566047668457 
776, -0.7941128611564636, 0.11538815498352051, 0.049454689025878906, 0.06295633316040039 
777, -0.794169008731842, 0.11566853523254395, 0.04863882064819336, 0.06402969360351562 
778, -0.7942047119140625, 0.11472249031066895, 0.048760175704956055, 0.06304812431335449 
779, -0.7941715717315674, 0.11304211616516113, 0.04761862754821777, 0.062491416931152344 
780, -0.7941916584968567, 0.11300349235534668, 0.04788017272949219, 0.062155723571777344 
781, -0.7941701412200928, 0.11370372772216797, 0.047754764556884766, 0.063018798828125 
782, -0.7941640615463257, 0.11324524879455566, 0.047698259353637695, 0.06261038780212402 
783, -0.7941933870315552, 0.11302471160888672, 0.04805731773376465, 0.06210660934448242 
784, -0.7941964268684387, 0.1130533218383789, 0.0476529598236084, 0.06244826316833496 
785, -0.7941746115684509, 0.11289691925048828, 0.047621726989746094, 0.06227850914001465 
786, -0.7941880226135254, 0.11260294914245605, 0.04767966270446777, 0.06199049949645996 
787, -0.7941383123397827, 0.11298108100891113, 0.04766345024108887, 0.06240558624267578 
788, -0.7941346168518066, 0.11148977279663086, 0.04684162139892578, 0.06171393394470215 
789, -0.7941776514053345, 0.11229228973388672, 0.04734158515930176, 0.062036752700805664 
790, -0.7942113280296326, 0.11221480369567871, 0.04734182357788086, 0.061928510665893555 
791, -0.7941930294036865, 0.1121523380279541, 0.04707527160644531, 0.06222653388977051 
792, -0.7941879034042358, 0.11303472518920898, 0.047869205474853516, 0.06228947639465332 
793, -0.7942092418670654, 0.121673583984375, 0.04878091812133789, 0.06916975975036621 
794, -0.7942118644714355, 0.11966633796691895, 0.051492929458618164, 0.06523847579956055 
795, -0.7942012548446655, 0.11685323715209961, 0.048552751541137695, 0.06532764434814453 
796, -0.7941848039627075, 0.11644148826599121, 0.04966163635253906, 0.06382083892822266 
797, -0.7941570281982422, 0.11461615562438965, 0.0485377311706543, 0.06318545341491699 
798, -0.7941633462905884, 0.11426615715026855, 0.04851031303405762, 0.06283307075500488 
799, -0.7942262887954712, 0.11250591278076172, 0.04781627655029297, 0.06169748306274414 
800, -0.7941990494728088, 0.11277461051940918, 0.04816484451293945, 0.061728715896606445 
801, -0.7942501902580261, 0.11450672149658203, 0.04810762405395508, 0.06344485282897949 
802, -0.7941862344741821, 0.11401009559631348, 0.04822039604187012, 0.06282186508178711 
803, -0.7941643595695496, 0.11412882804870605, 0.04793405532836914, 0.0632619857788086 
804, -0.7941955327987671, 0.11194610595703125, 0.04710650444030762, 0.061876773834228516 
805, -0.7942715883255005, 0.11313652992248535, 0.047626495361328125, 0.06256914138793945 
806, -0.7941765785217285, 0.11389470100402832, 0.04829072952270508, 0.06218910217285156 
807, -0.794186532497406, 0.1122901439666748, 0.04765582084655762, 0.06168484687805176 
808, -0.7941290140151978, 0.11292529106140137, 0.04754281044006348, 0.06245064735412598 
809, -0.7941036224365234, 0.11229395866394043, 0.048270225524902344, 0.061310768127441406 
810, -0.7940548658370972, 0.10986876487731934, 0.046869516372680664, 0.060157060623168945 
811, -0.7939878702163696, 0.11169624328613281, 0.047165870666503906, 0.061707258224487305 
812, -0.793984055519104, 0.11154341697692871, 0.047652244567871094, 0.060948848724365234 
813, -0.7940363883972168, 0.11127948760986328, 0.0469052791595459, 0.061411380767822266 
814, -0.7940510511398315, 0.11420989036560059, 0.047321319580078125, 0.06393623352050781 
815, -0.7940598726272583, 0.11611223220825195, 0.04825901985168457, 0.06478714942932129 
816, -0.7941031455993652, 0.11389589309692383, 0.04841446876525879, 0.0625162124633789 
817, -0.7941766977310181, 0.11438655853271484, 0.048639774322509766, 0.06278848648071289 
818, -0.794171929359436, 0.1142873764038086, 0.04896664619445801, 0.0624234676361084 
819, -0.7941292524337769, 0.11295604705810547, 0.047789573669433594, 0.06220412254333496 
820, -0.7941211462020874, 0.11506152153015137, 0.04887509346008301, 0.06322693824768066 
821, -0.7941519021987915, 0.11624765396118164, 0.04999566078186035, 0.06329917907714844 
822, -0.7941890358924866, 0.11432647705078125, 0.04843950271606445, 0.06298971176147461 
823, -0.7941773533821106, 0.11194419860839844, 0.04688739776611328, 0.06210041046142578 
824, -0.7942007780075073, 0.11279821395874023, 0.047861337661743164, 0.06196880340576172 
825, -0.7942419052124023, 0.11190915107727051, 0.047597646713256836, 0.0613856315612793 
826, -0.7942644953727722, 0.110382080078125, 0.04706764221191406, 0.06038856506347656 
827, -0.794268786907196, 0.11187934875488281, 0.04742002487182617, 0.0615079402923584 
828, -0.7942936420440674, 0.1121981143951416, 0.04718732833862305, 0.06220746040344238 
829, -0.7942335605621338, 0.1113588809967041, 0.046683311462402344, 0.06173586845397949 
830, -0.7942252159118652, 0.11239337921142578, 0.04733109474182129, 0.06216883659362793 
831, -0.7942430377006531, 0.11259317398071289, 0.047620296478271484, 0.06217360496520996 
832, -0.7942360639572144, 0.10941290855407715, 0.04583549499511719, 0.06073737144470215 
833, -0.7941980361938477, 0.1117086410522461, 0.047000885009765625, 0.06185173988342285 
834, -0.7941975593566895, 0.11217570304870605, 0.047144174575805664, 0.061554908752441406 
835, -0.7941769361495972, 0.11298918724060059, 0.04825234413146973, 0.06180715560913086 
836, -0.7941669821739197, 0.11603021621704102, 0.04888510704040527, 0.06362771987915039 
837, -0.7942068576812744, 0.11235666275024414, 0.047771453857421875, 0.06167769432067871 
838, -0.7941985726356506, 0.11127614974975586, 0.04741477966308594, 0.06092095375061035 
839, -0.7942161560058594, 0.11380124092102051, 0.0482945442199707, 0.06260323524475098 
840, -0.7942325472831726, 0.11280179023742676, 0.048004865646362305, 0.06193804740905762 
841, -0.7942406535148621, 0.11528897285461426, 0.048905372619628906, 0.06340479850769043 
842, -0.7942019701004028, 0.11376261711120605, 0.04844808578491211, 0.062387943267822266 
843, -0.7942041754722595, 0.1199350357055664, 0.04874134063720703, 0.06409764289855957 
844, -0.7941745519638062, 0.11215066909790039, 0.047361135482788086, 0.06187582015991211 
845, -0.7941575050354004, 0.11099052429199219, 0.047086477279663086, 0.06096220016479492 
846, -0.7941842079162598, 0.11112618446350098, 0.046828269958496094, 0.0615386962890625 
847, -0.7941937446594238, 0.1128075122833252, 0.04722785949707031, 0.06273961067199707 
848, -0.7942018508911133, 0.1114952564239502, 0.047164201736450195, 0.061509132385253906 
849, -0.7941813468933105, 0.11201000213623047, 0.04736495018005371, 0.0617671012878418 
850, -0.7941708564758301, 0.1115868091583252, 0.047792673110961914, 0.06093883514404297 
851, -0.7940918207168579, 0.11086750030517578, 0.046688079833984375, 0.06128644943237305 
852, -0.7940641641616821, 0.1138458251953125, 0.04784822463989258, 0.06303668022155762 
853, -0.7940682172775269, 0.11307835578918457, 0.04771113395690918, 0.06248593330383301 
854, -0.7940558195114136, 0.11167788505554199, 0.04752683639526367, 0.061191558837890625 
855, -0.7940812706947327, 0.11412501335144043, 0.047821998596191406, 0.0633094310760498 
856, -0.7940748333930969, 0.11554646492004395, 0.04907107353210449, 0.06294989585876465 
857, -0.794093906879425, 0.11334562301635742, 0.04834866523742676, 0.0620272159576416 
858, -0.79416424036026, 0.11413455009460449, 0.04842972755432129, 0.06274914741516113 
859, -0.7942115068435669, 0.11306571960449219, 0.048177242279052734, 0.061853885650634766 
860, -0.7942479848861694, 0.11921858787536621, 0.05207490921020508, 0.06418323516845703 
861, -0.7942123413085938, 0.11449456214904785, 0.048206329345703125, 0.06331801414489746 
862, -0.7942079305648804, 0.11498737335205078, 0.048715829849243164, 0.06320905685424805 
863, -0.7942229509353638, 0.11590790748596191, 0.04990577697753906, 0.06299996376037598 
864, -0.7942004203796387, 0.11408829689025879, 0.04833674430847168, 0.0627279281616211 
865, -0.7941955327987671, 0.1144099235534668, 0.04784035682678223, 0.06361818313598633 
866, -0.7941728830337524, 0.11414718627929688, 0.04792070388793945, 0.06324577331542969 
867, -0.7941866517066956, 0.11198592185974121, 0.047705888748168945, 0.06137394905090332 
868, -0.7941312789916992, 0.11205840110778809, 0.0468287467956543, 0.06239485740661621 
869, -0.7941293716430664, 0.11148786544799805, 0.046916961669921875, 0.06162762641906738 
870, -0.7941799163818359, 0.11270260810852051, 0.04745364189147949, 0.062288761138916016 
871, -0.79422926902771, 0.11205673217773438, 0.04732561111450195, 0.06184744834899902 
872, -0.794236421585083, 0.11287045478820801, 0.04752373695373535, 0.06241178512573242 
873, -0.7942075729370117, 0.11250138282775879, 0.04789233207702637, 0.06177115440368652 
874, -0.7942357063293457, 0.11369013786315918, 0.048071861267089844, 0.06266665458679199 
875, -0.7942098379135132, 0.11390161514282227, 0.04709053039550781, 0.06377744674682617 
876, -0.7941959500312805, 0.11359477043151855, 0.04813098907470703, 0.062445878982543945 
877, -0.7942016124725342, 0.11295318603515625, 0.0481257438659668, 0.061914920806884766 
878, -0.7942076921463013, 0.11920928955078125, 0.04801130294799805, 0.06781649589538574 
879, -0.7942124009132385, 0.1166374683380127, 0.05193209648132324, 0.061686038970947266 
880, -0.7942376732826233, 0.11226725578308105, 0.04699301719665527, 0.06228303909301758 
881, -0.7942662239074707, 0.11450624465942383, 0.04818439483642578, 0.06332635879516602 
882, -0.7942293882369995, 0.11418581008911133, 0.0484011173248291, 0.06282854080200195 
883, -0.7942633628845215, 0.11420822143554688, 0.048563241958618164, 0.06271243095397949 
884, -0.7942357063293457, 0.11349344253540039, 0.04774165153503418, 0.06276941299438477 
885, -0.7941361665725708, 0.11385226249694824, 0.04787158966064453, 0.06258463859558105 
886, -0.7940938472747803, 0.11353588104248047, 0.04795122146606445, 0.06250643730163574 
887, -0.794110119342804, 0.11313533782958984, 0.047606706619262695, 0.062652587890625 
888, -0.794096827507019, 0.11432623863220215, 0.04912114143371582, 0.06230282783508301 
889, -0.7940897345542908, 0.11104846000671387, 0.04644966125488281, 0.06175565719604492 
890, -0.7941206693649292, 0.1119389533996582, 0.0471653938293457, 0.06184577941894531 
891, -0.7941819429397583, 0.11214375495910645, 0.04731607437133789, 0.06196999549865723 
892, -0.794204831123352, 0.11175227165222168, 0.04677224159240723, 0.062020063400268555 
893, -0.7942516803741455, 0.11226487159729004, 0.047808170318603516, 0.06158089637756348 
894, -0.7941890954971313, 0.11277294158935547, 0.047754764556884766, 0.06203770637512207 
895, -0.7941923141479492, 0.11441159248352051, 0.047730445861816406, 0.06327962875366211 
896, -0.7942632436752319, 0.11299633979797363, 0.048249006271362305, 0.061850786209106445 
897, -0.7942463159561157, 0.11244726181030273, 0.04702281951904297, 0.062476396560668945 
898, -0.7942042350769043, 0.11289739608764648, 0.04822182655334473, 0.06189560890197754 
899, -0.7941960692405701, 0.11266064643859863, 0.04730343818664551, 0.06236910820007324 
900, -0.7942236661911011, 0.11402153968811035, 0.04731273651123047, 0.0637357234954834 
901, -0.7941831350326538, 0.11417007446289062, 0.048697710037231445, 0.06255912780761719 
902, -0.7941790223121643, 0.11390423774719238, 0.048605918884277344, 0.06240248680114746 
903, -0.7941813468933105, 0.11553740501403809, 0.04793119430541992, 0.06460428237915039 
904, -0.7942609786987305, 0.1143496036529541, 0.04818987846374512, 0.06318831443786621 
905, -0.7942084670066833, 0.1136174201965332, 0.04790806770324707, 0.062307119369506836 
906, -0.7941797971725464, 0.11511588096618652, 0.04852151870727539, 0.06368851661682129 
907, -0.794180154800415, 0.11148881912231445, 0.04737520217895508, 0.06125903129577637 
908, -0.7941796779632568, 0.11125874519348145, 0.04717683792114258, 0.06117868423461914 
909, -0.7941482067108154, 0.11191725730895996, 0.04709124565124512, 0.0619359016418457 
910, -0.7940880060195923, 0.1121056079864502, 0.04712724685668945, 0.06208372116088867 
911, -0.7940875291824341, 0.10986995697021484, 0.04636812210083008, 0.06055164337158203 
912, -0.7941163778305054, 0.11115813255310059, 0.04690146446228027, 0.061353445053100586 
913, -0.794171929359436, 0.11240625381469727, 0.04749584197998047, 0.06203484535217285 
914, -0.7941752672195435, 0.11205315589904785, 0.046950340270996094, 0.06217503547668457 
915, -0.7941972017288208, 0.11488127708435059, 0.048397064208984375, 0.06352615356445312 
916, -0.7942320108413696, 0.11555790901184082, 0.04948019981384277, 0.06321096420288086 
917, -0.7941527962684631, 0.1117255687713623, 0.04738283157348633, 0.061454057693481445 
918, -0.7941181659698486, 0.11173701286315918, 0.04738140106201172, 0.06151103973388672 
919, -0.7940950393676758, 0.11110568046569824, 0.04655265808105469, 0.061656951904296875 
920, -0.794126033782959, 0.11096596717834473, 0.046800851821899414, 0.06123757362365723 
921, -0.7941978573799133, 0.11322450637817383, 0.0480806827545166, 0.06218695640563965 
922, -0.7941802740097046, 0.1134347915649414, 0.04769706726074219, 0.06275558471679688 
923, -0.7941992282867432, 0.11478614807128906, 0.04878687858581543, 0.06307578086853027 
924, -0.7942308187484741, 0.11190605163574219, 0.04731035232543945, 0.06166791915893555 
925, -0.7942434549331665, 0.1124734878540039, 0.047670841217041016, 0.06187319755554199 
926, -0.7942418456077576, 0.11543560028076172, 0.04921555519104004, 0.0632927417755127 
927, -0.7942385673522949, 0.1110997200012207, 0.04721689224243164, 0.0609743595123291 
928, -0.7941994667053223, 0.11397075653076172, 0.04754161834716797, 0.0635981559753418 
929, -0.7942047119140625, 0.11263608932495117, 0.04767107963562012, 0.06218242645263672 
930, -0.7942284941673279, 0.11042666435241699, 0.046623945236206055, 0.06107139587402344 
931, -0.7942036390304565, 0.1120154857635498, 0.04697132110595703, 0.0620577335357666 
932, -0.7941538095474243, 0.11208319664001465, 0.04733419418334961, 0.06192135810852051 
933, -0.7941993474960327, 0.11125612258911133, 0.04699420928955078, 0.061422109603881836 
934, -0.7942050695419312, 0.11619377136230469, 0.04879593849182129, 0.06437802314758301 
935, -0.7942014336585999, 0.11544275283813477, 0.04754352569580078, 0.06492114067077637 
936, -0.7942072749137878, 0.11373710632324219, 0.04887723922729492, 0.061928749084472656 
937, -0.794259786605835, 0.11293578147888184, 0.04784035682678223, 0.06217646598815918 
938, -0.7942439913749695, 0.11253046989440918, 0.04693245887756348, 0.0627293586730957 
939, -0.7942397594451904, 0.11263155937194824, 0.04732561111450195, 0.06229662895202637 
940, -0.794257640838623, 0.11428999900817871, 0.04848146438598633, 0.06284832954406738 
941, -0.7942416071891785, 0.11368846893310547, 0.04865598678588867, 0.06215691566467285 
942, -0.7942206859588623, 0.11144661903381348, 0.047115325927734375, 0.06143331527709961 
943, -0.7942132353782654, 0.11234712600708008, 0.04735875129699707, 0.062160491943359375 
944, -0.7942004203796387, 0.11217951774597168, 0.04725313186645508, 0.061991214752197266 
945, -0.7941930294036865, 0.11546039581298828, 0.04915976524353027, 0.06283092498779297 
946, -0.7942075729370117, 0.11491179466247559, 0.04875779151916504, 0.06326627731323242 
947, -0.794219970703125, 0.11270427703857422, 0.04723834991455078, 0.06213521957397461 
948, -0.7941670417785645, 0.11350011825561523, 0.047896385192871094, 0.06271004676818848 
949, -0.7942121624946594, 0.11206603050231934, 0.04763078689575195, 0.061499595642089844 
950, -0.7941561937332153, 0.11214423179626465, 0.04704594612121582, 0.06214737892150879 
951, -0.7941252589225769, 0.11354970932006836, 0.04818320274353027, 0.06248354911804199 
952, -0.7941142320632935, 0.11266279220581055, 0.04740619659423828, 0.062368154525756836 
953, -0.7940987348556519, 0.11305809020996094, 0.04751420021057129, 0.06260395050048828 
954, -0.7941182851791382, 0.11504054069519043, 0.04810905456542969, 0.06342673301696777 
955, -0.7941300868988037, 0.11303305625915527, 0.04787755012512207, 0.06223607063293457 
956, -0.7941654920578003, 0.11364340782165527, 0.04720711708068848, 0.06352734565734863 
957, -0.7942050695419312, 0.11362600326538086, 0.04839897155761719, 0.062315940856933594 
958, -0.7942461967468262, 0.1122138500213623, 0.04750466346740723, 0.0617983341217041 
959, -0.7942965030670166, 0.11374330520629883, 0.04754352569580078, 0.06325697898864746 
960, -0.7942776679992676, 0.11326098442077637, 0.04741930961608887, 0.06287622451782227 
961, -0.7942923307418823, 0.11403322219848633, 0.048573970794677734, 0.06245851516723633 
962, -0.7942560911178589, 0.11357688903808594, 0.048157453536987305, 0.06258273124694824 
963, -0.7942396402359009, 0.11314105987548828, 0.047028303146362305, 0.06274652481079102 
964, -0.7942280769348145, 0.11150884628295898, 0.046877384185791016, 0.06163620948791504 
965, -0.7942086458206177, 0.11278152465820312, 0.047286272048950195, 0.06258273124694824 
966, -0.7941778898239136, 0.11354565620422363, 0.04759931564331055, 0.06299519538879395 
967, -0.7941836714744568, 0.1215200424194336, 0.04822421073913574, 0.06708955764770508 
968, -0.7942063808441162, 0.11305618286132812, 0.047502994537353516, 0.06264233589172363 
969, -0.794227123260498, 0.11267352104187012, 0.04769420623779297, 0.062064409255981445 
970, -0.7941579818725586, 0.11265754699707031, 0.04804587364196777, 0.06173968315124512 
971, -0.794171929359436, 0.11201047897338867, 0.04694938659667969, 0.06218552589416504 
972, -0.7941295504570007, 0.113616943359375, 0.04850602149963379, 0.06217694282531738 
973, -0.7940860986709595, 0.11408138275146484, 0.04799079895019531, 0.06317353248596191 
974, -0.7940988540649414, 0.11405420303344727, 0.04778861999511719, 0.0632619857788086 
975, -0.7941368222236633, 0.11407637596130371, 0.04776620864868164, 0.0633246898651123 
976, -0.7941347360610962, 0.11319184303283691, 0.04816937446594238, 0.062113046646118164 
977, -0.7941688299179077, 0.11196112632751465, 0.04746127128601074, 0.06159043312072754 
978, -0.7941494584083557, 0.11278104782104492, 0.046656131744384766, 0.06313753128051758 
979, -0.7941722869873047, 0.11499452590942383, 0.04863333702087402, 0.06342530250549316 
980, -0.794238805770874, 0.11307644844055176, 0.047861337661743164, 0.062236785888671875 
981, -0.7942523956298828, 0.11233186721801758, 0.04726409912109375, 0.06216931343078613 
982, -0.7942408323287964, 0.11389923095703125, 0.04804348945617676, 0.0630335807800293 
983, -0.7942638397216797, 0.1128084659576416, 0.04732799530029297, 0.06262969970703125 
984, -0.7942317128181458, 0.11559271812438965, 0.04857182502746582, 0.06406044960021973 
985, -0.7942091226577759, 0.11566543579101562, 0.04879140853881836, 0.0639946460723877 
986, -0.7942107915878296, 0.11404538154602051, 0.04869675636291504, 0.06249117851257324 
987, -0.7941997051239014, 0.1153571605682373, 0.04922986030578613, 0.06311511993408203 
988, -0.7941857576370239, 0.11412262916564941, 0.04811692237854004, 0.06306719779968262 
989, -0.7942103147506714, 0.1130075454711914, 0.0481414794921875, 0.06183004379272461 
990, -0.794204592704773, 0.11651873588562012, 0.05007648468017578, 0.0635371208190918 
991, -0.7941557765007019, 0.11456942558288574, 0.048300981521606445, 0.06324291229248047 
992, -0.7942042946815491, 0.11493539810180664, 0.04914498329162598, 0.06261920928955078 
993, -0.7942088842391968, 0.11411547660827637, 0.04793381690979004, 0.06323456764221191 
994, -0.794198751449585, 0.11818957328796387, 0.05019712448120117, 0.06497359275817871 
995, -0.7942220568656921, 0.11348652839660645, 0.04835224151611328, 0.06228947639465332 
996, -0.794106125831604, 0.11319231986999512, 0.04748225212097168, 0.06282830238342285 
997, -0.794085681438446, 0.11278486251831055, 0.04802536964416504, 0.06186676025390625 
998, -0.7941126227378845, 0.11362695693969727, 0.0482182502746582, 0.06249856948852539 
999, -0.7941902875900269, 0.11191797256469727, 0.04679107666015625, 0.06215047836303711 
