Iteration, loss, time 
0, 0.8255004286766052, 0.20209860801696777, 0.13571763038635254, 0.061919450759887695 
1, 0.7696011662483215, 0.10991406440734863, 0.04612469673156738, 0.06097292900085449 
2, 0.7159483432769775, 0.10899114608764648, 0.04679512977600098, 0.05957984924316406 
3, 0.6641354560852051, 0.1093893051147461, 0.04576396942138672, 0.060990095138549805 
4, 0.6133858561515808, 0.11141753196716309, 0.04715085029602051, 0.06110644340515137 
5, 0.5632447600364685, 0.11208558082580566, 0.048253536224365234, 0.06111764907836914 
6, 0.5145878791809082, 0.10973596572875977, 0.046957969665527344, 0.06017732620239258 
7, 0.46742725372314453, 0.11218762397766113, 0.04673027992248535, 0.06265664100646973 
8, 0.4217735528945923, 0.11222434043884277, 0.04786872863769531, 0.061806678771972656 
9, 0.3776204288005829, 0.10965275764465332, 0.04629707336425781, 0.06064867973327637 
10, 0.3349548280239105, 0.11269068717956543, 0.04834103584289551, 0.061483144760131836 
11, 0.2937481999397278, 0.11125922203063965, 0.04713916778564453, 0.0613856315612793 
12, 0.2539718747138977, 0.10888552665710449, 0.045964717864990234, 0.060092926025390625 
13, 0.2155858874320984, 0.10960531234741211, 0.046544551849365234, 0.06039929389953613 
14, 0.178556889295578, 0.10798072814941406, 0.04583740234375, 0.05937933921813965 
15, 0.1428459882736206, 0.10911321640014648, 0.04649853706359863, 0.05984902381896973 
16, 0.10841715335845947, 0.11159086227416992, 0.0473175048828125, 0.061453819274902344 
17, 0.07543691992759705, 0.11084961891174316, 0.04703569412231445, 0.06098175048828125 
18, 0.04357978701591492, 0.11049938201904297, 0.04620552062988281, 0.0615086555480957 
19, 0.012802839279174805, 0.11234116554260254, 0.047701358795166016, 0.06189990043640137 
20, -0.016916334629058838, 0.11087918281555176, 0.047410011291503906, 0.06086611747741699 
21, -0.04548737406730652, 0.10927414894104004, 0.04606437683105469, 0.0605008602142334 
22, -0.07290694117546082, 0.10948038101196289, 0.04642820358276367, 0.06018400192260742 
23, -0.09933525323867798, 0.10910463333129883, 0.04580831527709961, 0.06057238578796387 
24, -0.1248144805431366, 0.11041069030761719, 0.04638838768005371, 0.06136584281921387 
25, -0.1493823230266571, 0.11116695404052734, 0.04738306999206543, 0.06109976768493652 
26, -0.17308181524276733, 0.11086320877075195, 0.04736137390136719, 0.06083965301513672 
27, -0.1959494650363922, 0.1114497184753418, 0.047318220138549805, 0.061240434646606445 
28, -0.2180233895778656, 0.11135625839233398, 0.04697370529174805, 0.06163358688354492 
29, -0.23897826671600342, 0.11087965965270996, 0.047154903411865234, 0.06101226806640625 
30, -0.25915297865867615, 0.11269116401672363, 0.048511505126953125, 0.06132793426513672 
31, -0.27873602509498596, 0.11077737808227539, 0.04726862907409668, 0.06077098846435547 
32, -0.2978940010070801, 0.11014461517333984, 0.04627680778503418, 0.06102323532104492 
33, -0.3167091906070709, 0.10879015922546387, 0.04682660102844238, 0.059401512145996094 
34, -0.33427363634109497, 0.10856246948242188, 0.04627680778503418, 0.05964517593383789 
35, -0.351290762424469, 0.10936903953552246, 0.04642343521118164, 0.06007957458496094 
36, -0.3677977919578552, 0.10973000526428223, 0.04634809494018555, 0.06060624122619629 
37, -0.38380905985832214, 0.11085939407348633, 0.04681062698364258, 0.06118035316467285 
38, -0.39867183566093445, 0.11109733581542969, 0.04663825035095215, 0.06180381774902344 
39, -0.4119037389755249, 0.11136865615844727, 0.04753828048706055, 0.06113314628601074 
40, -0.42492035031318665, 0.10973191261291504, 0.046729087829589844, 0.060317277908325195 
41, -0.43768560886383057, 0.10980725288391113, 0.046663522720336914, 0.06062030792236328 
42, -0.45017263293266296, 0.10785436630249023, 0.04599642753601074, 0.05917167663574219 
43, -0.46236205101013184, 0.10712909698486328, 0.04503297805786133, 0.05959272384643555 
44, -0.4742435812950134, 0.10919904708862305, 0.04643678665161133, 0.060060977935791016 
45, -0.48584577441215515, 0.10884976387023926, 0.04615592956542969, 0.0599517822265625 
46, -0.49861058592796326, 0.11069273948669434, 0.04693007469177246, 0.06117606163024902 
47, -0.5110121965408325, 0.11113142967224121, 0.04700589179992676, 0.061424970626831055 
48, -0.5230868458747864, 0.10947370529174805, 0.04651498794555664, 0.06029319763183594 
49, -0.5348386764526367, 0.10996198654174805, 0.04669666290283203, 0.06051826477050781 
50, -0.5462747812271118, 0.11046600341796875, 0.04799151420593262, 0.059600114822387695 
51, -0.557404637336731, 0.11069560050964355, 0.047002553939819336, 0.06096816062927246 
52, -0.5682353973388672, 0.1101987361907959, 0.046646833419799805, 0.060851097106933594 
53, -0.5787781476974487, 0.11001420021057129, 0.04670143127441406, 0.060652732849121094 
54, -0.5889425277709961, 0.10808777809143066, 0.0460507869720459, 0.05939197540283203 
55, -0.5987119674682617, 0.10949254035949707, 0.046457767486572266, 0.06035661697387695 
56, -0.6085572242736816, 0.11036014556884766, 0.04656529426574707, 0.06102919578552246 
57, -0.6180039644241333, 0.1096808910369873, 0.04676413536071777, 0.060230255126953125 
58, -0.6271441578865051, 0.110565185546875, 0.046723365783691406, 0.06114029884338379 
59, -0.6360510587692261, 0.11048293113708496, 0.046967267990112305, 0.06088995933532715 
60, -0.6447254419326782, 0.11186695098876953, 0.047403573989868164, 0.06172633171081543 
61, -0.6535542011260986, 0.10924911499023438, 0.04643678665161133, 0.06019401550292969 
62, -0.6621149182319641, 0.1083991527557373, 0.04559206962585449, 0.06020188331604004 
63, -0.6704463362693787, 0.10791134834289551, 0.04626822471618652, 0.0590512752532959 
64, -0.6786497235298157, 0.10938763618469238, 0.04616522789001465, 0.06055927276611328 
65, -0.6865842938423157, 0.10937380790710449, 0.04638338088989258, 0.060315847396850586 
66, -0.6943998336791992, 0.11050176620483398, 0.04706168174743652, 0.060889482498168945 
67, -0.702088475227356, 0.111114501953125, 0.04730057716369629, 0.06110668182373047 
68, -0.7095328569412231, 0.1102592945098877, 0.047224998474121094, 0.06027936935424805 
69, -0.716523289680481, 0.10940170288085938, 0.04610180854797363, 0.060503482818603516 
70, -0.7233926653862, 0.1120462417602539, 0.04736971855163574, 0.06191444396972656 
71, -0.7300544381141663, 0.11117744445800781, 0.04718375205993652, 0.06136798858642578 
72, -0.7363890409469604, 0.11056327819824219, 0.04662203788757324, 0.06118273735046387 
73, -0.7426501512527466, 0.10988497734069824, 0.04710054397583008, 0.0601353645324707 
74, -0.7485136389732361, 0.1087336540222168, 0.04613232612609863, 0.05984210968017578 
75, -0.7546204328536987, 0.1100609302520752, 0.0467073917388916, 0.060533761978149414 
76, -0.7606549263000488, 0.10949945449829102, 0.04616546630859375, 0.0605928897857666 
77, -0.7662448883056641, 0.10962772369384766, 0.0462040901184082, 0.060760498046875 
78, -0.7716964483261108, 0.11109805107116699, 0.04747271537780762, 0.06099057197570801 
79, -0.777073860168457, 0.11113452911376953, 0.04745984077453613, 0.0609736442565918 
80, -0.782345175743103, 0.1098167896270752, 0.046483755111694336, 0.06068825721740723 
81, -0.7874660491943359, 0.10846662521362305, 0.046411752700805664, 0.05939960479736328 
82, -0.7925059795379639, 0.10787177085876465, 0.04564023017883301, 0.05953168869018555 
83, -0.7974470853805542, 0.10999846458435059, 0.04662728309631348, 0.06055331230163574 
84, -0.8022074699401855, 0.11422967910766602, 0.04788613319396973, 0.06328082084655762 
85, -0.8069095611572266, 0.11562919616699219, 0.04880118370056152, 0.06384801864624023 
86, -0.8114283680915833, 0.11475348472595215, 0.04850292205810547, 0.06327342987060547 
87, -0.8158493041992188, 0.11471843719482422, 0.047623634338378906, 0.06410717964172363 
88, -0.8201648592948914, 0.11418342590332031, 0.04886317253112793, 0.06246638298034668 
89, -0.8244107961654663, 0.11804580688476562, 0.050324440002441406, 0.06467747688293457 
90, -0.8285703659057617, 0.11603546142578125, 0.04910397529602051, 0.06400656700134277 
91, -0.832663357257843, 0.11497902870178223, 0.04805421829223633, 0.0639500617980957 
92, -0.8366556167602539, 0.11784982681274414, 0.04995369911193848, 0.06517171859741211 
93, -0.8404991030693054, 0.11312079429626465, 0.04818010330200195, 0.06206870079040527 
94, -0.8442840576171875, 0.1117868423461914, 0.04737687110900879, 0.06152606010437012 
95, -0.8480674028396606, 0.11174154281616211, 0.04694390296936035, 0.061936140060424805 
96, -0.8516879081726074, 0.11232662200927734, 0.04691004753112793, 0.0626373291015625 
97, -0.855243980884552, 0.11231875419616699, 0.04751396179199219, 0.06183338165283203 
98, -0.8587692975997925, 0.11616206169128418, 0.04978775978088379, 0.06325364112854004 
99, -0.8622415065765381, 0.11417722702026367, 0.0487823486328125, 0.06252646446228027 
100, -0.8656125664710999, 0.11596417427062988, 0.04832172393798828, 0.06467723846435547 
101, -0.8688057661056519, 0.1152184009552002, 0.04886794090270996, 0.06350922584533691 
102, -0.8721613883972168, 0.11300349235534668, 0.04868364334106445, 0.06141090393066406 
103, -0.8753076195716858, 0.11670565605163574, 0.047814130783081055, 0.0656425952911377 
104, -0.8784306049346924, 0.11784529685974121, 0.050702810287475586, 0.06427383422851562 
105, -0.881536602973938, 0.11442375183105469, 0.04891252517700195, 0.06258678436279297 
106, -0.8845205903053284, 0.11449527740478516, 0.047766923904418945, 0.06362700462341309 
107, -0.8875256180763245, 0.11642885208129883, 0.05018138885498047, 0.06322574615478516 
108, -0.8904331922531128, 0.11336803436279297, 0.047985076904296875, 0.06240248680114746 
109, -0.893292248249054, 0.11904168128967285, 0.048330068588256836, 0.0677025318145752 
110, -0.89606773853302, 0.11826133728027344, 0.051152706146240234, 0.0642392635345459 
111, -0.8988807797431946, 0.11797142028808594, 0.049753427505493164, 0.06515169143676758 
112, -0.9015735387802124, 0.12234044075012207, 0.053191423416137695, 0.06616544723510742 
113, -0.9042131304740906, 0.11723637580871582, 0.05008721351623535, 0.06414389610290527 
114, -0.9068241715431213, 0.11688852310180664, 0.0497286319732666, 0.06411027908325195 
115, -0.9094279408454895, 0.11283755302429199, 0.04785919189453125, 0.062055349349975586 
116, -0.9119727611541748, 0.11195158958435059, 0.04746556282043457, 0.0615687370300293 
117, -0.9144473075866699, 0.11285114288330078, 0.04741835594177246, 0.06238102912902832 
118, -0.9169223308563232, 0.11408591270446777, 0.04798007011413574, 0.06324100494384766 
119, -0.9193487167358398, 0.11199116706848145, 0.0474395751953125, 0.06164407730102539 
120, -0.9216611385345459, 0.11398935317993164, 0.04791665077209473, 0.06298470497131348 
121, -0.9240922331809998, 0.1168980598449707, 0.04948854446411133, 0.06444191932678223 
122, -0.9264095425605774, 0.11424398422241211, 0.048302650451660156, 0.06291913986206055 
123, -0.9286349415779114, 0.1163029670715332, 0.04952859878540039, 0.06385564804077148 
124, -0.9308605194091797, 0.1149911880493164, 0.04968523979187012, 0.06218671798706055 
125, -0.9330482482910156, 0.11800456047058105, 0.04954242706298828, 0.06549525260925293 
126, -0.9352172017097473, 0.12300348281860352, 0.05115556716918945, 0.06874346733093262 
127, -0.9373396039009094, 0.11521506309509277, 0.04984617233276367, 0.06251239776611328 
128, -0.9393272995948792, 0.11374425888061523, 0.047708988189697266, 0.06289267539978027 
129, -0.941516637802124, 0.11560869216918945, 0.04915976524353027, 0.06347870826721191 
130, -0.9435223340988159, 0.11465597152709961, 0.04906606674194336, 0.0626838207244873 
131, -0.9454908967018127, 0.11402654647827148, 0.04803061485290527, 0.06297540664672852 
132, -0.9474594593048096, 0.11682844161987305, 0.049520254135131836, 0.0643768310546875 
133, -0.9493688941001892, 0.11887097358703613, 0.050058841705322266, 0.06511712074279785 
134, -0.9512619376182556, 0.1187276840209961, 0.05107450485229492, 0.0646507740020752 
135, -0.9531326293945312, 0.1180264949798584, 0.049521684646606445, 0.06549882888793945 
136, -0.9550004005432129, 0.11638712882995605, 0.048772573471069336, 0.06469511985778809 
137, -0.9568467140197754, 0.11308741569519043, 0.04818892478942871, 0.061803579330444336 
138, -0.9586424827575684, 0.11305475234985352, 0.047966718673706055, 0.06211137771606445 
139, -0.9603798985481262, 0.11106991767883301, 0.047326087951660156, 0.060933589935302734 
140, -0.9620885848999023, 0.11289763450622559, 0.04721808433532715, 0.06277298927307129 
141, -0.9637767672538757, 0.11376786231994629, 0.04849886894226074, 0.062377214431762695 
142, -0.9654754400253296, 0.11186885833740234, 0.04714846611022949, 0.06180381774902344 
143, -0.9671703577041626, 0.11478233337402344, 0.048032283782958984, 0.06378912925720215 
144, -0.9688227772712708, 0.1159658432006836, 0.04882955551147461, 0.06417441368103027 
145, -0.9704238772392273, 0.11263680458068848, 0.04810476303100586, 0.06163907051086426 
146, -0.9720184206962585, 0.11808013916015625, 0.050089120864868164, 0.06499743461608887 
147, -0.973516583442688, 0.11614203453063965, 0.050323486328125, 0.06287622451782227 
148, -0.9751273989677429, 0.11695623397827148, 0.04877352714538574, 0.06519556045532227 
149, -0.9766727685928345, 0.11793875694274902, 0.0492706298828125, 0.06567525863647461 
150, -0.9781399965286255, 0.11322546005249023, 0.04804873466491699, 0.06223917007446289 
151, -0.9796149730682373, 0.11406397819519043, 0.04802513122558594, 0.06285476684570312 
152, -0.9810666441917419, 0.11760449409484863, 0.05074167251586914, 0.06390619277954102 
153, -0.9824889898300171, 0.11377763748168945, 0.04808545112609863, 0.06272411346435547 
154, -0.9839068055152893, 0.1178288459777832, 0.04885220527648926, 0.06594109535217285 
155, -0.9853148460388184, 0.11976337432861328, 0.051666975021362305, 0.0650029182434082 
156, -0.9866365194320679, 0.11442399024963379, 0.04879903793334961, 0.06266236305236816 
157, -0.9880462288856506, 0.11427950859069824, 0.0476987361907959, 0.06367230415344238 
158, -0.9893021583557129, 0.11679792404174805, 0.049988508224487305, 0.06388378143310547 
159, -0.9906723499298096, 0.1122274398803711, 0.04759383201599121, 0.06171536445617676 
160, -0.9919502139091492, 0.11306166648864746, 0.047205448150634766, 0.0628504753112793 
161, -0.9932242035865784, 0.11345720291137695, 0.048484086990356445, 0.062154531478881836 
162, -0.9944637417793274, 0.11192846298217773, 0.04751276969909668, 0.06147170066833496 
163, -0.9957045316696167, 0.11353111267089844, 0.04794645309448242, 0.06264209747314453 
164, -0.9969180822372437, 0.11183881759643555, 0.048043251037597656, 0.060773372650146484 
165, -0.998137891292572, 0.11055302619934082, 0.04657340049743652, 0.06112551689147949 
166, -0.9993622899055481, 0.11579036712646484, 0.047289133071899414, 0.06557750701904297 
167, -1.000529170036316, 0.11692571640014648, 0.049124956130981445, 0.06485939025878906 
168, -1.0016942024230957, 0.11756491661071777, 0.05069780349731445, 0.06388974189758301 
169, -1.0027762651443481, 0.11996746063232422, 0.050455570220947266, 0.0664832592010498 
170, -1.003816843032837, 0.11904406547546387, 0.05134296417236328, 0.06472229957580566 
171, -1.0050454139709473, 0.11495852470397949, 0.048050880432128906, 0.06385421752929688 
172, -1.0060845613479614, 0.1145939826965332, 0.049095869064331055, 0.06255030632019043 
173, -1.00713312625885, 0.11350178718566895, 0.04823470115661621, 0.061989784240722656 
174, -1.0081887245178223, 0.11512947082519531, 0.04814267158508301, 0.06396341323852539 
175, -1.0092406272888184, 0.11596369743347168, 0.048783302307128906, 0.06417083740234375 
176, -1.0102505683898926, 0.11470556259155273, 0.04886341094970703, 0.06305146217346191 
177, -1.011259913444519, 0.11677098274230957, 0.0499424934387207, 0.06370258331298828 
178, -1.0122729539871216, 0.11562895774841309, 0.04924607276916504, 0.06345462799072266 
179, -1.013261318206787, 0.11370515823364258, 0.04777646064758301, 0.0630033016204834 
180, -1.0142837762832642, 0.11493897438049316, 0.04728269577026367, 0.06466364860534668 
181, -1.0152506828308105, 0.11404943466186523, 0.04894733428955078, 0.06215691566467285 
182, -1.0161794424057007, 0.11197280883789062, 0.047044992446899414, 0.06194710731506348 
183, -1.0171138048171997, 0.113739013671875, 0.0482177734375, 0.06259417533874512 
184, -1.0180199146270752, 0.11408495903015137, 0.04793095588684082, 0.06321501731872559 
185, -1.0188686847686768, 0.11116981506347656, 0.04763007164001465, 0.060730695724487305 
186, -1.0197808742523193, 0.11310505867004395, 0.047133445739746094, 0.06256818771362305 
187, -1.0206438302993774, 0.11458158493041992, 0.04923820495605469, 0.06240701675415039 
188, -1.0215065479278564, 0.11726546287536621, 0.04772663116455078, 0.06644654273986816 
189, -1.0223743915557861, 0.12134337425231934, 0.05130934715270996, 0.06696510314941406 
190, -1.0232218503952026, 0.11874079704284668, 0.051110267639160156, 0.06462430953979492 
191, -1.0240733623504639, 0.11638092994689941, 0.04826784133911133, 0.06508040428161621 
192, -1.0249090194702148, 0.12373924255371094, 0.05235934257507324, 0.06843018531799316 
193, -1.0256245136260986, 0.11696863174438477, 0.05094742774963379, 0.06304240226745605 
194, -1.026427984237671, 0.11471033096313477, 0.04841470718383789, 0.0632467269897461 
195, -1.027279019355774, 0.11606860160827637, 0.048793792724609375, 0.06418800354003906 
196, -1.0280570983886719, 0.1142129898071289, 0.04813790321350098, 0.06316113471984863 
197, -1.0287978649139404, 0.11445379257202148, 0.04817962646484375, 0.06319665908813477 
198, -1.0295333862304688, 0.11745119094848633, 0.04936623573303223, 0.06507682800292969 
199, -1.030181646347046, 0.11446475982666016, 0.04860234260559082, 0.06273818016052246 
200, -1.030982494354248, 0.11764907836914062, 0.049063682556152344, 0.0655064582824707 
201, -1.0316884517669678, 0.11846494674682617, 0.0503392219543457, 0.06508040428161621 
202, -1.0324065685272217, 0.11566376686096191, 0.04862260818481445, 0.06406402587890625 
203, -1.0331157445907593, 0.1159658432006836, 0.04973888397216797, 0.06305432319641113 
204, -1.0338143110275269, 0.11412525177001953, 0.04818272590637207, 0.06296730041503906 
205, -1.0344736576080322, 0.11360859870910645, 0.047512054443359375, 0.06317996978759766 
206, -1.0351390838623047, 0.11210370063781738, 0.0469207763671875, 0.06215047836303711 
207, -1.03580904006958, 0.11395049095153809, 0.048581838607788086, 0.06245756149291992 
208, -1.036440134048462, 0.11204791069030762, 0.04759335517883301, 0.061571598052978516 
209, -1.0370676517486572, 0.11499977111816406, 0.04730653762817383, 0.06469583511352539 
210, -1.0376931428909302, 0.11727571487426758, 0.04808473587036133, 0.06621122360229492 
211, -1.0383458137512207, 0.11881208419799805, 0.051360130310058594, 0.06441569328308105 
212, -1.038982629776001, 0.12132811546325684, 0.0508270263671875, 0.06678390502929688 
213, -1.039494276046753, 0.12055492401123047, 0.0510859489440918, 0.06655240058898926 
214, -1.0401426553726196, 0.118927001953125, 0.05006122589111328, 0.06584334373474121 
215, -1.0407075881958008, 0.11711001396179199, 0.04976701736450195, 0.06428265571594238 
216, -1.041283369064331, 0.11531615257263184, 0.04911327362060547, 0.06325125694274902 
217, -1.0418611764907837, 0.1219625473022461, 0.047701120376586914, 0.06426477432250977 
218, -1.042423963546753, 0.1150810718536377, 0.048686981201171875, 0.06346654891967773 
219, -1.0429598093032837, 0.11315059661865234, 0.04862356185913086, 0.06152153015136719 
220, -1.04349946975708, 0.11291646957397461, 0.04722189903259277, 0.06267070770263672 
221, -1.044051170349121, 0.11667966842651367, 0.048204898834228516, 0.0646674633026123 
222, -1.0445951223373413, 0.1155099868774414, 0.04982328414916992, 0.06283068656921387 
223, -1.045062780380249, 0.11412477493286133, 0.04781818389892578, 0.06341552734375 
224, -1.045623779296875, 0.11944198608398438, 0.050736427307128906, 0.0656278133392334 
225, -1.0461392402648926, 0.11451077461242676, 0.049195051193237305, 0.0623784065246582 
226, -1.0466201305389404, 0.11195111274719238, 0.04732656478881836, 0.06167292594909668 
227, -1.047111988067627, 0.11331701278686523, 0.047779083251953125, 0.06256484985351562 
228, -1.0476243495941162, 0.11178088188171387, 0.047463178634643555, 0.06153678894042969 
229, -1.0481058359146118, 0.11286473274230957, 0.04739952087402344, 0.06259942054748535 
230, -1.048546314239502, 0.11275458335876465, 0.04757428169250488, 0.06207728385925293 
231, -1.049050211906433, 0.1141519546508789, 0.04781746864318848, 0.0632786750793457 
232, -1.0495270490646362, 0.11965560913085938, 0.04961848258972168, 0.06679129600524902 
233, -1.0499565601348877, 0.11858177185058594, 0.05094265937805176, 0.06480550765991211 
234, -1.0503928661346436, 0.11467695236206055, 0.04767417907714844, 0.06394553184509277 
235, -1.0508332252502441, 0.11701774597167969, 0.049948692321777344, 0.06406307220458984 
236, -1.0512747764587402, 0.1211998462677002, 0.051966190338134766, 0.06622743606567383 
237, -1.0516619682312012, 0.11670184135437012, 0.0497286319732666, 0.06395292282104492 
238, -1.052128553390503, 0.1149146556854248, 0.04816603660583496, 0.06373000144958496 
239, -1.0525293350219727, 0.11409115791320801, 0.04824399948120117, 0.06282305717468262 
240, -1.052940845489502, 0.11328625679016113, 0.048241376876831055, 0.06193685531616211 
241, -1.0533630847930908, 0.11345529556274414, 0.04828953742980957, 0.06235337257385254 
242, -1.0537582635879517, 0.11438155174255371, 0.04819989204406738, 0.06326842308044434 
243, -1.054141640663147, 0.11458420753479004, 0.04791688919067383, 0.06369948387145996 
244, -1.0545461177825928, 0.11875772476196289, 0.051581382751464844, 0.0639650821685791 
245, -1.054785132408142, 0.11579656600952148, 0.049603939056396484, 0.06320691108703613 
246, -1.0552778244018555, 0.11697530746459961, 0.04894709587097168, 0.0649867057800293 
247, -1.0556385517120361, 0.11426997184753418, 0.0476994514465332, 0.06348967552185059 
248, -1.0559725761413574, 0.11466741561889648, 0.048424482345581055, 0.06317925453186035 
249, -1.0563396215438843, 0.11316227912902832, 0.04752492904663086, 0.06263589859008789 
250, -1.0566874742507935, 0.1132500171661377, 0.0481569766998291, 0.06219935417175293 
251, -1.0570347309112549, 0.11215662956237793, 0.047333478927612305, 0.06191897392272949 
252, -1.0573889017105103, 0.11481857299804688, 0.04796481132507324, 0.06373715400695801 
253, -1.0577071905136108, 0.11870145797729492, 0.0512387752532959, 0.06461882591247559 
254, -1.058060646057129, 0.11504697799682617, 0.04807138442993164, 0.06398367881774902 
255, -1.058398962020874, 0.11885833740234375, 0.05037522315979004, 0.06550383567810059 
256, -1.058732032775879, 0.11696791648864746, 0.04999971389770508, 0.06387758255004883 
257, -1.0590473413467407, 0.11585259437561035, 0.04909539222717285, 0.06377482414245605 
258, -1.0593602657318115, 0.12079548835754395, 0.05110526084899902, 0.06664419174194336 
259, -1.0596271753311157, 0.11897873878479004, 0.05152177810668945, 0.06429791450500488 
260, -1.0599151849746704, 0.11354637145996094, 0.0481112003326416, 0.06247568130493164 
261, -1.060196876525879, 0.11442208290100098, 0.04835653305053711, 0.06300544738769531 
262, -1.0604832172393799, 0.1150360107421875, 0.04854249954223633, 0.06358623504638672 
263, -1.060767650604248, 0.1136467456817627, 0.04798293113708496, 0.06260871887207031 
264, -1.0610764026641846, 0.11558079719543457, 0.04843759536743164, 0.06415939331054688 
265, -1.0613540410995483, 0.1156463623046875, 0.049173831939697266, 0.06342363357543945 
266, -1.061652421951294, 0.11636662483215332, 0.049340248107910156, 0.06399679183959961 
267, -1.0618906021118164, 0.11577343940734863, 0.048476219177246094, 0.06434106826782227 
268, -1.0621564388275146, 0.1145780086517334, 0.04804801940917969, 0.06355786323547363 
269, -1.0624343156814575, 0.11383295059204102, 0.048012495040893555, 0.06267356872558594 
270, -1.0626649856567383, 0.11441421508789062, 0.04784059524536133, 0.06368660926818848 
271, -1.0629220008850098, 0.11444306373596191, 0.048861026763916016, 0.06266975402832031 
272, -1.0631904602050781, 0.11404275894165039, 0.04833507537841797, 0.06279253959655762 
273, -1.063476800918579, 0.11713314056396484, 0.05019330978393555, 0.06402063369750977 
274, -1.0636299848556519, 0.11537361145019531, 0.04925823211669922, 0.06307864189147949 
275, -1.0639503002166748, 0.11683297157287598, 0.048718929290771484, 0.06519293785095215 
276, -1.0642176866531372, 0.1201014518737793, 0.05036425590515137, 0.06663346290588379 
277, -1.0644301176071167, 0.11622452735900879, 0.04955935478210449, 0.06364250183105469 
278, -1.0646213293075562, 0.11717796325683594, 0.04947710037231445, 0.06469440460205078 
279, -1.0648455619812012, 0.11637544631958008, 0.04915809631347656, 0.06424760818481445 
280, -1.0650956630706787, 0.11747884750366211, 0.049562931060791016, 0.06485843658447266 
281, -1.065316081047058, 0.11535215377807617, 0.04883599281311035, 0.06349825859069824 
282, -1.0655629634857178, 0.11599373817443848, 0.049021244049072266, 0.06393003463745117 
283, -1.065821886062622, 0.11596798896789551, 0.04871058464050293, 0.0638127326965332 
284, -1.0659366846084595, 0.11440157890319824, 0.048236846923828125, 0.0631856918334961 
285, -1.0661247968673706, 0.11338949203491211, 0.04776167869567871, 0.06276369094848633 
286, -1.0664160251617432, 0.11438441276550293, 0.048061370849609375, 0.06342577934265137 
287, -1.066641092300415, 0.11563277244567871, 0.04873037338256836, 0.06399059295654297 
288, -1.0668162107467651, 0.11434507369995117, 0.048726558685302734, 0.06274056434631348 
289, -1.0669879913330078, 0.11480116844177246, 0.04861307144165039, 0.06320309638977051 
290, -1.0671725273132324, 0.11447811126708984, 0.0493013858795166, 0.06232857704162598 
291, -1.067310094833374, 0.11064863204956055, 0.04712963104248047, 0.060640811920166016 
292, -1.067536473274231, 0.11295962333679199, 0.04757380485534668, 0.06199359893798828 
293, -1.0677227973937988, 0.11318016052246094, 0.04753828048706055, 0.06269192695617676 
294, -1.067922592163086, 0.11373400688171387, 0.047319650650024414, 0.06325578689575195 
295, -1.068100929260254, 0.11765265464782715, 0.049851417541503906, 0.06487917900085449 
296, -1.0682934522628784, 0.11326313018798828, 0.048363447189331055, 0.062003374099731445 
297, -1.068507432937622, 0.11828088760375977, 0.04947376251220703, 0.06545877456665039 
298, -1.0686273574829102, 0.12032699584960938, 0.05046367645263672, 0.06666874885559082 
299, -1.0687897205352783, 0.11966323852539062, 0.05125856399536133, 0.0652916431427002 
300, -1.0690202713012695, 0.12021327018737793, 0.051187992095947266, 0.06606101989746094 
301, -1.0691924095153809, 0.11776208877563477, 0.05048847198486328, 0.06420183181762695 
302, -1.0693168640136719, 0.11542034149169922, 0.048769235610961914, 0.06371355056762695 
303, -1.0694098472595215, 0.11506843566894531, 0.048700809478759766, 0.06343579292297363 
304, -1.0696265697479248, 0.1131443977355957, 0.04808521270751953, 0.06209921836853027 
305, -1.0697423219680786, 0.11255168914794922, 0.04757809638977051, 0.06207156181335449 
306, -1.0698928833007812, 0.11376619338989258, 0.04786038398742676, 0.06295371055603027 
307, -1.0700544118881226, 0.11325907707214355, 0.04831075668334961, 0.062035322189331055 
308, -1.0702252388000488, 0.11352014541625977, 0.04758048057556152, 0.06295609474182129 
309, -1.0703877210617065, 0.1169426441192627, 0.04918479919433594, 0.06450533866882324 
310, -1.070464015007019, 0.11273074150085449, 0.047803401947021484, 0.06156420707702637 
311, -1.0706214904785156, 0.11512923240661621, 0.048303842544555664, 0.06381773948669434 
312, -1.0708222389221191, 0.11724543571472168, 0.04950284957885742, 0.06493377685546875 
313, -1.0709433555603027, 0.11247444152832031, 0.04763031005859375, 0.06190800666809082 
314, -1.0710924863815308, 0.11580419540405273, 0.0487513542175293, 0.0640254020690918 
315, -1.0712497234344482, 0.11454296112060547, 0.04965639114379883, 0.06195831298828125 
316, -1.071405291557312, 0.11268377304077148, 0.04784369468688965, 0.06193828582763672 
317, -1.0714871883392334, 0.11786675453186035, 0.05078911781311035, 0.0639791488647461 
318, -1.0715959072113037, 0.11367583274841309, 0.047937631607055664, 0.06278657913208008 
319, -1.071699619293213, 0.11709380149841309, 0.04835176467895508, 0.0655050277709961 
320, -1.0718225240707397, 0.12292957305908203, 0.05062294006347656, 0.06916022300720215 
321, -1.0719504356384277, 0.11989688873291016, 0.051609039306640625, 0.06520867347717285 
322, -1.0721008777618408, 0.11626744270324707, 0.049147844314575195, 0.06408333778381348 
323, -1.072227954864502, 0.11701464653015137, 0.04900217056274414, 0.06510591506958008 
324, -1.0723562240600586, 0.11454916000366211, 0.048551321029663086, 0.06305742263793945 
325, -1.072481632232666, 0.11371064186096191, 0.04855680465698242, 0.06210207939147949 
326, -1.0725977420806885, 0.11283016204833984, 0.04741191864013672, 0.06251668930053711 
327, -1.0727005004882812, 0.11252760887145996, 0.04760909080505371, 0.06197166442871094 
328, -1.0728123188018799, 0.1142427921295166, 0.048069000244140625, 0.06330418586730957 
329, -1.0729351043701172, 0.1130366325378418, 0.04832172393798828, 0.061821937561035156 
330, -1.072953224182129, 0.11148309707641602, 0.047287940979003906, 0.061298370361328125 
331, -1.0731093883514404, 0.11597871780395508, 0.04866671562194824, 0.06432509422302246 
332, -1.0731651782989502, 0.11385965347290039, 0.048303842544555664, 0.06264829635620117 
333, -1.0732500553131104, 0.11460518836975098, 0.04786968231201172, 0.0637660026550293 
334, -1.0733487606048584, 0.12161827087402344, 0.051361799240112305, 0.06729292869567871 
335, -1.073459267616272, 0.11438608169555664, 0.049236297607421875, 0.062201499938964844 
336, -1.0735695362091064, 0.11385869979858398, 0.04771876335144043, 0.06313204765319824 
337, -1.073699712753296, 0.1148679256439209, 0.0486757755279541, 0.06277799606323242 
338, -1.0738098621368408, 0.11348390579223633, 0.04814910888671875, 0.062470197677612305 
339, -1.0738739967346191, 0.11658215522766113, 0.04859328269958496, 0.06479644775390625 
340, -1.0739777088165283, 0.11610221862792969, 0.04900097846984863, 0.06397819519042969 
341, -1.0741136074066162, 0.11807656288146973, 0.0498347282409668, 0.0651552677154541 
342, -1.074203372001648, 0.12321019172668457, 0.05106234550476074, 0.0688321590423584 
343, -1.0742197036743164, 0.1223142147064209, 0.052285194396972656, 0.0669405460357666 
344, -1.0742319822311401, 0.1184837818145752, 0.051759958267211914, 0.06351804733276367 
345, -1.0742802619934082, 0.11722278594970703, 0.04878664016723633, 0.06541919708251953 
346, -1.0743639469146729, 0.11805391311645508, 0.05112719535827637, 0.06402754783630371 
347, -1.0744813680648804, 0.11424589157104492, 0.048736572265625, 0.06253719329833984 
348, -1.074597954750061, 0.11313128471374512, 0.04769635200500488, 0.062461137771606445 
349, -1.074723720550537, 0.11394309997558594, 0.048397064208984375, 0.06269645690917969 
350, -1.0748366117477417, 0.11239361763000488, 0.04718804359436035, 0.06236910820007324 
351, -1.074832797050476, 0.11409258842468262, 0.04773139953613281, 0.06344342231750488 
352, -1.0749393701553345, 0.11432719230651855, 0.048661231994628906, 0.06281638145446777 
353, -1.0750919580459595, 0.11860108375549316, 0.04928159713745117, 0.0661466121673584 
354, -1.075143575668335, 0.12494444847106934, 0.05444502830505371, 0.06743526458740234 
355, -1.0752062797546387, 0.1231837272644043, 0.05498075485229492, 0.06510353088378906 
356, -1.0752873420715332, 0.13008427619934082, 0.054297685623168945, 0.07271528244018555 
357, -1.0752168893814087, 0.11580014228820801, 0.049948692321777344, 0.06289839744567871 
358, -1.0754294395446777, 0.11319851875305176, 0.04790234565734863, 0.06238389015197754 
359, -1.07549250125885, 0.11560177803039551, 0.04869413375854492, 0.06386995315551758 
360, -1.0755741596221924, 0.11650991439819336, 0.04902315139770508, 0.06454205513000488 
361, -1.0756752490997314, 0.11415457725524902, 0.048375844955444336, 0.06290602684020996 
362, -1.075669288635254, 0.11793184280395508, 0.049193382263183594, 0.06570315361022949 
363, -1.0757980346679688, 0.1177375316619873, 0.0507969856262207, 0.06394433975219727 
364, -1.075789213180542, 0.11762380599975586, 0.049680233001708984, 0.06490278244018555 
365, -1.0757871866226196, 0.11938810348510742, 0.05075716972351074, 0.06554198265075684 
366, -1.0758123397827148, 0.11817479133605957, 0.05115985870361328, 0.06415486335754395 
367, -1.0758531093597412, 0.11742401123046875, 0.04841303825378418, 0.06594324111938477 
368, -1.0759179592132568, 0.11771297454833984, 0.04996085166931152, 0.0647897720336914 
369, -1.0760056972503662, 0.11359810829162598, 0.04850125312805176, 0.06211447715759277 
370, -1.0760815143585205, 0.11264896392822266, 0.04726815223693848, 0.06225943565368652 
371, -1.0761841535568237, 0.11271476745605469, 0.04796266555786133, 0.06188082695007324 
372, -1.0762791633605957, 0.11190176010131836, 0.0472872257232666, 0.061731576919555664 
373, -1.0762453079223633, 0.1133580207824707, 0.04727530479431152, 0.06310248374938965 
374, -1.0763193368911743, 0.1174018383026123, 0.04957246780395508, 0.06478261947631836 
375, -1.0764714479446411, 0.11990666389465332, 0.05202174186706543, 0.06481099128723145 
376, -1.0764825344085693, 0.11784863471984863, 0.05005693435668945, 0.06478714942932129 
377, -1.076517105102539, 0.12012815475463867, 0.05027270317077637, 0.0667867660522461 
378, -1.0765821933746338, 0.11895418167114258, 0.05035281181335449, 0.06551766395568848 
379, -1.0766124725341797, 0.1149749755859375, 0.048967599868774414, 0.06302523612976074 
380, -1.0766651630401611, 0.11508035659790039, 0.04892611503601074, 0.06322407722473145 
381, -1.0766003131866455, 0.11405301094055176, 0.04793953895568848, 0.06307792663574219 
382, -1.076779842376709, 0.11465859413146973, 0.048247337341308594, 0.06360077857971191 
383, -1.0768187046051025, 0.11329269409179688, 0.047852277755737305, 0.0625448226928711 
384, -1.0768725872039795, 0.11487674713134766, 0.047722578048706055, 0.06420469284057617 
385, -1.0769503116607666, 0.11473202705383301, 0.04903769493103027, 0.06283140182495117 
386, -1.0770349502563477, 0.1160426139831543, 0.04883933067321777, 0.06428337097167969 
387, -1.077094316482544, 0.11523842811584473, 0.04909157752990723, 0.06316375732421875 
388, -1.0771278142929077, 0.11437034606933594, 0.049059391021728516, 0.06242847442626953 
389, -1.077072262763977, 0.11515569686889648, 0.04805135726928711, 0.06410574913024902 
390, -1.077146291732788, 0.12222695350646973, 0.05010032653808594, 0.06509804725646973 
391, -1.0772018432617188, 0.11275100708007812, 0.04803109169006348, 0.06173586845397949 
392, -1.0772165060043335, 0.11258673667907715, 0.047632455825805664, 0.06195664405822754 
393, -1.0772411823272705, 0.11216092109680176, 0.047678470611572266, 0.061774253845214844 
394, -1.0772840976715088, 0.11159515380859375, 0.04697680473327637, 0.06176137924194336 
395, -1.077338695526123, 0.11513590812683105, 0.047545671463012695, 0.06454229354858398 
396, -1.077401876449585, 0.11876487731933594, 0.05086016654968262, 0.06497883796691895 
397, -1.0774669647216797, 0.11794209480285645, 0.050930023193359375, 0.06410551071166992 
398, -1.0775494575500488, 0.11601996421813965, 0.04866218566894531, 0.06427597999572754 
399, -1.0776005983352661, 0.11676621437072754, 0.04870414733886719, 0.06504130363464355 
400, -1.0776283740997314, 0.1166541576385498, 0.04872298240661621, 0.06496167182922363 
401, -1.0776691436767578, 0.11552834510803223, 0.04871201515197754, 0.06388020515441895 
402, -1.077713966369629, 0.1135246753692627, 0.04840087890625, 0.06217646598815918 
403, -1.0775922536849976, 0.1129915714263916, 0.04774928092956543, 0.06227397918701172 
404, -1.0777482986450195, 0.11470198631286621, 0.048476457595825195, 0.06314826011657715 
405, -1.0777506828308105, 0.11326742172241211, 0.04862475395202637, 0.06177043914794922 
406, -1.0777857303619385, 0.11399555206298828, 0.047576904296875, 0.06330180168151855 
407, -1.0778480768203735, 0.11561346054077148, 0.0489344596862793, 0.06375837326049805 
408, -1.0779364109039307, 0.11503434181213379, 0.047866106033325195, 0.06415486335754395 
409, -1.0778837203979492, 0.12094688415527344, 0.05063605308532715, 0.06663370132446289 
410, -1.0779988765716553, 0.11799788475036621, 0.05036640167236328, 0.06469941139221191 
411, -1.0779767036437988, 0.11644864082336426, 0.049694061279296875, 0.06373810768127441 
412, -1.07801353931427, 0.1166543960571289, 0.04991888999938965, 0.06373405456542969 
413, -1.0780231952667236, 0.1123192310333252, 0.04741263389587402, 0.062033891677856445 
414, -1.0780315399169922, 0.11210846900939941, 0.04715108871459961, 0.06203961372375488 
415, -1.0780749320983887, 0.11330437660217285, 0.04790687561035156, 0.06254792213439941 
416, -1.078115463256836, 0.11356091499328613, 0.04847979545593262, 0.06213641166687012 
417, -1.0781359672546387, 0.1152036190032959, 0.04833555221557617, 0.06384944915771484 
418, -1.0781477689743042, 0.11722278594970703, 0.04998493194580078, 0.06417036056518555 
419, -1.078189730644226, 0.11944198608398438, 0.05053257942199707, 0.06586503982543945 
420, -1.0782725811004639, 0.12191295623779297, 0.05150270462036133, 0.06732368469238281 
421, -1.0782816410064697, 0.11845660209655762, 0.050330162048339844, 0.06510591506958008 
422, -1.0783406496047974, 0.12077593803405762, 0.05137062072753906, 0.06627440452575684 
423, -1.0783798694610596, 0.11870431900024414, 0.052085161209106445, 0.06347537040710449 
424, -1.0783578157424927, 0.11447834968566895, 0.04822540283203125, 0.06334805488586426 
425, -1.078381061553955, 0.11320257186889648, 0.04794812202453613, 0.06236696243286133 
426, -1.0783802270889282, 0.11417174339294434, 0.04765462875366211, 0.06346631050109863 
427, -1.0784121751785278, 0.11527228355407715, 0.04801034927368164, 0.06435346603393555 
428, -1.0784540176391602, 0.11245298385620117, 0.047614336013793945, 0.061951398849487305 
429, -1.0784940719604492, 0.11613059043884277, 0.048622846603393555, 0.06453275680541992 
430, -1.0785231590270996, 0.11748385429382324, 0.04931354522705078, 0.06524658203125 
431, -1.0785759687423706, 0.1160736083984375, 0.04895615577697754, 0.0640268325805664 
432, -1.0785493850708008, 0.11849737167358398, 0.05013394355773926, 0.06539559364318848 
433, -1.078592300415039, 0.11340641975402832, 0.04820990562438965, 0.062264442443847656 
434, -1.0786633491516113, 0.12534332275390625, 0.0568385124206543, 0.06531810760498047 
435, -1.0786781311035156, 0.11663293838500977, 0.05049419403076172, 0.06313729286193848 
436, -1.078697919845581, 0.11393141746520996, 0.04870438575744629, 0.06239199638366699 
437, -1.078637719154358, 0.11434412002563477, 0.04774117469787598, 0.06349778175354004 
438, -1.0787315368652344, 0.11608362197875977, 0.04878592491149902, 0.06436920166015625 
439, -1.0787267684936523, 0.11476373672485352, 0.048685550689697266, 0.06307148933410645 
440, -1.0787324905395508, 0.1166696548461914, 0.049399375915527344, 0.06424498558044434 
441, -1.0787663459777832, 0.11916542053222656, 0.05057096481323242, 0.06549406051635742 
442, -1.0787826776504517, 0.12374448776245117, 0.050248146057128906, 0.07037544250488281 
443, -1.078823208808899, 0.11850190162658691, 0.04973602294921875, 0.0657508373260498 
444, -1.0787599086761475, 0.12011027336120605, 0.04998898506164551, 0.06712746620178223 
445, -1.0788347721099854, 0.1160283088684082, 0.05002737045288086, 0.06307840347290039 
446, -1.0788822174072266, 0.11458086967468262, 0.04839825630187988, 0.06322765350341797 
447, -1.0788705348968506, 0.11443018913269043, 0.04852652549743652, 0.06286120414733887 
448, -1.078852891921997, 0.11191439628601074, 0.047147274017333984, 0.06197547912597656 
449, -1.0789070129394531, 0.11349964141845703, 0.047217607498168945, 0.06331586837768555 
450, -1.0788373947143555, 0.11284208297729492, 0.04802274703979492, 0.061934471130371094 
451, -1.0788061618804932, 0.11390995979309082, 0.04750227928161621, 0.06342482566833496 
452, -1.078812837600708, 0.11603450775146484, 0.04978370666503906, 0.06330132484436035 
453, -1.078855037689209, 0.11640381813049316, 0.05050969123840332, 0.06285214424133301 
454, -1.078901767730713, 0.11484932899475098, 0.04864859580993652, 0.06312918663024902 
455, -1.078867793083191, 0.11517882347106934, 0.04854130744934082, 0.06378674507141113 
456, -1.0789599418640137, 0.11207985877990723, 0.0470578670501709, 0.062082767486572266 
457, -1.0790441036224365, 0.1143500804901123, 0.04775857925415039, 0.06350851058959961 
458, -1.0790704488754272, 0.1136627197265625, 0.04814887046813965, 0.06261205673217773 
459, -1.0789425373077393, 0.11262059211730957, 0.047589778900146484, 0.06202435493469238 
460, -1.079092025756836, 0.11618351936340332, 0.04879450798034668, 0.0643622875213623 
461, -1.0790636539459229, 0.11532807350158691, 0.04944276809692383, 0.06311273574829102 
462, -1.0790387392044067, 0.11482548713684082, 0.04745650291442871, 0.06442403793334961 
463, -1.0790433883666992, 0.11878657341003418, 0.04888415336608887, 0.06686735153198242 
464, -1.0790809392929077, 0.11935305595397949, 0.05143547058105469, 0.06497740745544434 
465, -1.0791462659835815, 0.11821913719177246, 0.05105733871459961, 0.06418037414550781 
466, -1.0792210102081299, 0.12000870704650879, 0.051424503326416016, 0.06556177139282227 
467, -1.079145073890686, 0.11649489402770996, 0.0507504940032959, 0.06287693977355957 
468, -1.079146146774292, 0.11130547523498535, 0.04696154594421387, 0.061453819274902344 
469, -1.0792559385299683, 0.11281228065490723, 0.04746437072753906, 0.06241488456726074 
470, -1.0792138576507568, 0.11175298690795898, 0.04742240905761719, 0.06143951416015625 
471, -1.0792007446289062, 0.11213970184326172, 0.04767751693725586, 0.0617070198059082 
472, -1.079174518585205, 0.11457395553588867, 0.048598527908325195, 0.06229424476623535 
473, -1.0791782140731812, 0.11368942260742188, 0.04813027381896973, 0.06271481513977051 
474, -1.0791897773742676, 0.1137247085571289, 0.047331809997558594, 0.06338191032409668 
475, -1.0792287588119507, 0.11644935607910156, 0.05043482780456543, 0.06302547454833984 
476, -1.07929527759552, 0.1131749153137207, 0.048107147216796875, 0.06210517883300781 
477, -1.0793182849884033, 0.11313152313232422, 0.04790019989013672, 0.06227517127990723 
478, -1.0793850421905518, 0.11551880836486816, 0.049093008041381836, 0.06329727172851562 
479, -1.0794060230255127, 0.11927938461303711, 0.054062843322753906, 0.06228947639465332 
480, -1.0793418884277344, 0.11550569534301758, 0.04797863960266113, 0.06448483467102051 
481, -1.0794024467468262, 0.11636471748352051, 0.04855513572692871, 0.06429290771484375 
482, -1.0793719291687012, 0.11411786079406738, 0.047690629959106445, 0.06343507766723633 
483, -1.0793375968933105, 0.1157679557800293, 0.04987454414367676, 0.06289291381835938 
484, -1.079338788986206, 0.11589503288269043, 0.04816555976867676, 0.0647127628326416 
485, -1.0793720483779907, 0.11474418640136719, 0.048378705978393555, 0.06338906288146973 
486, -1.0794334411621094, 0.11919879913330078, 0.050435543060302734, 0.06579804420471191 
487, -1.0794413089752197, 0.1298527717590332, 0.06406974792480469, 0.06286740303039551 
488, -1.079458475112915, 0.1545109748840332, 0.08036994934082031, 0.07124090194702148 
489, -1.0794378519058228, 0.11812925338745117, 0.050092220306396484, 0.06498003005981445 
490, -1.0794415473937988, 0.11388373374938965, 0.04847860336303711, 0.06245708465576172 
491, -1.0795419216156006, 0.11296916007995605, 0.04781675338745117, 0.062073707580566406 
492, -1.079480767250061, 0.11598062515258789, 0.049076080322265625, 0.0639798641204834 
493, -1.0794341564178467, 0.11313152313232422, 0.04842185974121094, 0.06169700622558594 
494, -1.0794110298156738, 0.11609458923339844, 0.04823160171508789, 0.0648043155670166 
495, -1.0794239044189453, 0.11408257484436035, 0.049271583557128906, 0.06187725067138672 
496, -1.0794687271118164, 0.11470890045166016, 0.048902034759521484, 0.06283974647521973 
497, -1.0795249938964844, 0.11472678184509277, 0.0490419864654541, 0.06273388862609863 
498, -1.0795657634735107, 0.11498022079467773, 0.048468828201293945, 0.06359457969665527 
499, -1.0795669555664062, 0.11661553382873535, 0.049189090728759766, 0.06396245956420898 
500, -1.0794966220855713, 0.11765766143798828, 0.0503537654876709, 0.06439948081970215 
501, -1.0795762538909912, 0.11591434478759766, 0.050165653228759766, 0.06286859512329102 
502, -1.0795392990112305, 0.11429238319396973, 0.04811692237854004, 0.06320428848266602 
503, -1.0794717073440552, 0.11421966552734375, 0.04900407791137695, 0.06225323677062988 
504, -1.0794423818588257, 0.11429548263549805, 0.04838061332702637, 0.0629572868347168 
505, -1.079451322555542, 0.11676168441772461, 0.04923820495605469, 0.06447124481201172 
506, -1.0794618129730225, 0.11688613891601562, 0.04927968978881836, 0.06464648246765137 
507, -1.0794987678527832, 0.11655426025390625, 0.049654245376586914, 0.06391763687133789 
508, -1.0795643329620361, 0.11588287353515625, 0.04935097694396973, 0.063018798828125 
509, -1.0796504020690918, 0.11541867256164551, 0.049248456954956055, 0.06313848495483398 
510, -1.0797054767608643, 0.11690115928649902, 0.048943281173706055, 0.0649559497833252 
511, -1.0796533823013306, 0.11492609977722168, 0.049376487731933594, 0.06254935264587402 
512, -1.0796892642974854, 0.11383819580078125, 0.048169851303100586, 0.06265377998352051 
513, -1.0796394348144531, 0.11299920082092285, 0.048134565353393555, 0.0619044303894043 
514, -1.0796239376068115, 0.11278247833251953, 0.048015594482421875, 0.061771392822265625 
515, -1.079620361328125, 0.1147923469543457, 0.04877591133117676, 0.06216287612915039 
516, -1.079636573791504, 0.11274552345275879, 0.04779672622680664, 0.062049150466918945 
517, -1.0796746015548706, 0.1145482063293457, 0.048651695251464844, 0.06293368339538574 
518, -1.0797255039215088, 0.11928248405456543, 0.05068802833557129, 0.0655369758605957 
519, -1.0797679424285889, 0.11530256271362305, 0.04978442192077637, 0.06252145767211914 
520, -1.0797019004821777, 0.11522650718688965, 0.049115896224975586, 0.06312823295593262 
521, -1.0797321796417236, 0.11548805236816406, 0.04902458190917969, 0.0634009838104248 
522, -1.0796566009521484, 0.11768984794616699, 0.05080723762512207, 0.06388044357299805 
523, -1.079780101776123, 0.11429524421691895, 0.048128604888916016, 0.06321167945861816 
524, -1.0797533988952637, 0.11568403244018555, 0.04923820495605469, 0.06338810920715332 
525, -1.0797233581542969, 0.11324262619018555, 0.048187255859375, 0.06210970878601074 
526, -1.079721212387085, 0.1139824390411377, 0.048574209213256836, 0.06244611740112305 
527, -1.079740285873413, 0.11557340621948242, 0.049631357192993164, 0.06298637390136719 
528, -1.0797531604766846, 0.11357712745666504, 0.04827594757080078, 0.06240391731262207 
529, -1.0798012018203735, 0.11549234390258789, 0.048877716064453125, 0.0636434555053711 
530, -1.0798245668411255, 0.11524677276611328, 0.048999786376953125, 0.06323671340942383 
531, -1.079817295074463, 0.11624288558959961, 0.04853177070617676, 0.06455206871032715 
532, -1.0796821117401123, 0.11650872230529785, 0.04976534843444824, 0.06376409530639648 
533, -1.079821228981018, 0.11666727066040039, 0.05091667175292969, 0.0628359317779541 
534, -1.0797674655914307, 0.11311864852905273, 0.04759573936462402, 0.06250524520874023 
535, -1.079751968383789, 0.11309599876403809, 0.04791378974914551, 0.06223607063293457 
536, -1.07976496219635, 0.11276912689208984, 0.048160552978515625, 0.06168961524963379 
537, -1.0797779560089111, 0.11197566986083984, 0.04777121543884277, 0.061223745346069336 
538, -1.0798006057739258, 0.11247754096984863, 0.04754972457885742, 0.06204509735107422 
539, -1.0798208713531494, 0.11326813697814941, 0.04809093475341797, 0.06224679946899414 
540, -1.0798594951629639, 0.11455965042114258, 0.04764056205749512, 0.06388211250305176 
541, -1.0798667669296265, 0.11609077453613281, 0.04971790313720703, 0.06338906288146973 
542, -1.0798001289367676, 0.11722159385681152, 0.05023932456970215, 0.06399321556091309 
543, -1.079878330230713, 0.11533141136169434, 0.048492431640625, 0.0638272762298584 
544, -1.0798547267913818, 0.11874079704284668, 0.04948282241821289, 0.06628751754760742 
545, -1.079807996749878, 0.11568975448608398, 0.05021953582763672, 0.06245255470275879 
546, -1.079789400100708, 0.11359739303588867, 0.04785275459289551, 0.0627748966217041 
547, -1.079805612564087, 0.11533904075622559, 0.048653364181518555, 0.0637354850769043 
548, -1.0798397064208984, 0.1139841079711914, 0.04814624786376953, 0.06223773956298828 
549, -1.0798789262771606, 0.11468863487243652, 0.0487825870513916, 0.06285405158996582 
550, -1.0798906087875366, 0.11475825309753418, 0.04884839057922363, 0.06300091743469238 
551, -1.0797803401947021, 0.11332154273986816, 0.04800581932067871, 0.062319040298461914 
552, -1.0798310041427612, 0.11818623542785645, 0.05060863494873047, 0.06456732749938965 
553, -1.0799648761749268, 0.11567568778991699, 0.0498812198638916, 0.06282997131347656 
554, -1.0798165798187256, 0.11530280113220215, 0.04888343811035156, 0.06335759162902832 
555, -1.0799129009246826, 0.11520957946777344, 0.04960298538208008, 0.06269979476928711 
556, -1.0798577070236206, 0.11250686645507812, 0.04787158966064453, 0.061652183532714844 
557, -1.0798370838165283, 0.11225557327270508, 0.04732394218444824, 0.062012434005737305 
558, -1.07985258102417, 0.11171698570251465, 0.04729580879211426, 0.06162691116333008 
559, -1.079891562461853, 0.11161208152770996, 0.047170162200927734, 0.06154441833496094 
560, -1.0799198150634766, 0.11059880256652832, 0.04696846008300781, 0.06072115898132324 
561, -1.0799486637115479, 0.11485719680786133, 0.04865574836730957, 0.06330132484436035 
562, -1.0799537897109985, 0.11537694931030273, 0.0478825569152832, 0.06437563896179199 
563, -1.0799140930175781, 0.11729669570922852, 0.05052685737609863, 0.06378412246704102 
564, -1.079892635345459, 0.11600136756896973, 0.05019688606262207, 0.06280279159545898 
565, -1.0798892974853516, 0.11717391014099121, 0.0493314266204834, 0.0649116039276123 
566, -1.0798977613449097, 0.11511087417602539, 0.0485224723815918, 0.06354951858520508 
567, -1.0799331665039062, 0.1175994873046875, 0.04895901679992676, 0.06567096710205078 
568, -1.0799716711044312, 0.11432099342346191, 0.048761844635009766, 0.06259417533874512 
569, -1.0799305438995361, 0.1135563850402832, 0.047960519790649414, 0.06262326240539551 
570, -1.0799261331558228, 0.1121819019317627, 0.04754304885864258, 0.061758995056152344 
571, -1.0799516439437866, 0.11082625389099121, 0.04740095138549805, 0.06057119369506836 
572, -1.0799264907836914, 0.11820721626281738, 0.04723024368286133, 0.0677800178527832 
573, -1.0799529552459717, 0.12372326850891113, 0.057711124420166016, 0.06301283836364746 
574, -1.0799082517623901, 0.1139214038848877, 0.04869270324707031, 0.061782121658325195 
575, -1.079852819442749, 0.11272335052490234, 0.047662973403930664, 0.061980485916137695 
576, -1.07985258102417, 0.11487078666687012, 0.04917025566101074, 0.06278228759765625 
577, -1.0798547267913818, 0.11186718940734863, 0.04750466346740723, 0.0614619255065918 
578, -1.0798532962799072, 0.1116781234741211, 0.04706168174743652, 0.06170248985290527 
579, -1.0798935890197754, 0.11109542846679688, 0.047260284423828125, 0.06094002723693848 
580, -1.0799474716186523, 0.11171865463256836, 0.04777407646179199, 0.06113910675048828 
581, -1.079948902130127, 0.11304974555969238, 0.04747486114501953, 0.06255245208740234 
582, -1.080014944076538, 0.11421370506286621, 0.04764747619628906, 0.06357836723327637 
583, -1.0800223350524902, 0.11537575721740723, 0.04931640625, 0.06327629089355469 
584, -1.0799837112426758, 0.11658239364624023, 0.04935288429260254, 0.06404590606689453 
585, -1.0799894332885742, 0.11840057373046875, 0.05046343803405762, 0.06491971015930176 
586, -1.0799616575241089, 0.11730837821960449, 0.0503993034362793, 0.06379985809326172 
587, -1.0799179077148438, 0.12453579902648926, 0.05594205856323242, 0.06554818153381348 
588, -1.079860806465149, 0.11865949630737305, 0.049698591232299805, 0.06598591804504395 
589, -1.0798816680908203, 0.11428308486938477, 0.0484163761138916, 0.06292343139648438 
590, -1.0799108743667603, 0.11375164985656738, 0.04810476303100586, 0.0627129077911377 
591, -1.0799143314361572, 0.11429524421691895, 0.04826021194458008, 0.0631248950958252 
592, -1.0799187421798706, 0.11841225624084473, 0.04763293266296387, 0.06218671798706055 
593, -1.0799450874328613, 0.11392521858215332, 0.04857444763183594, 0.06240415573120117 
594, -1.0799055099487305, 0.11374115943908691, 0.04799318313598633, 0.06277990341186523 
595, -1.079993486404419, 0.11411046981811523, 0.04781293869018555, 0.06333351135253906 
596, -1.0800074338912964, 0.11654090881347656, 0.05045127868652344, 0.06310272216796875 
597, -1.079947590827942, 0.11931085586547852, 0.049852848052978516, 0.0665128231048584 
598, -1.0799481868743896, 0.1165621280670166, 0.049529075622558594, 0.06401729583740234 
599, -1.079885721206665, 0.1149594783782959, 0.04898548126220703, 0.06304335594177246 
600, -1.079932451248169, 0.11275482177734375, 0.04766678810119629, 0.06223630905151367 
601, -1.0798709392547607, 0.11264586448669434, 0.04719185829162598, 0.06213235855102539 
602, -1.0798497200012207, 0.11398100852966309, 0.04834604263305664, 0.06274247169494629 
603, -1.0798454284667969, 0.12564849853515625, 0.04816555976867676, 0.06717991828918457 
604, -1.0798664093017578, 0.11523699760437012, 0.048793792724609375, 0.06342482566833496 
605, -1.079904317855835, 0.11577701568603516, 0.04921889305114746, 0.06361174583435059 
606, -1.0799643993377686, 0.1163787841796875, 0.04803729057312012, 0.0653538703918457 
607, -1.0799720287322998, 0.11725330352783203, 0.049475669860839844, 0.06467938423156738 
608, -1.0799732208251953, 0.11887335777282715, 0.0500795841217041, 0.06583118438720703 
609, -1.079969882965088, 0.11579537391662598, 0.048729658126831055, 0.06394219398498535 
610, -1.0799907445907593, 0.11960959434509277, 0.05166292190551758, 0.06451821327209473 
611, -1.0799939632415771, 0.11566996574401855, 0.04926276206970215, 0.0634145736694336 
612, -1.0799455642700195, 0.11333155632019043, 0.04827713966369629, 0.06217074394226074 
613, -1.0799474716186523, 0.11336970329284668, 0.047696590423583984, 0.06265687942504883 
614, -1.0800085067749023, 0.11315417289733887, 0.04776573181152344, 0.0625147819519043 
615, -1.0799920558929443, 0.11202716827392578, 0.0474095344543457, 0.061708927154541016 
616, -1.0799713134765625, 0.11422896385192871, 0.04794478416442871, 0.06332087516784668 
617, -1.0800552368164062, 0.11452579498291016, 0.048186540603637695, 0.06338357925415039 
618, -1.080042839050293, 0.11478257179260254, 0.048980712890625, 0.06287980079650879 
619, -1.0799150466918945, 0.11512446403503418, 0.048445701599121094, 0.06364250183105469 
620, -1.0799987316131592, 0.11474394798278809, 0.04893946647644043, 0.06289434432983398 
621, -1.0799697637557983, 0.112548828125, 0.047730445861816406, 0.06188678741455078 
622, -1.0799788236618042, 0.11266422271728516, 0.04753851890563965, 0.06221342086791992 
623, -1.0800056457519531, 0.11190581321716309, 0.04735898971557617, 0.061653852462768555 
624, -1.0800299644470215, 0.11290311813354492, 0.047605037689208984, 0.06235790252685547 
625, -1.0799517631530762, 0.11652445793151855, 0.048636436462402344, 0.0649726390838623 
626, -1.0800800323486328, 0.11431741714477539, 0.048491477966308594, 0.06282162666320801 
627, -1.0800485610961914, 0.11639785766601562, 0.04824566841125488, 0.06513404846191406 
628, -1.0799789428710938, 0.11739897727966309, 0.049576759338378906, 0.06487751007080078 
629, -1.0799877643585205, 0.1166691780090332, 0.04929542541503906, 0.06382465362548828 
630, -1.0800108909606934, 0.11663460731506348, 0.04825305938720703, 0.06532931327819824 
631, -1.0799851417541504, 0.11448359489440918, 0.04847860336303711, 0.06309866905212402 
632, -1.079978346824646, 0.11683988571166992, 0.049048423767089844, 0.0647432804107666 
633, -1.0799545049667358, 0.11480975151062012, 0.04890918731689453, 0.06305098533630371 
634, -1.0799951553344727, 0.1117098331451416, 0.047013044357299805, 0.061827659606933594 
635, -1.0800676345825195, 0.11393523216247559, 0.0471799373626709, 0.06385183334350586 
636, -1.0800880193710327, 0.11262178421020508, 0.047701120376586914, 0.06209731101989746 
637, -1.079993486404419, 0.11238551139831543, 0.048207759857177734, 0.061387062072753906 
638, -1.0800750255584717, 0.11533498764038086, 0.04861640930175781, 0.06371641159057617 
639, -1.0800628662109375, 0.1142420768737793, 0.048194169998168945, 0.06305623054504395 
640, -1.0800821781158447, 0.11336255073547363, 0.04810452461242676, 0.06243109703063965 
641, -1.0801055431365967, 0.11206841468811035, 0.047453880310058594, 0.06179523468017578 
642, -1.0800867080688477, 0.11277270317077637, 0.04756498336791992, 0.062306880950927734 
643, -1.0800867080688477, 0.11243915557861328, 0.04788041114807129, 0.061644554138183594 
644, -1.0800882577896118, 0.11482930183410645, 0.04877161979675293, 0.06306338310241699 
645, -1.08009672164917, 0.11496353149414062, 0.04854154586791992, 0.06348443031311035 
646, -1.0800416469573975, 0.11495375633239746, 0.04879450798034668, 0.0632624626159668 
647, -1.080087661743164, 0.11568856239318848, 0.04954409599304199, 0.06322050094604492 
648, -1.080066442489624, 0.11482453346252441, 0.0484163761138916, 0.06347012519836426 
649, -1.0800516605377197, 0.11510539054870605, 0.04828619956970215, 0.06390500068664551 
650, -1.0800566673278809, 0.11954927444458008, 0.04852914810180664, 0.06805276870727539 
651, -1.080086588859558, 0.11566734313964844, 0.04940676689147949, 0.06326055526733398 
652, -1.0801016092300415, 0.11529731750488281, 0.04882025718688965, 0.06350278854370117 
653, -1.0801141262054443, 0.11571931838989258, 0.049954891204833984, 0.06281828880310059 
654, -1.0800983905792236, 0.1146540641784668, 0.048423051834106445, 0.06325531005859375 
655, -1.0800737142562866, 0.11253237724304199, 0.047933340072631836, 0.06168985366821289 
656, -1.0801103115081787, 0.11189126968383789, 0.04754471778869629, 0.06145453453063965 
657, -1.0800737142562866, 0.1130831241607666, 0.04748272895812988, 0.06253957748413086 
658, -1.080070972442627, 0.11321878433227539, 0.04756784439086914, 0.06272077560424805 
659, -1.0800668001174927, 0.11298727989196777, 0.047833919525146484, 0.06179356575012207 
660, -1.0800827741622925, 0.11353611946105957, 0.04739809036254883, 0.06316232681274414 
661, -1.0800321102142334, 0.11497092247009277, 0.049034833908081055, 0.06309938430786133 
662, -1.0801037549972534, 0.11310386657714844, 0.04813885688781738, 0.06208300590515137 
663, -1.0800938606262207, 0.11385202407836914, 0.04818463325500488, 0.06267118453979492 
664, -1.080073356628418, 0.11853981018066406, 0.049985408782958984, 0.06558537483215332 
665, -1.07993745803833, 0.11719751358032227, 0.04947185516357422, 0.06485366821289062 
666, -1.0800362825393677, 0.11655545234680176, 0.04931449890136719, 0.06424641609191895 
667, -1.0799636840820312, 0.1144552230834961, 0.04872417449951172, 0.06274271011352539 
668, -1.0799322128295898, 0.11489534378051758, 0.04834723472595215, 0.06362700462341309 
669, -1.0799427032470703, 0.11648941040039062, 0.04894447326660156, 0.06451892852783203 
670, -1.0799837112426758, 0.11356091499328613, 0.04829001426696777, 0.06230282783508301 
671, -1.080033779144287, 0.11559796333312988, 0.04842352867126465, 0.06422972679138184 
672, -1.080104112625122, 0.11657834053039551, 0.04988265037536621, 0.06366252899169922 
673, -1.0800211429595947, 0.11654424667358398, 0.049849510192871094, 0.06369948387145996 
674, -1.0800678730010986, 0.1152191162109375, 0.048542022705078125, 0.06369280815124512 
675, -1.0800952911376953, 0.11502480506896973, 0.04815483093261719, 0.06339383125305176 
676, -1.0800554752349854, 0.11804509162902832, 0.04950308799743652, 0.06553435325622559 
677, -1.0800292491912842, 0.11673450469970703, 0.04957294464111328, 0.06411194801330566 
678, -1.0800061225891113, 0.11377596855163574, 0.04798173904418945, 0.06284689903259277 
679, -1.0800116062164307, 0.11348605155944824, 0.0475010871887207, 0.06300163269042969 
680, -1.0800437927246094, 0.11410927772521973, 0.04841113090515137, 0.06279516220092773 
681, -1.0800974369049072, 0.11344480514526367, 0.04826521873474121, 0.0622255802154541 
682, -1.0800797939300537, 0.11357831954956055, 0.04788017272949219, 0.06284308433532715 
683, -1.0801236629486084, 0.11335015296936035, 0.04749011993408203, 0.06299066543579102 
684, -1.0800297260284424, 0.1153872013092041, 0.048845529556274414, 0.06309986114501953 
685, -1.0800557136535645, 0.11452269554138184, 0.04840660095214844, 0.06315898895263672 
686, -1.0800130367279053, 0.11667013168334961, 0.04839158058166504, 0.06526660919189453 
687, -1.0799678564071655, 0.12148118019104004, 0.0502011775970459, 0.06822347640991211 
688, -1.079951286315918, 0.11504983901977539, 0.04871845245361328, 0.06331682205200195 
689, -1.0799756050109863, 0.11459088325500488, 0.04816746711730957, 0.06342864036560059 
690, -1.0800132751464844, 0.1162729263305664, 0.049263715744018555, 0.06398320198059082 
691, -1.0800708532333374, 0.11516976356506348, 0.04879260063171387, 0.06343245506286621 
692, -1.0801303386688232, 0.11457443237304688, 0.04873514175415039, 0.06285285949707031 
693, -1.0799674987792969, 0.11700820922851562, 0.0485842227935791, 0.06545495986938477 
694, -1.0801281929016113, 0.11546015739440918, 0.04814958572387695, 0.06424379348754883 
695, -1.0800831317901611, 0.1155695915222168, 0.0490570068359375, 0.06360101699829102 
696, -1.0800626277923584, 0.11493444442749023, 0.04877924919128418, 0.06317639350891113 
697, -1.0800412893295288, 0.11367940902709961, 0.04826784133911133, 0.06247305870056152 
698, -1.0800484418869019, 0.1145017147064209, 0.04808163642883301, 0.06343460083007812 
699, -1.0800178050994873, 0.11536431312561035, 0.04866766929626465, 0.06377625465393066 
700, -1.0800096988677979, 0.15026164054870605, 0.04795575141906738, 0.09938240051269531 
701, -1.0800578594207764, 0.11354279518127441, 0.04799175262451172, 0.06261920928955078 
702, -1.08013117313385, 0.11308455467224121, 0.04835200309753418, 0.061795949935913086 
703, -1.0801209211349487, 0.11201119422912598, 0.04756593704223633, 0.06137561798095703 
704, -1.0800015926361084, 0.11414766311645508, 0.04833245277404785, 0.06288695335388184 
705, -1.0800793170928955, 0.1157078742980957, 0.049150943756103516, 0.06362390518188477 
706, -1.080033302307129, 0.1150672435760498, 0.04865312576293945, 0.06347942352294922 
707, -1.0799987316131592, 0.11662101745605469, 0.04921865463256836, 0.06438922882080078 
708, -1.0799998044967651, 0.12344002723693848, 0.05458331108093262, 0.06589818000793457 
709, -1.080033779144287, 0.11553311347961426, 0.048906803131103516, 0.06360626220703125 
710, -1.0800700187683105, 0.11511921882629395, 0.04833984375, 0.06383490562438965 
711, -1.0801112651824951, 0.11436319351196289, 0.04865598678588867, 0.06217002868652344 
712, -1.080106258392334, 0.11479854583740234, 0.048931121826171875, 0.06299018859863281 
713, -1.0800890922546387, 0.11750936508178711, 0.04967093467712402, 0.06485915184020996 
714, -1.0801082849502563, 0.11446928977966309, 0.04828453063964844, 0.06319880485534668 
715, -1.0800673961639404, 0.11604523658752441, 0.048999786376953125, 0.06406402587890625 
716, -1.0800681114196777, 0.11624503135681152, 0.049234867095947266, 0.06407523155212402 
717, -1.0801124572753906, 0.11500167846679688, 0.048766136169433594, 0.06319713592529297 
718, -1.0800801515579224, 0.1147613525390625, 0.04901432991027832, 0.06283092498779297 
719, -1.0800750255584717, 0.11449027061462402, 0.048429012298583984, 0.06305050849914551 
720, -1.0800635814666748, 0.11570048332214355, 0.049592018127441406, 0.06311202049255371 
721, -1.080108642578125, 0.11315774917602539, 0.047821760177612305, 0.062399864196777344 
722, -1.0801122188568115, 0.11299538612365723, 0.04776620864868164, 0.062117576599121094 
723, -1.0801279544830322, 0.11388158798217773, 0.04841971397399902, 0.06249237060546875 
724, -1.080082654953003, 0.11328864097595215, 0.048061370849609375, 0.06234431266784668 
725, -1.0800386667251587, 0.11272668838500977, 0.0470278263092041, 0.06268978118896484 
726, -1.08005690574646, 0.11427688598632812, 0.04870200157165527, 0.06257390975952148 
727, -1.0800549983978271, 0.11610889434814453, 0.049239158630371094, 0.06390190124511719 
728, -1.080065369606018, 0.11645674705505371, 0.0487675666809082, 0.0646204948425293 
729, -1.0801178216934204, 0.11645674705505371, 0.04906511306762695, 0.0644373893737793 
730, -1.0801794528961182, 0.11613035202026367, 0.0502321720123291, 0.06293439865112305 
731, -1.079820156097412, 0.11582446098327637, 0.04906415939331055, 0.06393027305603027 
732, -1.0801403522491455, 0.11393070220947266, 0.04844784736633301, 0.06251740455627441 
733, -1.080116629600525, 0.11428284645080566, 0.04818534851074219, 0.06316280364990234 
734, -1.080087423324585, 0.11664247512817383, 0.04920601844787598, 0.06444883346557617 
735, -1.0800695419311523, 0.11448121070861816, 0.04900169372558594, 0.06251788139343262 
736, -1.080068588256836, 0.1207742691040039, 0.04878401756286621, 0.0665278434753418 
737, -1.080082654953003, 0.11943435668945312, 0.054416656494140625, 0.06205892562866211 
738, -1.0800917148590088, 0.11435151100158691, 0.04835653305053711, 0.06305384635925293 
739, -1.0800641775131226, 0.1157832145690918, 0.04832196235656738, 0.06441330909729004 
740, -1.0800981521606445, 0.11362457275390625, 0.04836416244506836, 0.06229400634765625 
741, -1.0801082849502563, 0.11427855491638184, 0.04786849021911621, 0.06340932846069336 
742, -1.0801091194152832, 0.11642742156982422, 0.05039787292480469, 0.06314849853515625 
743, -1.080028772354126, 0.13146162033081055, 0.04785418510437012, 0.06468939781188965 
744, -1.079987645149231, 0.13872671127319336, 0.07310891151428223, 0.06270217895507812 
745, -1.079959750175476, 0.11157679557800293, 0.047074079513549805, 0.06165122985839844 
746, -1.079937219619751, 0.13561725616455078, 0.07046985626220703, 0.061470746994018555 
747, -1.0799856185913086, 0.11533617973327637, 0.04859137535095215, 0.06386280059814453 
748, -1.0800278186798096, 0.1181941032409668, 0.048924922943115234, 0.06621718406677246 
749, -1.0800447463989258, 0.11725544929504395, 0.05033397674560547, 0.06395411491394043 
750, -1.0800857543945312, 0.12245512008666992, 0.05039238929748535, 0.06770706176757812 
751, -1.080075740814209, 0.1196889877319336, 0.051094770431518555, 0.06563687324523926 
752, -1.080137014389038, 0.11599206924438477, 0.049607276916503906, 0.06345033645629883 
753, -1.0800702571868896, 0.11353611946105957, 0.04787445068359375, 0.06271195411682129 
754, -1.080118179321289, 0.1505451202392578, 0.048587799072265625, 0.07117104530334473 
755, -1.0800843238830566, 0.11605334281921387, 0.050551652908325195, 0.06261134147644043 
756, -1.0800886154174805, 0.11412668228149414, 0.04807090759277344, 0.06316971778869629 
757, -1.0801184177398682, 0.11520862579345703, 0.04801440238952637, 0.06367135047912598 
758, -1.0801016092300415, 0.11449718475341797, 0.04943680763244629, 0.06217765808105469 
759, -1.0801773071289062, 0.11400938034057617, 0.04823803901672363, 0.0628206729888916 
760, -1.0800516605377197, 0.11382389068603516, 0.04815983772277832, 0.06272578239440918 
761, -1.0801231861114502, 0.11345767974853516, 0.04771256446838379, 0.06287622451782227 
762, -1.0800817012786865, 0.11282682418823242, 0.047470808029174805, 0.06252193450927734 
763, -1.080068826675415, 0.11584782600402832, 0.04997587203979492, 0.06290292739868164 
764, -1.0800734758377075, 0.11347007751464844, 0.04835009574890137, 0.062169790267944336 
765, -1.0801112651824951, 0.11281847953796387, 0.04795098304748535, 0.06187725067138672 
766, -1.0801098346710205, 0.11265802383422852, 0.04796004295349121, 0.06169533729553223 
767, -1.0801746845245361, 0.11083078384399414, 0.04714632034301758, 0.060898780822753906 
768, -1.0799944400787354, 0.11352181434631348, 0.04725241661071777, 0.06335020065307617 
769, -1.0801231861114502, 0.11405205726623535, 0.048983097076416016, 0.06219148635864258 
770, -1.0801048278808594, 0.11879992485046387, 0.04850625991821289, 0.06729936599731445 
771, -1.0800789594650269, 0.11790871620178223, 0.050255537033081055, 0.06458282470703125 
772, -1.0800890922546387, 0.1150212287902832, 0.0486752986907959, 0.0633549690246582 
773, -1.0800303220748901, 0.11609172821044922, 0.04889965057373047, 0.06407403945922852 
774, -1.0800942182540894, 0.11515235900878906, 0.049126625061035156, 0.0630178451538086 
775, -1.08011794090271, 0.11492300033569336, 0.04859495162963867, 0.06330418586730957 
776, -1.0801420211791992, 0.12297797203063965, 0.05575251579284668, 0.06422543525695801 
777, -1.0801104307174683, 0.11461162567138672, 0.04872775077819824, 0.06300544738769531 
778, -1.080183506011963, 0.11285591125488281, 0.04764103889465332, 0.062297821044921875 
779, -1.0800449848175049, 0.11515402793884277, 0.04868125915527344, 0.06360006332397461 
780, -1.0801503658294678, 0.11423778533935547, 0.04814410209655762, 0.06306195259094238 
781, -1.0800974369049072, 0.1139822006225586, 0.048044443130493164, 0.06296896934509277 
782, -1.0800776481628418, 0.11656546592712402, 0.049719810485839844, 0.06387567520141602 
783, -1.0801030397415161, 0.11626839637756348, 0.04913687705993652, 0.06417465209960938 
784, -1.0801613330841064, 0.11694049835205078, 0.049957990646362305, 0.06391763687133789 
785, -1.0801432132720947, 0.11399102210998535, 0.04852724075317383, 0.06258845329284668 
786, -1.080043911933899, 0.11275458335876465, 0.04770660400390625, 0.062186241149902344 
787, -1.0801109075546265, 0.11291980743408203, 0.04763507843017578, 0.06246209144592285 
788, -1.080054759979248, 0.1124727725982666, 0.0474393367767334, 0.06216764450073242 
789, -1.080035924911499, 0.1127922534942627, 0.047228097915649414, 0.06246447563171387 
790, -1.0800278186798096, 0.11718368530273438, 0.05016207695007324, 0.06407999992370605 
791, -1.0800468921661377, 0.1170802116394043, 0.049004554748535156, 0.06503438949584961 
792, -1.080075979232788, 0.11637639999389648, 0.04901242256164551, 0.06421804428100586 
793, -1.0801355838775635, 0.11929178237915039, 0.05010867118835449, 0.06612181663513184 
794, -1.0801124572753906, 0.11867117881774902, 0.05034375190734863, 0.06528568267822266 
795, -1.0800234079360962, 0.11461210250854492, 0.049096107482910156, 0.06268739700317383 
796, -1.0801339149475098, 0.11342811584472656, 0.04789257049560547, 0.0626077651977539 
797, -1.0801037549972534, 0.11464524269104004, 0.04885697364807129, 0.06284499168395996 
798, -1.0800472497940063, 0.1143341064453125, 0.048397064208984375, 0.06293845176696777 
799, -1.0799962282180786, 0.1136770248413086, 0.048169612884521484, 0.0625908374786377 
800, -1.0799814462661743, 0.11266851425170898, 0.04763603210449219, 0.062061309814453125 
801, -1.080008864402771, 0.11376070976257324, 0.048458099365234375, 0.06235337257385254 
802, -1.0800493955612183, 0.11614155769348145, 0.04862380027770996, 0.06459999084472656 
803, -1.0801012516021729, 0.11509156227111816, 0.04805469512939453, 0.06409406661987305 
804, -1.0800788402557373, 0.11467266082763672, 0.048464298248291016, 0.06317639350891113 
805, -1.0799286365509033, 0.11435961723327637, 0.0479121208190918, 0.06352400779724121 
806, -1.080107569694519, 0.11589598655700684, 0.0498509407043457, 0.06309270858764648 
807, -1.0800436735153198, 0.11267828941345215, 0.04784512519836426, 0.06196188926696777 
808, -1.0800223350524902, 0.11167263984680176, 0.047090768814086914, 0.061688899993896484 
809, -1.0800068378448486, 0.11339354515075684, 0.04816579818725586, 0.062308311462402344 
810, -1.0800021886825562, 0.11255288124084473, 0.047402381896972656, 0.06225085258483887 
811, -1.0800257921218872, 0.1165471076965332, 0.047713279724121094, 0.0657968521118164 
812, -1.0800834894180298, 0.1187896728515625, 0.0517115592956543, 0.06352114677429199 
813, -1.0801302194595337, 0.11806607246398926, 0.049990177154541016, 0.06511616706848145 
814, -1.0798451900482178, 0.117919921875, 0.04979729652404785, 0.06508445739746094 
815, -1.080089807510376, 0.11812782287597656, 0.04847121238708496, 0.06665706634521484 
816, -1.0800760984420776, 0.1175084114074707, 0.05121612548828125, 0.06322479248046875 
817, -1.0800199508666992, 0.11510539054870605, 0.04875898361206055, 0.06341004371643066 
818, -1.0799689292907715, 0.1142416000366211, 0.04784798622131348, 0.06347250938415527 
819, -1.0799689292907715, 0.11211633682250977, 0.047551631927490234, 0.06158113479614258 
820, -1.079994797706604, 0.11338973045349121, 0.04788374900817871, 0.06257915496826172 
821, -1.0800273418426514, 0.11248421669006348, 0.047794342041015625, 0.061736106872558594 
822, -1.0800895690917969, 0.11307597160339355, 0.047579288482666016, 0.06248784065246582 
823, -1.0801379680633545, 0.11432814598083496, 0.04841923713684082, 0.06299543380737305 
824, -1.0798630714416504, 0.11861181259155273, 0.05059218406677246, 0.06517243385314941 
825, -1.0800714492797852, 0.11334395408630371, 0.04788017272949219, 0.062494516372680664 
826, -1.0800750255584717, 0.11489319801330566, 0.048917293548583984, 0.0630645751953125 
827, -1.0800392627716064, 0.11343502998352051, 0.048000335693359375, 0.062450408935546875 
828, -1.0800089836120605, 0.11417388916015625, 0.0478367805480957, 0.0634307861328125 
829, -1.080007791519165, 0.11365270614624023, 0.04817390441894531, 0.06254172325134277 
830, -1.0800302028656006, 0.1124720573425293, 0.04740452766418457, 0.062201499938964844 
831, -1.080054759979248, 0.11504101753234863, 0.047606468200683594, 0.06403326988220215 
832, -1.0801215171813965, 0.1148681640625, 0.04921436309814453, 0.06265568733215332 
833, -1.0801355838775635, 0.11745882034301758, 0.04931282997131348, 0.06519913673400879 
834, -1.0801502466201782, 0.1173701286315918, 0.04921388626098633, 0.06510329246520996 
835, -1.0799715518951416, 0.11609029769897461, 0.048691511154174805, 0.0644524097442627 
836, -1.0801160335540771, 0.11722087860107422, 0.04990029335021973, 0.0642242431640625 
837, -1.0800561904907227, 0.11815261840820312, 0.050282955169677734, 0.06490015983581543 
838, -1.0800135135650635, 0.11566519737243652, 0.049735307693481445, 0.06295442581176758 
839, -1.0800132751464844, 0.1149132251739502, 0.0484464168548584, 0.0635232925415039 
840, -1.080017328262329, 0.11425352096557617, 0.04795551300048828, 0.06283855438232422 
841, -1.0800546407699585, 0.11218500137329102, 0.0471501350402832, 0.062088727951049805 
842, -1.0801360607147217, 0.11354231834411621, 0.04793953895568848, 0.06252193450927734 
843, -1.0801761150360107, 0.12205123901367188, 0.056792259216308594, 0.062323808670043945 
844, -1.0800267457962036, 0.11421990394592285, 0.04793047904968262, 0.06325745582580566 
845, -1.0799840688705444, 0.1135411262512207, 0.04790353775024414, 0.06271791458129883 
846, -1.0800864696502686, 0.11590814590454102, 0.05031991004943848, 0.06264066696166992 
847, -1.0800549983978271, 0.1141042709350586, 0.047954559326171875, 0.06319832801818848 
848, -1.0800530910491943, 0.11283326148986816, 0.047968387603759766, 0.06197309494018555 
849, -1.0800416469573975, 0.13431429862976074, 0.04769134521484375, 0.08190441131591797 
850, -1.0800504684448242, 0.12038874626159668, 0.05468297004699707, 0.06268692016601562 
851, -1.080087423324585, 0.11276698112487793, 0.04766416549682617, 0.0621943473815918 
852, -1.0801142454147339, 0.11336350440979004, 0.04720926284790039, 0.06319308280944824 
853, -1.080033302307129, 0.11346721649169922, 0.04846644401550293, 0.06210041046142578 
854, -1.0801243782043457, 0.1153116226196289, 0.04863429069519043, 0.06372523307800293 
855, -1.0800540447235107, 0.11547541618347168, 0.0487360954284668, 0.06381916999816895 
856, -1.0801007747650146, 0.11404561996459961, 0.04804825782775879, 0.06304764747619629 
857, -1.0800187587738037, 0.1152348518371582, 0.04946470260620117, 0.06284642219543457 
858, -1.0799686908721924, 0.11453461647033691, 0.0487360954284668, 0.06287431716918945 
859, -1.0799667835235596, 0.11446070671081543, 0.04774808883666992, 0.0630197525024414 
860, -1.0800094604492188, 0.11351752281188965, 0.048285484313964844, 0.06232810020446777 
861, -1.080043077468872, 0.11302471160888672, 0.047991037368774414, 0.06213641166687012 
862, -1.0800983905792236, 0.1116173267364502, 0.047358036041259766, 0.06133866310119629 
863, -1.0801597833633423, 0.11148619651794434, 0.04723024368286133, 0.061338186264038086 
864, -1.0799287557601929, 0.11219215393066406, 0.04732012748718262, 0.06199502944946289 
865, -1.0800869464874268, 0.11268186569213867, 0.047734975814819336, 0.062073707580566406 
866, -1.0800526142120361, 0.11267638206481934, 0.04767203330993652, 0.06213521957397461 
867, -1.07999849319458, 0.11388230323791504, 0.047807931900024414, 0.06313014030456543 
868, -1.079975962638855, 0.1130533218383789, 0.04824495315551758, 0.06189465522766113 
869, -1.080000877380371, 0.11218571662902832, 0.0471806526184082, 0.062113285064697266 
870, -1.0800538063049316, 0.11214852333068848, 0.0474696159362793, 0.061806678771972656 
871, -1.0800647735595703, 0.11329507827758789, 0.04813647270202637, 0.06228303909301758 
872, -1.0800715684890747, 0.11301922798156738, 0.047823429107666016, 0.062368154525756836 
873, -1.0801526308059692, 0.11179685592651367, 0.04723525047302246, 0.06171441078186035 
874, -1.0801671743392944, 0.11239004135131836, 0.04764986038208008, 0.061862945556640625 
875, -1.0801105499267578, 0.11394190788269043, 0.0480499267578125, 0.06296920776367188 
876, -1.080021619796753, 0.1128995418548584, 0.047705650329589844, 0.06229519844055176 
877, -1.0799753665924072, 0.11412596702575684, 0.048549652099609375, 0.06265115737915039 
878, -1.0799648761749268, 0.11584329605102539, 0.048742055892944336, 0.06408286094665527 
879, -1.07996666431427, 0.11517763137817383, 0.04869842529296875, 0.06351542472839355 
880, -1.0800144672393799, 0.11400437355041504, 0.04857206344604492, 0.06241965293884277 
881, -1.0800617933273315, 0.11525201797485352, 0.0481564998626709, 0.06414103507995605 
882, -1.0801210403442383, 0.11442875862121582, 0.04845261573791504, 0.06302595138549805 
883, -1.0801335573196411, 0.11331939697265625, 0.04779958724975586, 0.06259870529174805 
884, -1.0801366567611694, 0.11334848403930664, 0.04799318313598633, 0.0623626708984375 
885, -1.0801434516906738, 0.11193108558654785, 0.04760003089904785, 0.061403751373291016 
886, -1.0801124572753906, 0.11214232444763184, 0.0471189022064209, 0.06213235855102539 
887, -1.080045223236084, 0.11274242401123047, 0.0475153923034668, 0.06229829788208008 
888, -1.0800931453704834, 0.11319494247436523, 0.048554182052612305, 0.061712026596069336 
889, -1.080073356628418, 0.11527895927429199, 0.04778790473937988, 0.06398606300354004 
890, -1.0800641775131226, 0.11424016952514648, 0.04789900779724121, 0.0633840560913086 
891, -1.0800644159317017, 0.11372184753417969, 0.04836463928222656, 0.06243181228637695 
892, -1.0800694227218628, 0.11308622360229492, 0.04757952690124512, 0.06260490417480469 
893, -1.0800914764404297, 0.1142733097076416, 0.04773116111755371, 0.06357812881469727 
894, -1.0800011157989502, 0.11297726631164551, 0.04737973213195801, 0.06266331672668457 
895, -1.0800957679748535, 0.11272096633911133, 0.04749441146850586, 0.06229090690612793 
896, -1.0800485610961914, 0.11353278160095215, 0.04807877540588379, 0.06250119209289551 
897, -1.0800367593765259, 0.11393499374389648, 0.047908782958984375, 0.0630943775177002 
898, -1.0799663066864014, 0.11478495597839355, 0.04818320274353027, 0.06308674812316895 
899, -1.0800433158874512, 0.11621952056884766, 0.05027890205383301, 0.0629720687866211 
900, -1.080089807510376, 0.1154012680053711, 0.04834890365600586, 0.0640716552734375 
901, -1.0800751447677612, 0.11561298370361328, 0.04868745803833008, 0.06398129463195801 
902, -1.0800797939300537, 0.11438608169555664, 0.04877471923828125, 0.06279468536376953 
903, -1.0800135135650635, 0.11482071876525879, 0.048192739486694336, 0.06368899345397949 
904, -1.0799775123596191, 0.11468029022216797, 0.048235416412353516, 0.06350159645080566 
905, -1.0799338817596436, 0.11296343803405762, 0.04799008369445801, 0.06205248832702637 
906, -1.079930305480957, 0.11379051208496094, 0.04857945442199707, 0.06230807304382324 
907, -1.079927921295166, 0.11461067199707031, 0.047977447509765625, 0.06340837478637695 
908, -1.0799870491027832, 0.11346292495727539, 0.04789257049560547, 0.06237506866455078 
909, -1.0800433158874512, 0.11352825164794922, 0.047988176345825195, 0.06258416175842285 
910, -1.0800886154174805, 0.1131296157836914, 0.0484161376953125, 0.06181621551513672 
911, -1.0801069736480713, 0.11311912536621094, 0.04736733436584473, 0.0628061294555664 
912, -1.0801043510437012, 0.11293435096740723, 0.0478057861328125, 0.06218719482421875 
913, -1.0800622701644897, 0.11296677589416504, 0.04766702651977539, 0.062378883361816406 
914, -1.0800366401672363, 0.1140446662902832, 0.04824638366699219, 0.0628652572631836 
915, -1.080026388168335, 0.11392641067504883, 0.04810333251953125, 0.06288003921508789 
916, -1.0800107717514038, 0.11319255828857422, 0.04747653007507324, 0.06220078468322754 
917, -1.080024003982544, 0.11207389831542969, 0.0474095344543457, 0.061757802963256836 
918, -1.0800706148147583, 0.11191201210021973, 0.0476224422454834, 0.06136178970336914 
919, -1.0801327228546143, 0.1128079891204834, 0.04745984077453613, 0.06239891052246094 
920, -1.0801124572753906, 0.11319565773010254, 0.0478518009185791, 0.062462806701660156 
921, -1.0800265073776245, 0.11497354507446289, 0.049144744873046875, 0.06289911270141602 
922, -1.0801055431365967, 0.11430597305297852, 0.047698020935058594, 0.06365323066711426 
923, -1.080026626586914, 0.11363005638122559, 0.04811906814575195, 0.06258797645568848 
924, -1.079962968826294, 0.11676883697509766, 0.04991006851196289, 0.06389212608337402 
925, -1.0799424648284912, 0.11415314674377441, 0.04812026023864746, 0.06311964988708496 
926, -1.0799667835235596, 0.11429166793823242, 0.0483860969543457, 0.06300520896911621 
927, -1.0800002813339233, 0.11323332786560059, 0.04790353775024414, 0.062387704849243164 
928, -1.0800602436065674, 0.11357426643371582, 0.04792666435241699, 0.06274080276489258 
929, -1.0800960063934326, 0.11239266395568848, 0.04768657684326172, 0.06179952621459961 
930, -1.0800623893737793, 0.11222219467163086, 0.04749917984008789, 0.06181478500366211 
931, -1.0800877809524536, 0.11297798156738281, 0.04749941825866699, 0.06256675720214844 
932, -1.0800786018371582, 0.11287045478820801, 0.047565460205078125, 0.06247305870056152 
933, -1.080061912536621, 0.11354398727416992, 0.04743337631225586, 0.06319570541381836 
934, -1.0800034999847412, 0.11327147483825684, 0.04790163040161133, 0.062445878982543945 
935, -1.0799381732940674, 0.11401033401489258, 0.048804283142089844, 0.062273263931274414 
936, -1.0799180269241333, 0.11312460899353027, 0.04742765426635742, 0.06282186508178711 
937, -1.0799514055252075, 0.11590123176574707, 0.048322200775146484, 0.06238102912902832 
938, -1.0800297260284424, 0.1132805347442627, 0.04743003845214844, 0.06288957595825195 
939, -1.0800902843475342, 0.11462140083312988, 0.04823112487792969, 0.06349849700927734 
940, -1.0800806283950806, 0.11341214179992676, 0.04832053184509277, 0.06231689453125 
941, -1.080150842666626, 0.1136176586151123, 0.04742789268493652, 0.0633385181427002 
942, -1.0800282955169678, 0.11441349983215332, 0.048775672912597656, 0.06274271011352539 
943, -1.080091953277588, 0.11244440078735352, 0.04791092872619629, 0.061658382415771484 
944, -1.080096960067749, 0.11560726165771484, 0.048810720443725586, 0.06378865242004395 
945, -1.080021619796753, 0.11393141746520996, 0.04821348190307617, 0.0628194808959961 
946, -1.0799875259399414, 0.11452078819274902, 0.0479738712310791, 0.0635678768157959 
947, -1.0800009965896606, 0.11594223976135254, 0.04970908164978027, 0.06331992149353027 
948, -1.0800330638885498, 0.11356759071350098, 0.048091888427734375, 0.06261587142944336 
949, -1.080069661140442, 0.11262941360473633, 0.047684669494628906, 0.06207156181335449 
950, -1.080031394958496, 0.11294150352478027, 0.047449350357055664, 0.06266951560974121 
951, -1.0801422595977783, 0.1115109920501709, 0.04731249809265137, 0.06131410598754883 
952, -1.0801630020141602, 0.11135482788085938, 0.04767942428588867, 0.06081104278564453 
953, -1.080152988433838, 0.1128089427947998, 0.04726123809814453, 0.0626685619354248 
954, -1.0801422595977783, 0.11244463920593262, 0.04770159721374512, 0.06185626983642578 
955, -1.080146074295044, 0.11409425735473633, 0.04786276817321777, 0.06322622299194336 
956, -1.0801730155944824, 0.11514425277709961, 0.048690080642700195, 0.06306266784667969 
957, -1.080146312713623, 0.11551523208618164, 0.04812979698181152, 0.06442117691040039 
958, -1.0801283121109009, 0.11232852935791016, 0.047550201416015625, 0.061862945556640625 
959, -1.080036997795105, 0.11261391639709473, 0.04770541191101074, 0.06195259094238281 
960, -1.0800557136535645, 0.11219406127929688, 0.047466278076171875, 0.0618288516998291 
961, -1.0800046920776367, 0.1118617057800293, 0.04726767539978027, 0.061676740646362305 
962, -1.0800029039382935, 0.11234521865844727, 0.04746747016906738, 0.06200361251831055 
963, -1.0800402164459229, 0.11283326148986816, 0.04774641990661621, 0.062233924865722656 
964, -1.080082893371582, 0.11297011375427246, 0.04732847213745117, 0.06260943412780762 
965, -1.0801246166229248, 0.11548185348510742, 0.04848980903625488, 0.06351089477539062 
966, -1.0801007747650146, 0.11439013481140137, 0.048442840576171875, 0.06301236152648926 
967, -1.0801390409469604, 0.11475086212158203, 0.04839015007019043, 0.06342482566833496 
968, -1.0801069736480713, 0.11348819732666016, 0.04830622673034668, 0.062302589416503906 
969, -1.0800845623016357, 0.11435604095458984, 0.048348426818847656, 0.06299710273742676 
970, -1.080061674118042, 0.11354708671569824, 0.04797983169555664, 0.0627291202545166 
971, -1.0801091194152832, 0.11246252059936523, 0.04751276969909668, 0.06207108497619629 
972, -1.0800724029541016, 0.11247706413269043, 0.047167062759399414, 0.0623624324798584 
973, -1.080059289932251, 0.11228251457214355, 0.04780077934265137, 0.06160759925842285 
974, -1.080063819885254, 0.11185431480407715, 0.04689431190490723, 0.06199049949645996 
975, -1.0800800323486328, 0.1142737865447998, 0.047590017318725586, 0.06318497657775879 
976, -1.0801191329956055, 0.1136472225189209, 0.0478367805480957, 0.06270527839660645 
977, -1.0801571607589722, 0.11965775489807129, 0.052126407623291016, 0.06455659866333008 
978, -1.0798389911651611, 0.11428451538085938, 0.0478971004486084, 0.06349301338195801 
979, -1.0801520347595215, 0.11310768127441406, 0.048242807388305664, 0.06191515922546387 
980, -1.0800960063934326, 0.11290812492370605, 0.04743814468383789, 0.06252264976501465 
981, -1.0800743103027344, 0.11355972290039062, 0.04799342155456543, 0.06263113021850586 
982, -1.0800937414169312, 0.11299443244934082, 0.04787731170654297, 0.06221914291381836 
983, -1.0801019668579102, 0.11259651184082031, 0.04741787910461426, 0.062155961990356445 
984, -1.0800502300262451, 0.1145334243774414, 0.04891014099121094, 0.06265401840209961 
985, -1.08012056350708, 0.1140904426574707, 0.04775857925415039, 0.0634303092956543 
986, -1.0800988674163818, 0.11394548416137695, 0.047696590423583984, 0.06328845024108887 
987, -1.0800206661224365, 0.11378264427185059, 0.04847264289855957, 0.06236600875854492 
988, -1.0799860954284668, 0.11870932579040527, 0.05050301551818848, 0.06521224975585938 
989, -1.0799446105957031, 0.11518001556396484, 0.04871177673339844, 0.06349015235900879 
990, -1.0799483060836792, 0.11350393295288086, 0.04770851135253906, 0.0628206729888916 
991, -1.0800080299377441, 0.11443400382995605, 0.04852628707885742, 0.06293869018554688 
992, -1.0800318717956543, 0.11382746696472168, 0.048296213150024414, 0.06263256072998047 
993, -1.0800671577453613, 0.11297464370727539, 0.04781150817871094, 0.06226968765258789 
994, -1.0799262523651123, 0.11262631416320801, 0.04763007164001465, 0.06200766563415527 
995, -1.079946517944336, 0.11354541778564453, 0.04814934730529785, 0.06189680099487305 
996, -1.080136775970459, 0.1127479076385498, 0.04772806167602539, 0.06210923194885254 
997, -1.0801279544830322, 0.11268424987792969, 0.04732847213745117, 0.06251096725463867 
998, -1.0801035165786743, 0.11460757255554199, 0.048363685607910156, 0.0632936954498291 
999, -1.0800697803497314, 0.11511397361755371, 0.04839205741882324, 0.06370162963867188 
