Iteration, loss, time 
0, 1.9179521799087524, 10.227161407470703, 5.490738391876221, 4.609739065170288 
1, 1.9293864965438843, 8.90749740600586, 4.643482208251953, 4.158573389053345 
2, 1.9397646188735962, 8.56538438796997, 4.39157509803772, 4.065437316894531 
3, 1.949450969696045, 8.565728664398193, 4.445524215698242, 4.018868923187256 
4, 1.9565749168395996, 8.287359237670898, 4.370136737823486, 3.81632399559021 
5, 1.9620983600616455, 7.878693580627441, 4.0715391635894775, 3.7080013751983643 
6, 1.9669408798217773, 7.633684873580933, 3.960231304168701, 3.574366569519043 
7, 1.9703131914138794, 7.059908628463745, 3.6984074115753174, 3.2682838439941406 
8, 1.9747425317764282, 6.624537944793701, 3.4741344451904297, 3.013798713684082 
9, 1.9809015989303589, 6.318592071533203, 3.1957249641418457, 3.0292365550994873 
