Iteration, loss, time 
0, 2.137495279312134, 7.703919887542725, 4.317989349365234, 3.252687931060791 
1, 2.142322540283203, 7.2424867153167725, 3.8021152019500732, 3.3447961807250977 
2, 2.146627426147461, 6.981459379196167, 3.681079864501953, 3.203986167907715 
3, 2.1488287448883057, 6.788219928741455, 3.528212308883667, 3.165632486343384 
4, 2.150723934173584, 6.96056056022644, 3.5783324241638184, 3.287295341491699 
5, 2.153416156768799, 7.090731620788574, 3.5594229698181152, 3.4119999408721924 
6, 2.1568169593811035, 7.0498130321502686, 3.6406426429748535, 3.314662218093872 
7, 2.160529613494873, 7.005582809448242, 3.5194265842437744, 3.392110586166382 
8, 2.163914203643799, 6.3129096031188965, 3.2319273948669434, 2.9889395236968994 
9, 2.1668224334716797, 6.342738628387451, 3.2555363178253174, 2.9977898597717285 
