Iteration, loss, time 
0, -1.2160043716430664, 0.11090946197509766 
1, -1.2697582244873047, 0.023312807083129883 
2, -1.3147318363189697, 0.022449254989624023 
3, -1.3725380897521973, 0.02413010597229004 
4, -1.4161932468414307, 0.02266526222229004 
5, -1.4624555110931396, 0.022906780242919922 
6, -1.504439115524292, 0.022264957427978516 
7, -1.5499944686889648, 0.02266550064086914 
8, -1.5996650457382202, 0.022614479064941406 
9, -1.6454492807388306, 0.022312164306640625 
10, -1.6886342763900757, 0.022303342819213867 
11, -1.7344720363616943, 0.022240638732910156 
12, -1.7678554058074951, 0.02258586883544922 
13, -1.8066364526748657, 0.021949052810668945 
14, -1.8474278450012207, 0.022014617919921875 
15, -1.8934924602508545, 0.021365642547607422 
16, -1.9254326820373535, 0.021331787109375 
17, -1.9700195789337158, 0.021695613861083984 
18, -1.998752474784851, 0.02222156524658203 
19, -2.031355381011963, 0.022037744522094727 
20, -2.0764193534851074, 0.02233266830444336 
21, -2.1081273555755615, 0.02210521697998047 
22, -2.1469292640686035, 0.021791696548461914 
23, -2.180093288421631, 0.021471500396728516 
24, -2.20627498626709, 0.02187371253967285 
25, -2.242948532104492, 0.021350622177124023 
26, -2.277982234954834, 0.021661043167114258 
27, -2.3142433166503906, 0.020157337188720703 
28, -2.347869396209717, 0.02034473419189453 
29, -2.3790805339813232, 0.020310640335083008 
30, -2.4086546897888184, 0.021073579788208008 
31, -2.443704843521118, 0.021210432052612305 
32, -2.4765262603759766, 0.021576404571533203 
33, -2.4979541301727295, 0.021121978759765625 
34, -2.5317494869232178, 0.021902799606323242 
35, -2.5578229427337646, 0.021221160888671875 
36, -2.588381767272949, 0.021152019500732422 
37, -2.612480640411377, 0.020840883255004883 
38, -2.6456642150878906, 0.0214080810546875 
39, -2.6706924438476562, 0.021164655685424805 
40, -2.6897213459014893, 0.02158951759338379 
41, -2.7186388969421387, 0.0211184024810791 
42, -2.7540154457092285, 0.021555185317993164 
43, -2.770874500274658, 0.02119922637939453 
44, -2.7894458770751953, 0.021482467651367188 
45, -2.8293700218200684, 0.0211029052734375 
46, -2.8487963676452637, 0.021467924118041992 
47, -2.8707504272460938, 0.02018427848815918 
48, -2.8971171379089355, 0.020641803741455078 
49, -2.920229434967041, 0.020484447479248047 
50, -2.9395618438720703, 0.02192091941833496 
51, -2.9643659591674805, 0.020911693572998047 
52, -2.9855453968048096, 0.021376848220825195 
53, -3.007751226425171, 0.02147960662841797 
54, -3.0285134315490723, 0.02132129669189453 
55, -3.0463318824768066, 0.021070241928100586 
56, -3.0751569271087646, 0.021686792373657227 
57, -3.0918161869049072, 0.02133035659790039 
58, -3.1209311485290527, 0.021211624145507812 
59, -3.136157512664795, 0.0214996337890625 
60, -3.1534969806671143, 0.021550655364990234 
61, -3.1748385429382324, 0.021312952041625977 
62, -3.1994504928588867, 0.021729469299316406 
63, -3.207284927368164, 0.021381139755249023 
64, -3.2281007766723633, 0.02158498764038086 
65, -3.2445287704467773, 0.0208895206451416 
66, -3.2672958374023438, 0.021151304244995117 
67, -3.2824666500091553, 0.020476818084716797 
68, -3.3018550872802734, 0.02122783660888672 
69, -3.3206098079681396, 0.021158695220947266 
70, -3.3381588459014893, 0.021437644958496094 
71, -3.3582711219787598, 0.02079319953918457 
72, -3.379704475402832, 0.021733760833740234 
73, -3.3944592475891113, 0.02130913734436035 
74, -3.4131975173950195, 0.022253751754760742 
75, -3.429243326187134, 0.02096700668334961 
76, -3.4369707107543945, 0.02146124839782715 
77, -3.459113597869873, 0.02096843719482422 
78, -3.4717564582824707, 0.021485328674316406 
79, -3.491910219192505, 0.02115941047668457 
80, -3.5048744678497314, 0.021613359451293945 
81, -3.5228686332702637, 0.020825624465942383 
82, -3.5352675914764404, 0.02111029624938965 
83, -3.5517101287841797, 0.021312713623046875 
84, -3.573284149169922, 0.02144789695739746 
85, -3.582026720046997, 0.021112442016601562 
86, -3.592747211456299, 0.021528244018554688 
87, -3.608506202697754, 0.021087169647216797 
88, -3.6227869987487793, 0.021068572998046875 
89, -3.636806011199951, 0.020749807357788086 
90, -3.6501193046569824, 0.021229982376098633 
91, -3.662252426147461, 0.020960330963134766 
92, -3.683861017227173, 0.02103877067565918 
93, -3.68980073928833, 0.02045130729675293 
94, -3.7034826278686523, 0.02073979377746582 
95, -3.714707851409912, 0.020300626754760742 
96, -3.7328264713287354, 0.02048182487487793 
97, -3.743055582046509, 0.020613431930541992 
98, -3.7566795349121094, 0.021643638610839844 
99, -3.768589496612549, 0.021018266677856445 
100, -3.786038875579834, 0.021033287048339844 
101, -3.7936079502105713, 0.020789623260498047 
102, -3.8061695098876953, 0.021106481552124023 
103, -3.815368175506592, 0.020694255828857422 
104, -3.8197407722473145, 0.020767927169799805 
105, -3.843634605407715, 0.021031856536865234 
106, -3.844827651977539, 0.021157503128051758 
107, -3.858588218688965, 0.02133774757385254 
108, -3.873894453048706, 0.0218355655670166 
109, -3.8780667781829834, 0.021621227264404297 
110, -3.895237922668457, 0.02200627326965332 
111, -3.9106316566467285, 0.021572113037109375 
112, -3.9134645462036133, 0.021810054779052734 
113, -3.928826332092285, 0.021056652069091797 
114, -3.934549331665039, 0.02096080780029297 
115, -3.949373245239258, 0.02077651023864746 
116, -3.9555773735046387, 0.02152872085571289 
117, -3.9672462940216064, 0.02139115333557129 
118, -3.979257106781006, 0.02205491065979004 
119, -3.9840197563171387, 0.021352291107177734 
120, -3.995065212249756, 0.021910429000854492 
121, -4.009533405303955, 0.021725177764892578 
122, -4.023575305938721, 0.023345470428466797 
123, -4.026473522186279, 0.021334171295166016 
124, -4.033565044403076, 0.021559715270996094 
125, -4.044905185699463, 0.021515607833862305 
126, -4.056939125061035, 0.021535873413085938 
127, -4.063665866851807, 0.020993471145629883 
128, -4.073554992675781, 0.021020174026489258 
129, -4.079771518707275, 0.020732641220092773 
130, -4.094165802001953, 0.021150827407836914 
131, -4.09696102142334, 0.02106928825378418 
132, -4.105973243713379, 0.021167516708374023 
133, -4.111217975616455, 0.02091383934020996 
134, -4.121330738067627, 0.021375179290771484 
135, -4.136328220367432, 0.02106618881225586 
136, -4.140448093414307, 0.02133035659790039 
137, -4.14680814743042, 0.021228313446044922 
138, -4.159117698669434, 0.021605968475341797 
139, -4.162508010864258, 0.021304607391357422 
140, -4.170767784118652, 0.021723508834838867 
141, -4.178369998931885, 0.02151799201965332 
142, -4.184786796569824, 0.021764278411865234 
143, -4.1945977210998535, 0.0212099552154541 
144, -4.20534610748291, 0.02145862579345703 
145, -4.214609622955322, 0.021227121353149414 
146, -4.2109174728393555, 0.022327899932861328 
147, -4.219277381896973, 0.021016836166381836 
148, -4.222994804382324, 0.021392822265625 
149, -4.242980003356934, 0.0212247371673584 
150, -4.252231597900391, 0.02170562744140625 
151, -4.255491733551025, 0.021340370178222656 
152, -4.255389213562012, 0.021484851837158203 
153, -4.266729354858398, 0.021004199981689453 
154, -4.266803741455078, 0.0215909481048584 
155, -4.283650875091553, 0.021222591400146484 
156, -4.285554885864258, 0.021152019500732422 
157, -4.286056041717529, 0.02072620391845703 
158, -4.289440155029297, 0.02064347267150879 
159, -4.294924259185791, 0.020595073699951172 
160, -4.299929141998291, 0.021126985549926758 
161, -4.321094512939453, 0.02071547508239746 
162, -4.328121662139893, 0.021358251571655273 
163, -4.334907054901123, 0.020773649215698242 
164, -4.3369903564453125, 0.021371841430664062 
165, -4.3393425941467285, 0.021220684051513672 
166, -4.345454216003418, 0.021039247512817383 
167, -4.353355407714844, 0.020993947982788086 
168, -4.3569464683532715, 0.02171945571899414 
169, -4.36862850189209, 0.020843029022216797 
170, -4.3699798583984375, 0.0220792293548584 
171, -4.369751453399658, 0.021039485931396484 
172, -4.3808441162109375, 0.021588563919067383 
173, -4.3837199211120605, 0.021045684814453125 
174, -4.389275550842285, 0.021536588668823242 
175, -4.392490386962891, 0.020951509475708008 
176, -4.393612384796143, 0.02105855941772461 
177, -4.396160125732422, 0.020829439163208008 
178, -4.40313196182251, 0.02130889892578125 
179, -4.411858558654785, 0.021120309829711914 
180, -4.414499282836914, 0.02155327796936035 
181, -4.419859886169434, 0.021058320999145508 
182, -4.425951957702637, 0.021274328231811523 
183, -4.433561325073242, 0.021615982055664062 
184, -4.434248447418213, 0.022119522094726562 
185, -4.441746234893799, 0.02229475975036621 
186, -4.445296764373779, 0.022658348083496094 
187, -4.449011325836182, 0.02218174934387207 
188, -4.4556989669799805, 0.022824764251708984 
189, -4.461273193359375, 0.02229762077331543 
190, -4.478308200836182, 0.022629499435424805 
191, -4.480528354644775, 0.022034645080566406 
192, -4.484888553619385, 0.021857738494873047 
193, -4.484256744384766, 0.02142643928527832 
194, -4.484773635864258, 0.02268671989440918 
195, -4.489417552947998, 0.02097630500793457 
196, -4.493964195251465, 0.02117323875427246 
197, -4.496731281280518, 0.020856142044067383 
198, -4.510313510894775, 0.021222352981567383 
199, -4.51380729675293, 0.02126479148864746 
200, -4.517487525939941, 0.021716594696044922 
201, -4.522043228149414, 0.021524906158447266 
202, -4.526026725769043, 0.021719932556152344 
203, -4.528374195098877, 0.021418333053588867 
204, -4.536391735076904, 0.021563291549682617 
205, -4.527295112609863, 0.021021604537963867 
206, -4.537708282470703, 0.021471738815307617 
207, -4.5365309715271, 0.021217823028564453 
208, -4.548287868499756, 0.021233081817626953 
209, -4.54659366607666, 0.020923376083374023 
210, -4.552489280700684, 0.021318435668945312 
211, -4.555306911468506, 0.02111983299255371 
212, -4.5574493408203125, 0.020979642868041992 
213, -4.56180477142334, 0.02126455307006836 
214, -4.571538925170898, 0.02117323875427246 
215, -4.5628767013549805, 0.021279573440551758 
216, -4.575660705566406, 0.021548748016357422 
217, -4.580049514770508, 0.02107834815979004 
218, -4.58435583114624, 0.022301435470581055 
219, -4.585853099822998, 0.02080082893371582 
220, -4.5879011154174805, 0.02128887176513672 
221, -4.590362071990967, 0.020658493041992188 
222, -4.596619129180908, 0.02141857147216797 
223, -4.592270851135254, 0.02075481414794922 
224, -4.604692459106445, 0.02083277702331543 
225, -4.602834701538086, 0.020357370376586914 
226, -4.612317085266113, 0.02071356773376465 
227, -4.616489410400391, 0.021033525466918945 
228, -4.6071929931640625, 0.021214962005615234 
229, -4.619086265563965, 0.021240711212158203 
230, -4.6242265701293945, 0.021371841430664062 
231, -4.624146461486816, 0.020867586135864258 
232, -4.638851165771484, 0.0213468074798584 
233, -4.63034200668335, 0.020628929138183594 
234, -4.652507305145264, 0.020917892456054688 
235, -4.647517204284668, 0.021216869354248047 
236, -4.659512996673584, 0.021448373794555664 
237, -4.638246536254883, 0.021111249923706055 
238, -4.641546726226807, 0.02172565460205078 
239, -4.644697189331055, 0.021337032318115234 
240, -4.630904197692871, 0.02172255516052246 
241, -4.632223606109619, 0.021249771118164062 
242, -4.642701148986816, 0.022391319274902344 
243, -4.65369176864624, 0.020712614059448242 
244, -4.651503562927246, 0.021153688430786133 
245, -4.673290252685547, 0.02076888084411621 
246, -4.668657302856445, 0.020687341690063477 
247, -4.667993068695068, 0.020878076553344727 
248, -4.659705638885498, 0.022320985794067383 
249, -4.671595096588135, 0.020931243896484375 
250, -4.686095714569092, 0.021497488021850586 
251, -4.687251091003418, 0.02110743522644043 
252, -4.689608097076416, 0.02115607261657715 
253, -4.694115161895752, 0.020962238311767578 
254, -4.693099498748779, 0.021775007247924805 
255, -4.693915367126465, 0.021799564361572266 
256, -4.700199127197266, 0.021881103515625 
257, -4.702569961547852, 0.02100348472595215 
258, -4.69188117980957, 0.021235227584838867 
259, -4.703264236450195, 0.021051883697509766 
260, -4.6884870529174805, 0.021431922912597656 
261, -4.6874680519104, 0.021027088165283203 
262, -4.692494869232178, 0.021459579467773438 
263, -4.695403575897217, 0.0216672420501709 
264, -4.721094131469727, 0.02208852767944336 
265, -4.712302207946777, 0.02162647247314453 
266, -4.697628021240234, 0.023039579391479492 
267, -4.718808174133301, 0.02149224281311035 
268, -4.712953567504883, 0.021893024444580078 
269, -4.700174808502197, 0.021367311477661133 
270, -4.696063995361328, 0.021594524383544922 
271, -4.722567081451416, 0.021652698516845703 
272, -4.698329925537109, 0.021733760833740234 
273, -4.758053779602051, 0.02126312255859375 
274, -4.753312110900879, 0.02174973487854004 
275, -4.767915725708008, 0.02127981185913086 
276, -4.712756633758545, 0.021213769912719727 
277, -4.699861526489258, 0.02122211456298828 
278, -4.757404327392578, 0.02158975601196289 
279, -4.755518913269043, 0.02151179313659668 
280, -4.715230941772461, 0.021886348724365234 
281, -4.7227654457092285, 0.021318435668945312 
282, -4.7339301109313965, 0.021126985549926758 
283, -4.697786808013916, 0.02082514762878418 
284, -4.744992733001709, 0.021494388580322266 
285, -4.746322154998779, 0.02100062370300293 
286, -4.7405476570129395, 0.020524024963378906 
287, -4.739628791809082, 0.020413637161254883 
288, -4.744060039520264, 0.020804405212402344 
289, -4.745126724243164, 0.02050161361694336 
290, -4.744253635406494, 0.022198915481567383 
291, -4.755908966064453, 0.020550251007080078 
292, -4.743792533874512, 0.021043062210083008 
293, -4.768176555633545, 0.021014928817749023 
294, -4.763174057006836, 0.021360397338867188 
295, -4.7652130126953125, 0.021089792251586914 
296, -4.76831579208374, 0.021003246307373047 
297, -4.7725043296813965, 0.02119731903076172 
298, -4.774004936218262, 0.02097630500793457 
299, -4.768319129943848, 0.021054983139038086 
300, -4.778687477111816, 0.021291732788085938 
301, -4.769719123840332, 0.021344900131225586 
302, -4.740112781524658, 0.021437883377075195 
303, -4.768639087677002, 0.021507978439331055 
304, -4.74561882019043, 0.02158808708190918 
305, -4.780869483947754, 0.02076125144958496 
306, -4.779383182525635, 0.02109503746032715 
307, -4.7722930908203125, 0.020901918411254883 
308, -4.773277759552002, 0.021121978759765625 
309, -4.77400016784668, 0.02121877670288086 
310, -4.793932914733887, 0.0215909481048584 
311, -4.792281627655029, 0.021225929260253906 
312, -4.771022796630859, 0.021652936935424805 
313, -4.802290916442871, 0.021450519561767578 
314, -4.772518157958984, 0.023134708404541016 
315, -4.773766994476318, 0.02171468734741211 
316, -4.774037837982178, 0.022072315216064453 
317, -4.775346755981445, 0.02168130874633789 
318, -4.774827480316162, 0.022032499313354492 
319, -4.775933265686035, 0.021852493286132812 
320, -4.777486801147461, 0.02186727523803711 
321, -4.799834251403809, 0.021849870681762695 
322, -4.7963433265686035, 0.021679162979125977 
323, -4.805273056030273, 0.021162986755371094 
324, -4.797389030456543, 0.021559476852416992 
325, -4.801392078399658, 0.021516799926757812 
326, -4.803396701812744, 0.02141427993774414 
327, -4.811960220336914, 0.021173954010009766 
328, -4.80288028717041, 0.021260976791381836 
329, -4.805701732635498, 0.021233797073364258 
330, -4.789926052093506, 0.021901369094848633 
331, -4.794721603393555, 0.021502971649169922 
332, -4.804909706115723, 0.021824121475219727 
333, -4.811192512512207, 0.021416664123535156 
334, -4.813011169433594, 0.02143692970275879 
335, -4.813788414001465, 0.020947933197021484 
336, -4.824704170227051, 0.0214388370513916 
337, -4.81450891494751, 0.0214998722076416 
338, -4.824525356292725, 0.023044824600219727 
339, -4.814018249511719, 0.02162647247314453 
340, -4.815648555755615, 0.02209758758544922 
341, -4.814051151275635, 0.02149367332458496 
342, -4.81689453125, 0.02158951759338379 
343, -4.817612171173096, 0.02152419090270996 
344, -4.818456649780273, 0.021718263626098633 
345, -4.820813179016113, 0.021576642990112305 
346, -4.821578025817871, 0.021637439727783203 
347, -4.822849273681641, 0.021237850189208984 
348, -4.817743301391602, 0.020938873291015625 
349, -4.819985866546631, 0.020560503005981445 
350, -4.824496269226074, 0.02115321159362793 
351, -4.825996398925781, 0.020787715911865234 
352, -4.826408386230469, 0.021451473236083984 
353, -4.826439380645752, 0.02077507972717285 
354, -4.830555438995361, 0.020833253860473633 
355, -4.826426982879639, 0.020564556121826172 
356, -4.831399917602539, 0.02082514762878418 
357, -4.832967758178711, 0.020966291427612305 
358, -4.8332929611206055, 0.02088141441345215 
359, -4.833682060241699, 0.020655155181884766 
360, -4.834346771240234, 0.020982742309570312 
361, -4.851664066314697, 0.02115488052368164 
362, -4.827457427978516, 0.02231431007385254 
363, -4.845684051513672, 0.020251989364624023 
364, -4.849103927612305, 0.021016359329223633 
365, -4.853310585021973, 0.02118086814880371 
366, -4.835261821746826, 0.02124953269958496 
367, -4.835089683532715, 0.02103710174560547 
368, -4.837010383605957, 0.021150588989257812 
369, -4.836928367614746, 0.021274089813232422 
370, -4.837660789489746, 0.0216066837310791 
371, -4.838396072387695, 0.0213320255279541 
372, -4.8384013175964355, 0.021477937698364258 
373, -4.840451240539551, 0.020851612091064453 
374, -4.840893268585205, 0.021071434020996094 
375, -4.841148853302002, 0.02049422264099121 
376, -4.842602252960205, 0.021051645278930664 
377, -4.841833114624023, 0.02109074592590332 
378, -4.843341827392578, 0.021633386611938477 
379, -4.844635963439941, 0.02090597152709961 
380, -4.845193862915039, 0.021853923797607422 
381, -4.846576690673828, 0.021663188934326172 
382, -4.846656799316406, 0.021167993545532227 
383, -4.847005844116211, 0.020961999893188477 
384, -4.848538398742676, 0.02188897132873535 
385, -4.848574638366699, 0.021353483200073242 
386, -4.848226547241211, 0.02260732650756836 
387, -4.849180698394775, 0.020918607711791992 
388, -4.850584983825684, 0.021225690841674805 
389, -4.852360725402832, 0.021126270294189453 
390, -4.865410327911377, 0.02137470245361328 
391, -4.851358413696289, 0.02075648307800293 
392, -4.851620674133301, 0.021756887435913086 
393, -4.8516130447387695, 0.021324872970581055 
394, -4.859385013580322, 0.021731853485107422 
395, -4.860594749450684, 0.021582603454589844 
396, -4.868313789367676, 0.02163243293762207 
397, -4.869485855102539, 0.021192550659179688 
398, -4.859528541564941, 0.021877527236938477 
399, -4.861274719238281, 0.02134561538696289 
400, -4.868319034576416, 0.02103900909423828 
401, -4.854970932006836, 0.02110457420349121 
402, -4.855803489685059, 0.021579980850219727 
403, -4.8645806312561035, 0.021192073822021484 
404, -4.881231307983398, 0.021302223205566406 
405, -4.883607864379883, 0.021195173263549805 
406, -4.8657989501953125, 0.021341562271118164 
407, -4.882445335388184, 0.021241426467895508 
408, -4.862264633178711, 0.021910905838012695 
409, -4.860230445861816, 0.02158069610595703 
410, -4.863489627838135, 0.022951364517211914 
411, -4.890666484832764, 0.02126765251159668 
412, -4.872854232788086, 0.02131795883178711 
413, -4.86918306350708, 0.02129840850830078 
414, -4.880583763122559, 0.021564006805419922 
415, -4.86733865737915, 0.02075338363647461 
416, -4.870023250579834, 0.02086925506591797 
417, -4.890108585357666, 0.020576953887939453 
418, -4.8710150718688965, 0.021389007568359375 
419, -4.889319896697998, 0.0212252140045166 
420, -4.871299743652344, 0.02166438102722168 
421, -4.890229225158691, 0.02094101905822754 
422, -4.873434066772461, 0.021340608596801758 
423, -4.872971534729004, 0.02105259895324707 
424, -4.869961261749268, 0.021485328674316406 
425, -4.8730292320251465, 0.020572662353515625 
426, -4.873456954956055, 0.0215301513671875 
427, -4.8577446937561035, 0.021135330200195312 
428, -4.873250484466553, 0.02186131477355957 
429, -4.88082218170166, 0.02132892608642578 
430, -4.878818035125732, 0.021768569946289062 
431, -4.877144813537598, 0.02164292335510254 
432, -4.881406307220459, 0.021734237670898438 
433, -4.880041122436523, 0.021338701248168945 
434, -4.879327774047852, 0.02218008041381836 
435, -4.881096839904785, 0.020804882049560547 
436, -4.881519317626953, 0.021019458770751953 
437, -4.8786725997924805, 0.021053552627563477 
438, -4.878158092498779, 0.02163553237915039 
439, -4.874794960021973, 0.02110123634338379 
440, -4.879373073577881, 0.021443843841552734 
441, -4.879145622253418, 0.021387815475463867 
442, -4.873532295227051, 0.0220792293548584 
443, -4.88122034072876, 0.021491527557373047 
444, -4.871429443359375, 0.02194666862487793 
445, -4.883133888244629, 0.021592378616333008 
446, -4.8832478523254395, 0.022092819213867188 
447, -4.904117107391357, 0.021844863891601562 
448, -4.89068078994751, 0.022495269775390625 
449, -4.887309551239014, 0.022201061248779297 
450, -4.884099960327148, 0.0222322940826416 
451, -4.884143829345703, 0.021686553955078125 
452, -4.885583877563477, 0.021677017211914062 
453, -4.883402347564697, 0.021203279495239258 
454, -4.883747100830078, 0.021190643310546875 
455, -4.884535312652588, 0.020786762237548828 
456, -4.884627342224121, 0.02118086814880371 
457, -4.885600566864014, 0.021497011184692383 
458, -4.883649826049805, 0.0230100154876709 
459, -4.884639263153076, 0.021190166473388672 
460, -4.917835235595703, 0.021391630172729492 
461, -4.885855197906494, 0.021375417709350586 
462, -4.884354114532471, 0.021604299545288086 
463, -4.883402347564697, 0.02134990692138672 
464, -4.8951921463012695, 0.02174234390258789 
465, -4.886340618133545, 0.02138805389404297 
466, -4.894495964050293, 0.021653175354003906 
467, -4.880318641662598, 0.021394014358520508 
468, -4.881923675537109, 0.021650314331054688 
469, -4.883183002471924, 0.021152019500732422 
470, -4.885932922363281, 0.021124601364135742 
471, -4.8775506019592285, 0.021323204040527344 
472, -4.884843349456787, 0.02181267738342285 
473, -4.896099090576172, 0.02137589454650879 
474, -4.8882527351379395, 0.02161431312561035 
475, -4.877102851867676, 0.02120518684387207 
476, -4.86908483505249, 0.021360158920288086 
477, -4.8911848068237305, 0.020685911178588867 
478, -4.872023105621338, 0.020891427993774414 
479, -4.894866943359375, 0.020947933197021484 
480, -4.903493404388428, 0.021181344985961914 
481, -4.873839378356934, 0.020809650421142578 
482, -4.866319179534912, 0.021990537643432617 
483, -4.8954362869262695, 0.020630359649658203 
484, -4.893282890319824, 0.02089214324951172 
485, -4.883945465087891, 0.020849227905273438 
486, -4.886508941650391, 0.021162986755371094 
487, -4.887025356292725, 0.021099328994750977 
488, -4.873954772949219, 0.020990610122680664 
489, -4.906585693359375, 0.02043437957763672 
490, -4.883960723876953, 0.02066206932067871 
491, -4.895777225494385, 0.02092123031616211 
492, -4.8863396644592285, 0.020724058151245117 
493, -4.886023044586182, 0.021501541137695312 
494, -4.874899864196777, 0.02125692367553711 
495, -4.9051313400268555, 0.021222591400146484 
496, -4.888388156890869, 0.021603822708129883 
497, -4.879682540893555, 0.02136397361755371 
498, -4.879495143890381, 0.021836519241333008 
499, -4.8910017013549805, 0.021373271942138672 
500, -4.884784698486328, 0.021378040313720703 
501, -4.880395889282227, 0.020778417587280273 
502, -4.882150650024414, 0.02083754539489746 
503, -4.8863372802734375, 0.02049875259399414 
504, -4.897158622741699, 0.020948171615600586 
505, -4.906427383422852, 0.020745038986206055 
506, -4.902424335479736, 0.0225372314453125 
507, -4.902955532073975, 0.021165132522583008 
508, -4.884174346923828, 0.021523475646972656 
509, -4.875300407409668, 0.021280765533447266 
510, -4.903566360473633, 0.021455049514770508 
511, -4.893681049346924, 0.02050614356994629 
512, -4.900302886962891, 0.02137446403503418 
513, -4.895707607269287, 0.021230459213256836 
514, -4.899726867675781, 0.0216372013092041 
515, -4.904482841491699, 0.020849227905273438 
516, -4.898709774017334, 0.021255016326904297 
517, -4.8778977394104, 0.0205996036529541 
518, -4.904536247253418, 0.02103114128112793 
519, -4.900826930999756, 0.020894289016723633 
520, -4.897270202636719, 0.021111726760864258 
521, -4.913998126983643, 0.020798206329345703 
522, -4.898102760314941, 0.021437406539916992 
523, -4.87939977645874, 0.020912885665893555 
524, -4.89864444732666, 0.02166748046875 
525, -4.899950981140137, 0.021395444869995117 
526, -4.898567199707031, 0.02176380157470703 
527, -4.906436920166016, 0.021262407302856445 
528, -4.898992538452148, 0.021725893020629883 
529, -4.905588150024414, 0.02120804786682129 
530, -4.906318187713623, 0.022302865982055664 
531, -4.849708080291748, 0.021089792251586914 
532, -4.900003433227539, 0.021771907806396484 
533, -4.899770736694336, 0.021567106246948242 
534, -4.905462265014648, 0.02138829231262207 
535, -4.90024471282959, 0.021299123764038086 
536, -4.900846004486084, 0.021738529205322266 
537, -4.900046348571777, 0.021209239959716797 
538, -4.90040922164917, 0.021590709686279297 
539, -4.905425548553467, 0.021480560302734375 
540, -4.851232528686523, 0.021036148071289062 
541, -4.900164604187012, 0.0211794376373291 
542, -4.900434970855713, 0.021500110626220703 
543, -4.899008750915527, 0.02100062370300293 
544, -4.899626731872559, 0.021010160446166992 
545, -4.905319690704346, 0.0204317569732666 
546, -4.8901591300964355, 0.020798683166503906 
547, -4.901117324829102, 0.020780086517333984 
548, -4.9011030197143555, 0.021038532257080078 
549, -4.866548538208008, 0.020868301391601562 
550, -4.9009294509887695, 0.020656585693359375 
551, -4.901219844818115, 0.020840167999267578 
552, -4.901923179626465, 0.02132391929626465 
553, -4.901432037353516, 0.02105402946472168 
554, -4.869717597961426, 0.022408723831176758 
555, -4.970066070556641, 0.0207669734954834 
556, -4.972536087036133, 0.021031856536865234 
557, -4.968559741973877, 0.020860671997070312 
558, -4.901697158813477, 0.02127385139465332 
559, -4.959619045257568, 0.021028995513916016 
560, -4.948980331420898, 0.021487712860107422 
561, -4.927154064178467, 0.02125835418701172 
562, -4.929261207580566, 0.02144765853881836 
563, -4.898472785949707, 0.020977020263671875 
564, -4.902924537658691, 0.021176815032958984 
565, -4.963630676269531, 0.02089095115661621 
566, -4.931682586669922, 0.02135634422302246 
567, -4.974936485290527, 0.020792722702026367 
568, -4.9722442626953125, 0.021239280700683594 
569, -4.902554988861084, 0.021424055099487305 
570, -4.896371364593506, 0.022301912307739258 
571, -4.901877403259277, 0.022272109985351562 
572, -4.980944633483887, 0.022685766220092773 
573, -4.978334903717041, 0.022389888763427734 
574, -4.973277568817139, 0.022566795349121094 
575, -4.983330726623535, 0.022059917449951172 
576, -4.902681350708008, 0.022116661071777344 
577, -4.9031500816345215, 0.021870136260986328 
578, -4.90324592590332, 0.02337336540222168 
579, -4.902156352996826, 0.021462440490722656 
580, -4.9044952392578125, 0.021730899810791016 
581, -4.902015209197998, 0.021136045455932617 
582, -4.904397010803223, 0.02156662940979004 
583, -4.899832725524902, 0.021208763122558594 
584, -4.956252574920654, 0.021394968032836914 
585, -4.901893138885498, 0.021324872970581055 
586, -4.955986976623535, 0.021724700927734375 
587, -4.951630115509033, 0.021156787872314453 
588, -4.947635173797607, 0.0216827392578125 
589, -4.958316326141357, 0.021297454833984375 
590, -4.955447673797607, 0.021319866180419922 
591, -4.909698486328125, 0.020848512649536133 
592, -4.954742908477783, 0.021324634552001953 
593, -4.905849933624268, 0.021291494369506836 
594, -4.899810314178467, 0.021329402923583984 
595, -4.901147842407227, 0.02064824104309082 
596, -4.905622482299805, 0.02092123031616211 
597, -4.904811859130859, 0.021062612533569336 
598, -4.905670166015625, 0.021431922912597656 
599, -4.905306816101074, 0.020801782608032227 
600, -4.921656608581543, 0.021370649337768555 
601, -4.90792179107666, 0.020888090133666992 
602, -4.907175540924072, 0.022700786590576172 
603, -4.909735202789307, 0.021596908569335938 
604, -4.95517110824585, 0.021544933319091797 
605, -4.909556865692139, 0.020955801010131836 
606, -4.952022075653076, 0.02107977867126465 
607, -4.909526824951172, 0.02082228660583496 
608, -4.910923004150391, 0.021370410919189453 
609, -4.90631628036499, 0.021345138549804688 
610, -4.909215927124023, 0.021195411682128906 
611, -4.906247615814209, 0.02091240882873535 
612, -4.906223773956299, 0.02100539207458496 
613, -4.906357765197754, 0.021099328994750977 
614, -4.906735897064209, 0.021401166915893555 
615, -4.90714168548584, 0.021126985549926758 
616, -4.90699577331543, 0.02112579345703125 
617, -4.903113842010498, 0.020971059799194336 
618, -4.911648750305176, 0.021341323852539062 
619, -4.911344051361084, 0.02091193199157715 
620, -4.956710338592529, 0.021067142486572266 
621, -4.958619117736816, 0.02116560935974121 
622, -4.912191390991211, 0.021321535110473633 
623, -4.962362289428711, 0.021150827407836914 
624, -4.9608869552612305, 0.02167510986328125 
625, -4.913556098937988, 0.02139592170715332 
626, -4.910774230957031, 0.02298426628112793 
627, -4.906695365905762, 0.021444082260131836 
628, -4.905292510986328, 0.0218656063079834 
629, -4.907452583312988, 0.021006345748901367 
630, -4.906828880310059, 0.021172285079956055 
631, -4.906249046325684, 0.02105116844177246 
632, -4.907277584075928, 0.020913362503051758 
633, -4.905837059020996, 0.020657062530517578 
634, -4.905852794647217, 0.02149057388305664 
635, -4.906769752502441, 0.02120208740234375 
636, -4.915593147277832, 0.021287202835083008 
637, -4.914229869842529, 0.021081924438476562 
638, -4.907986640930176, 0.021009206771850586 
639, -4.908115863800049, 0.020972728729248047 
640, -4.914157867431641, 0.021870851516723633 
641, -4.91307258605957, 0.021631240844726562 
642, -4.913978576660156, 0.021727323532104492 
643, -4.9154863357543945, 0.020955562591552734 
644, -4.908267498016357, 0.02109670639038086 
645, -4.912994384765625, 0.020863771438598633 
646, -4.907715797424316, 0.021407604217529297 
647, -4.912003993988037, 0.02118825912475586 
648, -4.915579795837402, 0.021477460861206055 
649, -4.912359714508057, 0.02163076400756836 
650, -4.909940242767334, 0.023426532745361328 
651, -4.9146599769592285, 0.021860361099243164 
652, -4.910783290863037, 0.021971464157104492 
653, -4.908635139465332, 0.0215151309967041 
654, -4.916877746582031, 0.0218045711517334 
655, -4.916182994842529, 0.021526098251342773 
656, -4.908231258392334, 0.021558046340942383 
657, -4.915416717529297, 0.02156376838684082 
658, -4.9115400314331055, 0.021769285202026367 
659, -4.908842086791992, 0.021524429321289062 
660, -4.908141613006592, 0.021840810775756836 
661, -4.917067050933838, 0.02146148681640625 
662, -4.907381534576416, 0.02124643325805664 
663, -4.8820576667785645, 0.021280765533447266 
664, -4.918450832366943, 0.02166438102722168 
665, -4.908531188964844, 0.02133774757385254 
666, -4.907700538635254, 0.02193903923034668 
667, -4.917180061340332, 0.02148580551147461 
668, -4.908685207366943, 0.021208763122558594 
669, -4.908029556274414, 0.0208432674407959 
670, -4.906452178955078, 0.02151656150817871 
671, -4.909329414367676, 0.021445751190185547 
672, -4.910313606262207, 0.0209348201751709 
673, -4.914402961730957, 0.02025437355041504 
674, -4.907186508178711, 0.021843671798706055 
675, -4.906552314758301, 0.02081894874572754 
676, -4.919923305511475, 0.021042585372924805 
677, -4.9096527099609375, 0.020958662033081055 
678, -4.911288261413574, 0.020607471466064453 
679, -4.907158374786377, 0.020824909210205078 
680, -4.908350944519043, 0.02151036262512207 
681, -4.909523963928223, 0.021138668060302734 
682, -4.908878803253174, 0.021269559860229492 
683, -4.908895492553711, 0.02135920524597168 
684, -4.908455848693848, 0.02118706703186035 
685, -4.908644676208496, 0.02105402946472168 
686, -4.905370712280273, 0.021648883819580078 
687, -4.9079999923706055, 0.021483659744262695 
688, -4.90576696395874, 0.021717309951782227 
689, -4.906497478485107, 0.02120494842529297 
690, -4.905520439147949, 0.021639585494995117 
691, -4.905918121337891, 0.020932912826538086 
692, -4.905745983123779, 0.021193981170654297 
693, -4.907784461975098, 0.020978927612304688 
694, -4.90797233581543, 0.021453857421875 
695, -4.906548976898193, 0.02103257179260254 
696, -4.9107666015625, 0.02161383628845215 
697, -4.908904075622559, 0.021391630172729492 
698, -4.915012836456299, 0.02299356460571289 
699, -4.910337448120117, 0.021741390228271484 
700, -4.916189670562744, 0.022135257720947266 
701, -4.916060924530029, 0.021709918975830078 
702, -4.919127464294434, 0.022292137145996094 
703, -4.9071431159973145, 0.021822690963745117 
704, -4.917201995849609, 0.022054195404052734 
705, -4.912297248840332, 0.021652698516845703 
706, -4.907742500305176, 0.02216506004333496 
707, -4.908297061920166, 0.021570920944213867 
708, -4.910026550292969, 0.022055387496948242 
709, -4.907461643218994, 0.02123713493347168 
710, -4.907188415527344, 0.021341800689697266 
711, -4.9057230949401855, 0.020964384078979492 
712, -4.9072065353393555, 0.021432161331176758 
713, -4.905947685241699, 0.020726680755615234 
714, -4.905386447906494, 0.021538734436035156 
715, -4.905986309051514, 0.021092891693115234 
716, -4.9059295654296875, 0.021657943725585938 
717, -4.906764507293701, 0.02146744728088379 
718, -4.906100749969482, 0.02189779281616211 
719, -4.906218528747559, 0.021388530731201172 
720, -4.9060893058776855, 0.021952152252197266 
721, -4.905767440795898, 0.021137237548828125 
722, -4.906240940093994, 0.022589683532714844 
723, -4.906379222869873, 0.021221637725830078 
724, -4.9075212478637695, 0.021750450134277344 
725, -4.906508445739746, 0.02167820930480957 
726, -4.905785083770752, 0.022024869918823242 
727, -4.9063401222229, 0.021332502365112305 
728, -4.905780792236328, 0.02176523208618164 
729, -4.905594825744629, 0.021773815155029297 
730, -4.905494689941406, 0.02202439308166504 
731, -4.906131267547607, 0.0214846134185791 
732, -4.906322479248047, 0.02173924446105957 
733, -4.906134128570557, 0.021068572998046875 
734, -4.9060797691345215, 0.02108597755432129 
735, -4.906089782714844, 0.020748376846313477 
736, -4.906136512756348, 0.02118515968322754 
737, -4.906004905700684, 0.0210721492767334 
738, -4.90585994720459, 0.021411657333374023 
739, -4.907533645629883, 0.0205078125 
740, -4.905998706817627, 0.020798683166503906 
741, -4.9062652587890625, 0.020779848098754883 
742, -4.907618522644043, 0.021022796630859375 
743, -4.905937194824219, 0.02082991600036621 
744, -4.906368732452393, 0.021285057067871094 
745, -4.9060587882995605, 0.02069830894470215 
746, -4.906063556671143, 0.02204442024230957 
747, -4.906269073486328, 0.020565271377563477 
748, -4.90771484375, 0.021294832229614258 
749, -4.906276702880859, 0.02060723304748535 
750, -4.9066996574401855, 0.021502971649169922 
751, -4.906257629394531, 0.020754575729370117 
752, -4.9061503410339355, 0.021467924118041992 
753, -4.905680179595947, 0.020894289016723633 
754, -4.905451774597168, 0.021593809127807617 
755, -4.90638542175293, 0.02151346206665039 
756, -4.90608024597168, 0.021798372268676758 
757, -4.9061479568481445, 0.021105527877807617 
758, -4.888714790344238, 0.02121114730834961 
759, -4.906264305114746, 0.020754337310791016 
760, -4.906113624572754, 0.021376371383666992 
761, -4.903873920440674, 0.021124839782714844 
762, -4.897700309753418, 0.02113628387451172 
763, -4.902146339416504, 0.02095818519592285 
764, -4.906478404998779, 0.021788597106933594 
765, -4.906213760375977, 0.021754026412963867 
766, -4.9078145027160645, 0.021709442138671875 
767, -4.906747817993164, 0.02121710777282715 
768, -4.9075822830200195, 0.021068096160888672 
769, -4.908390522003174, 0.02120661735534668 
770, -4.905886650085449, 0.022983312606811523 
771, -4.9070892333984375, 0.02168750762939453 
772, -4.91041898727417, 0.021416425704956055 
773, -4.911766529083252, 0.02096390724182129 
774, -4.908595561981201, 0.021432161331176758 
775, -4.906937599182129, 0.02139759063720703 
776, -4.90952730178833, 0.021495342254638672 
777, -4.906609535217285, 0.02106308937072754 
778, -4.9058756828308105, 0.02187204360961914 
779, -4.9064764976501465, 0.021469593048095703 
780, -4.9063639640808105, 0.021814584732055664 
781, -4.905959606170654, 0.021495580673217773 
782, -4.907845497131348, 0.022049427032470703 
783, -4.905920028686523, 0.021483182907104492 
784, -4.907741546630859, 0.02166581153869629 
785, -4.905086517333984, 0.021624088287353516 
786, -4.906029224395752, 0.021686792373657227 
787, -4.906120777130127, 0.020903587341308594 
788, -4.906017780303955, 0.021039485931396484 
789, -4.906093597412109, 0.021349191665649414 
790, -4.905921459197998, 0.021465778350830078 
791, -4.906471252441406, 0.0208437442779541 
792, -4.905906677246094, 0.021312475204467773 
793, -4.905735015869141, 0.020723581314086914 
794, -4.907209396362305, 0.02297806739807129 
795, -4.907436847686768, 0.021656036376953125 
796, -4.906537055969238, 0.021938323974609375 
797, -4.906874179840088, 0.021193981170654297 
798, -4.908371925354004, 0.021454572677612305 
799, -4.906406879425049, 0.02104496955871582 
800, -4.907134056091309, 0.021479368209838867 
801, -4.906445503234863, 0.020830392837524414 
802, -4.907253265380859, 0.02129650115966797 
803, -4.907479286193848, 0.020905017852783203 
804, -4.905967712402344, 0.021464824676513672 
805, -4.906002521514893, 0.021250009536743164 
806, -4.906597137451172, 0.021775007247924805 
807, -4.90597677230835, 0.021196842193603516 
808, -4.9059553146362305, 0.02155470848083496 
809, -4.905673503875732, 0.0212557315826416 
810, -4.906038761138916, 0.021224260330200195 
811, -4.9053449630737305, 0.020833969116210938 
812, -4.905982971191406, 0.021743059158325195 
813, -4.905635833740234, 0.021157503128051758 
814, -4.905745506286621, 0.021683454513549805 
815, -4.905837059020996, 0.021428585052490234 
816, -4.905730247497559, 0.02180004119873047 
817, -4.905703544616699, 0.02144598960876465 
818, -4.905887126922607, 0.022978544235229492 
819, -4.906068801879883, 0.021321535110473633 
820, -4.90606689453125, 0.021280288696289062 
821, -4.907928466796875, 0.020766496658325195 
822, -4.907336711883545, 0.021271944046020508 
823, -4.905814170837402, 0.02124953269958496 
824, -4.908116340637207, 0.021548748016357422 
825, -4.908095359802246, 0.021461009979248047 
826, -4.906160831451416, 0.021843433380126953 
827, -4.907273292541504, 0.0212399959564209 
828, -4.906573295593262, 0.021523237228393555 
829, -4.909844398498535, 0.02173471450805664 
830, -4.908181667327881, 0.02185511589050293 
831, -4.9058427810668945, 0.021489858627319336 
832, -4.9062676429748535, 0.022040605545043945 
833, -4.9074625968933105, 0.02177596092224121 
834, -4.906177520751953, 0.02225470542907715 
835, -4.90577507019043, 0.02180194854736328 
836, -4.905887603759766, 0.02211928367614746 
837, -4.906004905700684, 0.021744966506958008 
838, -4.905600547790527, 0.02152562141418457 
839, -4.90580940246582, 0.020952939987182617 
840, -4.906076431274414, 0.021381139755249023 
841, -4.905599594116211, 0.020679712295532227 
842, -4.906837463378906, 0.0227510929107666 
843, -4.905699253082275, 0.021049022674560547 
844, -4.8991804122924805, 0.02156662940979004 
845, -4.90023136138916, 0.021530628204345703 
846, -4.903923034667969, 0.021871328353881836 
847, -4.8889689445495605, 0.021360397338867188 
848, -4.885059356689453, 0.02177596092224121 
849, -4.906162261962891, 0.021231412887573242 
850, -4.904101371765137, 0.021609067916870117 
851, -4.901340484619141, 0.02117466926574707 
852, -4.906118869781494, 0.02176189422607422 
853, -4.9061994552612305, 0.021264076232910156 
854, -4.9063239097595215, 0.021512746810913086 
855, -4.904232025146484, 0.021009445190429688 
856, -4.90294885635376, 0.021549701690673828 
857, -4.906924724578857, 0.021375417709350586 
858, -4.905964374542236, 0.0217437744140625 
859, -4.907482624053955, 0.02127981185913086 
860, -4.906198501586914, 0.021812915802001953 
861, -4.906360626220703, 0.021111011505126953 
862, -4.905488967895508, 0.021169185638427734 
863, -4.904501914978027, 0.020966291427612305 
864, -4.906473159790039, 0.020899534225463867 
865, -4.904068946838379, 0.020761728286743164 
866, -4.908339500427246, 0.022495508193969727 
867, -4.906094551086426, 0.02046513557434082 
868, -4.894168853759766, 0.02061152458190918 
869, -4.906384468078613, 0.020479440689086914 
870, -4.906126499176025, 0.02094125747680664 
871, -4.8930487632751465, 0.020949602127075195 
872, -4.9081878662109375, 0.02150249481201172 
873, -4.906227111816406, 0.020538330078125 
874, -4.906308174133301, 0.021114587783813477 
875, -4.906018257141113, 0.020836353302001953 
876, -4.905701160430908, 0.021008014678955078 
877, -4.905816078186035, 0.020570755004882812 
878, -4.905910015106201, 0.021569013595581055 
879, -4.905932903289795, 0.02106928825378418 
880, -4.906006336212158, 0.02167820930480957 
881, -4.909114837646484, 0.021534442901611328 
882, -4.907894134521484, 0.022015810012817383 
883, -4.906289100646973, 0.0215756893157959 
884, -4.906350135803223, 0.022034406661987305 
885, -4.905571460723877, 0.02142024040222168 
886, -4.903249263763428, 0.021210670471191406 
887, -4.903189182281494, 0.020860910415649414 
888, -4.899489879608154, 0.021008014678955078 
889, -4.90605354309082, 0.020968914031982422 
890, -4.9028120040893555, 0.022628307342529297 
891, -4.884792804718018, 0.021136760711669922 
892, -4.905564785003662, 0.02185201644897461 
893, -4.903061866760254, 0.02129960060119629 
894, -4.894417762756348, 0.021620988845825195 
895, -4.906188488006592, 0.021184921264648438 
896, -4.905029296875, 0.021070003509521484 
897, -4.906217098236084, 0.02131485939025879 
898, -4.905739784240723, 0.021669864654541016 
899, -4.90666389465332, 0.02144312858581543 
900, -4.908923149108887, 0.021472930908203125 
901, -4.909453392028809, 0.02068614959716797 
902, -4.908355712890625, 0.021198034286499023 
903, -4.910325527191162, 0.021189212799072266 
904, -4.9077372550964355, 0.021162748336791992 
905, -4.91050910949707, 0.020528078079223633 
906, -4.905834197998047, 0.021248340606689453 
907, -4.909248352050781, 0.021114826202392578 
908, -4.906798839569092, 0.021413326263427734 
909, -4.905173301696777, 0.021589994430541992 
910, -4.9114155769348145, 0.02162313461303711 
911, -4.905550956726074, 0.021517276763916016 
912, -4.907683372497559, 0.021811723709106445 
913, -4.9051690101623535, 0.021570920944213867 
914, -4.90537691116333, 0.023105382919311523 
915, -4.905632972717285, 0.021679401397705078 
916, -4.905161380767822, 0.02148723602294922 
917, -4.905488014221191, 0.021104812622070312 
918, -4.90496826171875, 0.02153468132019043 
919, -4.905972480773926, 0.02124190330505371 
920, -4.9053192138671875, 0.021972179412841797 
921, -4.883822917938232, 0.022307872772216797 
922, -4.904672622680664, 0.02243208885192871 
923, -4.906241416931152, 0.02159738540649414 
924, -4.903308868408203, 0.021679401397705078 
925, -4.905726432800293, 0.020897865295410156 
926, -4.906177997589111, 0.021859407424926758 
927, -4.905680179595947, 0.021462678909301758 
928, -4.905735492706299, 0.021464824676513672 
929, -4.907721519470215, 0.024816513061523438 
930, -4.90563440322876, 0.022458553314208984 
931, -4.906990051269531, 0.0210113525390625 
932, -4.906710624694824, 0.021093130111694336 
933, -4.905421733856201, 0.020940542221069336 
934, -4.905776023864746, 0.020919322967529297 
935, -4.906391143798828, 0.021049976348876953 
936, -4.907275199890137, 0.021425485610961914 
937, -4.906301498413086, 0.020675182342529297 
938, -4.905534744262695, 0.022304534912109375 
939, -4.905916690826416, 0.02132868766784668 
940, -4.904910564422607, 0.021729230880737305 
941, -4.905686855316162, 0.021191835403442383 
942, -4.905694961547852, 0.021250247955322266 
943, -4.905453205108643, 0.021355152130126953 
944, -4.905242443084717, 0.021601438522338867 
945, -4.9055657386779785, 0.020973920822143555 
946, -4.8992919921875, 0.02134251594543457 
947, -4.8981218338012695, 0.02067422866821289 
948, -4.904387474060059, 0.021022319793701172 
949, -4.907602310180664, 0.021085262298583984 
950, -4.899862289428711, 0.02153301239013672 
951, -4.904701232910156, 0.021288156509399414 
952, -4.905641078948975, 0.02190399169921875 
953, -4.906041145324707, 0.02122354507446289 
954, -4.905845642089844, 0.021250009536743164 
955, -4.905652046203613, 0.02156662940979004 
956, -4.905882835388184, 0.02227783203125 
957, -4.905867576599121, 0.022332429885864258 
958, -4.906912326812744, 0.022962331771850586 
959, -4.906921863555908, 0.022542715072631836 
960, -4.905998706817627, 0.02299189567565918 
961, -4.906560897827148, 0.022426843643188477 
962, -4.906329154968262, 0.024141788482666016 
963, -4.905573844909668, 0.021770238876342773 
964, -4.906162738800049, 0.021869182586669922 
965, -4.907632350921631, 0.021497011184692383 
966, -4.905683517456055, 0.021738529205322266 
967, -4.905839920043945, 0.021078109741210938 
968, -4.906512260437012, 0.021355152130126953 
969, -4.907243728637695, 0.021336078643798828 
970, -4.905301094055176, 0.022190570831298828 
971, -4.905261516571045, 0.02172112464904785 
972, -4.90571403503418, 0.02193284034729004 
973, -4.905145168304443, 0.021443605422973633 
974, -4.905635833740234, 0.022034168243408203 
975, -4.904099941253662, 0.0216062068939209 
976, -4.905341148376465, 0.022061824798583984 
977, -4.905280590057373, 0.021333694458007812 
978, -4.9056243896484375, 0.022047042846679688 
979, -4.905394554138184, 0.021407365798950195 
980, -4.9059247970581055, 0.021695375442504883 
981, -4.90570592880249, 0.02102494239807129 
982, -4.904889106750488, 0.02125382423400879 
983, -4.905055999755859, 0.02097797393798828 
984, -4.905729293823242, 0.021512985229492188 
985, -4.906006813049316, 0.02096080780029297 
986, -4.905961036682129, 0.02266526222229004 
987, -4.905451774597168, 0.02108931541442871 
988, -4.905762672424316, 0.021917343139648438 
989, -4.907722473144531, 0.021466732025146484 
990, -4.9076337814331055, 0.021691083908081055 
991, -4.90580940246582, 0.021452665328979492 
992, -4.903964042663574, 0.021883249282836914 
993, -4.906118392944336, 0.021455049514770508 
994, -4.903604507446289, 0.021277666091918945 
995, -4.9039835929870605, 0.020896434783935547 
996, -4.900921821594238, 0.021216392517089844 
997, -4.899090766906738, 0.021081209182739258 
998, -4.890469551086426, 0.021514415740966797 
999, -4.905900955200195, 0.021287202835083008 
