Iteration, loss, time 
0, -2.2071609497070312, 0.10781335830688477, 0.07454180717468262, 0.012325525283813477 
1, -2.1912245750427246, 0.043631553649902344, 0.029091596603393555, 0.012218236923217773 
2, -2.1743712425231934, 0.024273395538330078, 0.009727954864501953, 0.012361288070678711 
3, -2.1566362380981445, 0.024056673049926758, 0.009603500366210938, 0.012206077575683594 
4, -2.1380465030670166, 0.02386307716369629, 0.009455204010009766, 0.012102603912353516 
5, -2.118645668029785, 0.025107622146606445, 0.009540796279907227, 0.013307809829711914 
6, -2.098475456237793, 0.024190902709960938, 0.009631156921386719, 0.01227879524230957 
7, -2.0775842666625977, 0.024025440216064453, 0.009677648544311523, 0.012117862701416016 
8, -2.056032180786133, 0.02443218231201172, 0.00976419448852539, 0.012402534484863281 
9, -2.0338664054870605, 0.023582935333251953, 0.009485721588134766, 0.011869668960571289 
10, -2.0111536979675293, 0.02359485626220703, 0.009391307830810547, 0.01207733154296875 
11, -1.9879508018493652, 0.023368358612060547, 0.00935506820678711, 0.011957883834838867 
12, -1.9643263816833496, 0.02294635772705078, 0.009140968322753906, 0.01169443130493164 
13, -1.9403454065322876, 0.023099184036254883, 0.00925135612487793, 0.011756181716918945 
14, -1.9160733222961426, 0.023396968841552734, 0.009396791458129883, 0.01185297966003418 
15, -1.8915764093399048, 0.02339458465576172, 0.009554147720336914, 0.011694669723510742 
16, -1.8669217824935913, 0.022017478942871094, 0.008929729461669922, 0.011150598526000977 
17, -1.8421733379364014, 0.02203202247619629, 0.008678436279296875, 0.011313676834106445 
18, -1.8173904418945312, 0.02284073829650879, 0.008929252624511719, 0.011793851852416992 
19, -1.7926359176635742, 0.023432016372680664, 0.009412050247192383, 0.011919021606445312 
20, -1.7679688930511475, 0.023444175720214844, 0.009443998336791992, 0.011900186538696289 
21, -1.743442177772522, 0.02351069450378418, 0.009461402893066406, 0.011909008026123047 
22, -1.7191063165664673, 0.023634910583496094, 0.009447574615478516, 0.011941194534301758 
23, -1.695008635520935, 0.022428512573242188, 0.009160757064819336, 0.011381387710571289 
24, -1.6711905002593994, 0.02172374725341797, 0.008713483810424805, 0.011064529418945312 
25, -1.647695541381836, 0.021634340286254883, 0.008665084838867188, 0.011082887649536133 
26, -1.6245553493499756, 0.021985769271850586, 0.008737325668334961, 0.01120901107788086 
27, -1.6018037796020508, 0.021138429641723633, 0.008600711822509766, 0.010659933090209961 
28, -1.579465627670288, 0.021440744400024414, 0.008685111999511719, 0.010919809341430664 
29, -1.5575661659240723, 0.021094560623168945, 0.00840449333190918, 0.010802507400512695 
30, -1.5361263751983643, 0.021312475204467773, 0.008421182632446289, 0.010955572128295898 
31, -1.515158772468567, 0.021837711334228516, 0.00872182846069336, 0.011107921600341797 
32, -1.4946784973144531, 0.022263526916503906, 0.009103775024414062, 0.011215925216674805 
33, -1.4746935367584229, 0.021784067153930664, 0.008860349655151367, 0.011073827743530273 
34, -1.4552135467529297, 0.021586179733276367, 0.008594751358032227, 0.011040210723876953 
35, -1.4362397193908691, 0.02193903923034668, 0.008742332458496094, 0.011278629302978516 
36, -1.4177727699279785, 0.021745920181274414, 0.008802413940429688, 0.010994672775268555 
37, -1.3998154401779175, 0.02086329460144043, 0.008428096771240234, 0.01059269905090332 
38, -1.3823596239089966, 0.021112680435180664, 0.008406877517700195, 0.01076960563659668 
39, -1.3654050827026367, 0.0217893123626709, 0.008844137191772461, 0.01108551025390625 
40, -1.3489419221878052, 0.02155900001525879, 0.008644342422485352, 0.010866641998291016 
41, -1.3329654932022095, 0.022118330001831055, 0.008980751037597656, 0.011255979537963867 
42, -1.3174633979797363, 0.021554231643676758, 0.008605003356933594, 0.011008262634277344 
43, -1.3024300336837769, 0.02167654037475586, 0.008748054504394531, 0.010962247848510742 
44, -1.287848949432373, 0.021784543991088867, 0.008708477020263672, 0.01116633415222168 
45, -1.2737128734588623, 0.021736860275268555, 0.008733034133911133, 0.011098861694335938 
46, -1.260006308555603, 0.021524906158447266, 0.00876927375793457, 0.010935306549072266 
47, -1.2467215061187744, 0.02100205421447754, 0.00834345817565918, 0.010835886001586914 
48, -1.233839750289917, 0.021105289459228516, 0.008444786071777344, 0.010833740234375 
49, -1.221352458000183, 0.02168893814086914, 0.008627176284790039, 0.01116323471069336 
50, -1.2092437744140625, 0.02115941047668457, 0.008583545684814453, 0.010750770568847656 
51, -1.1975016593933105, 0.020860910415649414, 0.008338212966918945, 0.010702371597290039 
52, -1.1861132383346558, 0.021170854568481445, 0.008318901062011719, 0.010930776596069336 
53, -1.1750656366348267, 0.021658658981323242, 0.008656740188598633, 0.011049985885620117 
54, -1.164343237876892, 0.022058486938476562, 0.008873224258422852, 0.011273622512817383 
55, -1.1539368629455566, 0.02152085304260254, 0.008440017700195312, 0.011065006256103516 
56, -1.1438323259353638, 0.022000551223754883, 0.008897781372070312, 0.01110982894897461 
57, -1.134018898010254, 0.02223801612854004, 0.008771181106567383, 0.011362314224243164 
58, -1.1244829893112183, 0.022695302963256836, 0.00932455062866211, 0.011360406875610352 
59, -1.1152143478393555, 0.022592544555664062, 0.009097576141357422, 0.011466264724731445 
60, -1.1062012910842896, 0.023097991943359375, 0.009226560592651367, 0.011833906173706055 
61, -1.0974327325820923, 0.023049354553222656, 0.009255170822143555, 0.011739015579223633 
62, -1.0889002084732056, 0.022507905960083008, 0.009263992309570312, 0.011275053024291992 
63, -1.0805922746658325, 0.021742820739746094, 0.008795738220214844, 0.010927915573120117 
64, -1.0724998712539673, 0.02188587188720703, 0.008862495422363281, 0.011090993881225586 
65, -1.064613699913025, 0.021743059158325195, 0.008718252182006836, 0.011039495468139648 
66, -1.0569239854812622, 0.02187490463256836, 0.008818387985229492, 0.011155366897583008 
67, -1.0494235754013062, 0.02173614501953125, 0.00879216194152832, 0.011040210723876953 
68, -1.0421041250228882, 0.0217132568359375, 0.008746862411499023, 0.011021614074707031 
69, -1.0349586009979248, 0.022368192672729492, 0.008878946304321289, 0.011444091796875 
70, -1.027977466583252, 0.021947860717773438, 0.008776426315307617, 0.011124610900878906 
71, -1.0211567878723145, 0.02244424819946289, 0.008968830108642578, 0.011384725570678711 
72, -1.0144864320755005, 0.022506237030029297, 0.009028911590576172, 0.011359930038452148 
73, -1.0079631805419922, 0.022349834442138672, 0.008969783782958984, 0.011336565017700195 
74, -1.0015782117843628, 0.022847652435302734, 0.009310245513916016, 0.011539220809936523 
75, -0.9953283071517944, 0.022574663162231445, 0.00912165641784668, 0.011487245559692383 
76, -0.9892055988311768, 0.022446632385253906, 0.00906062126159668, 0.011376619338989258 
77, -0.9832072854042053, 0.022316455841064453, 0.008980751037597656, 0.011335611343383789 
78, -0.9773263931274414, 0.022378921508789062, 0.008991718292236328, 0.011327505111694336 
79, -0.9715595841407776, 0.022502422332763672, 0.009074211120605469, 0.011378049850463867 
80, -0.9659015536308289, 0.022528409957885742, 0.009035587310791016, 0.011438369750976562 
81, -0.9603487849235535, 0.02191638946533203, 0.008919477462768555, 0.010921239852905273 
82, -0.9548965096473694, 0.02150869369506836, 0.008852243423461914, 0.010859251022338867 
83, -0.9495407938957214, 0.021814823150634766, 0.008565425872802734, 0.011178731918334961 
84, -0.9442792534828186, 0.022418498992919922, 0.009099721908569336, 0.011377573013305664 
85, -0.9391071796417236, 0.02202010154724121, 0.008732080459594727, 0.0113067626953125 
86, -0.9340220093727112, 0.022010087966918945, 0.00878596305847168, 0.01130986213684082 
87, -0.9290204048156738, 0.021411418914794922, 0.00856637954711914, 0.010990381240844727 
88, -0.9240994453430176, 0.021462202072143555, 0.008561372756958008, 0.011055469512939453 
89, -0.9192565083503723, 0.021297931671142578, 0.008629322052001953, 0.010776519775390625 
90, -0.9144889116287231, 0.021190881729125977, 0.008491992950439453, 0.01084446907043457 
91, -0.9097944498062134, 0.021071195602416992, 0.008405685424804688, 0.01078653335571289 
92, -0.9051695466041565, 0.02123880386352539, 0.00854945182800293, 0.01081991195678711 
93, -0.9006122946739197, 0.021600008010864258, 0.008686304092407227, 0.010943174362182617 
94, -0.8961218595504761, 0.02182173728942871, 0.008905410766601562, 0.01097726821899414 
95, -0.8916952013969421, 0.021637439727783203, 0.00856328010559082, 0.011074304580688477 
96, -0.8873303532600403, 0.021290063858032227, 0.008550882339477539, 0.010839700698852539 
97, -0.8830254077911377, 0.02166008949279785, 0.008577823638916016, 0.011010169982910156 
98, -0.8787793517112732, 0.021795988082885742, 0.008817195892333984, 0.01104116439819336 
99, -0.8745903968811035, 0.02130126953125, 0.008668661117553711, 0.010766983032226562 
100, -0.8704561591148376, 0.021239757537841797, 0.008584260940551758, 0.010851621627807617 
101, -0.8663754463195801, 0.021358489990234375, 0.008425712585449219, 0.010949134826660156 
102, -0.8623465895652771, 0.022006511688232422, 0.008959531784057617, 0.011129617691040039 
103, -0.8583687543869019, 0.02180171012878418, 0.008708000183105469, 0.011119842529296875 
104, -0.8544394969940186, 0.02127671241760254, 0.008617877960205078, 0.010812044143676758 
105, -0.8505597710609436, 0.021535396575927734, 0.008518457412719727, 0.011057853698730469 
106, -0.8467262983322144, 0.022159576416015625, 0.008980274200439453, 0.011198043823242188 
107, -0.8429387807846069, 0.022037506103515625, 0.008965492248535156, 0.011160135269165039 
108, -0.839195728302002, 0.021793603897094727, 0.008751630783081055, 0.011108875274658203 
109, -0.8354966640472412, 0.02170109748840332, 0.008691072463989258, 0.011165857315063477 
110, -0.831839919090271, 0.02200174331665039, 0.008751630783081055, 0.011230230331420898 
111, -0.8282250761985779, 0.02213573455810547, 0.008852720260620117, 0.011196374893188477 
112, -0.8246508240699768, 0.02214813232421875, 0.008923768997192383, 0.01118326187133789 
113, -0.8211173415184021, 0.021953105926513672, 0.008921146392822266, 0.01108860969543457 
114, -0.8176218271255493, 0.02152228355407715, 0.008604288101196289, 0.010970115661621094 
115, -0.8141645193099976, 0.021631479263305664, 0.008623838424682617, 0.011040687561035156 
116, -0.8107449412345886, 0.0220644474029541, 0.008883476257324219, 0.011205196380615234 
117, -0.8073616623878479, 0.022072315216064453, 0.008852720260620117, 0.011365890502929688 
118, -0.8040149211883545, 0.02197885513305664, 0.008734941482543945, 0.011260747909545898 
119, -0.8007024526596069, 0.02225041389465332, 0.00899195671081543, 0.011263370513916016 
120, -0.7974260449409485, 0.02278733253479004, 0.009172201156616211, 0.01158761978149414 
121, -0.7941820621490479, 0.0222930908203125, 0.009022712707519531, 0.011299610137939453 
122, -0.7909715175628662, 0.022172927856445312, 0.008888721466064453, 0.011225223541259766 
123, -0.7877941727638245, 0.021956205368041992, 0.008897542953491211, 0.011047840118408203 
124, -0.7846481800079346, 0.022148609161376953, 0.009035587310791016, 0.01131439208984375 
125, -0.7815340161323547, 0.021783828735351562, 0.008785724639892578, 0.011202335357666016 
126, -0.7784505486488342, 0.021718978881835938, 0.008740663528442383, 0.011153936386108398 
127, -0.7753973007202148, 0.021608829498291016, 0.008846044540405273, 0.01093602180480957 
128, -0.772374153137207, 0.02145838737487793, 0.008682727813720703, 0.010999202728271484 
129, -0.7693802118301392, 0.021106481552124023, 0.00838160514831543, 0.010865449905395508 
130, -0.7664148807525635, 0.02156686782836914, 0.008590221405029297, 0.011052131652832031 
131, -0.7634781002998352, 0.021509885787963867, 0.00859975814819336, 0.01089334487915039 
132, -0.7605690956115723, 0.02172231674194336, 0.008810758590698242, 0.010925769805908203 
133, -0.7576873898506165, 0.021982669830322266, 0.00887298583984375, 0.011135578155517578 
134, -0.754832923412323, 0.022208452224731445, 0.008826255798339844, 0.011376142501831055 
135, -0.7520049214363098, 0.022186994552612305, 0.008821725845336914, 0.011346101760864258 
136, -0.7492033243179321, 0.022305011749267578, 0.009004592895507812, 0.011265277862548828 
137, -0.7464271783828735, 0.021764755249023438, 0.008836984634399414, 0.010980606079101562 
138, -0.7436764240264893, 0.021950483322143555, 0.008790254592895508, 0.011193037033081055 
139, -0.7409511208534241, 0.022638559341430664, 0.009027242660522461, 0.011600732803344727 
140, -0.7382494807243347, 0.022736787796020508, 0.009153366088867188, 0.011561870574951172 
141, -0.7355727553367615, 0.022371530532836914, 0.00921940803527832, 0.011176109313964844 
142, -0.7329195141792297, 0.022158384323120117, 0.008833885192871094, 0.01133418083190918 
143, -0.7302897572517395, 0.022616147994995117, 0.009034872055053711, 0.011487007141113281 
144, -0.727683961391449, 0.022037744522094727, 0.008899211883544922, 0.011283397674560547 
145, -0.7251005172729492, 0.021917104721069336, 0.008804082870483398, 0.011187553405761719 
146, -0.7225395441055298, 0.021882057189941406, 0.008901357650756836, 0.0110626220703125 
147, -0.7200008630752563, 0.021735429763793945, 0.008588552474975586, 0.011148452758789062 
148, -0.717484176158905, 0.022294282913208008, 0.009056568145751953, 0.011243581771850586 
149, -0.7149885892868042, 0.02240753173828125, 0.008986949920654297, 0.011423826217651367 
150, -0.712515115737915, 0.022677183151245117, 0.009090423583984375, 0.011564254760742188 
151, -0.7100622057914734, 0.022620439529418945, 0.009080171585083008, 0.011545181274414062 
152, -0.707629919052124, 0.022513866424560547, 0.009088993072509766, 0.011408567428588867 
153, -0.7052182555198669, 0.02169060707092285, 0.00888824462890625, 0.010925769805908203 
154, -0.7028272747993469, 0.021890640258789062, 0.00871896743774414, 0.011206388473510742 
155, -0.7004557251930237, 0.021747589111328125, 0.008647918701171875, 0.01116490364074707 
156, -0.6981038451194763, 0.021766185760498047, 0.008656024932861328, 0.011204957962036133 
157, -0.6957715749740601, 0.02121448516845703, 0.008485078811645508, 0.010831117630004883 
158, -0.6934579610824585, 0.021157026290893555, 0.008479833602905273, 0.010734796524047852 
159, -0.6911633014678955, 0.02152872085571289, 0.008656978607177734, 0.010945558547973633 
160, -0.6888880133628845, 0.021328210830688477, 0.008579254150390625, 0.010789155960083008 
161, -0.6866305470466614, 0.021076679229736328, 0.008548259735107422, 0.010646820068359375 
162, -0.6843912601470947, 0.02125692367553711, 0.00849771499633789, 0.010891199111938477 
163, -0.682170569896698, 0.021233797073364258, 0.008689165115356445, 0.010804891586303711 
164, -0.6799666881561279, 0.021033287048339844, 0.0085601806640625, 0.010787725448608398 
165, -0.6777809858322144, 0.02111959457397461, 0.008406400680541992, 0.010857820510864258 
166, -0.6756129264831543, 0.021441936492919922, 0.008794307708740234, 0.010825157165527344 
167, -0.6734616756439209, 0.021146059036254883, 0.008344173431396484, 0.010864019393920898 
168, -0.671326756477356, 0.02180171012878418, 0.008678913116455078, 0.011183977127075195 
169, -0.6692090630531311, 0.0216829776763916, 0.00874471664428711, 0.011057138442993164 
170, -0.6671074628829956, 0.022053956985473633, 0.008822917938232422, 0.011270284652709961 
171, -0.6650224924087524, 0.021828413009643555, 0.008815288543701172, 0.011141061782836914 
172, -0.6629534959793091, 0.02202892303466797, 0.008878707885742188, 0.011233091354370117 
173, -0.6609005331993103, 0.02163410186767578, 0.008754253387451172, 0.011039018630981445 
174, -0.658863365650177, 0.021900653839111328, 0.008831024169921875, 0.011168479919433594 
175, -0.6568412184715271, 0.02182602882385254, 0.008743524551391602, 0.011142969131469727 
176, -0.6548353433609009, 0.021682262420654297, 0.008659839630126953, 0.011103630065917969 
177, -0.6528435945510864, 0.021625041961669922, 0.008678674697875977, 0.01099395751953125 
178, -0.6508675813674927, 0.02187037467956543, 0.008716106414794922, 0.011202335357666016 
179, -0.6489058136940002, 0.02276468276977539, 0.009044408798217773, 0.01167440414428711 
180, -0.6469592452049255, 0.02304530143737793, 0.009436845779418945, 0.01152658462524414 
181, -0.6450269818305969, 0.022166013717651367, 0.009012699127197266, 0.011216402053833008 
182, -0.6431089639663696, 0.0220947265625, 0.008831977844238281, 0.011292219161987305 
183, -0.6412055492401123, 0.022188186645507812, 0.008865833282470703, 0.011341333389282227 
184, -0.6393149495124817, 0.022335529327392578, 0.00881648063659668, 0.011417865753173828 
185, -0.6374394297599792, 0.022624969482421875, 0.008991718292236328, 0.011490106582641602 
186, -0.6355772018432617, 0.022295713424682617, 0.008900880813598633, 0.011327028274536133 
187, -0.6337286233901978, 0.022278308868408203, 0.008994340896606445, 0.011249065399169922 
188, -0.631893515586853, 0.02247309684753418, 0.00899052619934082, 0.011440277099609375 
189, -0.6300714612007141, 0.022563457489013672, 0.009064912796020508, 0.011460065841674805 
190, -0.628262460231781, 0.022708892822265625, 0.009093284606933594, 0.011583089828491211 
191, -0.6264669299125671, 0.022702455520629883, 0.009055137634277344, 0.011638641357421875 
192, -0.6246834397315979, 0.022589683532714844, 0.009176969528198242, 0.011435270309448242 
193, -0.6229133009910583, 0.022337675094604492, 0.008984088897705078, 0.011374473571777344 
194, -0.62115478515625, 0.022164583206176758, 0.008874654769897461, 0.011313199996948242 
195, -0.6194093823432922, 0.02168130874633789, 0.008796215057373047, 0.010896921157836914 
196, -0.6176764965057373, 0.02175140380859375, 0.008690834045410156, 0.01103830337524414 
197, -0.6159555912017822, 0.021677732467651367, 0.008586645126342773, 0.011109590530395508 
198, -0.6142466068267822, 0.02155303955078125, 0.008706331253051758, 0.010916471481323242 
199, -0.612549364566803, 0.021347761154174805, 0.008626222610473633, 0.010816097259521484 
200, -0.6108641624450684, 0.02147841453552246, 0.008629322052001953, 0.010932683944702148 
201, -0.6091904640197754, 0.02190423011779785, 0.00883030891418457, 0.011134862899780273 
202, -0.6075283288955688, 0.021879196166992188, 0.008968114852905273, 0.010998010635375977 
203, -0.6058776378631592, 0.021864891052246094, 0.008712053298950195, 0.011199474334716797 
204, -0.6042383313179016, 0.02177906036376953, 0.008856534957885742, 0.01092839241027832 
205, -0.6026100516319275, 0.0217745304107666, 0.008644342422485352, 0.011180400848388672 
206, -0.6009927988052368, 0.02219867706298828, 0.008867740631103516, 0.011320829391479492 
207, -0.5993866324424744, 0.02227473258972168, 0.008997678756713867, 0.011301517486572266 
208, -0.5977913737297058, 0.0221712589263916, 0.008928537368774414, 0.011278867721557617 
209, -0.5962070822715759, 0.022266626358032227, 0.008913516998291016, 0.011375665664672852 
210, -0.5946328043937683, 0.021897315979003906, 0.008877992630004883, 0.011101961135864258 
211, -0.5930694937705994, 0.021942138671875, 0.008810997009277344, 0.011144399642944336 
212, -0.5915164351463318, 0.02132272720336914, 0.008543014526367188, 0.01084589958190918 
213, -0.5899736881256104, 0.021874427795410156, 0.008702993392944336, 0.011091232299804688 
214, -0.5884411931037903, 0.02239847183227539, 0.008920669555664062, 0.01143336296081543 
215, -0.586918830871582, 0.022275447845458984, 0.00915074348449707, 0.011139154434204102 
216, -0.5854066610336304, 0.02227044105529785, 0.008911371231079102, 0.011322736740112305 
217, -0.583903968334198, 0.022576332092285156, 0.009119272232055664, 0.011499643325805664 
218, -0.5824113488197327, 0.02183818817138672, 0.008954763412475586, 0.010982990264892578 
219, -0.5809285044670105, 0.021424531936645508, 0.008643627166748047, 0.010884761810302734 
220, -0.5794554948806763, 0.021536827087402344, 0.008582830429077148, 0.010918378829956055 
221, -0.5779914855957031, 0.021439313888549805, 0.008636474609375, 0.010869979858398438 
222, -0.5765374302864075, 0.02176666259765625, 0.00865936279296875, 0.011174917221069336 
223, -0.575092077255249, 0.021578073501586914, 0.008681535720825195, 0.011037111282348633 
224, -0.5736564993858337, 0.021184444427490234, 0.008460521697998047, 0.010862112045288086 
225, -0.5722302794456482, 0.020848989486694336, 0.008611679077148438, 0.01051187515258789 
226, -0.5708128809928894, 0.020760297775268555, 0.00845193862915039, 0.010586023330688477 
227, -0.569404661655426, 0.021088361740112305, 0.008417606353759766, 0.010797262191772461 
228, -0.5680053234100342, 0.021435976028442383, 0.008726358413696289, 0.010866403579711914 
229, -0.5666146278381348, 0.0215761661529541, 0.008579492568969727, 0.011057615280151367 
230, -0.5652327537536621, 0.02075481414794922, 0.008478403091430664, 0.010535478591918945 
231, -0.5638594627380371, 0.02128434181213379, 0.00844717025756836, 0.010980844497680664 
232, -0.562495231628418, 0.021752595901489258, 0.008717536926269531, 0.011139154434204102 
233, -0.5611391663551331, 0.021234512329101562, 0.008581161499023438, 0.010787487030029297 
234, -0.5597912073135376, 0.02141547203063965, 0.008662223815917969, 0.010872602462768555 
235, -0.5584521293640137, 0.021311521530151367, 0.00857996940612793, 0.010946273803710938 
236, -0.5571212768554688, 0.02115488052368164, 0.008403539657592773, 0.010782003402709961 
237, -0.5557985901832581, 0.021805763244628906, 0.0087432861328125, 0.011115550994873047 
238, -0.5544837713241577, 0.021576642990112305, 0.008664846420288086, 0.010996580123901367 
239, -0.5531775951385498, 0.021694421768188477, 0.008669614791870117, 0.011106729507446289 
240, -0.5518789291381836, 0.02197098731994629, 0.008784294128417969, 0.011207818984985352 
241, -0.5505883097648621, 0.021885156631469727, 0.008741617202758789, 0.011186838150024414 
242, -0.5493054986000061, 0.021981477737426758, 0.009051084518432617, 0.010965585708618164 
243, -0.5480307340621948, 0.02179861068725586, 0.00870966911315918, 0.01111149787902832 
244, -0.5467633605003357, 0.021807193756103516, 0.008691549301147461, 0.011183500289916992 
245, -0.5455037355422974, 0.0220489501953125, 0.008884429931640625, 0.011267423629760742 
246, -0.5442517399787903, 0.021756410598754883, 0.008855581283569336, 0.011061668395996094 
247, -0.5430072546005249, 0.02146005630493164, 0.008590459823608398, 0.01101374626159668 
248, -0.5417701005935669, 0.021806001663208008, 0.00861978530883789, 0.01122903823852539 
249, -0.5405404567718506, 0.022332191467285156, 0.008926630020141602, 0.011417150497436523 
250, -0.539318323135376, 0.023102521896362305, 0.009117364883422852, 0.011890649795532227 
251, -0.5381032824516296, 0.0232999324798584, 0.009442806243896484, 0.011833667755126953 
252, -0.5368955135345459, 0.022335052490234375, 0.009145259857177734, 0.011229753494262695 
253, -0.535694420337677, 0.02221202850341797, 0.00873875617980957, 0.011464834213256836 
254, -0.5345009565353394, 0.022471904754638672, 0.009007692337036133, 0.011478185653686523 
255, -0.5333141088485718, 0.022669076919555664, 0.009112834930419922, 0.011499881744384766 
256, -0.5321345329284668, 0.02194809913635254, 0.008811235427856445, 0.011213541030883789 
257, -0.5309619903564453, 0.021450042724609375, 0.008557319641113281, 0.010929107666015625 
258, -0.52979576587677, 0.021634578704833984, 0.00863194465637207, 0.01104283332824707 
259, -0.5286363363265991, 0.02176046371459961, 0.008820056915283203, 0.010988712310791016 
260, -0.5274840593338013, 0.021783113479614258, 0.008802652359008789, 0.011001825332641602 
261, -0.5263381600379944, 0.021770000457763672, 0.008865118026733398, 0.010898351669311523 
262, -0.5251992344856262, 0.021751880645751953, 0.008650541305541992, 0.011147499084472656 
263, -0.5240663290023804, 0.022449493408203125, 0.008925437927246094, 0.011479616165161133 
264, -0.5229400992393494, 0.022073984146118164, 0.008908748626708984, 0.011098861694335938 
265, -0.5218205451965332, 0.022063255310058594, 0.008917808532714844, 0.011258840560913086 
266, -0.5207070112228394, 0.021992206573486328, 0.008674144744873047, 0.011205196380615234 
267, -0.5196001529693604, 0.022361040115356445, 0.008968353271484375, 0.011446714401245117 
268, -0.5184992551803589, 0.0223996639251709, 0.008955240249633789, 0.011407852172851562 
269, -0.5174051523208618, 0.02188730239868164, 0.008868694305419922, 0.011086463928222656 
270, -0.5163167119026184, 0.021908044815063477, 0.008771657943725586, 0.011022329330444336 
271, -0.5152345895767212, 0.022193431854248047, 0.008887290954589844, 0.01125192642211914 
272, -0.5141585469245911, 0.0219573974609375, 0.008980274200439453, 0.01112222671508789 
273, -0.5130887627601624, 0.021211624145507812, 0.008498430252075195, 0.010830402374267578 
274, -0.5120247006416321, 0.021210670471191406, 0.008463859558105469, 0.010760784149169922 
275, -0.5109666585922241, 0.02171468734741211, 0.008744955062866211, 0.011015653610229492 
276, -0.5099143385887146, 0.021381616592407227, 0.00848388671875, 0.010897159576416016 
277, -0.508868396282196, 0.02170276641845703, 0.008784294128417969, 0.011016845703125 
278, -0.5078275203704834, 0.02168726921081543, 0.008605241775512695, 0.011139154434204102 
279, -0.5067930221557617, 0.021353960037231445, 0.008522272109985352, 0.010934591293334961 
280, -0.5057640075683594, 0.02215409278869629, 0.00898885726928711, 0.01115274429321289 
281, -0.5047403573989868, 0.02227926254272461, 0.008924484252929688, 0.011368751525878906 
282, -0.5037229657173157, 0.021536827087402344, 0.008826017379760742, 0.010855913162231445 
283, -0.50271075963974, 0.022117137908935547, 0.008695840835571289, 0.011031627655029297 
284, -0.5017039179801941, 0.02169513702392578, 0.008884429931640625, 0.011060953140258789 
285, -0.500702977180481, 0.021364450454711914, 0.008686304092407227, 0.010908365249633789 
286, -0.49970710277557373, 0.02046513557434082, 0.008217096328735352, 0.010488510131835938 
287, -0.49871712923049927, 0.020569562911987305, 0.008273124694824219, 0.01047658920288086 
288, -0.4977322220802307, 0.020797014236450195, 0.008389711380004883, 0.010576009750366211 
289, -0.49675261974334717, 0.021130084991455078, 0.008380413055419922, 0.010846138000488281 
290, -0.49577808380126953, 0.021396636962890625, 0.008674144744873047, 0.010915994644165039 
291, -0.4948093593120575, 0.021704912185668945, 0.008624792098999023, 0.011211633682250977 
292, -0.49384573101997375, 0.02100062370300293, 0.008514404296875, 0.010685205459594727 
293, -0.49288681149482727, 0.02129077911376953, 0.008393049240112305, 0.011004447937011719 
294, -0.49193325638771057, 0.021817684173583984, 0.008715629577636719, 0.011042594909667969 
295, -0.49098485708236694, 0.02135443687438965, 0.00879669189453125, 0.010694503784179688 
296, -0.49004119634628296, 0.020825862884521484, 0.00832223892211914, 0.010581731796264648 
297, -0.48910316824913025, 0.021903038024902344, 0.008725166320800781, 0.011216878890991211 
298, -0.48816967010498047, 0.02159714698791504, 0.008680105209350586, 0.01101064682006836 
299, -0.4872414171695709, 0.021917104721069336, 0.008890867233276367, 0.011094093322753906 
300, -0.48631778359413147, 0.021715641021728516, 0.008635759353637695, 0.011077642440795898 
301, -0.4853992164134979, 0.022060394287109375, 0.008886098861694336, 0.011168479919433594 
302, -0.48448559641838074, 0.021870851516723633, 0.008757352828979492, 0.011078596115112305 
303, -0.48357653617858887, 0.021914958953857422, 0.008880615234375, 0.011157989501953125 
304, -0.48267215490341187, 0.021445035934448242, 0.00864720344543457, 0.010945558547973633 
305, -0.481772780418396, 0.02110457420349121, 0.008489608764648438, 0.010778427124023438 
306, -0.48087772727012634, 0.021073341369628906, 0.00855112075805664, 0.010731220245361328 
307, -0.47998762130737305, 0.021498680114746094, 0.008586406707763672, 0.011017560958862305 
308, -0.4791022539138794, 0.02193307876586914, 0.00888967514038086, 0.011203289031982422 
309, -0.47822123765945435, 0.02084660530090332, 0.00838923454284668, 0.010653495788574219 
310, -0.4773445725440979, 0.021311521530151367, 0.008580684661865234, 0.010836601257324219 
311, -0.4764728546142578, 0.022073030471801758, 0.008867979049682617, 0.011322021484375 
312, -0.475605309009552, 0.021825075149536133, 0.008749008178710938, 0.011203289031982422 
313, -0.4747426509857178, 0.021487951278686523, 0.008473396301269531, 0.011081457138061523 
314, -0.4738840162754059, 0.02205681800842285, 0.0087127685546875, 0.011393070220947266 
315, -0.47302985191345215, 0.021654367446899414, 0.008700132369995117, 0.011032342910766602 
316, -0.472180038690567, 0.022663116455078125, 0.00923609733581543, 0.011466264724731445 
317, -0.4713347256183624, 0.02257990837097168, 0.009074211120605469, 0.011491775512695312 
318, -0.4704935550689697, 0.02266216278076172, 0.009182214736938477, 0.011471033096313477 
319, -0.46965694427490234, 0.022831439971923828, 0.009204626083374023, 0.011570930480957031 
320, -0.4688241481781006, 0.022902488708496094, 0.009268522262573242, 0.011644601821899414 
321, -0.46799585223197937, 0.021935462951660156, 0.00887155532836914, 0.01116323471069336 
322, -0.4671718180179596, 0.022011995315551758, 0.008749961853027344, 0.011304140090942383 
323, -0.46635201573371887, 0.02221059799194336, 0.009061813354492188, 0.011194705963134766 
324, -0.465535968542099, 0.022079944610595703, 0.008927583694458008, 0.011211156845092773 
325, -0.4647241532802582, 0.021532297134399414, 0.008697032928466797, 0.010948419570922852 
326, -0.463916540145874, 0.021641016006469727, 0.008810281753540039, 0.01092839241027832 
327, -0.4631129801273346, 0.022295713424682617, 0.008729219436645508, 0.01152348518371582 
328, -0.4623132050037384, 0.022759437561035156, 0.009144067764282227, 0.011594533920288086 
329, -0.46151748299598694, 0.022533893585205078, 0.009054899215698242, 0.011490106582641602 
330, -0.4607258439064026, 0.02209019660949707, 0.008869409561157227, 0.011240005493164062 
331, -0.4599381387233734, 0.02212834358215332, 0.008910179138183594, 0.011188268661499023 
332, -0.459154337644577, 0.022144556045532227, 0.008900642395019531, 0.011198282241821289 
333, -0.4583745300769806, 0.022530317306518555, 0.009096145629882812, 0.011422395706176758 
334, -0.4575982689857483, 0.022348403930664062, 0.008985280990600586, 0.011375665664672852 
335, -0.4568260908126831, 0.02235555648803711, 0.008941411972045898, 0.011305093765258789 
336, -0.4560573697090149, 0.022500991821289062, 0.009004354476928711, 0.011460065841674805 
337, -0.4552927315235138, 0.022609710693359375, 0.009099483489990234, 0.011546850204467773 
338, -0.4545319080352783, 0.022689342498779297, 0.009050607681274414, 0.011610746383666992 
339, -0.4537750482559204, 0.02284550666809082, 0.009190797805786133, 0.0116119384765625 
340, -0.45302149653434753, 0.02223682403564453, 0.009107828140258789, 0.011123418807983398 
341, -0.45227184891700745, 0.021643400192260742, 0.008695602416992188, 0.010950088500976562 
342, -0.45152541995048523, 0.02227926254272461, 0.008924484252929688, 0.011332988739013672 
343, -0.45078298449516296, 0.02220630645751953, 0.008964776992797852, 0.011271238327026367 
344, -0.45004409551620483, 0.021783113479614258, 0.008753299713134766, 0.011166572570800781 
345, -0.44930869340896606, 0.022057056427001953, 0.008816003799438477, 0.011297941207885742 
346, -0.44857701659202576, 0.022286176681518555, 0.008978843688964844, 0.011334896087646484 
347, -0.44784867763519287, 0.021637916564941406, 0.008826971054077148, 0.010961771011352539 
348, -0.44712433218955994, 0.021152496337890625, 0.008544921875, 0.010765790939331055 
349, -0.4464031457901001, 0.021134376525878906, 0.008463859558105469, 0.010806560516357422 
350, -0.44568517804145813, 0.0231168270111084, 0.008624553680419922, 0.011601448059082031 
351, -0.4449710547924042, 0.02090907096862793, 0.008374214172363281, 0.010687112808227539 
352, -0.44426000118255615, 0.021280527114868164, 0.008374452590942383, 0.010961771011352539 
353, -0.4435526132583618, 0.021274805068969727, 0.00860452651977539, 0.01077413558959961 
354, -0.4428485631942749, 0.02115631103515625, 0.008620977401733398, 0.010716676712036133 
355, -0.4421479403972626, 0.02145242691040039, 0.008582353591918945, 0.011052608489990234 
356, -0.4414505362510681, 0.021020174026489258, 0.00848078727722168, 0.010671138763427734 
357, -0.44075649976730347, 0.021327972412109375, 0.008511066436767578, 0.010853290557861328 
358, -0.440065860748291, 0.021676301956176758, 0.008673906326293945, 0.010995149612426758 
359, -0.43937814235687256, 0.021386384963989258, 0.008589029312133789, 0.010846376419067383 
360, -0.43869391083717346, 0.02093672752380371, 0.008470535278320312, 0.01060938835144043 
361, -0.4380129873752594, 0.021010875701904297, 0.008276700973510742, 0.010813236236572266 
362, -0.43733543157577515, 0.021550655364990234, 0.008609533309936523, 0.010976076126098633 
363, -0.43666067719459534, 0.021580934524536133, 0.008849382400512695, 0.010923385620117188 
364, -0.4359893798828125, 0.02080368995666504, 0.008263111114501953, 0.010697603225708008 
365, -0.43532124161720276, 0.021918058395385742, 0.00872945785522461, 0.011262178421020508 
366, -0.4346562325954437, 0.02145552635192871, 0.008631467819213867, 0.010879993438720703 
367, -0.4339941740036011, 0.02156209945678711, 0.008686542510986328, 0.011022567749023438 
368, -0.4333356022834778, 0.02189183235168457, 0.008633136749267578, 0.011223554611206055 
369, -0.43267977237701416, 0.02171778678894043, 0.008780717849731445, 0.01105642318725586 
370, -0.43202680349349976, 0.021752357482910156, 0.008759260177612305, 0.011060714721679688 
371, -0.4313770830631256, 0.02189350128173828, 0.008725404739379883, 0.011204242706298828 
372, -0.43073052167892456, 0.021758317947387695, 0.008870363235473633, 0.010989904403686523 
373, -0.4300869107246399, 0.021345853805541992, 0.00869131088256836, 0.01083064079284668 
374, -0.4294462203979492, 0.020833730697631836, 0.008491277694702148, 0.010536432266235352 
375, -0.42880845069885254, 0.021107912063598633, 0.00839090347290039, 0.01084589958190918 
376, -0.428173691034317, 0.022327899932861328, 0.008760213851928711, 0.011177539825439453 
377, -0.42754194140434265, 0.021596908569335938, 0.00872802734375, 0.010914087295532227 
378, -0.42691290378570557, 0.02202749252319336, 0.008833885192871094, 0.011234045028686523 
379, -0.42628705501556396, 0.02230358123779297, 0.008940696716308594, 0.011344194412231445 
380, -0.42566367983818054, 0.021985292434692383, 0.008930683135986328, 0.011120796203613281 
381, -0.4250435531139374, 0.02207636833190918, 0.008832931518554688, 0.011297464370727539 
382, -0.4244260787963867, 0.022071361541748047, 0.009010791778564453, 0.011183500289916992 
383, -0.42381152510643005, 0.0208437442779541, 0.008438587188720703, 0.010605812072753906 
384, -0.4231996536254883, 0.021518230438232422, 0.008573293685913086, 0.010965347290039062 
385, -0.42259061336517334, 0.022216081619262695, 0.008848905563354492, 0.011362552642822266 
386, -0.4219845235347748, 0.022711753845214844, 0.008948802947998047, 0.011945247650146484 
387, -0.42138102650642395, 0.02112436294555664, 0.008472204208374023, 0.010844945907592773 
388, -0.4207801818847656, 0.021378755569458008, 0.00854945182800293, 0.011017084121704102 
389, -0.42018240690231323, 0.020992517471313477, 0.008420705795288086, 0.010720014572143555 
390, -0.41958701610565186, 0.02152872085571289, 0.008762121200561523, 0.010952949523925781 
391, -0.4189945459365845, 0.02145075798034668, 0.008700847625732422, 0.01098489761352539 
392, -0.41840463876724243, 0.02140355110168457, 0.008449077606201172, 0.01107168197631836 
393, -0.41781744360923767, 0.022177934646606445, 0.008890867233276367, 0.011258840560913086 
394, -0.417232871055603, 0.022364377975463867, 0.008929252624511719, 0.011426448822021484 
395, -0.4166512191295624, 0.02146458625793457, 0.008634090423583984, 0.010965824127197266 
396, -0.4160718321800232, 0.021559953689575195, 0.00865626335144043, 0.010965347290039062 
397, -0.41549500823020935, 0.022081375122070312, 0.008769512176513672, 0.011321783065795898 
398, -0.4149206876754761, 0.022637605667114258, 0.009126424789428711, 0.01151132583618164 
399, -0.4143492579460144, 0.022891998291015625, 0.009245157241821289, 0.01164698600769043 
400, -0.4137803614139557, 0.022965431213378906, 0.009134531021118164, 0.011748075485229492 
401, -0.413213849067688, 0.02308201789855957, 0.00927281379699707, 0.011742830276489258 
402, -0.41264989972114563, 0.023110389709472656, 0.009285688400268555, 0.011766672134399414 
403, -0.41208869218826294, 0.02238178253173828, 0.008975744247436523, 0.011419534683227539 
404, -0.4115296006202698, 0.02231764793395996, 0.009032726287841797, 0.011309385299682617 
405, -0.41097334027290344, 0.02222609519958496, 0.00898432731628418, 0.01124882698059082 
406, -0.41041964292526245, 0.02148747444152832, 0.008819580078125, 0.010786771774291992 
407, -0.409868061542511, 0.021989107131958008, 0.008648157119750977, 0.011360883712768555 
408, -0.4093188941478729, 0.02241683006286621, 0.00905299186706543, 0.011363983154296875 
409, -0.4087725281715393, 0.022106409072875977, 0.008863687515258789, 0.011255502700805664 
410, -0.40822818875312805, 0.02198481559753418, 0.00874471664428711, 0.011227607727050781 
411, -0.40768662095069885, 0.022349119186401367, 0.00892782211303711, 0.011387825012207031 
412, -0.40714722871780396, 0.022197961807250977, 0.008894205093383789, 0.011293172836303711 
413, -0.4066101908683777, 0.0216062068939209, 0.008959531784057617, 0.01079559326171875 
414, -0.40607571601867676, 0.02153944969177246, 0.008590459823608398, 0.011030197143554688 
415, -0.4055432379245758, 0.022090673446655273, 0.00877070426940918, 0.011338472366333008 
416, -0.4050135910511017, 0.021770000457763672, 0.008741378784179688, 0.011174917221069336 
417, -0.4044860005378723, 0.0209200382232666, 0.008449077606201172, 0.010625600814819336 
418, -0.40396082401275635, 0.020847320556640625, 0.0084075927734375, 0.01063084602355957 
419, -0.4034377336502075, 0.020984172821044922, 0.008481740951538086, 0.010692119598388672 
420, -0.4029168486595154, 0.02129077911376953, 0.00834965705871582, 0.011027336120605469 
421, -0.40239858627319336, 0.021240234375, 0.00873422622680664, 0.010680437088012695 
422, -0.4018825888633728, 0.021655559539794922, 0.00847482681274414, 0.010874748229980469 
423, -0.40136879682540894, 0.020929813385009766, 0.00829935073852539, 0.010711431503295898 
424, -0.4008570909500122, 0.02163553237915039, 0.008646011352539062, 0.011026620864868164 
425, -0.40034759044647217, 0.021694183349609375, 0.008796930313110352, 0.010876655578613281 
426, -0.39984026551246643, 0.021366119384765625, 0.008656024932861328, 0.010765790939331055 
427, -0.39933541417121887, 0.0213623046875, 0.008642435073852539, 0.010788202285766602 
428, -0.39883264899253845, 0.022009849548339844, 0.008744955062866211, 0.011389017105102539 
429, -0.3983321189880371, 0.02166581153869629, 0.008591651916503906, 0.011013031005859375 
430, -0.3978336453437805, 0.02196335792541504, 0.008758306503295898, 0.01124119758605957 
431, -0.39733725786209106, 0.022127389907836914, 0.008790254592895508, 0.01131582260131836 
432, -0.39684316515922546, 0.02246689796447754, 0.009067773818969727, 0.011413812637329102 
433, -0.3963511884212494, 0.0221402645111084, 0.00882411003112793, 0.011299371719360352 
434, -0.3958612084388733, 0.022471904754638672, 0.00899958610534668, 0.01148366928100586 
435, -0.3953733742237091, 0.02216792106628418, 0.009016990661621094, 0.011160135269165039 
436, -0.39488786458969116, 0.0219571590423584, 0.008752822875976562, 0.011210203170776367 
437, -0.3944043219089508, 0.0221712589263916, 0.0088653564453125, 0.011287689208984375 
438, -0.3939228355884552, 0.02213907241821289, 0.00885462760925293, 0.011290788650512695 
439, -0.39344322681427, 0.02274346351623535, 0.009030580520629883, 0.011695623397827148 
440, -0.39296600222587585, 0.022687673568725586, 0.00924062728881836, 0.01142740249633789 
441, -0.39249056577682495, 0.022568225860595703, 0.009029626846313477, 0.011495828628540039 
442, -0.3920171558856964, 0.02244877815246582, 0.009073972702026367, 0.011370420455932617 
443, -0.3915458619594574, 0.02232074737548828, 0.009061813354492188, 0.011276960372924805 
444, -0.3910766541957855, 0.02280116081237793, 0.009219884872436523, 0.0115203857421875 
445, -0.39060962200164795, 0.022727251052856445, 0.009136438369750977, 0.01154327392578125 
446, -0.3901442885398865, 0.022795438766479492, 0.009162187576293945, 0.011597394943237305 
447, -0.3896808922290802, 0.022505760192871094, 0.00909566879272461, 0.011400222778320312 
448, -0.38921958208084106, 0.02252483367919922, 0.009034156799316406, 0.011313438415527344 
449, -0.3887603282928467, 0.022411584854125977, 0.008923530578613281, 0.011432647705078125 
450, -0.3883028030395508, 0.022586345672607422, 0.009074211120605469, 0.011448144912719727 
451, -0.3878473937511444, 0.022663354873657227, 0.009141683578491211, 0.011586904525756836 
452, -0.38739386200904846, 0.02224254608154297, 0.00901651382446289, 0.011232137680053711 
453, -0.38694214820861816, 0.022142648696899414, 0.008907794952392578, 0.01125192642211914 
454, -0.38649243116378784, 0.022159576416015625, 0.008900880813598633, 0.011230945587158203 
455, -0.38604485988616943, 0.021881103515625, 0.008660078048706055, 0.010852336883544922 
456, -0.38559892773628235, 0.021724939346313477, 0.00882577896118164, 0.010947704315185547 
457, -0.3851549029350281, 0.021251201629638672, 0.00859975814819336, 0.010823488235473633 
458, -0.3847126066684723, 0.020891427993774414, 0.008429527282714844, 0.01061701774597168 
459, -0.3842724859714508, 0.021533727645874023, 0.008501768112182617, 0.011050939559936523 
460, -0.3838341236114502, 0.021978139877319336, 0.008883476257324219, 0.011142730712890625 
461, -0.38339748978614807, 0.021376371383666992, 0.008499622344970703, 0.010891437530517578 
462, -0.38296273350715637, 0.021500349044799805, 0.008593320846557617, 0.010937690734863281 
463, -0.3825297951698303, 0.021665573120117188, 0.008724689483642578, 0.010966777801513672 
464, -0.382098913192749, 0.022058486938476562, 0.00880885124206543, 0.011284589767456055 
465, -0.3816695809364319, 0.021921634674072266, 0.008823156356811523, 0.011119365692138672 
466, -0.38124191761016846, 0.02199268341064453, 0.00882267951965332, 0.011152505874633789 
467, -0.380816251039505, 0.022351980209350586, 0.00895833969116211, 0.01141047477722168 
468, -0.38039231300354004, 0.02267622947692871, 0.009057760238647461, 0.011248111724853516 
469, -0.3799702227115631, 0.021425247192382812, 0.008703470230102539, 0.010891437530517578 
470, -0.37954971194267273, 0.02121281623840332, 0.008515596389770508, 0.010852336883544922 
471, -0.37913113832473755, 0.021724462509155273, 0.00880742073059082, 0.011091947555541992 
472, -0.37871432304382324, 0.021390676498413086, 0.008549213409423828, 0.010870218276977539 
473, -0.37829911708831787, 0.02249908447265625, 0.009076356887817383, 0.011399269104003906 
474, -0.3778858184814453, 0.02265143394470215, 0.00909566879272461, 0.011590003967285156 
475, -0.37747400999069214, 0.022589921951293945, 0.009055376052856445, 0.011491537094116211 
476, -0.37706422805786133, 0.02304697036743164, 0.009241819381713867, 0.011710643768310547 
477, -0.37665581703186035, 0.022587060928344727, 0.00918722152709961, 0.01143789291381836 
478, -0.37624916434288025, 0.02193737030029297, 0.008895397186279297, 0.011188507080078125 
479, -0.3758445680141449, 0.021593570709228516, 0.008634805679321289, 0.011122941970825195 
480, -0.37544113397598267, 0.02147507667541504, 0.008543014526367188, 0.01099252700805664 
481, -0.3750397861003876, 0.021448612213134766, 0.008664846420288086, 0.010848045349121094 
482, -0.37463968992233276, 0.021433115005493164, 0.00859975814819336, 0.010865211486816406 
483, -0.3742416799068451, 0.021913766860961914, 0.008915185928344727, 0.011008262634277344 
484, -0.3738449215888977, 0.02118372917175293, 0.008774757385253906, 0.010581016540527344 
485, -0.3734501600265503, 0.020963668823242188, 0.008361101150512695, 0.010731220245361328 
486, -0.3730567991733551, 0.021280288696289062, 0.008704185485839844, 0.010825157165527344 
487, -0.37266531586647034, 0.020834684371948242, 0.008270263671875, 0.010690927505493164 
488, -0.3722752630710602, 0.021808147430419922, 0.00896000862121582, 0.010936737060546875 
489, -0.37188681960105896, 0.0218808650970459, 0.008768796920776367, 0.011197805404663086 
490, -0.3714998662471771, 0.02139592170715332, 0.008828401565551758, 0.010796546936035156 
491, -0.37111473083496094, 0.021025657653808594, 0.008385181427001953, 0.01079106330871582 
492, -0.37073102593421936, 0.02113938331604004, 0.008548498153686523, 0.010766029357910156 
493, -0.37034890055656433, 0.021112680435180664, 0.008546829223632812, 0.010761260986328125 
494, -0.3699684739112854, 0.021379709243774414, 0.008591175079345703, 0.010867595672607422 
495, -0.36958953738212585, 0.021491050720214844, 0.00853419303894043, 0.011071205139160156 
496, -0.36921226978302, 0.020968198776245117, 0.008548974990844727, 0.010665416717529297 
497, -0.3688364028930664, 0.021294593811035156, 0.008403539657592773, 0.010971307754516602 
498, -0.3684620261192322, 0.02146291732788086, 0.00867152214050293, 0.01092982292175293 
499, -0.36808913946151733, 0.021744728088378906, 0.008890867233276367, 0.011034250259399414 
500, -0.3677179515361786, 0.0215606689453125, 0.008579730987548828, 0.011104583740234375 
501, -0.3673482835292816, 0.021554946899414062, 0.008641719818115234, 0.011111021041870117 
502, -0.36698004603385925, 0.021915435791015625, 0.008644580841064453, 0.01129007339477539 
503, -0.3666134476661682, 0.02136826515197754, 0.00873875617980957, 0.010756731033325195 
504, -0.3662482500076294, 0.02141427993774414, 0.008728981018066406, 0.010883569717407227 
505, -0.3658844232559204, 0.02150726318359375, 0.008588075637817383, 0.011030912399291992 
506, -0.36552244424819946, 0.022009611129760742, 0.00885629653930664, 0.011241436004638672 
507, -0.3651614189147949, 0.021586894989013672, 0.008845806121826172, 0.010950803756713867 
508, -0.3648022711277008, 0.021173954010009766, 0.008637428283691406, 0.010712146759033203 
509, -0.36444443464279175, 0.021365880966186523, 0.008503437042236328, 0.010953187942504883 
510, -0.3640880882740021, 0.02206873893737793, 0.008740901947021484, 0.011376380920410156 
511, -0.36373329162597656, 0.022112369537353516, 0.0088653564453125, 0.011266946792602539 
512, -0.36337989568710327, 0.02216649055480957, 0.009103775024414062, 0.011219024658203125 
513, -0.36302751302719116, 0.021477460861206055, 0.008648872375488281, 0.010916709899902344 
514, -0.36267703771591187, 0.021848440170288086, 0.008800268173217773, 0.011174917221069336 
515, -0.3623279929161072, 0.022252798080444336, 0.008780241012573242, 0.011172294616699219 
516, -0.3619803488254547, 0.02193474769592285, 0.00886082649230957, 0.011245012283325195 
517, -0.36163395643234253, 0.021392345428466797, 0.008693695068359375, 0.010929346084594727 
518, -0.36128902435302734, 0.02119922637939453, 0.008474349975585938, 0.010891437530517578 
519, -0.36094561219215393, 0.0215146541595459, 0.008583784103393555, 0.011037826538085938 
520, -0.360603392124176, 0.02196788787841797, 0.008754491806030273, 0.011258125305175781 
521, -0.36026257276535034, 0.022086620330810547, 0.008883476257324219, 0.011253118515014648 
522, -0.3599233627319336, 0.021769285202026367, 0.008751630783081055, 0.011095285415649414 
523, -0.3595852851867676, 0.02276611328125, 0.009074687957763672, 0.011640787124633789 
524, -0.35924866795539856, 0.02283501625061035, 0.009177207946777344, 0.011607646942138672 
525, -0.3589133620262146, 0.022473812103271484, 0.009089231491088867, 0.011406660079956055 
526, -0.35857954621315, 0.022050857543945312, 0.008723974227905273, 0.011308908462524414 
527, -0.3582470118999481, 0.02230095863342285, 0.008939027786254883, 0.011384010314941406 
528, -0.35791558027267456, 0.02224445343017578, 0.008920431137084961, 0.011351585388183594 
529, -0.3575858771800995, 0.022072553634643555, 0.008933782577514648, 0.01118016242980957 
530, -0.357257217168808, 0.02218937873840332, 0.00890040397644043, 0.011317968368530273 
531, -0.3569299280643463, 0.021785974502563477, 0.008821964263916016, 0.011065006256103516 
532, -0.35660406947135925, 0.021473407745361328, 0.008641481399536133, 0.010920524597167969 
533, -0.35627976059913635, 0.021728992462158203, 0.008634805679321289, 0.011086225509643555 
534, -0.3559563457965851, 0.021975278854370117, 0.008864402770996094, 0.011111974716186523 
535, -0.35563406348228455, 0.021544933319091797, 0.008915424346923828, 0.010840892791748047 
536, -0.3553134799003601, 0.02140188217163086, 0.00869297981262207, 0.010883331298828125 
537, -0.35499414801597595, 0.020948410034179688, 0.00849604606628418, 0.010653495788574219 
538, -0.3546760380268097, 0.021863937377929688, 0.008501291275024414, 0.011295318603515625 
539, -0.35435929894447327, 0.02188706398010254, 0.008802413940429688, 0.01117563247680664 
540, -0.3540436625480652, 0.022003889083862305, 0.008730888366699219, 0.011303186416625977 
541, -0.35372933745384216, 0.021990537643432617, 0.008720874786376953, 0.011295318603515625 
542, -0.35341641306877136, 0.022175312042236328, 0.008943796157836914, 0.011265993118286133 
543, -0.3531046509742737, 0.021450042724609375, 0.008642435073852539, 0.01083993911743164 
544, -0.3527940809726715, 0.021582365036010742, 0.008667707443237305, 0.010928630828857422 
545, -0.3524848222732544, 0.022037982940673828, 0.008827447891235352, 0.011173248291015625 
546, -0.35217687487602234, 0.021762371063232422, 0.008788585662841797, 0.011179924011230469 
547, -0.3518698513507843, 0.02155160903930664, 0.00868368148803711, 0.011011123657226562 
548, -0.35145464539527893, 0.023303747177124023, 0.00851297378540039, 0.012807846069335938 
549, -0.3508043587207794, 0.023390769958496094, 0.008607149124145508, 0.012736797332763672 
550, -0.3501555621623993, 0.023681163787841797, 0.008962869644165039, 0.012740373611450195 
551, -0.3495078384876251, 0.02380681037902832, 0.008854866027832031, 0.013065814971923828 
552, -0.34885096549987793, 0.023039817810058594, 0.008844614028930664, 0.012435674667358398 
553, -0.3482024669647217, 0.023000478744506836, 0.008710145950317383, 0.012497901916503906 
554, -0.3475549817085266, 0.0233614444732666, 0.008707046508789062, 0.012663602828979492 
555, -0.3469085395336151, 0.02294135093688965, 0.008867740631103516, 0.012210845947265625 
556, -0.34626269340515137, 0.022824525833129883, 0.008375406265258789, 0.012529850006103516 
557, -0.3456178307533264, 0.023243188858032227, 0.008931398391723633, 0.012513875961303711 
558, -0.3449734151363373, 0.02350163459777832, 0.008763551712036133, 0.012765645980834961 
559, -0.3443296253681183, 0.0235445499420166, 0.008924007415771484, 0.01277470588684082 
560, -0.3436865210533142, 0.023906230926513672, 0.008748054504394531, 0.01281118392944336 
561, -0.34304386377334595, 0.023627758026123047, 0.008835077285766602, 0.012830495834350586 
562, -0.3424016833305359, 0.023537635803222656, 0.008780956268310547, 0.012708663940429688 
563, -0.34176015853881836, 0.023521900177001953, 0.008836746215820312, 0.012691259384155273 
564, -0.3411189317703247, 0.023019075393676758, 0.0086822509765625, 0.012459754943847656 
565, -0.34047791361808777, 0.022608518600463867, 0.00843954086303711, 0.012302398681640625 
566, -0.3398372530937195, 0.022778987884521484, 0.008358955383300781, 0.012511491775512695 
567, -0.3391971290111542, 0.023554563522338867, 0.008729219436645508, 0.012978315353393555 
568, -0.33855730295181274, 0.023523330688476562, 0.008986711502075195, 0.01273965835571289 
569, -0.3379178047180176, 0.02303910255432129, 0.008649349212646484, 0.012569904327392578 
570, -0.33727821707725525, 0.02366805076599121, 0.008614540100097656, 0.013067483901977539 
571, -0.3366393744945526, 0.02437615394592285, 0.009116888046264648, 0.013240814208984375 
572, -0.33600053191185, 0.023387432098388672, 0.008747100830078125, 0.012604236602783203 
573, -0.3353620767593384, 0.023738384246826172, 0.00888204574584961, 0.012902498245239258 
574, -0.3347238600254059, 0.02362990379333496, 0.008752822875976562, 0.012851238250732422 
575, -0.33408600091934204, 0.02401447296142578, 0.009068965911865234, 0.012904644012451172 
576, -0.3334480822086334, 0.024430036544799805, 0.009208202362060547, 0.013209819793701172 
577, -0.33281058073043823, 0.024502277374267578, 0.009142637252807617, 0.013317108154296875 
578, -0.33217328786849976, 0.024329662322998047, 0.009118318557739258, 0.013188838958740234 
579, -0.3315361738204956, 0.0236971378326416, 0.009007692337036133, 0.012839317321777344 
580, -0.33089929819107056, 0.02356863021850586, 0.008860588073730469, 0.012831687927246094 
581, -0.33026278018951416, 0.02342081069946289, 0.0088043212890625, 0.012685775756835938 
582, -0.3296263813972473, 0.023613691329956055, 0.008890390396118164, 0.012865543365478516 
583, -0.32899010181427, 0.023469209671020508, 0.008750438690185547, 0.012794971466064453 
584, -0.3283542990684509, 0.02283310890197754, 0.00858616828918457, 0.012343406677246094 
585, -0.3277186453342438, 0.02388286590576172, 0.008885860443115234, 0.013029813766479492 
586, -0.3270830810070038, 0.02374553680419922, 0.00892186164855957, 0.012884855270385742 
587, -0.3264477849006653, 0.023575544357299805, 0.008893251419067383, 0.012770891189575195 
588, -0.3258126676082611, 0.024007558822631836, 0.00904703140258789, 0.012921810150146484 
589, -0.32517796754837036, 0.02361273765563965, 0.008847951889038086, 0.01274561882019043 
590, -0.32454341650009155, 0.023698806762695312, 0.008957624435424805, 0.012733697891235352 
591, -0.32390907406806946, 0.024054765701293945, 0.008913993835449219, 0.013108253479003906 
592, -0.3232751786708832, 0.024127960205078125, 0.009119510650634766, 0.013043403625488281 
593, -0.32264113426208496, 0.023935317993164062, 0.009003162384033203, 0.012961864471435547 
594, -0.32200783491134644, 0.023872852325439453, 0.008936405181884766, 0.012980222702026367 
595, -0.32137444615364075, 0.024192094802856445, 0.00895547866821289, 0.013216495513916016 
596, -0.3207415044307709, 0.02382683753967285, 0.00910043716430664, 0.012815237045288086 
597, -0.32010871171951294, 0.023639917373657227, 0.008974075317382812, 0.012720108032226562 
598, -0.3194761574268341, 0.023441791534423828, 0.008665084838867188, 0.01264810562133789 
599, -0.3188439905643463, 0.024546384811401367, 0.009355545043945312, 0.01325678825378418 
600, -0.31821209192276, 0.02428436279296875, 0.008987665176391602, 0.013274669647216797 
601, -0.3175804913043976, 0.024117708206176758, 0.009066104888916016, 0.013082027435302734 
602, -0.31694915890693665, 0.023312091827392578, 0.00879812240600586, 0.01262974739074707 
603, -0.3163180649280548, 0.023796558380126953, 0.008922100067138672, 0.01301264762878418 
604, -0.31568726897239685, 0.023538827896118164, 0.008917093276977539, 0.012754440307617188 
605, -0.31505700945854187, 0.022894859313964844, 0.008723020553588867, 0.0124359130859375 
606, -0.3144269287586212, 0.023456096649169922, 0.008693695068359375, 0.012763023376464844 
607, -0.3137969970703125, 0.023775815963745117, 0.009054899215698242, 0.01276850700378418 
608, -0.3131675720214844, 0.023746013641357422, 0.008778810501098633, 0.012968301773071289 
609, -0.31253838539123535, 0.023599624633789062, 0.008902549743652344, 0.012749195098876953 
610, -0.31190961599349976, 0.023470163345336914, 0.00878143310546875, 0.01269674301147461 
611, -0.31128114461898804, 0.023709774017333984, 0.00881195068359375, 0.012915849685668945 
612, -0.3106531500816345, 0.024436235427856445, 0.009209871292114258, 0.0131988525390625 
613, -0.31002530455589294, 0.02417302131652832, 0.00915217399597168, 0.013041257858276367 
614, -0.30939796566963196, 0.0244748592376709, 0.008983135223388672, 0.013329029083251953 
615, -0.3087707757949829, 0.024424314498901367, 0.009287834167480469, 0.01324605941772461 
616, -0.3081442415714264, 0.024142026901245117, 0.008966207504272461, 0.013220787048339844 
617, -0.3075178861618042, 0.024063825607299805, 0.00900411605834961, 0.013099431991577148 
618, -0.30689185857772827, 0.024121522903442383, 0.00922536849975586, 0.012976884841918945 
619, -0.3062663972377777, 0.024080514907836914, 0.00907588005065918, 0.013012409210205078 
620, -0.3056412935256958, 0.023864030838012695, 0.009043455123901367, 0.013038158416748047 
621, -0.3050166368484497, 0.023563623428344727, 0.00878000259399414, 0.012761592864990234 
622, -0.3043921887874603, 0.023725509643554688, 0.008867979049682617, 0.012847900390625 
623, -0.30376818776130676, 0.02368640899658203, 0.008786916732788086, 0.012924671173095703 
624, -0.3031446933746338, 0.023868322372436523, 0.008879661560058594, 0.012974262237548828 
625, -0.3025214970111847, 0.02370429039001465, 0.008904695510864258, 0.0128021240234375 
626, -0.3018987774848938, 0.02380084991455078, 0.008956670761108398, 0.01278996467590332 
627, -0.3012765347957611, 0.023366689682006836, 0.008772134780883789, 0.01274251937866211 
628, -0.30065470933914185, 0.02321171760559082, 0.008802413940429688, 0.012607574462890625 
629, -0.3000333607196808, 0.023358821868896484, 0.008737564086914062, 0.012720584869384766 
630, -0.2994123101234436, 0.023739099502563477, 0.00890970230102539, 0.012878656387329102 
631, -0.29879164695739746, 0.02437567710876465, 0.009170055389404297, 0.01317143440246582 
632, -0.29817160964012146, 0.024378061294555664, 0.00910329818725586, 0.013293266296386719 
633, -0.2975519001483917, 0.02422308921813965, 0.00913381576538086, 0.013106107711791992 
634, -0.2969328761100769, 0.023763418197631836, 0.008859872817993164, 0.012895584106445312 
635, -0.2963140606880188, 0.023827314376831055, 0.009013891220092773, 0.012804508209228516 
636, -0.29569581151008606, 0.023793935775756836, 0.009014368057250977, 0.012906551361083984 
637, -0.2950780391693115, 0.02306818962097168, 0.008663177490234375, 0.012517929077148438 
638, -0.294460654258728, 0.023586750030517578, 0.008837223052978516, 0.012782812118530273 
639, -0.2938440144062042, 0.02386331558227539, 0.008874893188476562, 0.012976408004760742 
640, -0.29322782158851624, 0.023323535919189453, 0.008887290954589844, 0.012662649154663086 
641, -0.2926118075847626, 0.02274799346923828, 0.00848078727722168, 0.012461423873901367 
642, -0.2919965088367462, 0.022873401641845703, 0.008586406707763672, 0.01248931884765625 
643, -0.29138174653053284, 0.02321147918701172, 0.008576154708862305, 0.012776851654052734 
644, -0.29076725244522095, 0.023601770401000977, 0.008860588073730469, 0.012877941131591797 
645, -0.2901535630226135, 0.023433208465576172, 0.008799076080322266, 0.012653589248657227 
646, -0.28954017162323, 0.024076461791992188, 0.008979082107543945, 0.013022661209106445 
647, -0.28892749547958374, 0.02443385124206543, 0.009227514266967773, 0.013087034225463867 
648, -0.2883152961730957, 0.023795604705810547, 0.008861780166625977, 0.012923240661621094 
649, -0.2877035140991211, 0.0232846736907959, 0.00875401496887207, 0.012580394744873047 
650, -0.287092387676239, 0.0234832763671875, 0.008851051330566406, 0.01270437240600586 
651, -0.286481648683548, 0.02455592155456543, 0.009218454360961914, 0.013275623321533203 
652, -0.285871684551239, 0.024579286575317383, 0.009270191192626953, 0.013338565826416016 
653, -0.2852621078491211, 0.02417612075805664, 0.00900888442993164, 0.013186216354370117 
654, -0.2846531867980957, 0.024445056915283203, 0.009229183197021484, 0.013252019882202148 
655, -0.2840447425842285, 0.02395153045654297, 0.008882999420166016, 0.013021469116210938 
656, -0.28343692421913147, 0.024170637130737305, 0.009075403213500977, 0.013079166412353516 
657, -0.28282955288887024, 0.02405858039855957, 0.009151458740234375, 0.012906551361083984 
658, -0.2822228670120239, 0.02340245246887207, 0.008710384368896484, 0.01271367073059082 
659, -0.2816166877746582, 0.024667739868164062, 0.009253501892089844, 0.013415813446044922 
660, -0.281011164188385, 0.02459430694580078, 0.009145259857177734, 0.01332235336303711 
661, -0.28040599822998047, 0.024432659149169922, 0.009221553802490234, 0.013214111328125 
662, -0.2798015773296356, 0.0244293212890625, 0.009130716323852539, 0.013356685638427734 
663, -0.2791978120803833, 0.024418354034423828, 0.009146690368652344, 0.013310432434082031 
664, -0.2785946726799011, 0.023898601531982422, 0.008896827697753906, 0.012926578521728516 
665, -0.2779920995235443, 0.023706436157226562, 0.008968830108642578, 0.012784004211425781 
666, -0.2773900330066681, 0.02378702163696289, 0.00896906852722168, 0.01283717155456543 
667, -0.27678874135017395, 0.023865938186645508, 0.009097099304199219, 0.012785196304321289 
668, -0.2761879563331604, 0.0238645076751709, 0.00900578498840332, 0.012948036193847656 
669, -0.27558764815330505, 0.02378058433532715, 0.008868694305419922, 0.012880563735961914 
670, -0.2749880850315094, 0.02411937713623047, 0.009051322937011719, 0.013103485107421875 
671, -0.27438926696777344, 0.02390432357788086, 0.008962154388427734, 0.012989521026611328 
672, -0.2737909257411957, 0.024154186248779297, 0.008924484252929688, 0.013171195983886719 
673, -0.27319324016571045, 0.024518489837646484, 0.009414434432983398, 0.013101339340209961 
674, -0.2725963294506073, 0.024138689041137695, 0.009143590927124023, 0.012995004653930664 
675, -0.27199995517730713, 0.024124622344970703, 0.009142875671386719, 0.013083696365356445 
676, -0.2714039981365204, 0.024209260940551758, 0.009037494659423828, 0.013224363327026367 
677, -0.2708090841770172, 0.024442672729492188, 0.009171247482299805, 0.013239860534667969 
678, -0.270214706659317, 0.024320363998413086, 0.009142637252807617, 0.013154745101928711 
679, -0.26962071657180786, 0.02456808090209961, 0.009272098541259766, 0.013336896896362305 
680, -0.2690276503562927, 0.024246692657470703, 0.009106636047363281, 0.013155221939086914 
681, -0.26843518018722534, 0.024250507354736328, 0.009195566177368164, 0.013037681579589844 
682, -0.2678433656692505, 0.024203062057495117, 0.009112834930419922, 0.013054370880126953 
683, -0.26725226640701294, 0.024173498153686523, 0.009116411209106445, 0.013063430786132812 
684, -0.26666170358657837, 0.024362564086914062, 0.009095191955566406, 0.013266563415527344 
685, -0.26607194542884827, 0.024184465408325195, 0.009109973907470703, 0.013141155242919922 
686, -0.26548296213150024, 0.024370670318603516, 0.009114742279052734, 0.013247966766357422 
687, -0.2648945152759552, 0.02499866485595703, 0.00916910171508789, 0.0136566162109375 
688, -0.26430681347846985, 0.025490999221801758, 0.009520530700683594, 0.013874530792236328 
689, -0.2637197971343994, 0.025322914123535156, 0.009544610977172852, 0.013738393783569336 
690, -0.2631334364414215, 0.02537822723388672, 0.009781122207641602, 0.013518333435058594 
691, -0.26254773139953613, 0.024763107299804688, 0.009415149688720703, 0.013368606567382812 
692, -0.26196274161338806, 0.024810075759887695, 0.00929117202758789, 0.013435125350952148 
693, -0.26137855648994446, 0.024813175201416016, 0.009327173233032227, 0.013444185256958008 
694, -0.26079505681991577, 0.024836063385009766, 0.009260177612304688, 0.013488054275512695 
695, -0.26021209359169006, 0.024861574172973633, 0.009302377700805664, 0.013456344604492188 
696, -0.2596299946308136, 0.024735689163208008, 0.009279012680053711, 0.013397216796875 
697, -0.25904861092567444, 0.02455425262451172, 0.009211301803588867, 0.013285398483276367 
698, -0.2584678828716278, 0.024494647979736328, 0.009250640869140625, 0.013137578964233398 
699, -0.2578880190849304, 0.02457284927368164, 0.009257078170776367, 0.013243913650512695 
700, -0.25730884075164795, 0.024732351303100586, 0.009302377700805664, 0.013432979583740234 
701, -0.2567303776741028, 0.024351835250854492, 0.009183406829833984, 0.013198375701904297 
702, -0.25615257024765015, 0.024542570114135742, 0.009212493896484375, 0.013313531875610352 
703, -0.2555755376815796, 0.024041414260864258, 0.009139299392700195, 0.01287388801574707 
704, -0.25499922037124634, 0.02367687225341797, 0.00883173942565918, 0.01285409927368164 
705, -0.25442367792129517, 0.02378249168395996, 0.00894021987915039, 0.012844324111938477 
706, -0.2538490295410156, 0.023340940475463867, 0.008794546127319336, 0.012711763381958008 
707, -0.2532748579978943, 0.0239408016204834, 0.008767843246459961, 0.013186454772949219 
708, -0.2527014911174774, 0.024318456649780273, 0.009035348892211914, 0.013234376907348633 
709, -0.2521289885044098, 0.02415776252746582, 0.00914454460144043, 0.013044357299804688 
710, -0.25155729055404663, 0.02410292625427246, 0.009003162384033203, 0.013046741485595703 
711, -0.25098612904548645, 0.024100303649902344, 0.009092092514038086, 0.013025283813476562 
712, -0.2504160702228546, 0.024444580078125, 0.009112834930419922, 0.01334834098815918 
713, -0.2498464584350586, 0.024492740631103516, 0.00919795036315918, 0.01318669319152832 
714, -0.24927762150764465, 0.024654626846313477, 0.00919198989868164, 0.013373136520385742 
715, -0.24870973825454712, 0.024521350860595703, 0.009203433990478516, 0.013239145278930664 
716, -0.24814242124557495, 0.02462029457092285, 0.009196758270263672, 0.013362407684326172 
717, -0.24757595360279083, 0.02444171905517578, 0.009183168411254883, 0.013249397277832031 
718, -0.24701040983200073, 0.02402043342590332, 0.008848190307617188, 0.013159990310668945 
719, -0.24644559621810913, 0.024960994720458984, 0.009324073791503906, 0.013568401336669922 
720, -0.24588151276111603, 0.024680614471435547, 0.009248018264770508, 0.013340950012207031 
721, -0.24531811475753784, 0.025066375732421875, 0.00945734977722168, 0.013575553894042969 
722, -0.24475565552711487, 0.024688243865966797, 0.009269475936889648, 0.013462066650390625 
723, -0.2441938817501068, 0.02486395835876465, 0.009250879287719727, 0.01352238655090332 
724, -0.24363300204277039, 0.02486705780029297, 0.009303569793701172, 0.01345372200012207 
725, -0.24307288229465485, 0.024919748306274414, 0.009395122528076172, 0.013419151306152344 
726, -0.24251355230808258, 0.024466514587402344, 0.009088516235351562, 0.013343334197998047 
727, -0.24195486307144165, 0.024457454681396484, 0.009196758270263672, 0.013183355331420898 
728, -0.24139724671840668, 0.024422407150268555, 0.009176969528198242, 0.0132293701171875 
729, -0.24084022641181946, 0.02438950538635254, 0.009105682373046875, 0.013226747512817383 
730, -0.24028418958187103, 0.02449631690979004, 0.009219646453857422, 0.013201713562011719 
731, -0.23972895741462708, 0.024018287658691406, 0.009133577346801758, 0.012930154800415039 
732, -0.23917435109615326, 0.024036645889282227, 0.00907588005065918, 0.012908458709716797 
733, -0.2386205941438675, 0.024047136306762695, 0.009032726287841797, 0.01307988166809082 
734, -0.23806773126125336, 0.024062395095825195, 0.008958101272583008, 0.013095617294311523 
735, -0.2375156283378601, 0.02392721176147461, 0.00900578498840332, 0.012975692749023438 
736, -0.23696447908878326, 0.023977279663085938, 0.008927106857299805, 0.013004541397094727 
737, -0.23641404509544373, 0.024141550064086914, 0.00911712646484375, 0.013033390045166016 
738, -0.23586440086364746, 0.02384185791015625, 0.008997440338134766, 0.01299738883972168 
739, -0.23531563580036163, 0.023723602294921875, 0.008896112442016602, 0.012914657592773438 
740, -0.23476776480674744, 0.023850202560424805, 0.008920431137084961, 0.012917041778564453 
741, -0.2342206835746765, 0.023734331130981445, 0.008879661560058594, 0.012869834899902344 
742, -0.23367424309253693, 0.023952007293701172, 0.009009122848510742, 0.012916088104248047 
743, -0.23312890529632568, 0.02367997169494629, 0.008803367614746094, 0.012817621231079102 
744, -0.2325841635465622, 0.0237271785736084, 0.008932113647460938, 0.012853384017944336 
745, -0.23204046487808228, 0.023939847946166992, 0.00895237922668457, 0.013025045394897461 
746, -0.23149746656417847, 0.023882150650024414, 0.009030818939208984, 0.012946128845214844 
747, -0.2309553474187851, 0.023882389068603516, 0.008928060531616211, 0.012984037399291992 
748, -0.23041412234306335, 0.024142026901245117, 0.009081363677978516, 0.013089418411254883 
749, -0.22987376153469086, 0.02423572540283203, 0.009059667587280273, 0.013192415237426758 
750, -0.22933411598205566, 0.023907184600830078, 0.009035825729370117, 0.012897968292236328 
751, -0.2287953943014145, 0.024236679077148438, 0.008989334106445312, 0.013283491134643555 
752, -0.22825761139392853, 0.024823427200317383, 0.009282350540161133, 0.013519763946533203 
753, -0.22772051393985748, 0.025397777557373047, 0.009332656860351562, 0.013405084609985352 
754, -0.22718439996242523, 0.025196313858032227, 0.00941610336303711, 0.013638496398925781 
755, -0.22664904594421387, 0.025552034378051758, 0.009495973587036133, 0.013849258422851562 
756, -0.22611460089683533, 0.025612831115722656, 0.009490013122558594, 0.013962507247924805 
757, -0.2255811095237732, 0.025913000106811523, 0.009771585464477539, 0.014060020446777344 
758, -0.22504834830760956, 0.025218963623046875, 0.009509563446044922, 0.013585567474365234 
759, -0.22451648116111755, 0.024225234985351562, 0.009199857711791992, 0.01300358772277832 
760, -0.22398540377616882, 0.024013280868530273, 0.009005546569824219, 0.012983322143554688 
761, -0.22345532476902008, 0.024328947067260742, 0.009042501449584961, 0.01329946517944336 
762, -0.22292597591876984, 0.024221181869506836, 0.009046077728271484, 0.013177633285522461 
763, -0.22239767014980316, 0.024138689041137695, 0.009076595306396484, 0.01311182975769043 
764, -0.2218700498342514, 0.024262428283691406, 0.009106874465942383, 0.013107538223266602 
765, -0.22134339809417725, 0.02418208122253418, 0.009118080139160156, 0.013052940368652344 
766, -0.22081755101680756, 0.02435016632080078, 0.009122133255004883, 0.013200759887695312 
767, -0.2202925980091095, 0.023914337158203125, 0.008987665176391602, 0.012920618057250977 
768, -0.21976850926876068, 0.024514198303222656, 0.009176969528198242, 0.01326441764831543 
769, -0.21924537420272827, 0.02468419075012207, 0.00931859016418457, 0.013392448425292969 
770, -0.21872282028198242, 0.025094985961914062, 0.009351015090942383, 0.013643503189086914 
771, -0.2182016521692276, 0.025346994400024414, 0.00952601432800293, 0.01374053955078125 
772, -0.21768097579479218, 0.02525043487548828, 0.009472370147705078, 0.013729095458984375 
773, -0.2171613872051239, 0.025302648544311523, 0.00945281982421875, 0.013774394989013672 
774, -0.21664252877235413, 0.025165319442749023, 0.009437084197998047, 0.013645410537719727 
775, -0.21612457931041718, 0.02503204345703125, 0.009407520294189453, 0.013492822647094727 
776, -0.21560752391815186, 0.024705886840820312, 0.009311914443969727, 0.013323783874511719 
777, -0.21509136259555817, 0.024730920791625977, 0.009223461151123047, 0.013411521911621094 
778, -0.2145761251449585, 0.024843215942382812, 0.009277820587158203, 0.013550281524658203 
779, -0.21406176686286926, 0.024709224700927734, 0.009186029434204102, 0.013303518295288086 
780, -0.21354834735393524, 0.02446913719177246, 0.009257793426513672, 0.013170957565307617 
781, -0.2130356878042221, 0.02407097816467285, 0.008933544158935547, 0.013185262680053711 
782, -0.2125239372253418, 0.02450728416442871, 0.009115934371948242, 0.013312578201293945 
783, -0.2120131403207779, 0.024488449096679688, 0.00916910171508789, 0.01327967643737793 
784, -0.21150323748588562, 0.024908065795898438, 0.009318828582763672, 0.013390064239501953 
785, -0.2109941989183426, 0.024832963943481445, 0.009275436401367188, 0.013522624969482422 
786, -0.2104860544204712, 0.024547815322875977, 0.009261846542358398, 0.013225555419921875 
787, -0.20997875928878784, 0.0244598388671875, 0.009192705154418945, 0.013303518295288086 
788, -0.20947235822677612, 0.02426457405090332, 0.009103775024414062, 0.01315927505493164 
789, -0.20896698534488678, 0.024278640747070312, 0.009075403213500977, 0.013110637664794922 
790, -0.20846229791641235, 0.024132490158081055, 0.00904703140258789, 0.013083696365356445 
791, -0.20795859396457672, 0.023851633071899414, 0.008882761001586914, 0.012966394424438477 
792, -0.20745597779750824, 0.02379894256591797, 0.008955717086791992, 0.01296234130859375 
793, -0.20695407688617706, 0.023583412170410156, 0.008887290954589844, 0.012848615646362305 
794, -0.2064530998468399, 0.023853302001953125, 0.008841514587402344, 0.013071060180664062 
795, -0.20595286786556244, 0.023681640625, 0.008768081665039062, 0.012929201126098633 
796, -0.20545387268066406, 0.02413177490234375, 0.00897979736328125, 0.013167142868041992 
797, -0.20495551824569702, 0.023724794387817383, 0.008797645568847656, 0.012939453125 
798, -0.20445823669433594, 0.023916959762573242, 0.008991479873657227, 0.012926340103149414 
799, -0.20396173000335693, 0.023995637893676758, 0.009015083312988281, 0.013069629669189453 
800, -0.20346611738204956, 0.023674488067626953, 0.008822441101074219, 0.012888431549072266 
801, -0.2029714584350586, 0.02413487434387207, 0.008982181549072266, 0.013054370880126953 
802, -0.20247773826122284, 0.023966312408447266, 0.009019136428833008, 0.012941598892211914 
803, -0.2019849270582199, 0.023983240127563477, 0.009047985076904297, 0.013008594512939453 
804, -0.20149296522140503, 0.02405571937561035, 0.008975744247436523, 0.013087987899780273 
805, -0.2010021060705185, 0.024188995361328125, 0.008997201919555664, 0.013099908828735352 
806, -0.2005118429660797, 0.024113178253173828, 0.009120464324951172, 0.012970209121704102 
807, -0.20002268254756927, 0.023955821990966797, 0.008971214294433594, 0.012982368469238281 
808, -0.19953417778015137, 0.02363133430480957, 0.008872509002685547, 0.012910842895507812 
809, -0.19904685020446777, 0.02331995964050293, 0.008748054504394531, 0.012719869613647461 
810, -0.19856034219264984, 0.02369379997253418, 0.008759498596191406, 0.012987375259399414 
811, -0.19807478785514832, 0.024446725845336914, 0.009088993072509766, 0.01332235336303711 
812, -0.1975902020931244, 0.024329185485839844, 0.009217262268066406, 0.013090133666992188 
813, -0.19710639119148254, 0.024218082427978516, 0.009131193161010742, 0.013046503067016602 
814, -0.19662360846996307, 0.024123668670654297, 0.009025335311889648, 0.013018131256103516 
815, -0.1961415559053421, 0.024394750595092773, 0.009194612503051758, 0.013205289840698242 
816, -0.1956605762243271, 0.024685144424438477, 0.009302377700805664, 0.01336216926574707 
817, -0.19518041610717773, 0.02507948875427246, 0.009330511093139648, 0.013648033142089844 
818, -0.19470112025737762, 0.025366783142089844, 0.009524106979370117, 0.013715744018554688 
819, -0.1942228078842163, 0.024859905242919922, 0.009461402893066406, 0.013256549835205078 
820, -0.19374555349349976, 0.024761676788330078, 0.009238958358764648, 0.013424396514892578 
821, -0.19326907396316528, 0.025183677673339844, 0.009466171264648438, 0.01366734504699707 
822, -0.19279351830482483, 0.025429964065551758, 0.009487390518188477, 0.013878583908081055 
823, -0.19231867790222168, 0.025974273681640625, 0.009783267974853516, 0.014116764068603516 
824, -0.19184499979019165, 0.024878263473510742, 0.009414911270141602, 0.013466835021972656 
825, -0.19137223064899445, 0.024649381637573242, 0.009239912033081055, 0.01331949234008789 
826, -0.19090037047863007, 0.024364471435546875, 0.009249448776245117, 0.013135910034179688 
827, -0.19042934477329254, 0.023924827575683594, 0.009017705917358398, 0.012979269027709961 
828, -0.189959317445755, 0.023713350296020508, 0.008882522583007812, 0.012923955917358398 
829, -0.1894901543855667, 0.02347874641418457, 0.008742332458496094, 0.012795209884643555 
830, -0.18902185559272766, 0.024326562881469727, 0.00892782211303711, 0.013338804244995117 
831, -0.18855461478233337, 0.024662017822265625, 0.009383916854858398, 0.01331639289855957 
832, -0.1880880445241928, 0.024768829345703125, 0.00919032096862793, 0.01347494125366211 
833, -0.18762263655662537, 0.024990558624267578, 0.009298563003540039, 0.013651847839355469 
834, -0.18715792894363403, 0.024985313415527344, 0.009388446807861328, 0.013576507568359375 
835, -0.18669436872005463, 0.024832725524902344, 0.009284496307373047, 0.013484477996826172 
836, -0.18623144924640656, 0.024827957153320312, 0.009416341781616211, 0.013447284698486328 
837, -0.1857696771621704, 0.02442002296447754, 0.009067296981811523, 0.013316154479980469 
838, -0.18530872464179993, 0.024936199188232422, 0.00932621955871582, 0.013543844223022461 
839, -0.18484851717948914, 0.024894237518310547, 0.009375810623168945, 0.013419389724731445 
840, -0.18438947200775146, 0.02423882484436035, 0.009099483489990234, 0.01314401626586914 
841, -0.18393130600452423, 0.024201154708862305, 0.009012699127197266, 0.013099193572998047 
842, -0.18348443508148193, 0.024041175842285156, 0.009074211120605469, 0.013007640838623047 
843, -0.18302789330482483, 0.023556947708129883, 0.008946418762207031, 0.01268911361694336 
844, -0.1825723499059677, 0.023715734481811523, 0.00880885124206543, 0.012922048568725586 
845, -0.18211747705936432, 0.024179697036743164, 0.008992195129394531, 0.013121604919433594 
846, -0.18166378140449524, 0.024242401123046875, 0.00917363166809082, 0.013057708740234375 
847, -0.1812107264995575, 0.02410268783569336, 0.009018659591674805, 0.013007640838623047 
848, -0.18075880408287048, 0.024244070053100586, 0.009039878845214844, 0.013274908065795898 
849, -0.18030765652656555, 0.023448467254638672, 0.008847475051879883, 0.012652158737182617 
850, -0.17985764145851135, 0.02361464500427246, 0.008868694305419922, 0.01275181770324707 
851, -0.17940831184387207, 0.023941993713378906, 0.009037256240844727, 0.012893199920654297 
852, -0.17896002531051636, 0.023924827575683594, 0.008962869644165039, 0.012924432754516602 
853, -0.17851267755031586, 0.024088621139526367, 0.009006977081298828, 0.013140201568603516 
854, -0.17806613445281982, 0.023546695709228516, 0.008814811706542969, 0.012770414352416992 
855, -0.1776205450296402, 0.02347564697265625, 0.008726358413696289, 0.012880325317382812 
856, -0.17717593908309937, 0.023402929306030273, 0.00873422622680664, 0.012763738632202148 
857, -0.17673209309577942, 0.023954153060913086, 0.008912324905395508, 0.013042449951171875 
858, -0.1762891411781311, 0.024374008178710938, 0.009103059768676758, 0.013343572616577148 
859, -0.17584733664989471, 0.024006128311157227, 0.008904457092285156, 0.01313328742980957 
860, -0.17540624737739563, 0.02416086196899414, 0.008954286575317383, 0.013188838958740234 
861, -0.17496611177921295, 0.023595809936523438, 0.008854389190673828, 0.012737751007080078 
862, -0.17452695965766907, 0.0234529972076416, 0.008863449096679688, 0.012632131576538086 
863, -0.17408867180347443, 0.023595094680786133, 0.008923768997192383, 0.01281595230102539 
864, -0.17365115880966187, 0.023923635482788086, 0.008894205093383789, 0.013119935989379883 
865, -0.17321479320526123, 0.023827552795410156, 0.008885383605957031, 0.012881994247436523 
866, -0.17277920246124268, 0.023780107498168945, 0.009032726287841797, 0.012894392013549805 
867, -0.17234452068805695, 0.023647785186767578, 0.008738517761230469, 0.012955904006958008 
868, -0.17191080749034882, 0.023769378662109375, 0.008849382400512695, 0.012944936752319336 
869, -0.1714780479669571, 0.02401113510131836, 0.008970975875854492, 0.012990474700927734 
870, -0.17104606330394745, 0.0238950252532959, 0.008956432342529297, 0.01296377182006836 
871, -0.1706150472164154, 0.023447513580322266, 0.00885462760925293, 0.01275944709777832 
872, -0.1701848804950714, 0.023308515548706055, 0.008681297302246094, 0.012771844863891602 
873, -0.16975551843643188, 0.023546457290649414, 0.008654117584228516, 0.012897253036499023 
874, -0.16932736337184906, 0.023470163345336914, 0.008865594863891602, 0.012621879577636719 
875, -0.16889986395835876, 0.023682832717895508, 0.008776187896728516, 0.013000726699829102 
876, -0.16847340762615204, 0.023618221282958984, 0.008845806121826172, 0.01280355453491211 
877, -0.16804781556129456, 0.023293733596801758, 0.008670806884765625, 0.012679338455200195 
878, -0.1676231473684311, 0.024055004119873047, 0.008991479873657227, 0.013173341751098633 
879, -0.1671992987394333, 0.02455592155456543, 0.009315967559814453, 0.01324152946472168 
880, -0.1667763590812683, 0.023423194885253906, 0.009003877639770508, 0.012484312057495117 
881, -0.16635435819625854, 0.02371358871459961, 0.008806943893432617, 0.012909650802612305 
882, -0.16593338549137115, 0.024146080017089844, 0.008881807327270508, 0.013264656066894531 
883, -0.16551318764686584, 0.024242162704467773, 0.009152412414550781, 0.013070106506347656 
884, -0.16509398818016052, 0.023874998092651367, 0.009037494659423828, 0.012872934341430664 
885, -0.16467538475990295, 0.02407979965209961, 0.009032011032104492, 0.013117790222167969 
886, -0.1642579734325409, 0.02390122413635254, 0.009061098098754883, 0.01291513442993164 
887, -0.16384130716323853, 0.023389101028442383, 0.008748769760131836, 0.012761831283569336 
888, -0.16342557966709137, 0.023376941680908203, 0.00866389274597168, 0.012756586074829102 
889, -0.16301071643829346, 0.023749113082885742, 0.008700370788574219, 0.012951850891113281 
890, -0.1625969558954239, 0.025152921676635742, 0.009324312210083008, 0.013661861419677734 
891, -0.1621840000152588, 0.025106430053710938, 0.009479284286499023, 0.013536691665649414 
892, -0.1617717742919922, 0.02495574951171875, 0.009423971176147461, 0.013483524322509766 
893, -0.16136054694652557, 0.025105953216552734, 0.009363889694213867, 0.013665199279785156 
894, -0.16095012426376343, 0.025918960571289062, 0.009528875350952148, 0.013898611068725586 
895, -0.16054077446460724, 0.024559497833251953, 0.009188652038574219, 0.013343334197998047 
896, -0.16013219952583313, 0.024855852127075195, 0.009389638900756836, 0.01337885856628418 
897, -0.15972456336021423, 0.024451494216918945, 0.009155511856079102, 0.013228178024291992 
898, -0.15931780636310577, 0.024904251098632812, 0.009209156036376953, 0.013623714447021484 
899, -0.15891185402870178, 0.024950504302978516, 0.009358882904052734, 0.013567686080932617 
900, -0.15850679576396942, 0.02502751350402832, 0.009324789047241211, 0.013607978820800781 
901, -0.15810270607471466, 0.02460193634033203, 0.009413719177246094, 0.013200998306274414 
902, -0.15769948065280914, 0.023608684539794922, 0.009024381637573242, 0.012724637985229492 
903, -0.15729713439941406, 0.02400660514831543, 0.008804559707641602, 0.01312875747680664 
904, -0.1568957269191742, 0.024756908416748047, 0.009309053421020508, 0.013405323028564453 
905, -0.15649497509002686, 0.024474620819091797, 0.009118318557739258, 0.013289451599121094 
906, -0.1560954451560974, 0.0250701904296875, 0.0093536376953125, 0.013684749603271484 
907, -0.15569666028022766, 0.024951934814453125, 0.009343385696411133, 0.013582468032836914 
908, -0.15529873967170715, 0.02408313751220703, 0.00929403305053711, 0.01283884048461914 
909, -0.15490169823169708, 0.02321457862854004, 0.008754968643188477, 0.012526988983154297 
910, -0.1545054316520691, 0.023392677307128906, 0.008669614791870117, 0.01284027099609375 
911, -0.15411019325256348, 0.02357196807861328, 0.008901834487915039, 0.012820720672607422 
912, -0.1537158489227295, 0.022646665573120117, 0.008403301239013672, 0.01232600212097168 
913, -0.1533222645521164, 0.022606611251831055, 0.008507013320922852, 0.012250900268554688 
914, -0.1529296338558197, 0.02306509017944336, 0.00852513313293457, 0.012628793716430664 
915, -0.15253764390945435, 0.023162364959716797, 0.008757352828979492, 0.012528181076049805 
916, -0.15214678645133972, 0.023154497146606445, 0.008588552474975586, 0.012614965438842773 
917, -0.15175679326057434, 0.02344489097595215, 0.008957862854003906, 0.012545585632324219 
918, -0.1513674557209015, 0.023432254791259766, 0.008541584014892578, 0.012873649597167969 
919, -0.1509791761636734, 0.023671627044677734, 0.008794784545898438, 0.012846708297729492 
920, -0.15059176087379456, 0.024922609329223633, 0.009261131286621094, 0.013691186904907227 
921, -0.1502053141593933, 0.025017499923706055, 0.009491205215454102, 0.013532876968383789 
922, -0.1498194932937622, 0.024118900299072266, 0.009238958358764648, 0.012941837310791016 
923, -0.14943461120128632, 0.023539304733276367, 0.008748292922973633, 0.012816190719604492 
924, -0.1490507870912552, 0.02423381805419922, 0.009059667587280273, 0.013130903244018555 
925, -0.14866767823696136, 0.024677038192749023, 0.00928354263305664, 0.013365745544433594 
926, -0.1482854038476944, 0.0252988338470459, 0.009243488311767578, 0.013992786407470703 
927, -0.1479039490222931, 0.025439977645874023, 0.009427309036254883, 0.01396489143371582 
928, -0.14752337336540222, 0.025111675262451172, 0.009443521499633789, 0.013707637786865234 
929, -0.14714393019676208, 0.023336172103881836, 0.008807182312011719, 0.012571573257446289 
930, -0.14676505327224731, 0.024257421493530273, 0.008742094039916992, 0.013537406921386719 
931, -0.1463870406150818, 0.025133609771728516, 0.009543657302856445, 0.013545036315917969 
932, -0.14600998163223267, 0.02579188346862793, 0.009918689727783203, 0.013820171356201172 
933, -0.14563384652137756, 0.025551319122314453, 0.009676694869995117, 0.013744831085205078 
934, -0.14525845646858215, 0.025475502014160156, 0.009502172470092773, 0.01390385627746582 
935, -0.144883930683136, 0.02560734748840332, 0.00959634780883789, 0.013914346694946289 
936, -0.14451034367084503, 0.0260467529296875, 0.009584665298461914, 0.013911962509155273 
937, -0.14413748681545258, 0.02582097053527832, 0.009599685668945312, 0.01410222053527832 
938, -0.14376556873321533, 0.0252685546875, 0.009511947631835938, 0.013703584671020508 
939, -0.1433943659067154, 0.025734663009643555, 0.009486198425292969, 0.014157295227050781 
940, -0.14302414655685425, 0.02484726905822754, 0.009358406066894531, 0.013454675674438477 
941, -0.14265459775924683, 0.025183677673339844, 0.009563684463500977, 0.013531923294067383 
942, -0.14228609204292297, 0.026270627975463867, 0.009607553482055664, 0.014607906341552734 
943, -0.14191830158233643, 0.027052640914916992, 0.010031461715698242, 0.014889717102050781 
944, -0.14155155420303345, 0.026435136795043945, 0.010439634323120117, 0.013991117477416992 
945, -0.14118552207946777, 0.024428606033325195, 0.009247064590454102, 0.01316380500793457 
946, -0.1408204287290573, 0.024266958236694336, 0.00909280776977539, 0.013185977935791016 
947, -0.14045603573322296, 0.02381753921508789, 0.00896596908569336, 0.012878179550170898 
948, -0.14009255170822144, 0.02341461181640625, 0.008791446685791016, 0.012623786926269531 
949, -0.13972990214824677, 0.02342987060546875, 0.008914709091186523, 0.012528181076049805 
950, -0.13936808705329895, 0.023979902267456055, 0.008716583251953125, 0.013347148895263672 
951, -0.13900704681873322, 0.024353981018066406, 0.008984804153442383, 0.013283014297485352 
952, -0.13864697515964508, 0.024319171905517578, 0.008966684341430664, 0.013365507125854492 
953, -0.13828757405281067, 0.024875879287719727, 0.009325504302978516, 0.013521194458007812 
954, -0.13792917132377625, 0.025069713592529297, 0.009608268737792969, 0.013445854187011719 
955, -0.13757140934467316, 0.024863243103027344, 0.009464263916015625, 0.013430356979370117 
956, -0.13721472024917603, 0.024916410446166992, 0.009368896484375, 0.013430356979370117 
957, -0.13685859739780426, 0.024956941604614258, 0.009272575378417969, 0.013581514358520508 
958, -0.13650347292423248, 0.02490711212158203, 0.009439706802368164, 0.013389110565185547 
959, -0.136149063706398, 0.024724483489990234, 0.009269952774047852, 0.013396024703979492 
960, -0.1357956975698471, 0.02488398551940918, 0.009271383285522461, 0.013557910919189453 
961, -0.1354430466890335, 0.024974346160888672, 0.009285449981689453, 0.013607263565063477 
962, -0.13509105145931244, 0.02492213249206543, 0.00950169563293457, 0.013355016708374023 
963, -0.13474011421203613, 0.024753808975219727, 0.00930643081665039, 0.013438224792480469 
964, -0.13438983261585236, 0.024161815643310547, 0.009167671203613281, 0.013015508651733398 
965, -0.1340404748916626, 0.024567604064941406, 0.00912618637084961, 0.013390779495239258 
966, -0.1336919516324997, 0.02398395538330078, 0.009028196334838867, 0.012956619262695312 
967, -0.13334409892559052, 0.023830175399780273, 0.008954763412475586, 0.012885093688964844 
968, -0.13299724459648132, 0.024068593978881836, 0.009007453918457031, 0.013054609298706055 
969, -0.13265101611614227, 0.02457594871520996, 0.00908207893371582, 0.013484477996826172 
970, -0.13230590522289276, 0.02415943145751953, 0.00911855697631836, 0.01312255859375 
971, -0.13196127116680145, 0.02315998077392578, 0.008642435073852539, 0.012588739395141602 
972, -0.13161762058734894, 0.023437023162841797, 0.008674144744873047, 0.012760639190673828 
973, -0.1312747448682785, 0.023504972457885742, 0.008789777755737305, 0.012710094451904297 
974, -0.13093264400959015, 0.02402520179748535, 0.008929967880249023, 0.013110876083374023 
975, -0.13059142231941223, 0.023617982864379883, 0.008903741836547852, 0.012786149978637695 
976, -0.13025100529193878, 0.02294635772705078, 0.00864553451538086, 0.012315511703491211 
977, -0.12991131842136383, 0.023070573806762695, 0.008648157119750977, 0.012458086013793945 
978, -0.12957251071929932, 0.02384042739868164, 0.00883340835571289, 0.012616157531738281 
979, -0.12923452258110046, 0.023587942123413086, 0.008704423904418945, 0.012918949127197266 
980, -0.1288972645998001, 0.0232086181640625, 0.008686065673828125, 0.012486457824707031 
981, -0.12856093049049377, 0.023465633392333984, 0.008829116821289062, 0.012735605239868164 
982, -0.12822526693344116, 0.023161649703979492, 0.008749961853027344, 0.01253199577331543 
983, -0.12789028882980347, 0.023048877716064453, 0.008473396301269531, 0.01265859603881836 
984, -0.12755641341209412, 0.02237391471862793, 0.008328914642333984, 0.012138843536376953 
985, -0.12722322344779968, 0.022768735885620117, 0.008273601531982422, 0.012512683868408203 
986, -0.12689073383808136, 0.023751497268676758, 0.008826017379760742, 0.012903928756713867 
987, -0.12655919790267944, 0.023554563522338867, 0.008691787719726562, 0.012823820114135742 
988, -0.12622825801372528, 0.023702383041381836, 0.008868932723999023, 0.012865304946899414 
989, -0.12589813768863678, 0.024155616760253906, 0.008983612060546875, 0.013152837753295898 
990, -0.12556898593902588, 0.02408003807067871, 0.009037256240844727, 0.013042688369750977 
991, -0.12524043023586273, 0.02376413345336914, 0.008968353271484375, 0.012865781784057617 
992, -0.124912790954113, 0.02337479591369629, 0.00873112678527832, 0.012700080871582031 
993, -0.1245858371257782, 0.023412227630615234, 0.008783817291259766, 0.01270437240600586 
994, -0.12425972521305084, 0.022495031356811523, 0.008458852767944336, 0.012146234512329102 
995, -0.12393428385257721, 0.023005962371826172, 0.008533477783203125, 0.012537479400634766 
996, -0.12360984086990356, 0.023630857467651367, 0.008545398712158203, 0.013102293014526367 
997, -0.12328609079122543, 0.023766279220581055, 0.008892536163330078, 0.012849092483520508 
998, -0.122963085770607, 0.024360179901123047, 0.009007453918457031, 0.013268709182739258 
999, -0.12264084815979004, 0.024057388305664062, 0.009287834167480469, 0.012779712677001953 
