Iteration, loss, time 
0, 0.8271165490150452, 2.4836812019348145 
1, 0.7877208590507507, 2.285521984100342 
2, 0.7715096473693848, 2.1135482788085938 
3, 0.7597460746765137, 2.0825541019439697 
4, 0.722519040107727, 2.188810348510742 
5, 0.7037105560302734, 2.156291961669922 
6, 0.6802673935890198, 2.1967127323150635 
7, 0.6614686250686646, 2.061434507369995 
8, 0.6373259425163269, 2.0838587284088135 
9, 0.6180443167686462, 2.1648244857788086 
10, 0.5922343730926514, 2.1539864540100098 
11, 0.5737953186035156, 2.1541919708251953 
12, 0.5606645941734314, 2.1791205406188965 
13, 0.5377297401428223, 2.1642982959747314 
14, 0.5172296166419983, 2.205749034881592 
15, 0.5060259103775024, 2.1538050174713135 
16, 0.49424684047698975, 2.2110044956207275 
17, 0.4740810990333557, 2.2941787242889404 
18, 0.4615451991558075, 2.1693942546844482 
19, 0.44930216670036316, 2.156643867492676 
20, 0.4284619688987732, 2.097918748855591 
21, 0.42593368887901306, 2.2548840045928955 
22, 0.3990446925163269, 2.3611209392547607 
23, 0.39361220598220825, 2.231671094894409 
24, 0.37761497497558594, 2.100353479385376 
25, 0.37138232588768005, 2.1423697471618652 
26, 0.3586314022541046, 2.077885150909424 
27, 0.34324485063552856, 2.2501413822174072 
28, 0.3274068832397461, 2.081005096435547 
29, 0.3220265507698059, 2.085486888885498 
30, 0.3050944209098816, 2.122497081756592 
31, 0.29043182730674744, 2.2467150688171387 
32, 0.2826632857322693, 2.0722837448120117 
33, 0.2681044936180115, 2.1294925212860107 
34, 0.26269400119781494, 2.117938756942749 
35, 0.24909979104995728, 2.057009220123291 
36, 0.2311282455921173, 2.5445268154144287 
37, 0.2188834846019745, 2.1798646450042725 
38, 0.21986357867717743, 2.1600282192230225 
39, 0.19467483460903168, 2.186037540435791 
40, 0.19268175959587097, 2.0809779167175293 
41, 0.18392591178417206, 2.3643763065338135 
42, 0.16896414756774902, 2.131273031234741 
43, 0.1690036505460739, 2.123832941055298 
44, 0.15731678903102875, 2.1185896396636963 
45, 0.14924436807632446, 2.3711166381835938 
46, 0.13454414904117584, 2.11033034324646 
47, 0.13506168127059937, 2.5261425971984863 
48, 0.12538276612758636, 2.0914862155914307 
49, 0.12222689390182495, 2.162931203842163 
50, 0.11344842612743378, 2.1784682273864746 
51, 0.10526566207408905, 2.335090160369873 
52, 0.0948011726140976, 2.330022096633911 
53, 0.08518068492412567, 2.165351152420044 
54, 0.08858124911785126, 2.228452444076538 
55, 0.07538144290447235, 2.1886932849884033 
56, 0.0762319266796112, 2.166440725326538 
57, 0.06521594524383545, 2.153390884399414 
58, 0.058780208230018616, 2.1884374618530273 
59, 0.05210530757904053, 2.3985278606414795 
60, 0.04526369273662567, 2.122593879699707 
61, 0.04492625594139099, 2.1844046115875244 
62, 0.03454408049583435, 2.3611114025115967 
63, 0.028804928064346313, 2.2155368328094482 
64, 0.028891578316688538, 2.3878321647644043 
65, 0.02545866370201111, 2.2835843563079834 
66, 0.02315644919872284, 2.228320837020874 
67, 0.023836374282836914, 2.2502071857452393 
68, 0.02398255467414856, 2.2649903297424316 
69, 0.01429036259651184, 2.0892550945281982 
70, 0.019102945923805237, 2.082462787628174 
71, 0.012637883424758911, 2.00722336769104 
72, 0.014180704951286316, 2.1198883056640625 
73, 0.009585708379745483, 2.0363664627075195 
74, 0.0069632381200790405, 2.1450140476226807 
75, 0.003923729062080383, 2.1371712684631348 
76, 0.00031372904777526855, 2.0697195529937744 
77, -0.003044620156288147, 1.9570865631103516 
78, 0.0030434131622314453, 2.337202787399292 
79, -0.0025075674057006836, 2.276984214782715 
80, -0.006139501929283142, 2.3675570487976074 
81, -0.005181029438972473, 2.1409523487091064 
82, -0.00587230920791626, 2.2316548824310303 
83, -0.0065773725509643555, 2.139190912246704 
84, -0.0064595043659210205, 2.0893638134002686 
85, -0.007337599992752075, 2.1105568408966064 
86, -0.01312178373336792, 2.114140033721924 
87, -0.01462729275226593, 2.144737958908081 
88, -0.014660686254501343, 2.251580238342285 
89, -0.015343382954597473, 2.244114398956299 
90, -0.01223096251487732, 2.167628288269043 
91, -0.016373321413993835, 2.280836582183838 
92, -0.01545986533164978, 2.137481212615967 
93, -0.016258209943771362, 2.1417722702026367 
94, -0.014868631958961487, 2.1169698238372803 
95, -0.011151865124702454, 2.0510849952697754 
96, -0.014743536710739136, 2.0144407749176025 
97, -0.013811588287353516, 2.1040663719177246 
98, -0.01715761423110962, 2.2709786891937256 
99, -0.002353578805923462, 1.9002583026885986 
100, -0.01862974464893341, 2.2044851779937744 
101, -0.0183047354221344, 2.183790445327759 
102, -0.02384856343269348, 2.0976054668426514 
103, -0.01783086359500885, 1.90134596824646 
104, -0.02304363250732422, 2.2063686847686768 
105, -0.022312819957733154, 2.083176374435425 
106, -0.019063547253608704, 2.227658748626709 
107, -0.01532447338104248, 2.0752336978912354 
108, -0.02593293786048889, 2.109677314758301 
109, -0.02558515965938568, 2.0756239891052246 
110, -0.02538132667541504, 2.5778937339782715 
111, -0.025368303060531616, 2.216284990310669 
112, -0.03352615237236023, 2.326345443725586 
113, -0.035718321800231934, 2.2772295475006104 
114, -0.034580081701278687, 2.284184455871582 
115, -0.034541696310043335, 2.528933525085449 
116, -0.03703394532203674, 2.228721857070923 
117, -0.033308252692222595, 2.2460522651672363 
118, -0.03672260046005249, 2.2099692821502686 
119, -0.03342227637767792, 2.110901117324829 
120, -0.03766247630119324, 2.4260947704315186 
121, -0.040319398045539856, 2.210503578186035 
122, -0.03469003736972809, 2.2093899250030518 
123, -0.03432106971740723, 2.2187037467956543 
124, -0.03414273262023926, 2.0721912384033203 
125, -0.037774696946144104, 2.0711276531219482 
126, -0.038720011711120605, 2.206312417984009 
127, -0.03408403694629669, 2.2268643379211426 
128, -0.03516127169132233, 2.199672222137451 
129, -0.03964532911777496, 2.172574281692505 
130, -0.0382799357175827, 2.1352040767669678 
131, -0.04100480675697327, 2.1539578437805176 
132, -0.04119369387626648, 2.334592819213867 
133, -0.039965301752090454, 2.2857015132904053 
134, -0.043513745069503784, 2.196730852127075 
135, -0.04025726020336151, 2.0763607025146484 
136, -0.038654521107673645, 2.254422903060913 
137, -0.044036075472831726, 2.571894884109497 
138, -0.04229553043842316, 2.213324546813965 
139, -0.04307739436626434, 2.4946229457855225 
140, -0.04546011984348297, 2.296947956085205 
141, -0.043220147490501404, 2.332134962081909 
142, -0.04580909013748169, 2.457026481628418 
143, -0.04804442822933197, 2.242899179458618 
144, -0.05194826424121857, 2.170896053314209 
145, -0.054194480180740356, 2.0129446983337402 
146, -0.05349469184875488, 2.048814058303833 
147, -0.058981746435165405, 2.121901035308838 
148, -0.05705343186855316, 2.075563430786133 
149, -0.06726609170436859, 2.2186732292175293 
150, -0.06989981234073639, 2.241126775741577 
151, -0.07447095215320587, 2.468541383743286 
152, -0.07382059097290039, 2.117520809173584 
153, -0.07927392423152924, 2.2372429370880127 
154, -0.07481704652309418, 2.226116418838501 
155, -0.08302074670791626, 2.8749029636383057 
156, -0.08614671230316162, 2.4075450897216797 
157, -0.0890766978263855, 2.2486038208007812 
158, -0.0971771627664566, 2.12473201751709 
159, -0.10087929666042328, 2.1890525817871094 
160, -0.1044396460056305, 2.4048094749450684 
161, -0.10366083681583405, 2.213104724884033 
162, -0.10887245833873749, 2.1113758087158203 
163, -0.10595439374446869, 2.45231032371521 
164, -0.11306643486022949, 2.116229772567749 
165, -0.1110561341047287, 1.9724504947662354 
166, -0.11273334920406342, 2.2720718383789062 
167, -0.111634761095047, 2.230534553527832 
168, -0.1092895120382309, 2.521958589553833 
169, -0.11224919557571411, 2.3842878341674805 
170, -0.11311344802379608, 2.411515712738037 
171, -0.11971938610076904, 2.1929783821105957 
172, -0.11283029615879059, 2.157308340072632 
173, -0.1154550313949585, 2.3403522968292236 
174, -0.11182554066181183, 2.383216619491577 
175, -0.1108250766992569, 2.3210699558258057 
176, -0.11093223094940186, 2.1032462120056152 
177, -0.10722553730010986, 2.2782351970672607 
178, -0.10742127895355225, 2.3356399536132812 
179, -0.10808555781841278, 2.1575608253479004 
180, -0.10916617512702942, 2.8499667644500732 
181, -0.11307018995285034, 2.25394868850708 
182, -0.11316858232021332, 2.1616554260253906 
183, -0.11141708493232727, 2.359524726867676 
184, -0.1102018654346466, 2.192997455596924 
185, -0.11326462030410767, 2.1337215900421143 
186, -0.11410965025424957, 2.0896658897399902 
187, -0.11204475164413452, 2.2960431575775146 
188, -0.11729878187179565, 2.197927236557007 
189, -0.11327631771564484, 2.486290693283081 
190, -0.11275114119052887, 2.7193496227264404 
191, -0.11025089025497437, 2.3605289459228516 
192, -0.11228220164775848, 2.1843953132629395 
193, -0.11569854617118835, 2.3828556537628174 
194, -0.11427387595176697, 2.142838478088379 
195, -0.11533394455909729, 2.4075124263763428 
196, -0.11574828624725342, 2.1711528301239014 
197, -0.11227394640445709, 2.071376085281372 
198, -0.11879412829875946, 2.262585401535034 
199, -0.1163453608751297, 2.33652925491333 
200, -0.11238490045070648, 2.205683946609497 
201, -0.1099463701248169, 2.178264856338501 
202, -0.11247821152210236, 2.1894781589508057 
203, -0.10609976947307587, 2.3530590534210205 
204, -0.11112798750400543, 2.3294365406036377 
205, -0.10911153256893158, 2.3237080574035645 
206, -0.1071876585483551, 2.1509320735931396 
207, -0.11005498468875885, 2.0940186977386475 
208, -0.10683222115039825, 2.311253070831299 
209, -0.10477626323699951, 2.128725528717041 
210, -0.10716632008552551, 2.524444580078125 
211, -0.10553649067878723, 2.2564496994018555 
212, -0.1063787043094635, 2.0961363315582275 
213, -0.10829760134220123, 1.9987554550170898 
214, -0.1038542091846466, 2.256777048110962 
215, -0.1054287850856781, 2.126777410507202 
216, -0.10462711751461029, 2.2959234714508057 
217, -0.10434767603874207, 2.104919672012329 
218, -0.10553018748760223, 1.9584848880767822 
219, -0.10146172344684601, 1.928633451461792 
220, -0.10108344256877899, 2.3266944885253906 
221, -0.09845630824565887, 1.9652206897735596 
222, -0.10033351182937622, 2.2661616802215576 
223, -0.09861710667610168, 2.0758113861083984 
224, -0.09947830438613892, 2.2744009494781494 
225, -0.09076210856437683, 2.0664827823638916 
226, -0.09109923243522644, 2.1078124046325684 
227, -0.09407073259353638, 2.154813289642334 
228, -0.09301550686359406, 2.9534242153167725 
229, -0.08975426852703094, 2.1943020820617676 
230, -0.08887520432472229, 2.074633836746216 
231, -0.09165236353874207, 2.173867702484131 
232, -0.0860108882188797, 1.9829695224761963 
233, -0.08400921523571014, 2.148489236831665 
234, -0.08536417782306671, 2.1095752716064453 
235, -0.08536429703235626, 2.1913201808929443 
236, -0.083855539560318, 2.085042715072632 
237, -0.08610035479068756, 2.113729476928711 
238, -0.07761317491531372, 2.1100218296051025 
239, -0.08035431802272797, 2.096236228942871 
240, -0.0797397643327713, 2.4474940299987793 
241, -0.07792510092258453, 2.2670159339904785 
242, -0.07671952247619629, 2.051182746887207 
243, -0.07806967198848724, 1.9579787254333496 
244, -0.07658915221691132, 2.1723809242248535 
245, -0.07770209014415741, 2.3281049728393555 
246, -0.07710762321949005, 2.3100900650024414 
247, -0.07205471396446228, 2.1647746562957764 
248, -0.07409752905368805, 2.0433688163757324 
249, -0.06755754351615906, 1.973226547241211 
250, -0.07432393729686737, 2.1580915451049805 
251, -0.0687151849269867, 2.056640625 
252, -0.07189932465553284, 2.2280490398406982 
253, -0.06784307956695557, 2.057666778564453 
254, -0.07532559335231781, 2.273494243621826 
255, -0.07287435233592987, 2.065838098526001 
256, -0.07338625192642212, 2.038780927658081 
257, -0.0699421763420105, 2.261129379272461 
258, -0.07201112806797028, 2.174412727355957 
259, -0.07020154595375061, 2.083852529525757 
260, -0.0685778558254242, 2.081908702850342 
261, -0.07031062245368958, 2.1152584552764893 
262, -0.07157617807388306, 2.2534115314483643 
263, -0.0735105574131012, 2.151681900024414 
264, -0.07031741738319397, 2.128965139389038 
265, -0.07355108857154846, 2.226595163345337 
266, -0.07292184233665466, 2.1714260578155518 
267, -0.07426472008228302, 2.245147705078125 
268, -0.07701438665390015, 1.997337818145752 
269, -0.07186907529830933, 2.1410486698150635 
270, -0.07049019634723663, 2.229505777359009 
271, -0.07198801636695862, 2.0841925144195557 
272, -0.07032100856304169, 1.9127042293548584 
273, -0.06970274448394775, 2.0603702068328857 
274, -0.0708291083574295, 1.9656658172607422 
275, -0.06894005835056305, 1.9806256294250488 
276, -0.06667667627334595, 2.193944215774536 
277, -0.06934192776679993, 1.9775071144104004 
278, -0.07489702105522156, 2.1269917488098145 
279, -0.07480525970458984, 2.1164355278015137 
280, -0.07208769023418427, 2.1562907695770264 
281, -0.07322953641414642, 2.211831569671631 
282, -0.07381415367126465, 2.0961596965789795 
283, -0.07312946021556854, 2.078640937805176 
284, -0.07504691183567047, 2.0235867500305176 
285, -0.07658116519451141, 2.104344606399536 
286, -0.07519519329071045, 2.1175405979156494 
287, -0.07937760651111603, 2.2347424030303955 
288, -0.07691937685012817, 2.139824151992798 
289, -0.07665508985519409, 2.2462146282196045 
290, -0.07729215919971466, 2.260305643081665 
291, -0.07479368150234222, 2.174635171890259 
292, -0.08216030895709991, 1.985128402709961 
293, -0.07547016441822052, 2.1685657501220703 
294, -0.07990537583827972, 2.169877529144287 
295, -0.07944189012050629, 1.9945743083953857 
296, -0.08285264670848846, 2.3143856525421143 
297, -0.07690988481044769, 2.1592109203338623 
298, -0.081727534532547, 2.0086519718170166 
299, -0.08463782072067261, 2.2625491619110107 
300, -0.077847421169281, 2.3755571842193604 
301, -0.08102375268936157, 2.2567269802093506 
302, -0.07693880796432495, 2.2085721492767334 
303, -0.08417104184627533, 2.3398728370666504 
304, -0.08334296941757202, 2.3795604705810547 
305, -0.08249415457248688, 2.341387987136841 
306, -0.08703035116195679, 2.1385557651519775 
307, -0.09049597382545471, 2.227825880050659 
308, -0.08171950280666351, 2.340893030166626 
309, -0.08586841821670532, 2.2206645011901855 
310, -0.08369335532188416, 2.283787965774536 
311, -0.08190912008285522, 2.2211194038391113 
312, -0.08877189457416534, 2.085819721221924 
313, -0.08093620836734772, 2.0283095836639404 
314, -0.08554629981517792, 2.1442618370056152 
315, -0.08033981919288635, 2.344759941101074 
316, -0.08197021484375, 2.2915191650390625 
317, -0.08078344166278839, 2.374577760696411 
318, -0.08361563086509705, 2.3075108528137207 
319, -0.07880091667175293, 2.454869508743286 
320, -0.07982930541038513, 2.382694721221924 
321, -0.07914157211780548, 2.2198543548583984 
322, -0.07659612596035004, 2.560789108276367 
323, -0.07866953313350677, 2.3056676387786865 
324, -0.07948373258113861, 2.056194305419922 
325, -0.07989884912967682, 2.210604190826416 
326, -0.07573720812797546, 2.429918050765991 
327, -0.08039449155330658, 2.297879219055176 
328, -0.08068615198135376, 2.354583501815796 
329, -0.07677482068538666, 2.43599009513855 
330, -0.0829538106918335, 2.1518454551696777 
331, -0.08325015008449554, 2.185063362121582 
332, -0.08459001779556274, 1.9785878658294678 
333, -0.07909338176250458, 2.009587526321411 
334, -0.08809542655944824, 2.25662899017334 
335, -0.08361726999282837, 2.369659900665283 
336, -0.07794409990310669, 2.369905710220337 
337, -0.08404655754566193, 2.132929563522339 
338, -0.08534999191761017, 2.072920322418213 
339, -0.08679939806461334, 2.2082877159118652 
340, -0.07935214042663574, 2.0768609046936035 
341, -0.080142542719841, 1.9703600406646729 
342, -0.08396387100219727, 1.9986586570739746 
343, -0.08309802412986755, 2.0516414642333984 
344, -0.07968437671661377, 2.796238422393799 
345, -0.07852765917778015, 2.0494000911712646 
346, -0.07941478490829468, 2.2085235118865967 
347, -0.08057524263858795, 2.3265910148620605 
348, -0.08136539161205292, 2.115684747695923 
349, -0.0797499567270279, 2.1916561126708984 
350, -0.08121857047080994, 2.092104434967041 
351, -0.07694853842258453, 2.094207286834717 
352, -0.08124074339866638, 2.2117676734924316 
353, -0.08046209812164307, 3.052238702774048 
354, -0.08447888493537903, 2.364898920059204 
355, -0.0821102112531662, 2.311676502227783 
356, -0.08501528203487396, 2.173473596572876 
357, -0.08345827460289001, 2.0397958755493164 
358, -0.08462360501289368, 2.347160577774048 
359, -0.07849706709384918, 2.282244920730591 
360, -0.08363932371139526, 2.3573086261749268 
361, -0.08188755810260773, 2.109745979309082 
362, -0.07995493710041046, 2.2973949909210205 
363, -0.08260275423526764, 2.3492181301116943 
364, -0.09258376061916351, 2.3282132148742676 
365, -0.08849100768566132, 1.9838659763336182 
366, -0.08130709826946259, 2.2447972297668457 
367, -0.08508829772472382, 2.1894707679748535 
368, -0.08649353682994843, 2.009556770324707 
369, -0.08947049081325531, 2.352731943130493 
370, -0.084317147731781, 2.218417167663574 
371, -0.08505918085575104, 2.1169509887695312 
372, -0.08477778732776642, 2.0730223655700684 
373, -0.08753864467144012, 2.1688876152038574 
374, -0.08714950084686279, 2.1517701148986816 
375, -0.08697144687175751, 2.2230565547943115 
376, -0.08195272088050842, 2.5755276679992676 
377, -0.08793327212333679, 2.130324363708496 
378, -0.08593514561653137, 2.2205753326416016 
379, -0.0838250070810318, 2.050440788269043 
380, -0.08377967774868011, 2.2337563037872314 
381, -0.08375567197799683, 2.364755630493164 
382, -0.08413845300674438, 2.0019190311431885 
383, -0.08077460527420044, 1.9381589889526367 
384, -0.07915720343589783, 2.400853157043457 
385, -0.07959194481372833, 2.3715643882751465 
386, -0.08523616194725037, 2.178008794784546 
387, -0.07876831293106079, 2.1216330528259277 
388, -0.07481126487255096, 2.177874803543091 
389, -0.07908542454242706, 2.0415775775909424 
390, -0.08132605254650116, 2.2022109031677246 
391, -0.08021901547908783, 2.1822280883789062 
392, -0.07885213196277618, 2.2418973445892334 
393, -0.07968953251838684, 2.1557204723358154 
394, -0.08024565875530243, 2.135485887527466 
395, -0.08478228747844696, 2.1355841159820557 
396, -0.08065436780452728, 2.0934712886810303 
397, -0.08638222515583038, 2.2288875579833984 
398, -0.08427436649799347, 2.090350389480591 
399, -0.08162042498588562, 2.505064010620117 
400, -0.08350765705108643, 2.2400715351104736 
401, -0.08659715950489044, 2.248666524887085 
402, -0.08521941304206848, 2.112553119659424 
403, -0.08872084319591522, 2.49987530708313 
404, -0.08900725841522217, 2.0876851081848145 
405, -0.08787702023983002, 2.4589684009552 
406, -0.09001481533050537, 2.415846586227417 
407, -0.09011813998222351, 2.2938411235809326 
408, -0.08539749681949615, 2.2448065280914307 
409, -0.08669231832027435, 2.1949031352996826 
410, -0.08546485006809235, 2.1949775218963623 
411, -0.08491039276123047, 2.074852466583252 
412, -0.08407829701900482, 2.0887115001678467 
413, -0.08895003795623779, 2.299973964691162 
414, -0.08627015352249146, 2.2210328578948975 
415, -0.08636124432086945, 2.368263006210327 
416, -0.08593297004699707, 2.081702470779419 
417, -0.08826130628585815, 2.184901714324951 
418, -0.0897841602563858, 2.082977771759033 
419, -0.09242835640907288, 2.3144519329071045 
420, -0.08670355379581451, 2.125720262527466 
421, -0.09329614043235779, 2.401296615600586 
422, -0.09377266466617584, 2.215749740600586 
423, -0.08874700963497162, 2.2206568717956543 
424, -0.09157463908195496, 2.3907253742218018 
425, -0.09443244338035583, 2.1741139888763428 
426, -0.09496712684631348, 2.1262402534484863 
427, -0.09223181009292603, 2.214730978012085 
428, -0.0954916924238205, 2.2720885276794434 
429, -0.09466131031513214, 2.209667205810547 
430, -0.09306357800960541, 2.196187973022461 
431, -0.09398072957992554, 2.363877773284912 
432, -0.09203818440437317, 2.178816318511963 
433, -0.09443947672843933, 2.353145122528076 
434, -0.09733569622039795, 2.134450912475586 
435, -0.09974288940429688, 2.1768009662628174 
436, -0.10055769979953766, 2.2148876190185547 
437, -0.10052376985549927, 2.366577386856079 
438, -0.10000483691692352, 2.6764042377471924 
439, -0.10113351047039032, 2.326739549636841 
440, -0.09525972604751587, 2.252518653869629 
441, -0.09612919390201569, 2.2484867572784424 
442, -0.09971046447753906, 2.0984385013580322 
443, -0.09821109473705292, 2.191624402999878 
444, -0.0987710952758789, 2.164970874786377 
445, -0.100522980093956, 2.2027792930603027 
446, -0.09663949906826019, 2.363377809524536 
447, -0.09499242901802063, 2.175539016723633 
448, -0.10235300660133362, 2.692586660385132 
449, -0.0971861332654953, 2.344454050064087 
450, -0.10702086985111237, 1.9871084690093994 
451, -0.09393446147441864, 2.186265468597412 
452, -0.10262686014175415, 2.092684030532837 
453, -0.09698978066444397, 2.1965489387512207 
454, -0.09507803618907928, 2.099022388458252 
455, -0.09266605973243713, 2.136688709259033 
456, -0.09437297284603119, 2.2372097969055176 
457, -0.08895713090896606, 2.232171058654785 
458, -0.09058550000190735, 2.100088596343994 
459, -0.08775049448013306, 2.08013653755188 
460, -0.08677396178245544, 2.3568694591522217 
461, -0.08927302062511444, 2.1145992279052734 
462, -0.08969780802726746, 2.2614688873291016 
463, -0.09066006541252136, 2.2359437942504883 
464, -0.09066846966743469, 2.3489205837249756 
465, -0.09160865843296051, 2.39128041267395 
466, -0.09006412327289581, 2.1759390830993652 
467, -0.09316596388816833, 2.3048689365386963 
468, -0.0877266377210617, 2.384685516357422 
469, -0.08915930986404419, 2.1054468154907227 
470, -0.08695182204246521, 2.94269061088562 
471, -0.09176985919475555, 2.194974899291992 
472, -0.08475342392921448, 2.7485544681549072 
473, -0.08464501798152924, 2.2230067253112793 
474, -0.08733008801937103, 2.3471007347106934 
475, -0.08652481436729431, 2.3820836544036865 
476, -0.08228985965251923, 2.150949478149414 
477, -0.08417876064777374, 2.3312103748321533 
478, -0.08437974750995636, 2.3331117630004883 
479, -0.08489207923412323, 2.3493051528930664 
480, -0.08357708156108856, 2.2092106342315674 
481, -0.09097069501876831, 2.119415283203125 
482, -0.08556650578975677, 2.251330614089966 
483, -0.08644765615463257, 2.3232710361480713 
484, -0.07740511000156403, 2.3015317916870117 
485, -0.08241204917430878, 2.3259522914886475 
486, -0.0869845449924469, 2.012396812438965 
487, -0.07925327122211456, 2.0944414138793945 
488, -0.07715433835983276, 2.6553454399108887 
489, -0.083653524518013, 2.0833356380462646 
490, -0.08327633142471313, 2.392159938812256 
491, -0.07974840700626373, 2.1473958492279053 
492, -0.08176042139530182, 2.269969940185547 
493, -0.08516916632652283, 1.987804651260376 
494, -0.08450239896774292, 2.152888298034668 
495, -0.08332750201225281, 2.4872188568115234 
496, -0.08679495751857758, 2.1994881629943848 
497, -0.08972664177417755, 2.1042802333831787 
498, -0.08911839127540588, 2.262484312057495 
499, -0.09187312424182892, 2.1494088172912598 
500, -0.08653147518634796, 2.2667996883392334 
501, -0.08996278047561646, 2.3811357021331787 
502, -0.08249670267105103, 2.157205820083618 
503, -0.08514612913131714, 2.2154412269592285 
504, -0.08136080205440521, 2.322117328643799 
505, -0.08213180303573608, 2.326448678970337 
506, -0.08229781687259674, 3.139976739883423 
507, -0.0810471773147583, 2.231142044067383 
508, -0.08211052417755127, 2.322385549545288 
509, -0.08243606984615326, 2.2537648677825928 
510, -0.08254046738147736, 2.213686466217041 
511, -0.08314807713031769, 2.3828482627868652 
512, -0.09100519120693207, 2.2102560997009277 
513, -0.08769887685775757, 2.119187593460083 
514, -0.08755616843700409, 2.1260793209075928 
515, -0.09340569376945496, 2.2265799045562744 
516, -0.09437958896160126, 2.369776725769043 
517, -0.09213326871395111, 2.292080879211426 
518, -0.09177102148532867, 2.1963438987731934 
519, -0.09615495800971985, 2.1224732398986816 
520, -0.0943664014339447, 2.083798885345459 
521, -0.09643495082855225, 2.254880905151367 
522, -0.09821179509162903, 2.1372992992401123 
523, -0.09680759906768799, 2.2565298080444336 
524, -0.0925513207912445, 2.065143346786499 
525, -0.09579171240329742, 2.2638559341430664 
526, -0.09722244739532471, 2.137866258621216 
527, -0.09669683873653412, 2.2518534660339355 
528, -0.0929710865020752, 2.4543468952178955 
529, -0.09741020202636719, 2.1617045402526855 
530, -0.09963078796863556, 2.289321184158325 
531, -0.09967705607414246, 2.3471293449401855 
532, -0.09990644454956055, 2.1747477054595947 
533, -0.09921993315219879, 2.238302230834961 
534, -0.09690921008586884, 2.2896969318389893 
535, -0.09623140096664429, 2.347111225128174 
536, -0.09802310168743134, 2.140651226043701 
537, -0.09761558473110199, 2.3050081729888916 
538, -0.09357601404190063, 2.2058191299438477 
539, -0.09247879683971405, 2.383635997772217 
540, -0.09333986043930054, 2.3601081371307373 
541, -0.09018519520759583, 2.300967216491699 
542, -0.0900631994009018, 3.216970682144165 
543, -0.08683061599731445, 3.014802932739258 
544, -0.0916934460401535, 2.232290506362915 
545, -0.08853060007095337, 2.3385062217712402 
546, -0.08963887393474579, 2.105905294418335 
547, -0.09302498400211334, 2.1504881381988525 
548, -0.08694906532764435, 2.192068576812744 
549, -0.09518620371818542, 2.6490159034729004 
550, -0.09216365218162537, 2.470050573348999 
551, -0.09614729881286621, 2.299496650695801 
552, -0.09418287873268127, 2.139965057373047 
553, -0.09330852329730988, 2.4260144233703613 
554, -0.0942247062921524, 2.1994755268096924 
555, -0.09637714922428131, 2.16835355758667 
556, -0.09655153751373291, 2.2323524951934814 
557, -0.09230132400989532, 1.931077241897583 
558, -0.09326575696468353, 2.35286021232605 
559, -0.09323281049728394, 2.160482883453369 
560, -0.09307120740413666, 2.2052414417266846 
561, -0.08944526314735413, 2.244260787963867 
562, -0.0880158543586731, 2.1242125034332275 
563, -0.09048129618167877, 2.094402313232422 
564, -0.08935965597629547, 2.08188796043396 
565, -0.08987481892108917, 2.5185112953186035 
566, -0.09172014892101288, 2.0248301029205322 
567, -0.0896168053150177, 2.5271825790405273 
568, -0.09124729037284851, 2.117515802383423 
569, -0.09317329525947571, 2.284106969833374 
570, -0.08791796863079071, 2.63641619682312 
571, -0.08963623642921448, 2.0127828121185303 
572, -0.08758135139942169, 2.4106955528259277 
573, -0.08584271371364594, 2.1532931327819824 
574, -0.0872776210308075, 2.3839988708496094 
575, -0.08878366649150848, 1.9940810203552246 
576, -0.0820617824792862, 2.0733563899993896 
577, -0.080105260014534, 2.1893117427825928 
578, -0.08173921704292297, 2.1056699752807617 
579, -0.08258172869682312, 1.9648427963256836 
580, -0.08627589046955109, 2.0808324813842773 
581, -0.08208584785461426, 2.0822913646698 
582, -0.07918329536914825, 2.1212003231048584 
583, -0.08359220623970032, 2.732085704803467 
584, -0.08364297449588776, 2.1191790103912354 
585, -0.09184949100017548, 2.2611336708068848 
586, -0.08406130969524384, 2.291166067123413 
587, -0.08457446098327637, 2.133286714553833 
588, -0.08995528519153595, 2.59881854057312 
589, -0.08917880058288574, 2.2676095962524414 
590, -0.08750002086162567, 2.101884365081787 
591, -0.09130363166332245, 2.3264241218566895 
592, -0.08796246349811554, 2.2470107078552246 
593, -0.09274357557296753, 2.129556179046631 
594, -0.088749960064888, 2.1991331577301025 
595, -0.0939798355102539, 2.27172589302063 
596, -0.09001438319683075, 2.003852605819702 
597, -0.08959126472473145, 2.372680187225342 
598, -0.08740687370300293, 2.3365561962127686 
599, -0.08832663297653198, 2.2721798419952393 
600, -0.08265836536884308, 2.2797210216522217 
601, -0.08453148603439331, 2.0713768005371094 
602, -0.0832815021276474, 2.3447163105010986 
603, -0.08276304602622986, 2.119405508041382 
604, -0.08443628251552582, 2.1276817321777344 
605, -0.08309337496757507, 2.0600953102111816 
606, -0.07682311534881592, 2.3165547847747803 
607, -0.0785369724035263, 2.2294139862060547 
608, -0.07914651930332184, 2.2568254470825195 
609, -0.08196286857128143, 1.9184646606445312 
610, -0.08544175326824188, 2.39253568649292 
611, -0.08142498135566711, 2.3415212631225586 
612, -0.07848818600177765, 2.7964863777160645 
613, -0.07991237938404083, 2.2452919483184814 
614, -0.08206537365913391, 2.016960382461548 
615, -0.07837474346160889, 2.1443698406219482 
616, -0.07705064117908478, 2.2109858989715576 
617, -0.07658295333385468, 2.1882755756378174 
618, -0.07772882282733917, 2.3498752117156982 
619, -0.07930558919906616, 2.2791213989257812 
620, -0.08078694343566895, 2.1842892169952393 
621, -0.08438979089260101, 2.2280757427215576 
622, -0.08246594667434692, 2.4017412662506104 
623, -0.07920971512794495, 2.0353376865386963 
624, -0.08949887752532959, 2.146036386489868 
625, -0.09010453522205353, 2.0012624263763428 
626, -0.08824668824672699, 2.388895034790039 
627, -0.08393669128417969, 2.298959493637085 
628, -0.08527393639087677, 2.1644692420959473 
629, -0.08559256792068481, 2.3237195014953613 
630, -0.08212810754776001, 2.261013984680176 
631, -0.0855662077665329, 2.2850162982940674 
632, -0.08227017521858215, 2.6366055011749268 
633, -0.08431869745254517, 2.198880434036255 
634, -0.08538205921649933, 2.144500494003296 
635, -0.0904100090265274, 2.1932592391967773 
636, -0.09331834316253662, 2.0122568607330322 
637, -0.08978274464607239, 2.252962112426758 
638, -0.09292961657047272, 2.1269359588623047 
639, -0.08601559698581696, 2.323899745941162 
640, -0.09424042701721191, 2.3979954719543457 
641, -0.09206221997737885, 1.9242303371429443 
642, -0.09047700464725494, 2.072423219680786 
643, -0.09123300015926361, 2.083484411239624 
644, -0.08929650485515594, 2.103461503982544 
645, -0.09097734093666077, 2.250485420227051 
646, -0.08872383832931519, 2.1078336238861084 
647, -0.08929403126239777, 2.28067946434021 
648, -0.0879281759262085, 2.187952995300293 
649, -0.08865299820899963, 2.2391107082366943 
650, -0.08608315885066986, 2.2256946563720703 
651, -0.08846676349639893, 2.1102867126464844 
652, -0.08916984498500824, 2.333949089050293 
653, -0.0887068659067154, 2.1617047786712646 
654, -0.09007623791694641, 2.121197462081909 
655, -0.09270818531513214, 2.3199949264526367 
656, -0.08918696641921997, 2.3335862159729004 
657, -0.08851076662540436, 2.2176733016967773 
658, -0.08914978802204132, 2.2508716583251953 
659, -0.08836524188518524, 2.2393550872802734 
660, -0.08734706044197083, 2.204533100128174 
661, -0.08623665571212769, 2.5253801345825195 
662, -0.08821757137775421, 2.355151414871216 
663, -0.08521801233291626, 2.190006732940674 
664, -0.08934633433818817, 2.123434066772461 
665, -0.08814196288585663, 2.298703908920288 
666, -0.09029300510883331, 2.194084644317627 
667, -0.09008775651454926, 2.274073362350464 
668, -0.08691078424453735, 2.1887259483337402 
669, -0.08939015865325928, 2.2915866374969482 
670, -0.08743216097354889, 2.325191020965576 
671, -0.08974619209766388, 2.0634043216705322 
672, -0.08991357684135437, 2.0853195190429688 
673, -0.08550453186035156, 2.2144815921783447 
674, -0.08769568800926208, 2.271456718444824 
675, -0.08976845443248749, 1.960026502609253 
676, -0.08844004571437836, 2.077739953994751 
677, -0.08613854646682739, 2.393047332763672 
678, -0.08458150923252106, 2.504462480545044 
679, -0.08064788579940796, 2.215179204940796 
680, -0.08501443266868591, 2.651097297668457 
681, -0.08359377086162567, 2.2064547538757324 
682, -0.08906848728656769, 2.210397720336914 
683, -0.08430132269859314, 2.051567792892456 
684, -0.07958424091339111, 2.4592623710632324 
685, -0.07935221493244171, 2.2263729572296143 
686, -0.07838991284370422, 2.3019657135009766 
687, -0.08116713166236877, 2.329500675201416 
688, -0.07810084521770477, 2.1377761363983154 
689, -0.08259250223636627, 2.170423746109009 
690, -0.08234553039073944, 2.1892735958099365 
691, -0.08485963940620422, 2.3476953506469727 
692, -0.080177441239357, 2.7949798107147217 
693, -0.0780264288187027, 2.302827835083008 
694, -0.0807243138551712, 2.180363416671753 
695, -0.08476994931697845, 2.152256727218628 
696, -0.08313272893428802, 2.09367036819458 
697, -0.0774679183959961, 2.2548840045928955 
698, -0.0810835212469101, 2.093909502029419 
699, -0.08122628927230835, 2.9056849479675293 
700, -0.0757351815700531, 2.9035511016845703 
701, -0.08222287893295288, 2.263549327850342 
702, -0.07978959381580353, 2.1685092449188232 
703, -0.07796400785446167, 2.097215175628662 
704, -0.07618477940559387, 1.975172519683838 
705, -0.07265689969062805, 2.3479175567626953 
706, -0.07248534262180328, 2.0469298362731934 
707, -0.0682162195444107, 2.337951421737671 
708, -0.07397693395614624, 2.087017774581909 
709, -0.07698915898799896, 2.233367681503296 
710, -0.07392570376396179, 2.106321334838867 
711, -0.07210053503513336, 2.013503074645996 
712, -0.06974422931671143, 2.1397457122802734 
713, -0.07047699391841888, 2.1220128536224365 
714, -0.07735460996627808, 2.243342876434326 
715, -0.07596859335899353, 2.3161048889160156 
716, -0.07621236145496368, 2.660613775253296 
717, -0.0769047886133194, 2.3854920864105225 
718, -0.07406048476696014, 2.4123620986938477 
719, -0.07632295787334442, 1.9587602615356445 
720, -0.07244691252708435, 2.355768918991089 
721, -0.07398466765880585, 2.242537021636963 
722, -0.07370364665985107, 2.3418631553649902 
723, -0.07345324754714966, 2.2414066791534424 
724, -0.07292845845222473, 2.2464747428894043 
725, -0.07298201322555542, 2.144035816192627 
726, -0.07514429092407227, 2.20032000541687 
727, -0.06959626078605652, 2.201186418533325 
728, -0.07396805286407471, 2.140658378601074 
729, -0.07377329468727112, 2.353922128677368 
730, -0.06960590183734894, 2.285759687423706 
731, -0.06977877020835876, 2.1692028045654297 
732, -0.06620913743972778, 2.1069271564483643 
733, -0.07340945303440094, 2.188371419906616 
734, -0.06841292977333069, 2.1916348934173584 
735, -0.06988716125488281, 1.993605136871338 
736, -0.06709602475166321, 2.1065804958343506 
737, -0.07314412295818329, 2.2388105392456055 
738, -0.0740378201007843, 2.3321523666381836 
739, -0.07618381083011627, 2.267202138900757 
740, -0.07425867021083832, 2.03261137008667 
741, -0.07845655083656311, 1.9399030208587646 
742, -0.07733578979969025, 2.186974048614502 
743, -0.0796402245759964, 2.513801097869873 
744, -0.08162596821784973, 2.1644859313964844 
745, -0.08043277263641357, 2.224583864212036 
746, -0.0776272714138031, 2.25874400138855 
747, -0.08045852184295654, 2.0952541828155518 
748, -0.08012720942497253, 2.465651035308838 
749, -0.08053174614906311, 2.263585329055786 
750, -0.07886072993278503, 2.1915061473846436 
751, -0.08226990699768066, 2.2778284549713135 
752, -0.07842972874641418, 2.2259891033172607 
753, -0.07818502187728882, 2.097121477127075 
754, -0.07885481417179108, 2.313127040863037 
755, -0.0770820677280426, 2.0904529094696045 
756, -0.07858023047447205, 2.0903773307800293 
757, -0.08217819035053253, 2.2233617305755615 
758, -0.07924266159534454, 2.1589064598083496 
759, -0.0853634625673294, 2.1333701610565186 
760, -0.08177272975444794, 2.145761728286743 
761, -0.08750413358211517, 2.1314399242401123 
762, -0.08904056251049042, 2.213871717453003 
763, -0.08822675049304962, 2.225656270980835 
764, -0.09061166644096375, 2.221858263015747 
765, -0.09453187882900238, 2.3024744987487793 
766, -0.09321682155132294, 2.188516139984131 
767, -0.09255801141262054, 2.291473150253296 
768, -0.09171833097934723, 2.2410194873809814 
769, -0.09559440612792969, 2.088998556137085 
770, -0.0954708456993103, 2.2120766639709473 
771, -0.09849455952644348, 2.10076904296875 
772, -0.09503297507762909, 1.9957940578460693 
773, -0.09617646038532257, 1.9613516330718994 
774, -0.09376586973667145, 2.215216875076294 
775, -0.09645973145961761, 2.2174181938171387 
776, -0.09057585895061493, 2.2428643703460693 
777, -0.09251554310321808, 2.1355814933776855 
778, -0.08630429208278656, 2.2769381999969482 
779, -0.08902393281459808, 2.2967641353607178 
780, -0.08909940719604492, 2.186034679412842 
781, -0.08859208226203918, 2.3584396839141846 
782, -0.08750627934932709, 2.1604363918304443 
783, -0.08795207738876343, 2.2154953479766846 
784, -0.08806519210338593, 2.1659438610076904 
785, -0.08780975639820099, 2.129622459411621 
786, -0.08273573219776154, 2.227649688720703 
787, -0.08707085251808167, 2.307002305984497 
788, -0.09314002096652985, 2.174543857574463 
789, -0.0898042768239975, 2.2512366771698 
790, -0.08817704021930695, 2.3621127605438232 
791, -0.0896168053150177, 2.2078535556793213 
792, -0.0957268476486206, 2.183652877807617 
793, -0.0908527672290802, 2.0054917335510254 
794, -0.09019491076469421, 2.1478371620178223 
795, -0.09233234822750092, 2.307084798812866 
796, -0.09061416983604431, 2.370997428894043 
797, -0.09095627069473267, 2.082754373550415 
798, -0.08479945361614227, 2.1046741008758545 
799, -0.08897757530212402, 2.0130887031555176 
800, -0.09191220998764038, 2.050316333770752 
801, -0.08614063262939453, 2.019022226333618 
802, -0.08645457029342651, 2.080497980117798 
803, -0.09088198840618134, 2.1193010807037354 
804, -0.09113404154777527, 2.0516679286956787 
805, -0.08954182267189026, 2.5696558952331543 
806, -0.08382110297679901, 2.2204322814941406 
807, -0.08970504999160767, 2.362541675567627 
808, -0.08526226878166199, 2.1249983310699463 
809, -0.08552946150302887, 2.060753345489502 
810, -0.086091548204422, 2.1604666709899902 
811, -0.08868852257728577, 2.3617005348205566 
812, -0.08588951826095581, 2.1954152584075928 
813, -0.08834570646286011, 2.105635643005371 
814, -0.09393477439880371, 2.1865947246551514 
815, -0.09246721863746643, 2.1929798126220703 
816, -0.09231685101985931, 2.2223544120788574 
817, -0.09263597428798676, 2.3837411403656006 
818, -0.08965595066547394, 2.250028133392334 
819, -0.09495371580123901, 2.0971851348876953 
820, -0.0913010835647583, 2.2580466270446777 
821, -0.0941852480173111, 2.1442453861236572 
822, -0.09142014384269714, 1.971951961517334 
823, -0.09349685907363892, 2.454660654067993 
824, -0.09484408795833588, 2.111957311630249 
825, -0.0889613926410675, 2.1067256927490234 
826, -0.08920326828956604, 2.3036587238311768 
827, -0.08646208047866821, 2.155909299850464 
828, -0.08665752410888672, 2.2799735069274902 
829, -0.08575715124607086, 2.1793384552001953 
830, -0.08350107073783875, 2.369610071182251 
831, -0.08066888153553009, 2.3124682903289795 
832, -0.08251823484897614, 2.401409149169922 
833, -0.07906627655029297, 2.4589321613311768 
834, -0.07712045311927795, 2.105618953704834 
835, -0.07655066251754761, 2.1003336906433105 
836, -0.07769572734832764, 2.093613862991333 
837, -0.07818403840065002, 2.155728578567505 
838, -0.07194992899894714, 2.2464375495910645 
839, -0.07075151801109314, 2.08203387260437 
840, -0.06886272132396698, 2.1641626358032227 
841, -0.07146009802818298, 2.3493659496307373 
842, -0.06721146404743195, 2.322962760925293 
843, -0.06855987012386322, 2.2080960273742676 
844, -0.07149524986743927, 2.1419241428375244 
845, -0.0687912255525589, 2.184307813644409 
846, -0.06896930932998657, 2.2601048946380615 
847, -0.06738018989562988, 2.2126028537750244 
848, -0.07002116739749908, 2.0828144550323486 
849, -0.0800790786743164, 2.2464911937713623 
850, -0.07330194115638733, 2.490267276763916 
851, -0.07724913954734802, 2.215442657470703 
852, -0.07396721839904785, 2.596785306930542 
853, -0.07209131121635437, 2.325636386871338 
854, -0.0772143006324768, 2.195162534713745 
855, -0.07495026290416718, 2.4078361988067627 
856, -0.08208732306957245, 2.1788296699523926 
857, -0.07790352404117584, 2.0553956031799316 
858, -0.0806744396686554, 2.505187749862671 
859, -0.08176073431968689, 2.1087169647216797 
860, -0.08084818720817566, 2.3110244274139404 
861, -0.08119715750217438, 2.167029619216919 
862, -0.08205640316009521, 2.5601840019226074 
863, -0.07910801470279694, 2.3798258304595947 
864, -0.08548547327518463, 2.2101705074310303 
865, -0.08147050440311432, 2.134786367416382 
866, -0.07995779812335968, 2.2135303020477295 
867, -0.08046850562095642, 2.281097173690796 
868, -0.08927333354949951, 2.3291163444519043 
869, -0.08448576927185059, 2.244753837585449 
870, -0.08979696035385132, 1.9423487186431885 
871, -0.08126606047153473, 2.1984543800354004 
872, -0.0897020697593689, 1.9816532135009766 
873, -0.08149197697639465, 2.4683122634887695 
874, -0.08421480655670166, 2.1075291633605957 
875, -0.08719751238822937, 2.196777582168579 
876, -0.08716218173503876, 2.323237180709839 
877, -0.08886435627937317, 2.3071465492248535 
878, -0.08514705300331116, 2.7495956420898438 
879, -0.08711788058280945, 2.305933713912964 
880, -0.08547475934028625, 2.282154083251953 
881, -0.08758540451526642, 2.06496000289917 
882, -0.087546706199646, 2.117136001586914 
883, -0.0913228839635849, 2.2264273166656494 
884, -0.0924527496099472, 2.337320327758789 
885, -0.08985830843448639, 2.0674102306365967 
886, -0.09533669054508209, 2.256532669067383 
887, -0.09630537033081055, 2.2589035034179688 
888, -0.09498569369316101, 2.0202879905700684 
889, -0.0941634476184845, 2.1023969650268555 
890, -0.0918445736169815, 2.166165828704834 
891, -0.09630796313285828, 2.2280733585357666 
892, -0.09740942716598511, 2.2201223373413086 
893, -0.09998251497745514, 2.111585855484009 
894, -0.09279543161392212, 2.1144490242004395 
895, -0.0955447405576706, 1.9688208103179932 
896, -0.1001213788986206, 1.9157812595367432 
897, -0.09166623651981354, 2.3719751834869385 
898, -0.08814853429794312, 2.146138906478882 
899, -0.08827522397041321, 2.2543935775756836 
900, -0.09135527908802032, 2.292356014251709 
901, -0.08569443225860596, 2.1459734439849854 
902, -0.08605270087718964, 2.344721555709839 
903, -0.08072242140769958, 2.341867685317993 
904, -0.0832042247056961, 2.2459776401519775 
905, -0.08414788544178009, 2.1101009845733643 
906, -0.08625872433185577, 2.3268635272979736 
907, -0.08590464293956757, 2.344162702560425 
908, -0.08735448122024536, 2.075944662094116 
909, -0.08074392378330231, 2.3656880855560303 
910, -0.0830632895231247, 2.092434883117676 
911, -0.08555307984352112, 2.0294525623321533 
912, -0.08178079128265381, 2.0392730236053467 
913, -0.08047527074813843, 2.2174794673919678 
914, -0.07902112603187561, 2.3205814361572266 
915, -0.07690314948558807, 2.160433292388916 
916, -0.07264745235443115, 2.296542167663574 
917, -0.07482796907424927, 2.202240228652954 
918, -0.07370099425315857, 2.182448387145996 
919, -0.07301805913448334, 2.1998045444488525 
920, -0.07536736130714417, 2.149571657180786 
921, -0.07119034230709076, 2.248013496398926 
922, -0.07186953723430634, 2.2416818141937256 
923, -0.0704939216375351, 2.184703826904297 
924, -0.0717037171125412, 2.2208354473114014 
925, -0.07559065520763397, 2.2195847034454346 
926, -0.07690867781639099, 2.1082873344421387 
927, -0.07521997392177582, 2.33184552192688 
928, -0.08169831335544586, 2.1984996795654297 
929, -0.0802772045135498, 2.3530495166778564 
930, -0.08167564868927002, 2.3562629222869873 
931, -0.08182218670845032, 2.135596752166748 
932, -0.08272850513458252, 2.25642728805542 
933, -0.08819878101348877, 3.0290772914886475 
934, -0.0873742401599884, 2.2001373767852783 
935, -0.08793613314628601, 2.364847183227539 
936, -0.090937539935112, 3.1291637420654297 
937, -0.09421928226947784, 2.1698858737945557 
938, -0.0964680016040802, 2.341506004333496 
939, -0.09714575111865997, 2.4403929710388184 
940, -0.09617668390274048, 2.201096296310425 
941, -0.09773923456668854, 2.156520366668701 
942, -0.0959671139717102, 2.263554334640503 
943, -0.09239345788955688, 2.329395055770874 
944, -0.09981836378574371, 2.0880095958709717 
945, -0.09557168185710907, 2.0584521293640137 
946, -0.09518963098526001, 2.1151070594787598 
947, -0.09434536099433899, 2.230947494506836 
948, -0.08947139978408813, 2.0415890216827393 
949, -0.09045286476612091, 2.3216917514801025 
950, -0.08848071098327637, 2.1147282123565674 
951, -0.08919480443000793, 2.146731376647949 
952, -0.08968000113964081, 2.111673593521118 
953, -0.0905584841966629, 2.089542865753174 
954, -0.08889488875865936, 2.6175696849823 
955, -0.08521932363510132, 2.2531135082244873 
956, -0.08378100395202637, 2.1520273685455322 
957, -0.08279174566268921, 2.2301559448242188 
958, -0.08883295953273773, 2.3088901042938232 
959, -0.08805939555168152, 2.2013187408447266 
960, -0.0891592800617218, 2.1344423294067383 
961, -0.09083960950374603, 2.151026487350464 
962, -0.0884149819612503, 2.321190595626831 
963, -0.08490268886089325, 2.2532799243927 
964, -0.09493644535541534, 2.4482107162475586 
965, -0.09156134724617004, 2.224879503250122 
966, -0.08812882006168365, 2.3340988159179688 
967, -0.09389707446098328, 2.3346920013427734 
968, -0.09207212924957275, 2.464864730834961 
969, -0.09100498259067535, 2.345616340637207 
970, -0.09065037965774536, 2.4092488288879395 
971, -0.09260086715221405, 2.0982680320739746 
972, -0.09395970404148102, 2.1747071743011475 
973, -0.09094187617301941, 2.221733808517456 
974, -0.09459684789180756, 2.3568944931030273 
975, -0.09371617436408997, 1.9835295677185059 
976, -0.09480760991573334, 2.3849785327911377 
977, -0.09125535190105438, 2.3264050483703613 
978, -0.09588722884654999, 2.2320327758789062 
979, -0.09331423044204712, 2.288534641265869 
980, -0.09294171631336212, 2.341456174850464 
981, -0.09097126126289368, 2.2818093299865723 
982, -0.09235057234764099, 2.3432564735412598 
983, -0.09032249450683594, 2.3774898052215576 
984, -0.09499630331993103, 2.2942466735839844 
985, -0.096763014793396, 2.1702468395233154 
986, -0.09593403339385986, 2.202143430709839 
987, -0.09969387948513031, 2.21775221824646 
988, -0.09589153528213501, 2.470892906188965 
989, -0.10184586048126221, 2.1060798168182373 
990, -0.09800486266613007, 2.325089454650879 
991, -0.09430687129497528, 2.1044538021087646 
992, -0.09763117134571075, 2.090350389480591 
993, -0.09896314144134521, 2.331998348236084 
994, -0.09624385833740234, 2.2286808490753174 
995, -0.09453417360782623, 1.999920129776001 
996, -0.0907636284828186, 2.254850149154663 
997, -0.09145715832710266, 2.273881196975708 
998, -0.09321354329586029, 2.553077459335327 
999, -0.08933596312999725, 2.175741672515869 
