Iteration, loss, time 
0, 1.1800700426101685, 2.3375422954559326 
1, 1.1563944816589355, 2.313363790512085 
2, 1.1340951919555664, 2.3078789710998535 
3, 1.0884798765182495, 2.0374794006347656 
4, 1.0754475593566895, 2.200953483581543 
5, 1.0409694910049438, 2.168081045150757 
6, 1.018810510635376, 2.161836624145508 
7, 0.9992161393165588, 2.0427401065826416 
8, 0.9614741206169128, 2.111553907394409 
9, 0.9413411021232605, 2.0419058799743652 
10, 0.921489953994751, 2.180915117263794 
11, 0.8976512551307678, 2.021681547164917 
12, 0.8695043325424194, 2.1468544006347656 
13, 0.8459001183509827, 2.1469709873199463 
14, 0.8250432014465332, 2.1455352306365967 
15, 0.8039100170135498, 2.170412540435791 
16, 0.7866552472114563, 2.1425764560699463 
17, 0.7673623561859131, 2.3342456817626953 
18, 0.7346161603927612, 2.3491575717926025 
19, 0.7207410335540771, 2.294689178466797 
20, 0.7009584903717041, 2.1431875228881836 
21, 0.6789856553077698, 2.0167481899261475 
22, 0.657500684261322, 2.0296032428741455 
23, 0.6445916295051575, 2.295274257659912 
24, 0.6318867206573486, 2.0404655933380127 
25, 0.6168948411941528, 2.1883842945098877 
26, 0.5962285995483398, 2.0891683101654053 
27, 0.5847928524017334, 2.1170217990875244 
28, 0.5724521279335022, 1.925084114074707 
29, 0.5692026019096375, 2.1407110691070557 
30, 0.5456013679504395, 2.126129150390625 
31, 0.5422577857971191, 2.14145565032959 
32, 0.5250729322433472, 2.1372416019439697 
33, 0.5183100700378418, 2.1165695190429688 
34, 0.5106104612350464, 2.34572696685791 
35, 0.4953673779964447, 2.085847854614258 
36, 0.4899448752403259, 2.0059032440185547 
37, 0.4731273651123047, 2.0236563682556152 
38, 0.4731600880622864, 2.3013174533843994 
39, 0.4609678387641907, 2.3055992126464844 
40, 0.45400354266166687, 2.0744097232818604 
41, 0.45125317573547363, 2.721301794052124 
42, 0.446610689163208, 2.4649546146392822 
43, 0.4329313039779663, 2.048765182495117 
44, 0.4301406741142273, 2.1673686504364014 
45, 0.422660768032074, 2.305192470550537 
46, 0.4164077639579773, 2.2621512413024902 
47, 0.4132353365421295, 2.173931121826172 
48, 0.4007270634174347, 2.3283660411834717 
49, 0.4028342068195343, 2.1518733501434326 
50, 0.39540570974349976, 2.3146414756774902 
51, 0.3840593099594116, 2.1574554443359375 
52, 0.380127489566803, 1.9831571578979492 
53, 0.37689489126205444, 2.225562572479248 
54, 0.37022876739501953, 1.9824159145355225 
55, 0.3655852675437927, 2.2858405113220215 
56, 0.3624763786792755, 2.1144356727600098 
57, 0.3443068861961365, 2.103548526763916 
58, 0.34121406078338623, 2.143068552017212 
59, 0.34080034494400024, 2.0809457302093506 
60, 0.32989779114723206, 2.001763105392456 
61, 0.324415385723114, 2.1375420093536377 
62, 0.32011958956718445, 2.036614418029785 
63, 0.3129332661628723, 2.106398820877075 
64, 0.30257225036621094, 1.9425768852233887 
65, 0.301552951335907, 2.042145013809204 
66, 0.29086583852767944, 2.0781290531158447 
67, 0.2968100905418396, 2.1719319820404053 
68, 0.2845431864261627, 2.089958429336548 
69, 0.29156652092933655, 2.103013753890991 
70, 0.2791752815246582, 2.05450177192688 
71, 0.27814966440200806, 2.320499897003174 
72, 0.2700628638267517, 2.3283605575561523 
73, 0.26455408334732056, 2.1935198307037354 
74, 0.26329347491264343, 2.1328375339508057 
75, 0.2598254084587097, 2.191570520401001 
76, 0.2583881616592407, 2.3044497966766357 
77, 0.2505737543106079, 2.190927028656006 
78, 0.2516822814941406, 2.1360414028167725 
79, 0.24636368453502655, 2.1425843238830566 
80, 0.23847311735153198, 2.0530245304107666 
81, 0.23426900804042816, 2.1462137699127197 
82, 0.22665926814079285, 2.1587159633636475 
83, 0.2242409884929657, 2.156359910964966 
84, 0.2116536945104599, 2.090811014175415 
85, 0.2054702192544937, 2.059722900390625 
86, 0.19939033687114716, 2.3594753742218018 
87, 0.19919778406620026, 2.185133218765259 
88, 0.1900460571050644, 2.1882405281066895 
89, 0.19186098873615265, 2.1737208366394043 
90, 0.18240101635456085, 2.156705141067505 
91, 0.18073680996894836, 2.197009801864624 
92, 0.1708592027425766, 2.3062188625335693 
93, 0.15789005160331726, 2.141650915145874 
94, 0.15138915181159973, 2.1737253665924072 
95, 0.14697040617465973, 2.1709542274475098 
96, 0.1347254365682602, 2.3260433673858643 
97, 0.12314903736114502, 2.5962135791778564 
98, 0.11978854238986969, 2.3270416259765625 
99, 0.10819616913795471, 2.1651508808135986 
100, 0.09644447267055511, 2.1481127738952637 
101, 0.08791470527648926, 2.1588289737701416 
102, 0.07464773952960968, 2.1739554405212402 
103, 0.0654396265745163, 2.209761381149292 
104, 0.05613882839679718, 2.350586175918579 
105, 0.04333433508872986, 2.1373450756073 
106, 0.03228810429573059, 2.3162951469421387 
107, 0.01909579336643219, 2.267616033554077 
108, 0.008288830518722534, 2.1523501873016357 
109, -0.002524465322494507, 2.1440775394439697 
110, -0.012665316462516785, 2.136931896209717 
111, -0.026908904314041138, 2.464041233062744 
112, -0.03682371973991394, 2.291315793991089 
113, -0.047787100076675415, 2.2930006980895996 
114, -0.05235791206359863, 2.310401201248169 
115, -0.06577317416667938, 2.3189711570739746 
116, -0.07313258945941925, 2.174800157546997 
117, -0.0801059752702713, 2.0485236644744873 
118, -0.09265288710594177, 2.532914638519287 
119, -0.09441186487674713, 2.3286166191101074 
120, -0.10318455100059509, 2.050182580947876 
121, -0.10861854255199432, 2.7008886337280273 
122, -0.11507260799407959, 2.258096933364868 
123, -0.11882415413856506, 2.123382568359375 
124, -0.12541386485099792, 2.0947062969207764 
125, -0.1259334534406662, 2.0073814392089844 
126, -0.13156089186668396, 2.0141446590423584 
127, -0.13601040840148926, 2.1192517280578613 
128, -0.13588260114192963, 1.9857430458068848 
129, -0.14033764600753784, 2.141368865966797 
130, -0.13794861733913422, 2.09375 
131, -0.1421475112438202, 2.1868410110473633 
132, -0.14280195534229279, 2.122803211212158 
133, -0.1394108533859253, 2.0877737998962402 
134, -0.14400719106197357, 2.1744742393493652 
135, -0.1441652774810791, 2.3378758430480957 
136, -0.14752981066703796, 2.062791109085083 
137, -0.14670826494693756, 2.214094877243042 
138, -0.1488601565361023, 2.0139658451080322 
139, -0.1444515436887741, 2.0241456031799316 
140, -0.14707832038402557, 2.030824661254883 
141, -0.1453784555196762, 2.324361562728882 
142, -0.14553052186965942, 2.2041916847229004 
143, -0.1469135880470276, 2.130479335784912 
144, -0.1469339281320572, 2.091939687728882 
145, -0.14538158476352692, 2.4138803482055664 
146, -0.14369246363639832, 2.276824712753296 
147, -0.14267510175704956, 2.20516037940979 
148, -0.14206954836845398, 2.4007468223571777 
149, -0.14333099126815796, 2.3054537773132324 
150, -0.14066696166992188, 2.397310495376587 
151, -0.14134691655635834, 2.1386454105377197 
152, -0.1386982798576355, 2.2920942306518555 
153, -0.13773366808891296, 2.3079729080200195 
154, -0.13693277537822723, 2.073012590408325 
155, -0.13486476242542267, 1.997370719909668 
156, -0.1349676251411438, 2.0204033851623535 
157, -0.1368636041879654, 2.100062370300293 
158, -0.13611698150634766, 2.009328603744507 
159, -0.1337299942970276, 2.0889792442321777 
160, -0.1326182335615158, 2.094982862472534 
161, -0.13223682343959808, 2.321880340576172 
162, -0.13510140776634216, 2.112260341644287 
163, -0.1319843828678131, 2.069777488708496 
164, -0.13539884984493256, 2.0576255321502686 
165, -0.13221792876720428, 2.0780856609344482 
166, -0.12846378982067108, 2.114645004272461 
167, -0.12652766704559326, 2.039407968521118 
168, -0.1292242705821991, 2.0442988872528076 
169, -0.1247076541185379, 2.0288102626800537 
170, -0.1267424374818802, 2.1637213230133057 
171, -0.12093254923820496, 2.050689220428467 
172, -0.12463481724262238, 2.025909900665283 
173, -0.12397132813930511, 2.0280439853668213 
174, -0.12333859503269196, 2.06575608253479 
175, -0.12151777744293213, 2.306938886642456 
176, -0.12087462842464447, 2.0139029026031494 
177, -0.12238538265228271, 2.1333277225494385 
178, -0.11682024598121643, 2.105902910232544 
179, -0.1191488653421402, 2.26240873336792 
180, -0.11365059018135071, 1.9951965808868408 
181, -0.11519698798656464, 2.2739923000335693 
182, -0.1156584620475769, 2.33347225189209 
183, -0.11200739443302155, 2.3078453540802 
184, -0.1193261593580246, 2.1630425453186035 
185, -0.10937578976154327, 1.9708640575408936 
186, -0.11374369263648987, 2.121455430984497 
187, -0.11212587356567383, 2.1911635398864746 
188, -0.11124269664287567, 2.2947006225585938 
189, -0.11126789450645447, 2.1350297927856445 
190, -0.10959786176681519, 2.3192079067230225 
191, -0.10822713375091553, 2.323673963546753 
192, -0.10805642604827881, 2.3028018474578857 
193, -0.10696142911911011, 2.1430459022521973 
194, -0.1059800386428833, 2.15537166595459 
195, -0.1032845675945282, 2.180460214614868 
196, -0.10720852017402649, 2.2699944972991943 
197, -0.10302038490772247, 2.055067777633667 
198, -0.10382665693759918, 2.0169289112091064 
199, -0.10241943597793579, 2.280975580215454 
200, -0.10532957315444946, 1.9915599822998047 
201, -0.1047808974981308, 2.094879627227783 
202, -0.10054543614387512, 2.8180203437805176 
203, -0.1031825989484787, 2.2566184997558594 
204, -0.09891147911548615, 2.540363311767578 
205, -0.09593291580677032, 1.9774489402770996 
206, -0.09628106653690338, 2.167973756790161 
207, -0.09681984782218933, 1.9919590950012207 
208, -0.09721562266349792, 2.0708272457122803 
209, -0.0936913788318634, 2.155001640319824 
210, -0.09655225276947021, 1.9923467636108398 
211, -0.09318165481090546, 2.1099531650543213 
212, -0.0924038290977478, 2.2520976066589355 
213, -0.09192860126495361, 2.130082130432129 
214, -0.09178651869297028, 1.9835877418518066 
215, -0.09376782178878784, 1.9682393074035645 
216, -0.09310862421989441, 2.098700523376465 
217, -0.08979171514511108, 2.2736475467681885 
218, -0.08909942209720612, 2.068005323410034 
219, -0.08960722386837006, 2.097702741622925 
220, -0.08453534543514252, 2.127265214920044 
221, -0.08559191226959229, 2.146202325820923 
222, -0.08354279398918152, 2.1268348693847656 
223, -0.08390937745571136, 2.013324737548828 
224, -0.08264192938804626, 1.9675405025482178 
225, -0.07810549437999725, 1.9616918563842773 
226, -0.07793031632900238, 2.0965120792388916 
227, -0.07693779468536377, 1.9890117645263672 
228, -0.07776056230068207, 2.0293123722076416 
229, -0.0769955962896347, 2.0724081993103027 
230, -0.07736946642398834, 2.1279990673065186 
231, -0.0750918984413147, 2.161139488220215 
232, -0.07487282156944275, 2.2163679599761963 
233, -0.07429245114326477, 2.249950408935547 
234, -0.07457859814167023, 2.1060116291046143 
235, -0.07274042069911957, 2.2864437103271484 
236, -0.07468459010124207, 1.989990472793579 
237, -0.06751444935798645, 2.1865811347961426 
238, -0.07276828587055206, 2.0862202644348145 
239, -0.07233692705631256, 2.303131580352783 
240, -0.0681406557559967, 2.3339645862579346 
241, -0.07025283575057983, 2.023012161254883 
242, -0.06855808198451996, 1.9926342964172363 
243, -0.06891940534114838, 2.1530401706695557 
244, -0.06865110993385315, 2.2634708881378174 
245, -0.06642937660217285, 2.1083247661590576 
246, -0.0684247761964798, 2.1043450832366943 
247, -0.06405927240848541, 2.271787405014038 
248, -0.06583350896835327, 2.107292652130127 
249, -0.06293565034866333, 2.015403985977173 
250, -0.060613930225372314, 2.1262047290802 
251, -0.06219194829463959, 2.2264771461486816 
252, -0.06286762654781342, 1.9656646251678467 
253, -0.06410540640354156, 2.0833306312561035 
254, -0.05846056342124939, 2.0372555255889893 
255, -0.05865435302257538, 2.377045154571533 
256, -0.055565282702445984, 2.072986125946045 
257, -0.055532440543174744, 1.9698147773742676 
258, -0.055125489830970764, 2.2381811141967773 
259, -0.06039908528327942, 2.0960500240325928 
260, -0.060654014348983765, 2.3650732040405273 
261, -0.053819671273231506, 2.008859157562256 
262, -0.05746981501579285, 2.387580394744873 
263, -0.057928189635276794, 2.090468645095825 
264, -0.05481670796871185, 2.428826093673706 
265, -0.057932838797569275, 2.090073585510254 
266, -0.056411489844322205, 2.090088129043579 
267, -0.05790454149246216, 1.952272653579712 
268, -0.05426301062107086, 2.1462745666503906 
269, -0.05167438089847565, 2.27471923828125 
270, -0.05421295762062073, 2.087541341781616 
271, -0.054348140954971313, 2.241708993911743 
272, -0.05155397951602936, 2.0274829864501953 
273, -0.052582502365112305, 2.026433229446411 
274, -0.050702229142189026, 1.9808807373046875 
275, -0.04867503046989441, 2.24350905418396 
276, -0.04802177846431732, 2.0918028354644775 
277, -0.051425009965896606, 2.080662488937378 
278, -0.048289403319358826, 1.9858322143554688 
279, -0.05056113004684448, 2.0764498710632324 
280, -0.050978779792785645, 2.2459890842437744 
281, -0.04718334972858429, 2.0955026149749756 
282, -0.047038957476615906, 2.083380699157715 
283, -0.046336978673934937, 2.005164861679077 
284, -0.047587692737579346, 1.9961230754852295 
285, -0.04698812961578369, 1.9575161933898926 
286, -0.04654671251773834, 1.9828646183013916 
287, -0.04477934539318085, 2.1015002727508545 
288, -0.0441015362739563, 1.978015422821045 
289, -0.04871949553489685, 2.047196388244629 
290, -0.04344025254249573, 2.1542000770568848 
291, -0.04312027990818024, 2.0336501598358154 
292, -0.04184539616107941, 2.1091043949127197 
293, -0.04585069417953491, 2.103823184967041 
294, -0.03928026556968689, 1.98079514503479 
295, -0.042205750942230225, 2.0555198192596436 
296, -0.04138706624507904, 2.0998826026916504 
297, -0.041177839040756226, 2.13425350189209 
298, -0.038585469126701355, 2.0727052688598633 
299, -0.040786340832710266, 1.9902417659759521 
300, -0.04472988843917847, 1.975536823272705 
301, -0.042897939682006836, 2.1239471435546875 
302, -0.03624223172664642, 2.1054394245147705 
303, -0.0397881418466568, 2.128279685974121 
304, -0.03834214806556702, 2.33925461769104 
305, -0.03716947138309479, 2.098109245300293 
306, -0.03868447244167328, 2.069761276245117 
307, -0.038229092955589294, 2.1090574264526367 
308, -0.037247732281684875, 2.1245474815368652 
309, -0.03712671995162964, 2.017622947692871 
310, -0.03936538100242615, 2.1168549060821533 
311, -0.039181262254714966, 2.039353847503662 
312, -0.03521423041820526, 2.231682538986206 
313, -0.035215675830841064, 2.1500587463378906 
314, -0.03521756827831268, 2.0324368476867676 
315, -0.03692631423473358, 2.1241295337677 
316, -0.035653114318847656, 1.978060245513916 
317, -0.03727349638938904, 2.1311607360839844 
318, -0.03613084554672241, 1.9756014347076416 
319, -0.03617306053638458, 2.149935007095337 
320, -0.03412894904613495, 2.148878812789917 
321, -0.03581337630748749, 1.9809069633483887 
322, -0.033903852105140686, 1.9842944145202637 
323, -0.03501293063163757, 2.1251566410064697 
324, -0.03436104953289032, 2.1330113410949707 
325, -0.037948042154312134, 2.000617027282715 
326, -0.0317053347826004, 2.0244503021240234 
327, -0.03269806504249573, 2.026549816131592 
328, -0.03470997512340546, 2.1516354084014893 
329, -0.030427545309066772, 2.2989184856414795 
330, -0.03339685499668121, 2.11517333984375 
331, -0.0344628244638443, 2.0961685180664062 
332, -0.03393760323524475, 1.9992589950561523 
333, -0.029003873467445374, 2.030195713043213 
334, -0.03089742362499237, 2.138934373855591 
335, -0.031029582023620605, 2.119431972503662 
336, -0.03350931406021118, 2.1114299297332764 
337, -0.03220796585083008, 2.149555206298828 
338, -0.02975541353225708, 2.016792058944702 
339, -0.03046688437461853, 1.9943406581878662 
340, -0.03074553608894348, 2.133492946624756 
341, -0.030217543244361877, 2.102720022201538 
342, -0.032856762409210205, 1.9809393882751465 
343, -0.03159186244010925, 2.044079065322876 
344, -0.03300565481185913, 2.2724030017852783 
345, -0.02874082326889038, 2.0355987548828125 
346, -0.029028087854385376, 1.9842357635498047 
347, -0.03175581991672516, 2.09151029586792 
348, -0.031110435724258423, 1.9892854690551758 
349, -0.02936619520187378, 2.2919037342071533 
350, -0.029589474201202393, 2.090022087097168 
351, -0.02696266770362854, 2.0564982891082764 
352, -0.029429569840431213, 2.0918385982513428 
353, -0.03262023627758026, 1.9986495971679688 
354, -0.024041935801506042, 2.0765669345855713 
355, -0.03026987612247467, 2.097262144088745 
356, -0.024200990796089172, 2.0870282649993896 
357, -0.02864651381969452, 2.107687473297119 
358, -0.027151748538017273, 2.001697301864624 
359, -0.03039693832397461, 2.287640333175659 
360, -0.027080416679382324, 2.1101503372192383 
361, -0.027952447533607483, 2.2536683082580566 
362, -0.026599109172821045, 2.0396175384521484 
363, -0.027972489595413208, 2.173494338989258 
364, -0.029497966170310974, 2.0306591987609863 
365, -0.025851860642433167, 1.91172194480896 
366, -0.032625988125801086, 2.087423801422119 
367, -0.029688477516174316, 2.0890278816223145 
368, -0.024820715188980103, 2.048318386077881 
369, -0.02872881293296814, 2.771576166152954 
370, -0.02890324592590332, 2.1157894134521484 
371, -0.03069937229156494, 2.241205930709839 
372, -0.03607116639614105, 1.9899227619171143 
373, -0.029151707887649536, 2.013226270675659 
374, -0.031409427523612976, 2.0244903564453125 
375, -0.02956707775592804, 2.0540831089019775 
376, -0.032266974449157715, 2.11670184135437 
377, -0.028926804661750793, 1.9921050071716309 
378, -0.028824791312217712, 2.2888214588165283 
379, -0.027989953756332397, 2.068086862564087 
380, -0.030118107795715332, 2.2864537239074707 
381, -0.026199057698249817, 2.049903631210327 
382, -0.03152473270893097, 1.9984450340270996 
383, -0.02551405131816864, 2.1100451946258545 
384, -0.028581514954566956, 1.981656789779663 
385, -0.026356324553489685, 2.166926622390747 
386, -0.029149845242500305, 2.102627754211426 
387, -0.030844762921333313, 2.09598445892334 
388, -0.031004101037979126, 1.994692325592041 
389, -0.029612824320793152, 2.098233699798584 
390, -0.024146094918251038, 1.9753599166870117 
391, -0.02481035888195038, 1.9774560928344727 
392, -0.02857966721057892, 2.094515800476074 
393, -0.02606061100959778, 2.1300618648529053 
394, -0.024525105953216553, 2.238870143890381 
395, -0.03126014769077301, 1.9958360195159912 
396, -0.02442002296447754, 2.089735269546509 
397, -0.027232050895690918, 1.9462659358978271 
398, -0.025746837258338928, 2.110027551651001 
399, -0.026361599564552307, 1.9830474853515625 
400, -0.02549317479133606, 2.1028668880462646 
401, -0.02411733567714691, 1.9873106479644775 
402, -0.02763158082962036, 1.990457534790039 
403, -0.028055861592292786, 2.0534560680389404 
404, -0.025531232357025146, 2.1273715496063232 
405, -0.029290735721588135, 2.132025957107544 
406, -0.023075595498085022, 2.018599033355713 
407, -0.028046131134033203, 2.03328013420105 
408, -0.02924884855747223, 1.9989120960235596 
409, -0.03195931017398834, 1.9841291904449463 
410, -0.025055766105651855, 2.106337785720825 
411, -0.027425676584243774, 2.1108531951904297 
412, -0.024792835116386414, 1.9464807510375977 
413, -0.028469592332839966, 2.1190850734710693 
414, -0.024178221821784973, 2.011281967163086 
415, -0.026224076747894287, 2.044896364212036 
416, -0.025159507989883423, 2.082066297531128 
417, -0.02671654522418976, 2.013995409011841 
418, -0.02613884210586548, 2.0119001865386963 
419, -0.02753385901451111, 2.0966358184814453 
420, -0.027357488870620728, 2.0219976902008057 
421, -0.026453137397766113, 1.9695014953613281 
422, -0.02484135329723358, 2.1089327335357666 
423, -0.027239009737968445, 2.104356288909912 
424, -0.026106879115104675, 2.1878862380981445 
425, -0.02735760807991028, 2.102346181869507 
426, -0.02883698046207428, 2.121487855911255 
427, -0.029116526246070862, 2.102116823196411 
428, -0.02855263650417328, 2.1025640964508057 
429, -0.02705518901348114, 2.0165185928344727 
430, -0.030438944697380066, 2.018526315689087 
431, -0.027104109525680542, 2.1091461181640625 
432, -0.024640575051307678, 2.0181665420532227 
433, -0.022872060537338257, 2.125966787338257 
434, -0.025212332606315613, 1.9677925109863281 
435, -0.030324384570121765, 1.960615873336792 
436, -0.02797885239124298, 1.997387409210205 
437, -0.027290955185890198, 2.0946154594421387 
438, -0.028021663427352905, 2.0876681804656982 
439, -0.02575412392616272, 2.0397751331329346 
440, -0.027868002653121948, 1.9856479167938232 
441, -0.02479231357574463, 2.139483690261841 
442, -0.030056819319725037, 1.9980409145355225 
443, -0.0303640216588974, 2.108186960220337 
444, -0.02717284858226776, 2.2464423179626465 
445, -0.029120758175849915, 2.0986168384552 
446, -0.027827665209770203, 1.9531848430633545 
447, -0.027891814708709717, 2.1232264041900635 
448, -0.026946157217025757, 2.1256442070007324 
449, -0.029394090175628662, 1.967139482498169 
450, -0.03651340305805206, 2.1134252548217773 
451, -0.0283488929271698, 2.1305909156799316 
452, -0.025080442428588867, 2.005521059036255 
453, -0.03099764883518219, 2.1253180503845215 
454, -0.030896365642547607, 2.101087808609009 
455, -0.0247957706451416, 2.1678457260131836 
456, -0.030775800347328186, 1.9918162822723389 
457, -0.030280351638793945, 2.005965232849121 
458, -0.033010661602020264, 1.9880118370056152 
459, -0.030019760131835938, 2.2541091442108154 
460, -0.02845345437526703, 2.2751400470733643 
461, -0.03008723258972168, 2.05169939994812 
462, -0.024549096822738647, 2.025355100631714 
463, -0.026479825377464294, 2.2798991203308105 
464, -0.033336982131004333, 2.01662540435791 
465, -0.030924886465072632, 2.0473527908325195 
466, -0.030276939272880554, 2.3790907859802246 
467, -0.0278693288564682, 2.8095104694366455 
468, -0.024552375078201294, 2.0784780979156494 
469, -0.02891409397125244, 2.006101608276367 
470, -0.0286673903465271, 2.01358962059021 
471, -0.030124634504318237, 2.190744400024414 
472, -0.030431732535362244, 2.1095712184906006 
473, -0.033749550580978394, 2.1646077632904053 
474, -0.0322728157043457, 2.2580225467681885 
475, -0.0253819078207016, 2.1411590576171875 
476, -0.029128432273864746, 2.078317403793335 
477, -0.028999105095863342, 2.2549233436584473 
478, -0.025047942996025085, 2.1515815258026123 
479, -0.028505131602287292, 2.123775005340576 
480, -0.02899123728275299, 2.137054204940796 
481, -0.032367706298828125, 2.0349233150482178 
482, -0.02540852129459381, 1.971045732498169 
483, -0.025035977363586426, 2.1724741458892822 
484, -0.02854013442993164, 1.983339548110962 
485, -0.02299901843070984, 2.4226291179656982 
486, -0.028161555528640747, 2.1033759117126465 
487, -0.023378804326057434, 2.041642189025879 
488, -0.028259098529815674, 2.010406017303467 
489, -0.024780496954917908, 2.1669259071350098 
490, -0.025759771466255188, 2.200388193130493 
491, -0.02817605435848236, 2.099552869796753 
492, -0.023081481456756592, 2.111464023590088 
493, -0.02654165029525757, 2.0161375999450684 
494, -0.026800885796546936, 2.0835726261138916 
495, -0.022864311933517456, 2.3092727661132812 
496, -0.02863791584968567, 2.0125246047973633 
497, -0.02637125551700592, 2.03916597366333 
498, -0.030764564871788025, 2.0491256713867188 
499, -0.0275706946849823, 2.256068468093872 
500, -0.029644668102264404, 2.045978307723999 
501, -0.027533352375030518, 2.012669801712036 
502, -0.028445333242416382, 2.702687978744507 
503, -0.028621405363082886, 2.0813510417938232 
504, -0.02925167977809906, 2.161435604095459 
505, -0.027470797300338745, 2.039294481277466 
506, -0.028700053691864014, 2.1170458793640137 
507, -0.026775777339935303, 2.1494410037994385 
508, -0.027674183249473572, 2.0568323135375977 
509, -0.024559438228607178, 2.2881534099578857 
510, -0.024397194385528564, 2.1197378635406494 
511, -0.026309385895729065, 2.265444278717041 
512, -0.02652263641357422, 2.0657410621643066 
513, -0.0284741073846817, 2.154338836669922 
514, -0.02541176974773407, 2.1246554851531982 
515, -0.028681203722953796, 2.1072494983673096 
516, -0.02550049126148224, 2.043788194656372 
517, -0.02362753450870514, 2.1462321281433105 
518, -0.024186253547668457, 2.053028106689453 
519, -0.02212369441986084, 2.2014706134796143 
520, -0.028939396142959595, 2.0662338733673096 
521, -0.031806349754333496, 2.151620626449585 
522, -0.02689702808856964, 2.113363742828369 
523, -0.02634608745574951, 2.330223798751831 
524, -0.024945437908172607, 1.9543979167938232 
525, -0.02638345956802368, 2.043626308441162 
526, -0.03157985210418701, 2.0002269744873047 
527, -0.02341426908969879, 2.1782143115997314 
528, -0.02592216432094574, 2.012488842010498 
529, -0.022767171263694763, 2.077670097351074 
530, -0.029338642954826355, 2.1673197746276855 
531, -0.0237666517496109, 2.2551109790802 
532, -0.03160126507282257, 1.9857239723205566 
533, -0.03150185942649841, 2.1496963500976562 
534, -0.027154073119163513, 2.006068468093872 
535, -0.0331542044878006, 2.065537929534912 
536, -0.03288322687149048, 2.118882894515991 
537, -0.03154979646205902, 2.568749189376831 
538, -0.03464081883430481, 1.9766671657562256 
539, -0.03706742823123932, 2.0147337913513184 
540, -0.03553418815135956, 2.0212562084198 
541, -0.030825838446617126, 2.03877854347229 
542, -0.030383244156837463, 2.128990888595581 
543, -0.030101880431175232, 2.161275625228882 
544, -0.03217118978500366, 2.10404372215271 
545, -0.02908080816268921, 2.227193832397461 
546, -0.03206230700016022, 2.0489649772644043 
547, -0.03365503251552582, 2.0607314109802246 
548, -0.029336199164390564, 1.9770667552947998 
549, -0.029974207282066345, 2.0954041481018066 
550, -0.03271357715129852, 1.9901223182678223 
551, -0.0276830792427063, 2.1065444946289062 
552, -0.02832496166229248, 1.9729280471801758 
553, -0.030556783080101013, 2.5123672485351562 
554, -0.026351645588874817, 1.955869197845459 
555, -0.028800398111343384, 2.089468240737915 
556, -0.029368743300437927, 2.2414653301239014 
557, -0.029633760452270508, 2.07778000831604 
558, -0.026915356516838074, 2.1141955852508545 
559, -0.030814900994300842, 2.26995587348938 
560, -0.02842828631401062, 2.1269571781158447 
561, -0.02876189351081848, 1.9382681846618652 
562, -0.029912710189819336, 2.259265661239624 
563, -0.02906946837902069, 2.2043962478637695 
564, -0.031189754605293274, 2.1000313758850098 
565, -0.031126707792282104, 2.0735690593719482 
566, -0.028952762484550476, 1.9372162818908691 
567, -0.030631452798843384, 2.0166966915130615 
568, -0.029682323336601257, 2.0101535320281982 
569, -0.030165985226631165, 1.9233362674713135 
570, -0.03271692991256714, 2.067296266555786 
571, -0.029682263731956482, 2.063356637954712 
572, -0.026059895753860474, 2.1984357833862305 
573, -0.023914754390716553, 1.9522850513458252 
574, -0.03233256936073303, 1.9587068557739258 
575, -0.029182761907577515, 2.0021250247955322 
576, -0.029535189270973206, 2.105762481689453 
577, -0.028025567531585693, 1.9473659992218018 
578, -0.02886199951171875, 2.0224008560180664 
579, -0.026649385690689087, 1.968998908996582 
580, -0.028680875897407532, 2.0697898864746094 
581, -0.026999086141586304, 2.0456507205963135 
582, -0.028498932719230652, 2.041645050048828 
583, -0.02552783489227295, 2.037041664123535 
584, -0.029611796140670776, 1.9221153259277344 
585, -0.023194000124931335, 1.9797935485839844 
586, -0.0271112322807312, 2.102505922317505 
587, -0.024994105100631714, 2.0364060401916504 
588, -0.024476423859596252, 2.0491514205932617 
589, -0.027232736349105835, 1.9180376529693604 
590, -0.02639620006084442, 1.987975835800171 
591, -0.025617241859436035, 2.0854597091674805 
592, -0.028299376368522644, 1.9947500228881836 
593, -0.025321021676063538, 1.950368881225586 
594, -0.0234144926071167, 2.0648138523101807 
595, -0.025163710117340088, 2.0718698501586914 
596, -0.027051106095314026, 1.9616611003875732 
597, -0.027619734406471252, 1.9569578170776367 
598, -0.023691192269325256, 2.0402724742889404 
599, -0.02418060600757599, 1.885274887084961 
600, -0.02799832820892334, 2.0486650466918945 
601, -0.02541688084602356, 1.9575233459472656 
602, -0.028119638562202454, 2.175307035446167 
603, -0.02500861883163452, 2.1915032863616943 
604, -0.0228128582239151, 1.9783196449279785 
605, -0.029031828045845032, 2.1723546981811523 
606, -0.021649330854415894, 2.078981399536133 
607, -0.02676376700401306, 2.1356759071350098 
608, -0.02933332324028015, 2.2815754413604736 
609, -0.029390975832939148, 1.944279670715332 
610, -0.02835126221179962, 1.9328360557556152 
611, -0.029355376958847046, 2.246743679046631 
612, -0.03155714273452759, 2.0848751068115234 
613, -0.03232410550117493, 2.0330848693847656 
614, -0.03470918536186218, 1.9452168941497803 
615, -0.02434590458869934, 2.076666831970215 
616, -0.030727729201316833, 1.9492990970611572 
617, -0.03129573166370392, 2.1918556690216064 
618, -0.031455233693122864, 2.108962059020996 
619, -0.032909050583839417, 2.0379621982574463 
620, -0.03151692450046539, 2.0380563735961914 
621, -0.028932183980941772, 1.9287137985229492 
622, -0.028313353657722473, 1.8730781078338623 
623, -0.034353435039520264, 1.9524219036102295 
624, -0.02610120177268982, 1.9200286865234375 
625, -0.028941139578819275, 2.1245620250701904 
626, -0.030444324016571045, 1.907144546508789 
627, -0.02953977882862091, 1.9769082069396973 
628, -0.029656454920768738, 2.0310490131378174 
629, -0.025579378008842468, 2.3154332637786865 
630, -0.026378780603408813, 2.062445640563965 
631, -0.02504304051399231, 2.073002815246582 
632, -0.02441386878490448, 2.036125421524048 
633, -0.025318384170532227, 2.039034366607666 
634, -0.028571754693984985, 1.922241449356079 
635, -0.023523733019828796, 1.9625046253204346 
636, -0.026979923248291016, 2.3083677291870117 
637, -0.025522738695144653, 2.0592262744903564 
638, -0.026943981647491455, 2.0584819316864014 
639, -0.02694454789161682, 1.959773063659668 
640, -0.02386777102947235, 2.0648632049560547 
641, -0.02258644998073578, 2.00350022315979 
642, -0.02734680473804474, 2.1656036376953125 
643, -0.030980587005615234, 2.0319535732269287 
644, -0.025918439030647278, 2.042794704437256 
645, -0.024687469005584717, 1.9242658615112305 
646, -0.028216898441314697, 1.960906982421875 
647, -0.02708594501018524, 2.0337820053100586 
648, -0.029612034559249878, 1.9531707763671875 
649, -0.03272064030170441, 1.8909025192260742 
650, -0.034040555357933044, 2.0393617153167725 
651, -0.03676186501979828, 1.9240319728851318 
652, -0.03920762240886688, 1.9355988502502441 
653, -0.034689322113990784, 2.019059419631958 
654, -0.03445613384246826, 2.1815998554229736 
655, -0.034223273396492004, 1.99000883102417 
656, -0.0324629545211792, 1.930466890335083 
657, -0.03416907787322998, 1.8996386528015137 
658, -0.032275840640068054, 2.030956268310547 
659, -0.034597963094711304, 1.923342227935791 
660, -0.03167638182640076, 1.9850637912750244 
661, -0.03428587317466736, 2.1902244091033936 
662, -0.031445130705833435, 2.0406975746154785 
663, -0.025811925530433655, 2.0003552436828613 
664, -0.02855430543422699, 2.0329413414001465 
665, -0.03113541007041931, 2.069617748260498 
666, -0.030573919415473938, 2.0180976390838623 
667, -0.0315200537443161, 2.034836769104004 
668, -0.03522752225399017, 1.9500629901885986 
669, -0.02965618669986725, 1.9518730640411377 
670, -0.03279672563076019, 1.9183835983276367 
671, -0.03209422528743744, 1.8690557479858398 
672, -0.03268152475357056, 1.9938182830810547 
673, -0.029888466000556946, 1.9729719161987305 
674, -0.03198632597923279, 2.0439765453338623 
675, -0.03269965946674347, 2.2152953147888184 
676, -0.027051791548728943, 2.043837785720825 
677, -0.036040619015693665, 2.136214017868042 
678, -0.03353044390678406, 2.0750577449798584 
679, -0.03362874686717987, 2.18746280670166 
680, -0.03715723752975464, 2.0431020259857178 
681, -0.03731238842010498, 2.6689577102661133 
682, -0.036988258361816406, 2.0932528972625732 
683, -0.04179567098617554, 2.0581369400024414 
684, -0.03717076778411865, 2.21553111076355 
685, -0.036228880286216736, 2.1948463916778564 
686, -0.035659074783325195, 1.896852970123291 
687, -0.03725270926952362, 2.1699564456939697 
688, -0.03711515665054321, 2.2194364070892334 
689, -0.03702065348625183, 1.9441511631011963 
690, -0.03283485770225525, 2.0419540405273438 
691, -0.032911643385887146, 1.9531400203704834 
692, -0.03433625400066376, 1.919137716293335 
693, -0.03605508804321289, 1.9393868446350098 
694, -0.037854552268981934, 1.9561402797698975 
695, -0.0350838303565979, 2.0156195163726807 
696, -0.033117324113845825, 1.9388771057128906 
697, -0.03614521026611328, 1.9733688831329346 
698, -0.036066919565200806, 2.027081251144409 
699, -0.037511542439460754, 1.9750001430511475 
700, -0.033480629324913025, 2.16042423248291 
701, -0.038121357560157776, 1.9075379371643066 
702, -0.03779590129852295, 1.9301810264587402 
703, -0.037630245089530945, 2.0567498207092285 
704, -0.03833359479904175, 2.1343235969543457 
705, -0.03580935299396515, 2.190049886703491 
706, -0.03397016227245331, 1.9288666248321533 
707, -0.03465068340301514, 2.0366485118865967 
708, -0.034626975655555725, 1.9344871044158936 
709, -0.03417505323886871, 2.03836989402771 
710, -0.03166460990905762, 2.0347604751586914 
711, -0.03137928247451782, 1.9562296867370605 
712, -0.029738590121269226, 1.9462354183197021 
713, -0.03078998625278473, 1.9624288082122803 
714, -0.028931990265846252, 1.9893338680267334 
715, -0.030020877718925476, 1.9685578346252441 
716, -0.0299597829580307, 1.92576003074646 
717, -0.03387318551540375, 2.069026470184326 
718, -0.028710946440696716, 1.942363977432251 
719, -0.034369856119155884, 1.9600741863250732 
720, -0.029156401753425598, 2.0691637992858887 
721, -0.030159205198287964, 1.9187343120574951 
722, -0.028109848499298096, 2.0393307209014893 
723, -0.028796494007110596, 1.976158857345581 
724, -0.02889205515384674, 1.9523735046386719 
725, -0.02924448251724243, 1.9952452182769775 
726, -0.026794448494911194, 1.9566433429718018 
727, -0.02793976664543152, 2.2334845066070557 
728, -0.028713151812553406, 2.0697553157806396 
729, -0.028100520372390747, 2.148577928543091 
730, -0.03211861848831177, 2.041917324066162 
731, -0.026214376091957092, 2.0823991298675537 
732, -0.0341692715883255, 2.0405237674713135 
733, -0.02905258536338806, 2.058820962905884 
734, -0.02885974943637848, 2.007406234741211 
735, -0.027954906225204468, 1.9406065940856934 
736, -0.024904534220695496, 1.9252357482910156 
737, -0.02275058627128601, 2.222504138946533 
738, -0.026534661650657654, 1.9466891288757324 
739, -0.021007120609283447, 2.038003921508789 
740, -0.023949146270751953, 2.008157253265381 
741, -0.021425604820251465, 2.0084333419799805 
742, -0.03010442852973938, 2.059849977493286 
743, -0.02437722682952881, 2.177259922027588 
744, -0.023395344614982605, 2.0734171867370605 
745, -0.026293039321899414, 2.0340936183929443 
746, -0.025961771607398987, 2.0452866554260254 
747, -0.027018725872039795, 1.9839787483215332 
748, -0.0304671972990036, 1.9345085620880127 
749, -0.03210465610027313, 1.9454524517059326 
750, -0.030049562454223633, 2.450855016708374 
751, -0.02891203761100769, 2.063009262084961 
752, -0.030156537890434265, 1.9925880432128906 
753, -0.03062070906162262, 2.052318811416626 
754, -0.03162427246570587, 2.1029138565063477 
755, -0.029931023716926575, 2.0060067176818848 
756, -0.028869345784187317, 2.0476715564727783 
757, -0.03190155327320099, 2.193582057952881 
758, -0.03144402801990509, 2.0512475967407227 
759, -0.029214397072792053, 2.047722101211548 
760, -0.033411577343940735, 2.106022596359253 
761, -0.02775794267654419, 1.9953670501708984 
762, -0.02979467809200287, 2.0642008781433105 
763, -0.030828580260276794, 2.011624574661255 
764, -0.03523464500904083, 2.1931536197662354 
765, -0.031139284372329712, 2.049008846282959 
766, -0.026685059070587158, 1.8992483615875244 
767, -0.02785058319568634, 2.036257266998291 
768, -0.029023706912994385, 1.9957916736602783 
769, -0.028143569827079773, 2.0542428493499756 
770, -0.02799607813358307, 2.036590814590454 
771, -0.026700660586357117, 2.1884567737579346 
772, -0.02421969175338745, 2.0975706577301025 
773, -0.0294533371925354, 1.9663221836090088 
774, -0.030873656272888184, 1.950993299484253 
775, -0.029357776045799255, 2.162073850631714 
776, -0.0323074609041214, 1.9772603511810303 
777, -0.031121551990509033, 2.0365729331970215 
778, -0.028125405311584473, 2.159137725830078 
779, -0.0306682288646698, 2.125481128692627 
780, -0.027709603309631348, 2.1368653774261475 
781, -0.027285665273666382, 1.9248719215393066 
782, -0.027603670954704285, 1.9463343620300293 
783, -0.025817260146141052, 1.944427490234375 
784, -0.02568948268890381, 2.0853636264801025 
785, -0.025195345282554626, 2.024890184402466 
786, -0.027379155158996582, 2.0431134700775146 
787, -0.026096642017364502, 2.0550503730773926 
788, -0.026736393570899963, 1.948545217514038 
789, -0.027061432600021362, 2.012375593185425 
790, -0.025404945015907288, 2.037801504135132 
791, -0.023861318826675415, 2.061506748199463 
792, -0.02759595215320587, 2.0333635807037354 
793, -0.0270005464553833, 1.886385440826416 
794, -0.020460501313209534, 1.9232168197631836 
795, -0.02555537223815918, 1.919400930404663 
796, -0.022793084383010864, 2.1856420040130615 
797, -0.02160465717315674, 2.043450117111206 
798, -0.02501857280731201, 2.058493137359619 
799, -0.024085775017738342, 1.9274775981903076 
800, -0.027524098753929138, 1.9263713359832764 
801, -0.024754613637924194, 2.2326364517211914 
802, -0.02566090226173401, 2.1979503631591797 
803, -0.02228611707687378, 2.01493501663208 
804, -0.021901801228523254, 2.0585405826568604 
805, -0.019646450877189636, 1.9818146228790283 
806, -0.026940330862998962, 1.997880220413208 
807, -0.023353368043899536, 1.925229549407959 
808, -0.027096286416053772, 2.1946487426757812 
809, -0.02502468228340149, 2.202977180480957 
810, -0.025409072637557983, 1.9158217906951904 
811, -0.02355387806892395, 2.0524542331695557 
812, -0.025583535432815552, 2.035468101501465 
813, -0.02541978657245636, 2.040884494781494 
814, -0.02798856794834137, 2.440443277359009 
815, -0.02354465425014496, 2.0548250675201416 
816, -0.02386362850666046, 1.952134370803833 
817, -0.023931294679641724, 2.0481412410736084 
818, -0.024863407015800476, 2.2519500255584717 
819, -0.03005504608154297, 1.979301929473877 
820, -0.025908470153808594, 2.186234951019287 
821, -0.025739476084709167, 1.9565331935882568 
822, -0.024955183267593384, 1.9243500232696533 
823, -0.027335628867149353, 1.9316813945770264 
824, -0.024324655532836914, 2.056674003601074 
825, -0.02582859992980957, 1.8948578834533691 
826, -0.028101995587348938, 1.9482946395874023 
827, -0.027910664677619934, 2.202735424041748 
828, -0.02699275314807892, 2.200814723968506 
829, -0.024630427360534668, 2.183173418045044 
830, -0.02616259455680847, 1.9378185272216797 
831, -0.02548244595527649, 1.9298756122589111 
832, -0.02640700340270996, 2.0831494331359863 
833, -0.02416899800300598, 1.9258265495300293 
834, -0.0284329354763031, 2.2305080890655518 
835, -0.029124483466148376, 2.043550729751587 
836, -0.027822673320770264, 1.9059221744537354 
837, -0.023142963647842407, 2.043053150177002 
838, -0.02520972490310669, 1.9222133159637451 
839, -0.027366116642951965, 2.063533067703247 
840, -0.02866445481777191, 1.9538061618804932 
841, -0.021824344992637634, 1.9864680767059326 
842, -0.0252293199300766, 1.9153313636779785 
843, -0.022720351815223694, 1.927736759185791 
844, -0.022602781653404236, 2.026224136352539 
845, -0.02390417456626892, 1.920518398284912 
846, -0.021280795335769653, 1.987241506576538 
847, -0.026313185691833496, 2.0660016536712646 
848, -0.021946460008621216, 1.8901033401489258 
849, -0.02051880955696106, 1.9155118465423584 
850, -0.023436889052391052, 2.0716099739074707 
851, -0.02542051672935486, 1.9245798587799072 
852, -0.02222275733947754, 2.140592336654663 
853, -0.0235336571931839, 2.1148293018341064 
854, -0.02713876962661743, 2.0909557342529297 
855, -0.025843024253845215, 1.9161784648895264 
856, -0.020770356059074402, 2.061911106109619 
857, -0.023351266980171204, 1.9228391647338867 
858, -0.02284446358680725, 2.041611671447754 
859, -0.02447451651096344, 1.9094939231872559 
860, -0.02090415358543396, 1.9204225540161133 
861, -0.024965345859527588, 2.0387701988220215 
862, -0.02407240867614746, 1.9134783744812012 
863, -0.024103358387947083, 2.036902904510498 
864, -0.028528913855552673, 1.9275918006896973 
865, -0.022955119609832764, 1.9876484870910645 
866, -0.02736876904964447, 1.9150474071502686 
867, -0.025965198874473572, 2.0698986053466797 
868, -0.02635882794857025, 1.9481048583984375 
869, -0.027366861701011658, 1.9109768867492676 
870, -0.02145904302597046, 2.2245209217071533 
871, -0.02528795599937439, 2.007979393005371 
872, -0.022368192672729492, 1.957465648651123 
873, -0.024495631456375122, 2.032212018966675 
874, -0.026878923177719116, 1.947035551071167 
875, -0.0253182053565979, 1.9025228023529053 
876, -0.025627240538597107, 1.959078311920166 
877, -0.03294520080089569, 2.174356460571289 
878, -0.027802035212516785, 1.9995768070220947 
879, -0.028030365705490112, 2.044865846633911 
880, -0.026650577783584595, 2.0568418502807617 
881, -0.03015981614589691, 2.1788971424102783 
882, -0.029631197452545166, 1.9355754852294922 
883, -0.02978573739528656, 2.0520758628845215 
884, -0.027827605605125427, 2.1701276302337646 
885, -0.02348490059375763, 1.9739551544189453 
886, -0.0230395644903183, 1.9910931587219238 
887, -0.025168418884277344, 2.203449010848999 
888, -0.024903982877731323, 2.043518304824829 
889, -0.020427003502845764, 2.215345621109009 
890, -0.02567276358604431, 2.6945407390594482 
891, -0.02258141338825226, 2.0700178146362305 
892, -0.021621868014335632, 1.921471357345581 
893, -0.026903286576271057, 1.917264699935913 
894, -0.02277660369873047, 2.1983697414398193 
895, -0.02164420485496521, 2.046431303024292 
896, -0.025239422917366028, 1.9728479385375977 
897, -0.026252582669258118, 1.9198997020721436 
898, -0.024578243494033813, 2.0574557781219482 
899, -0.026792779564857483, 2.1478819847106934 
900, -0.02839982509613037, 2.01467227935791 
901, -0.028384685516357422, 1.9919464588165283 
902, -0.028940826654434204, 2.0373756885528564 
903, -0.02992922067642212, 2.054457426071167 
904, -0.02753366529941559, 2.0282018184661865 
905, -0.02407948672771454, 1.9390170574188232 
906, -0.030820652842521667, 2.211545467376709 
907, -0.024601593613624573, 1.9256746768951416 
908, -0.028335869312286377, 1.9377002716064453 
909, -0.02396644651889801, 2.0574758052825928 
910, -0.025296032428741455, 1.9007391929626465 
911, -0.022999271750450134, 2.0341100692749023 
912, -0.026593193411827087, 1.8536856174468994 
913, -0.025332048535346985, 1.9717111587524414 
914, -0.020824939012527466, 2.161193609237671 
915, -0.024435266852378845, 2.211437225341797 
916, -0.025530919432640076, 2.1207070350646973 
917, -0.02928754687309265, 2.044511556625366 
918, -0.02769888937473297, 2.028630018234253 
919, -0.027295589447021484, 2.0346872806549072 
920, -0.02872784435749054, 1.9189860820770264 
921, -0.02506116032600403, 2.054539680480957 
922, -0.029655829071998596, 2.0525801181793213 
923, -0.02470119297504425, 1.9261560440063477 
924, -0.023426875472068787, 2.053553819656372 
925, -0.025841310620307922, 1.9453346729278564 
926, -0.03034050762653351, 2.029308319091797 
927, -0.030554041266441345, 1.9807894229888916 
928, -0.02198822796344757, 1.9421043395996094 
929, -0.02765604853630066, 2.0089709758758545 
930, -0.022715523838996887, 2.086778402328491 
931, -0.025682955980300903, 1.914222240447998 
932, -0.023101836442947388, 2.0186538696289062 
933, -0.02170722186565399, 2.1672263145446777 
934, -0.020528018474578857, 1.989084243774414 
935, -0.023075461387634277, 1.938330888748169 
936, -0.024560168385505676, 2.092698574066162 
937, -0.025384321808815002, 1.9586107730865479 
938, -0.02444414794445038, 1.917797565460205 
939, -0.028385236859321594, 1.9304296970367432 
940, -0.022712260484695435, 1.9381952285766602 
941, -0.026400968432426453, 2.0361828804016113 
942, -0.022492259740829468, 1.9956238269805908 
943, -0.025922566652297974, 2.000153064727783 
944, -0.026028424501419067, 1.958878993988037 
945, -0.024271652102470398, 2.1092491149902344 
946, -0.03292180597782135, 2.087374210357666 
947, -0.02572302520275116, 2.01804780960083 
948, -0.025321349501609802, 2.030200719833374 
949, -0.025242477655410767, 2.0480523109436035 
950, -0.022429868578910828, 1.9157063961029053 
951, -0.029516324400901794, 2.342116117477417 
952, -0.02513614296913147, 2.0627732276916504 
953, -0.027342572808265686, 2.178945302963257 
954, -0.029662996530532837, 1.9329090118408203 
955, -0.03051261603832245, 1.9094231128692627 
956, -0.026872947812080383, 2.026390552520752 
957, -0.026890143752098083, 1.950242519378662 
958, -0.02962784469127655, 2.1123292446136475 
959, -0.02394510805606842, 2.0077383518218994 
960, -0.03256472945213318, 1.9793267250061035 
961, -0.025552883744239807, 2.403042793273926 
962, -0.02780596911907196, 2.01678729057312 
963, -0.026747867465019226, 2.0429954528808594 
964, -0.027057334780693054, 2.287114143371582 
965, -0.027470096945762634, 2.0305497646331787 
966, -0.023632049560546875, 2.0559582710266113 
967, -0.02662821114063263, 2.0287656784057617 
968, -0.029905781149864197, 1.929145097732544 
969, -0.02956169843673706, 2.0002329349517822 
970, -0.02783273160457611, 1.9244494438171387 
971, -0.031080394983291626, 2.122645139694214 
972, -0.0292738676071167, 1.8847663402557373 
973, -0.029420405626296997, 1.9599411487579346 
974, -0.03218492865562439, 2.0538341999053955 
975, -0.03475755453109741, 1.971768856048584 
976, -0.03345350921154022, 2.2115073204040527 
977, -0.032686516642570496, 2.195615768432617 
978, -0.03100992739200592, 1.9095022678375244 
979, -0.030961453914642334, 1.9526073932647705 
980, -0.029257312417030334, 2.6697781085968018 
981, -0.034078195691108704, 2.228189706802368 
982, -0.031405702233314514, 1.9051949977874756 
983, -0.03115248680114746, 1.9528062343597412 
984, -0.03018645942211151, 1.9145665168762207 
985, -0.030324697494506836, 1.9245061874389648 
986, -0.02975878119468689, 2.0248665809631348 
987, -0.031568944454193115, 2.0685741901397705 
988, -0.02783893048763275, 1.9222407341003418 
989, -0.027908772230148315, 2.0754520893096924 
990, -0.0246705561876297, 1.9903850555419922 
991, -0.027889743447303772, 2.1493968963623047 
992, -0.024271085858345032, 2.0399651527404785 
993, -0.024539515376091003, 1.9542944431304932 
994, -0.030345410108566284, 1.9132251739501953 
995, -0.023826926946640015, 2.034318447113037 
996, -0.02885490655899048, 1.9675328731536865 
997, -0.028712227940559387, 2.1931562423706055 
998, -0.029787495732307434, 2.177663803100586 
999, -0.029729023575782776, 1.9146034717559814 
