Iteration, loss, time 
0, 1.2328877449035645, 0.6495578289031982, 0.32755255699157715, 0.31264233589172363 
1, 1.1893917322158813, 0.6000533103942871, 0.30719709396362305, 0.29075169563293457 
2, 1.14692223072052, 0.6096723079681396, 0.3046746253967285, 0.3029000759124756 
3, 1.1053435802459717, 0.6206028461456299, 0.3101012706756592, 0.30821824073791504 
4, 1.0646706819534302, 0.6198196411132812, 0.32076215744018555, 0.29677653312683105 
5, 1.0240700244903564, 0.6196944713592529, 0.31157708168029785, 0.30585551261901855 
6, 0.9846917986869812, 0.6155822277069092, 0.30875229835510254, 0.30457639694213867 
7, 0.9465469121932983, 0.6119091510772705, 0.3110313415527344, 0.2986776828765869 
8, 0.9100229740142822, 0.6063940525054932, 0.30083441734313965, 0.3033785820007324 
9, 0.8746694326400757, 0.6171619892120361, 0.3122434616088867, 0.30263805389404297 
10, 0.8401822447776794, 0.6082696914672852, 0.30535316467285156, 0.3007655143737793 
11, 0.8064526319503784, 0.6091446876525879, 0.30910611152648926, 0.2978978157043457 
12, 0.7734755277633667, 0.614102840423584, 0.30923962593078613, 0.30266618728637695 
13, 0.741278886795044, 0.6188499927520752, 0.3139653205871582, 0.30233216285705566 
14, 0.7098679542541504, 0.611628532409668, 0.3087491989135742, 0.30059218406677246 
15, 0.679424524307251, 0.6257824897766113, 0.3091726303100586, 0.3142855167388916 
16, 0.649924099445343, 0.6092724800109863, 0.30327820777893066, 0.30385613441467285 
17, 0.621281623840332, 0.6187808513641357, 0.3113894462585449, 0.30485963821411133 
18, 0.5939416885375977, 0.6110634803771973, 0.3066411018371582, 0.30221080780029297 
19, 0.5674487948417664, 0.6126608848571777, 0.31180906295776367, 0.29837775230407715 
20, 0.5417335033416748, 0.625514030456543, 0.31832075119018555, 0.30496740341186523 
21, 0.5158502459526062, 0.6234281063079834, 0.3198692798614502, 0.3014335632324219 
22, 0.4896853268146515, 0.6238498687744141, 0.322803258895874, 0.29885339736938477 
23, 0.4633694291114807, 0.6288578510284424, 0.3225076198577881, 0.30402302742004395 
24, 0.43716925382614136, 0.6264867782592773, 0.3249630928039551, 0.29931116104125977 
25, 0.4112728536128998, 0.6260223388671875, 0.3242964744567871, 0.2994990348815918 
26, 0.3855539560317993, 0.6180145740509033, 0.3155250549316406, 0.2997620105743408 
27, 0.3602588474750519, 0.6230051517486572, 0.3181779384613037, 0.30255603790283203 
28, 0.3355165123939514, 0.614142894744873, 0.3164830207824707, 0.29546260833740234 
29, 0.3114123046398163, 0.6241917610168457, 0.3188471794128418, 0.3032040596008301 
30, 0.28760990500450134, 0.633791446685791, 0.3245096206665039, 0.3072035312652588 
31, 0.26485204696655273, 0.624793529510498, 0.32198286056518555, 0.3006737232208252 
32, 0.2434913069009781, 0.6147375106811523, 0.31604480743408203, 0.29655909538269043 
33, 0.2223888486623764, 0.6376733779907227, 0.32355237007141113, 0.31186914443969727 
34, 0.20321238040924072, 0.6152119636535645, 0.3112599849700928, 0.30184364318847656 
35, 0.1864563226699829, 0.6194546222686768, 0.3090038299560547, 0.30825042724609375 
36, 0.17029090225696564, 0.6151187419891357, 0.30396509170532227, 0.30899763107299805 
37, 0.15464000403881073, 0.6227974891662598, 0.3108193874359131, 0.3096940517425537 
38, 0.1394558548927307, 0.6057231426239014, 0.30095863342285156, 0.3025929927825928 
39, 0.12474200129508972, 0.6235616207122803, 0.3140838146209717, 0.3073129653930664 
40, 0.11033695936203003, 0.618556022644043, 0.31254053115844727, 0.30385351181030273 
41, 0.09656569361686707, 0.6126635074615479, 0.30584073066711426, 0.30459094047546387 
42, 0.08272626996040344, 0.6212103366851807, 0.3115575313568115, 0.30739474296569824 
43, 0.06915394961833954, 0.6245946884155273, 0.3123443126678467, 0.3100008964538574 
44, 0.05564180016517639, 0.609065055847168, 0.3078904151916504, 0.2988865375518799 
45, 0.042208582162857056, 0.6240856647491455, 0.3076322078704834, 0.3125574588775635 
46, 0.029013529419898987, 0.6109440326690674, 0.30731701850891113, 0.30144238471984863 
47, 0.015865474939346313, 0.6323089599609375, 0.314333438873291, 0.31573939323425293 
48, 0.0027783215045928955, 0.6397221088409424, 0.3122715950012207, 0.32486605644226074 
49, -0.010196194052696228, 0.634871244430542, 0.3197813034057617, 0.3122084140777588 
50, -0.022908106446266174, 0.6206614971160889, 0.31217432022094727, 0.30632972717285156 
51, -0.03545725345611572, 0.6196854114532471, 0.3076329231262207, 0.3099071979522705 
52, -0.04802079498767853, 0.6359667778015137, 0.3280158042907715, 0.30582475662231445 
53, -0.060490965843200684, 0.6210200786590576, 0.30524230003356934, 0.31356167793273926 
54, -0.07273061573505402, 0.619805097579956, 0.3117380142211914, 0.3058786392211914 
55, -0.08462002873420715, 0.6270568370819092, 0.3101379871368408, 0.31462621688842773 
56, -0.09620669484138489, 0.615062952041626, 0.3130002021789551, 0.2999899387359619 
57, -0.10740259289741516, 0.6194803714752197, 0.3074972629547119, 0.3098475933074951 
58, -0.11824522912502289, 0.619781494140625, 0.30808115005493164, 0.30954813957214355 
59, -0.1286904513835907, 0.6137843132019043, 0.3052823543548584, 0.3061709403991699 
60, -0.1386757791042328, 0.6267218589782715, 0.31409406661987305, 0.3103320598602295 
61, -0.14828912913799286, 0.6241133213043213, 0.3088867664337158, 0.3130066394805908 
62, -0.1572784185409546, 0.6139845848083496, 0.3148617744445801, 0.2970235347747803 
63, -0.16539037227630615, 0.6170873641967773, 0.3049001693725586, 0.30983567237854004 
64, -0.17294183373451233, 0.6219894886016846, 0.31070923805236816, 0.3091084957122803 
65, -0.18032248318195343, 0.6181223392486572, 0.3064606189727783, 0.30951929092407227 
66, -0.18769849836826324, 0.6145811080932617, 0.3080897331237793, 0.304288387298584 
67, -0.19479352235794067, 0.6215252876281738, 0.3123946189880371, 0.3069295883178711 
68, -0.2016533613204956, 0.633350133895874, 0.32445383071899414, 0.3067467212677002 
69, -0.20867958664894104, 0.6289041042327881, 0.31672143936157227, 0.30994582176208496 
70, -0.21585801243782043, 0.6460366249084473, 0.3243122100830078, 0.31946420669555664 
71, -0.22326701879501343, 0.6277599334716797, 0.32405757904052734, 0.3014974594116211 
72, -0.2307073026895523, 0.616466760635376, 0.30851101875305176, 0.3057234287261963 
73, -0.23759868741035461, 0.6325063705444336, 0.32185840606689453, 0.30850744247436523 
74, -0.24466080963611603, 0.6335301399230957, 0.3285365104675293, 0.30286407470703125 
75, -0.25226426124572754, 0.6252782344818115, 0.3178403377532959, 0.3049051761627197 
76, -0.259909987449646, 0.6317903995513916, 0.3201594352722168, 0.30948781967163086 
77, -0.2674880027770996, 0.6255230903625488, 0.32646608352661133, 0.2965223789215088 
78, -0.274840772151947, 0.6271681785583496, 0.3173086643218994, 0.30766916275024414 
79, -0.282107412815094, 0.6345319747924805, 0.323436975479126, 0.3084073066711426 
80, -0.28925758600234985, 0.6419739723205566, 0.32787251472473145, 0.3119387626647949 
81, -0.29609668254852295, 0.6253929138183594, 0.3175048828125, 0.30573487281799316 
82, -0.30264991521835327, 0.6343395709991455, 0.3251488208770752, 0.30708932876586914 
83, -0.3089228570461273, 0.6339020729064941, 0.32718443870544434, 0.30455827713012695 
84, -0.3150203227996826, 0.6317269802093506, 0.3203432559967041, 0.3091468811035156 
85, -0.3208954930305481, 0.6403295993804932, 0.32732152938842773, 0.3108518123626709 
86, -0.32652613520622253, 0.638845682144165, 0.3260180950164795, 0.3105900287628174 
87, -0.33196020126342773, 0.6268529891967773, 0.32213568687438965, 0.302534818649292 
88, -0.33724719285964966, 0.6387624740600586, 0.3233828544616699, 0.3130676746368408 
89, -0.34253111481666565, 0.6293768882751465, 0.3173685073852539, 0.3099536895751953 
90, -0.3476093113422394, 0.6322357654571533, 0.32552647590637207, 0.3045668601989746 
91, -0.35264819860458374, 0.6397569179534912, 0.32058095932006836, 0.3169281482696533 
92, -0.3577178120613098, 0.6393976211547852, 0.32354140281677246, 0.3135838508605957 
93, -0.36268818378448486, 0.6260912418365479, 0.32133960723876953, 0.3025631904602051 
94, -0.3672075867652893, 0.6363096237182617, 0.32168102264404297, 0.3114433288574219 
95, -0.3715941309928894, 0.6394331455230713, 0.3389933109283447, 0.29793763160705566 
96, -0.3758489489555359, 0.6445622444152832, 0.3287186622619629, 0.31334900856018066 
97, -0.37985366582870483, 0.6275191307067871, 0.32053160667419434, 0.304793119430542 
98, -0.383622944355011, 0.6348490715026855, 0.32524847984313965, 0.30743837356567383 
99, -0.3872743844985962, 0.6254355907440186, 0.3184187412261963, 0.304776668548584 
100, -0.3907475471496582, 0.6497406959533691, 0.3319852352142334, 0.315479040145874 
101, -0.3940895199775696, 0.6323690414428711, 0.3266723155975342, 0.30364513397216797 
102, -0.39724183082580566, 0.6282312870025635, 0.31857824325561523, 0.3074824810028076 
103, -0.4002329111099243, 0.6387622356414795, 0.32283997535705566, 0.3136317729949951 
104, -0.4030432105064392, 0.6326243877410889, 0.32153987884521484, 0.3087739944458008 
105, -0.406048446893692, 0.6234915256500244, 0.3190767765045166, 0.3020143508911133 
106, -0.4090923070907593, 0.6361699104309082, 0.32488012313842773, 0.30901384353637695 
107, -0.41208910942077637, 0.6254439353942871, 0.3246152400970459, 0.298703670501709 
108, -0.4146190285682678, 0.6337134838104248, 0.32149171829223633, 0.3099699020385742 
109, -0.41701507568359375, 0.6335875988006592, 0.3230412006378174, 0.30841922760009766 
110, -0.4194040298461914, 0.6303980350494385, 0.325833797454834, 0.3023257255554199 
111, -0.4214951992034912, 0.6245224475860596, 0.321305513381958, 0.3010540008544922 
112, -0.42352211475372314, 0.6303939819335938, 0.3208591938018799, 0.3072676658630371 
113, -0.4255550503730774, 0.6278378963470459, 0.3271927833557129, 0.29859304428100586 
114, -0.42747360467910767, 0.6316201686859131, 0.3168766498565674, 0.31244492530822754 
115, -0.42920762300491333, 0.630763053894043, 0.3173091411590576, 0.31122636795043945 
116, -0.43084511160850525, 0.6390659809112549, 0.3248271942138672, 0.31150150299072266 
117, -0.4325082004070282, 0.6285555362701416, 0.32297277450561523, 0.3034381866455078 
118, -0.4341720938682556, 0.6323871612548828, 0.3222527503967285, 0.30792999267578125 
119, -0.4358086884021759, 0.6325118541717529, 0.3288092613220215, 0.30161070823669434 
120, -0.4372504949569702, 0.6272811889648438, 0.32075953483581543, 0.3043253421783447 
121, -0.4386124014854431, 0.6327931880950928, 0.325563907623291, 0.30502963066101074 
122, -0.43992578983306885, 0.6367535591125488, 0.3232264518737793, 0.3112912178039551 
123, -0.44117265939712524, 0.6230931282043457, 0.3224985599517822, 0.29838991165161133 
124, -0.44229090213775635, 0.6316409111022949, 0.3228874206542969, 0.306577205657959 
125, -0.4436365067958832, 0.6335787773132324, 0.32337188720703125, 0.30800557136535645 
126, -0.445081889629364, 0.6341581344604492, 0.3246266841888428, 0.3072926998138428 
127, -0.44634875655174255, 0.616997480392456, 0.307464599609375, 0.30721569061279297 
128, -0.4471459984779358, 0.6161496639251709, 0.309589147567749, 0.3042631149291992 
129, -0.4476649761199951, 0.6310577392578125, 0.3235588073730469, 0.3052785396575928 
130, -0.44839751720428467, 0.6316506862640381, 0.320598840713501, 0.3088064193725586 
131, -0.44931671023368835, 0.6413748264312744, 0.33317112922668457, 0.3061389923095703 
132, -0.45022910833358765, 0.6251332759857178, 0.3188517093658447, 0.30407285690307617 
133, -0.45127347111701965, 0.623232364654541, 0.3240044116973877, 0.29682016372680664 
134, -0.452425479888916, 0.6337902545928955, 0.3222634792327881, 0.3091607093811035 
135, -0.45350348949432373, 0.6198897361755371, 0.3201003074645996, 0.2976949214935303 
136, -0.4544413983821869, 0.6360499858856201, 0.32621216773986816, 0.3076646327972412 
137, -0.45563560724258423, 0.6349492073059082, 0.32413434982299805, 0.30866217613220215 
138, -0.4569205343723297, 0.6210803985595703, 0.3137483596801758, 0.3050553798675537 
139, -0.4582825005054474, 0.6382794380187988, 0.3235890865325928, 0.3125016689300537 
140, -0.4595077931880951, 0.6366133689880371, 0.3258516788482666, 0.3081929683685303 
141, -0.4603647291660309, 0.7568356990814209, 0.32337403297424316, 0.3043363094329834 
142, -0.46123218536376953, 0.6628367900848389, 0.33917975425720215, 0.3211400508880615 
143, -0.4623684883117676, 0.6292762756347656, 0.3198988437652588, 0.3068835735321045 
144, -0.4635849595069885, 0.6298565864562988, 0.3200106620788574, 0.3076801300048828 
145, -0.46448636054992676, 0.6280984878540039, 0.31390953063964844, 0.31196141242980957 
146, -0.46496301889419556, 0.630274772644043, 0.3230900764465332, 0.30503320693969727 
147, -0.4655941128730774, 0.6228530406951904, 0.32273340225219727, 0.297837495803833 
148, -0.4661390781402588, 0.6223232746124268, 0.310452938079834, 0.3096296787261963 
149, -0.4664643406867981, 0.6236982345581055, 0.31699204444885254, 0.3046104907989502 
150, -0.4666266441345215, 0.6146504878997803, 0.30405664443969727, 0.30837392807006836 
151, -0.46626508235931396, 0.6295657157897949, 0.321958065032959, 0.30540919303894043 
152, -0.46614497900009155, 0.6418354511260986, 0.3251516819000244, 0.31452155113220215 
153, -0.4662402868270874, 0.6197082996368408, 0.31804752349853516, 0.2994382381439209 
154, -0.466499388217926, 0.6107652187347412, 0.30715060234069824, 0.3014073371887207 
155, -0.4665912389755249, 0.6434011459350586, 0.33032655715942383, 0.30823373794555664 
156, -0.4668327569961548, 0.6162092685699463, 0.3060417175292969, 0.3076632022857666 
157, -0.4666886627674103, 0.6144583225250244, 0.3101003170013428, 0.30217957496643066 
158, -0.46615952253341675, 0.6203582286834717, 0.30901384353637695, 0.3086564540863037 
159, -0.465226411819458, 0.6323487758636475, 0.3252701759338379, 0.30489134788513184 
160, -0.4647233188152313, 0.630683422088623, 0.31886839866638184, 0.3096201419830322 
161, -0.46466222405433655, 0.629051685333252, 0.32103490829467773, 0.3056652545928955 
162, -0.46502721309661865, 0.6233460903167725, 0.31725645065307617, 0.3038668632507324 
163, -0.4656284749507904, 0.6287479400634766, 0.32268786430358887, 0.30383825302124023 
164, -0.46616706252098083, 0.6299278736114502, 0.32448768615722656, 0.3033125400543213 
165, -0.4668865501880646, 0.6324822902679443, 0.3288238048553467, 0.30158281326293945 
166, -0.4677354395389557, 0.625758171081543, 0.3183584213256836, 0.30513596534729004 
167, -0.4685094654560089, 0.6331501007080078, 0.3269169330596924, 0.3036162853240967 
168, -0.4691596031188965, 0.6227715015411377, 0.316009521484375, 0.30449485778808594 
169, -0.46969932317733765, 0.6302521228790283, 0.3253974914550781, 0.3026773929595947 
170, -0.47030556201934814, 0.6402726173400879, 0.3232841491699219, 0.31478404998779297 
171, -0.47063595056533813, 0.6321792602539062, 0.3267252445220947, 0.30327606201171875 
172, -0.47108128666877747, 0.6374983787536621, 0.3213489055633545, 0.3140079975128174 
173, -0.47160714864730835, 0.6449592113494873, 0.3213198184967041, 0.3204808235168457 
174, -0.47191691398620605, 0.6233086585998535, 0.319307804107666, 0.30188965797424316 
175, -0.472047358751297, 0.6346163749694824, 0.3240995407104492, 0.30837321281433105 
176, -0.47220367193222046, 0.6309385299682617, 0.3214707374572754, 0.30724120140075684 
177, -0.4723535180091858, 0.6303074359893799, 0.3297767639160156, 0.2983438968658447 
178, -0.4725559949874878, 0.6289961338043213, 0.31977295875549316, 0.30698490142822266 
179, -0.47284120321273804, 0.6223747730255127, 0.3111121654510498, 0.3091297149658203 
180, -0.4725557565689087, 0.6096799373626709, 0.30508852005004883, 0.3025496006011963 
181, -0.472051739692688, 0.6259634494781494, 0.3082122802734375, 0.3140909671783447 
182, -0.471407413482666, 0.6180946826934814, 0.3121781349182129, 0.3036689758300781 
183, -0.47054776549339294, 0.6172587871551514, 0.30912160873413086, 0.3059976100921631 
184, -0.4694541096687317, 0.6090946197509766, 0.3044297695159912, 0.302457332611084 
185, -0.46805429458618164, 0.6360406875610352, 0.3233029842376709, 0.3105299472808838 
186, -0.4672299325466156, 0.6220812797546387, 0.3213651180267334, 0.29854917526245117 
187, -0.46701937913894653, 0.6174540519714355, 0.3109095096588135, 0.3043632507324219 
188, -0.46641770005226135, 0.6270136833190918, 0.31280040740966797, 0.31200432777404785 
189, -0.46534353494644165, 0.631047248840332, 0.3161773681640625, 0.3125643730163574 
190, -0.46409767866134644, 0.615746259689331, 0.3069570064544678, 0.3065910339355469 
191, -0.46254217624664307, 0.624509334564209, 0.30886006355285645, 0.3133678436279297 
192, -0.46058520674705505, 0.6191127300262451, 0.3135242462158203, 0.3033905029296875 
193, -0.4584144949913025, 0.618474006652832, 0.30493688583374023, 0.31133222579956055 
194, -0.4561188519001007, 0.6128418445587158, 0.30733537673950195, 0.3032677173614502 
195, -0.4536418318748474, 0.6291251182556152, 0.31290173530578613, 0.31383514404296875 
196, -0.45109063386917114, 0.607647180557251, 0.3063204288482666, 0.2991325855255127 
197, -0.448808878660202, 0.6193132400512695, 0.31441783905029297, 0.30275678634643555 
198, -0.4469684660434723, 0.6219403743743896, 0.31632208824157715, 0.30338120460510254 
199, -0.4454185664653778, 0.6198501586914062, 0.31005001068115234, 0.3076515197753906 
200, -0.44432926177978516, 0.6192691326141357, 0.3066370487213135, 0.3103647232055664 
201, -0.44372498989105225, 0.6182811260223389, 0.30699634552001953, 0.30909204483032227 
202, -0.4434792697429657, 0.6225855350494385, 0.3202629089355469, 0.30011892318725586 
203, -0.44382762908935547, 0.6120457649230957, 0.30436110496520996, 0.3054180145263672 
204, -0.4443197548389435, 0.6182436943054199, 0.3164210319519043, 0.2997405529022217 
205, -0.44479525089263916, 0.6208508014678955, 0.3088812828063965, 0.3097355365753174 
206, -0.4454494118690491, 0.6191360950469971, 0.3084697723388672, 0.3050198554992676 
207, -0.4460979402065277, 0.6180586814880371, 0.3110039234161377, 0.3048548698425293 
208, -0.4463706612586975, 0.609168529510498, 0.3075137138366699, 0.29938244819641113 
209, -0.44659656286239624, 0.613131046295166, 0.30840420722961426, 0.3024773597717285 
210, -0.446833997964859, 0.6253294944763184, 0.3123204708099365, 0.3108081817626953 
211, -0.4470406770706177, 0.6234045028686523, 0.3146045207977295, 0.3065962791442871 
212, -0.447845995426178, 0.6368558406829834, 0.3261535167694092, 0.30847620964050293 
213, -0.44917160272598267, 0.629664421081543, 0.3191261291503906, 0.30829501152038574 
214, -0.4507766664028168, 0.6258256435394287, 0.3247206211090088, 0.29886364936828613 
215, -0.4526241719722748, 0.6412203311920166, 0.3296477794647217, 0.30896925926208496 
216, -0.4545978605747223, 0.6361138820648193, 0.32619380950927734, 0.30788683891296387 
217, -0.4566037952899933, 0.623652458190918, 0.32042527198791504, 0.3009631633758545 
218, -0.4586884677410126, 0.6274161338806152, 0.32137298583984375, 0.3038508892059326 
219, -0.46079814434051514, 0.6362814903259277, 0.3265566825866699, 0.3062725067138672 
220, -0.46284785866737366, 0.6216590404510498, 0.32100629806518555, 0.29848623275756836 
221, -0.4644731879234314, 0.6279969215393066, 0.31936216354370117, 0.30652713775634766 
222, -0.46588224172592163, 0.6367254257202148, 0.3286585807800293, 0.3055880069732666 
223, -0.46698954701423645, 0.6196823120117188, 0.3127562999725342, 0.30469632148742676 
224, -0.4680556356906891, 0.6268272399902344, 0.32143163681030273, 0.3026704788208008 
225, -0.4684807360172272, 0.6424868106842041, 0.3263092041015625, 0.3139495849609375 
226, -0.4690074920654297, 0.6205074787139893, 0.3226766586303711, 0.2957279682159424 
227, -0.4697785973548889, 0.6308646202087402, 0.3224620819091797, 0.306182861328125 
228, -0.47034549713134766, 0.6357882022857666, 0.32556843757629395, 0.3080637454986572 
229, -0.47093719244003296, 0.6203584671020508, 0.31642913818359375, 0.3017895221710205 
230, -0.4714193344116211, 0.6225745677947998, 0.3101081848144531, 0.30933666229248047 
231, -0.471535325050354, 0.6161203384399414, 0.30565571784973145, 0.307788610458374 
232, -0.4713479280471802, 0.6442601680755615, 0.3393213748931885, 0.3028378486633301 
233, -0.4705621600151062, 0.6104719638824463, 0.30175185203552246, 0.3065071105957031 
234, -0.4694766700267792, 0.6261472702026367, 0.3146026134490967, 0.3093602657318115 
235, -0.4682939350605011, 0.6350884437561035, 0.3281826972961426, 0.30426692962646484 
236, -0.466729998588562, 0.6133739948272705, 0.3109867572784424, 0.30036258697509766 
237, -0.46506282687187195, 0.6337389945983887, 0.32751035690307617, 0.3036010265350342 
238, -0.46337100863456726, 0.6207966804504395, 0.3131906986236572, 0.3054933547973633 
239, -0.46163925528526306, 0.6108067035675049, 0.30567407608032227, 0.30261754989624023 
240, -0.45978787541389465, 0.6292879581451416, 0.30932140350341797, 0.3177931308746338 
241, -0.457715779542923, 0.6206552982330322, 0.31764817237854004, 0.3008759021759033 
242, -0.45614680647850037, 0.6239659786224365, 0.31135010719299316, 0.3104703426361084 
243, -0.45437729358673096, 0.6123785972595215, 0.3049130439758301, 0.3053293228149414 
244, -0.45315122604370117, 0.6214017868041992, 0.31507110595703125, 0.3041853904724121 
245, -0.45199817419052124, 0.6138725280761719, 0.3070030212402344, 0.3046727180480957 
246, -0.45046842098236084, 0.6221463680267334, 0.3104267120361328, 0.3094947338104248 
247, -0.44896629452705383, 0.623725175857544, 0.3240368366241455, 0.2971158027648926 
248, -0.4481523931026459, 0.6303493976593018, 0.3178832530975342, 0.3102409839630127 
249, -0.4479946494102478, 0.6299097537994385, 0.3229024410247803, 0.30425405502319336 
250, -0.44831597805023193, 0.6350364685058594, 0.32318997383117676, 0.3098006248474121 
251, -0.44912612438201904, 0.6236684322357178, 0.3152151107788086, 0.3058176040649414 
252, -0.4502227008342743, 0.6417696475982666, 0.3266935348510742, 0.3129312992095947 
253, -0.4517284631729126, 0.6211972236633301, 0.31868481636047363, 0.2999684810638428 
254, -0.45337849855422974, 0.6286084651947021, 0.32183837890625, 0.3043942451477051 
255, -0.4553227126598358, 0.6312086582183838, 0.3218722343444824, 0.3066749572753906 
256, -0.45715367794036865, 0.6303613185882568, 0.32277989387512207, 0.3054771423339844 
257, -0.45914825797080994, 0.6222236156463623, 0.3172116279602051, 0.3029036521911621 
258, -0.4612208604812622, 0.6422035694122314, 0.32464122772216797, 0.31531333923339844 
259, -0.4632827341556549, 0.6256554126739502, 0.3229207992553711, 0.30057334899902344 
260, -0.465216726064682, 0.6298682689666748, 0.32383084297180176, 0.3039379119873047 
261, -0.46645161509513855, 0.6215903759002686, 0.31034040451049805, 0.30901503562927246 
262, -0.46713951230049133, 0.6807217597961426, 0.37100839614868164, 0.3067138195037842 
263, -0.4677997827529907, 0.6234922409057617, 0.3151564598083496, 0.3059420585632324 
264, -0.4685845971107483, 0.6355304718017578, 0.32051801681518555, 0.3127014636993408 
265, -0.46863865852355957, 0.6343848705291748, 0.32599306106567383, 0.3062095642089844 
266, -0.4688681364059448, 0.6187465190887451, 0.30704784393310547, 0.3095054626464844 
267, -0.4689754843711853, 0.6297621726989746, 0.320925235748291, 0.3066558837890625 
268, -0.4692842960357666, 0.6261727809906006, 0.3131065368652344, 0.31083106994628906 
269, -0.4695569574832916, 0.6075642108917236, 0.3036458492279053, 0.3018324375152588 
270, -0.4695718586444855, 0.6336815357208252, 0.3241441249847412, 0.3073306083679199 
271, -0.46964266896247864, 0.6321628093719482, 0.32682275772094727, 0.3031449317932129 
272, -0.4697575271129608, 0.6350541114807129, 0.32224035263061523, 0.3106358051300049 
273, -0.4700465798377991, 0.6340353488922119, 0.3243885040283203, 0.30750036239624023 
274, -0.4704688489437103, 0.6352846622467041, 0.320131778717041, 0.3128998279571533 
275, -0.4707930386066437, 0.6293604373931885, 0.32468748092651367, 0.30260348320007324 
276, -0.4709075689315796, 0.6335384845733643, 0.32285499572753906, 0.30849575996398926 
277, -0.4710814356803894, 0.624981164932251, 0.3223259449005127, 0.30054211616516113 
278, -0.4715138375759125, 0.6312789916992188, 0.3212294578552246, 0.30787086486816406 
279, -0.47196272015571594, 0.6324126720428467, 0.31995320320129395, 0.3102071285247803 
280, -0.47230270504951477, 0.6308820247650146, 0.32413482666015625, 0.30468273162841797 
281, -0.4726702570915222, 0.6099183559417725, 0.3045461177825928, 0.30277347564697266 
282, -0.4728642404079437, 0.6295380592346191, 0.32018351554870605, 0.3071935176849365 
283, -0.47319188714027405, 0.608243465423584, 0.31094884872436523, 0.2946600914001465 
284, -0.473262220621109, 0.6192138195037842, 0.31041431427001953, 0.3066697120666504 
285, -0.4729667603969574, 0.6283116340637207, 0.3220195770263672, 0.304046630859375 
286, -0.47295814752578735, 0.6341845989227295, 0.32476043701171875, 0.30736231803894043 
287, -0.4728603959083557, 0.6100435256958008, 0.3041841983795166, 0.3037223815917969 
288, -0.4725015163421631, 0.6231181621551514, 0.3147752285003662, 0.30631160736083984 
289, -0.4719577133655548, 0.6280026435852051, 0.32297372817993164, 0.30289411544799805 
290, -0.4717754125595093, 0.6266775131225586, 0.3153812885284424, 0.3091764450073242 
291, -0.47168654203414917, 0.6296646595001221, 0.32118654251098633, 0.30629920959472656 
292, -0.47168096899986267, 0.6287841796875, 0.3193187713623047, 0.3073585033416748 
293, -0.47197139263153076, 0.6161766052246094, 0.31455278396606445, 0.2995450496673584 
294, -0.4724929928779602, 0.7869060039520264, 0.32680249214172363, 0.45740246772766113 
295, -0.4730178117752075, 0.612724781036377, 0.30716776847839355, 0.3033616542816162 
296, -0.47315144538879395, 0.6278979778289795, 0.3228898048400879, 0.30240964889526367 
297, -0.47344014048576355, 0.6345055103302002, 0.3232741355895996, 0.30907750129699707 
298, -0.4734725058078766, 0.6142117977142334, 0.311629056930542, 0.30014777183532715 
299, -0.4733692407608032, 0.6090540885925293, 0.3042304515838623, 0.30276942253112793 
300, -0.47298434376716614, 0.6414148807525635, 0.32369351387023926, 0.31321072578430176 
301, -0.47287988662719727, 0.625213623046875, 0.3291201591491699, 0.29395532608032227 
302, -0.4730425179004669, 0.6291813850402832, 0.31888842582702637, 0.3080904483795166 
303, -0.47319090366363525, 0.6161301136016846, 0.30540919303894043, 0.3084893226623535 
304, -0.47326749563217163, 0.6387395858764648, 0.3258342742919922, 0.31063103675842285 
305, -0.47328996658325195, 0.6973476409912109, 0.3150038719177246, 0.30850672721862793 
306, -0.47348225116729736, 0.6372654438018799, 0.3300478458404541, 0.3050856590270996 
307, -0.4737502634525299, 0.6281416416168213, 0.32395029067993164, 0.3020164966583252 
308, -0.4740219712257385, 0.6196601390838623, 0.308011531829834, 0.3091251850128174 
309, -0.47405382990837097, 0.6289162635803223, 0.32203054428100586, 0.3047478199005127 
310, -0.47400766611099243, 0.619849681854248, 0.310685396194458, 0.30652403831481934 
311, -0.47385698556900024, 0.6103310585021973, 0.30611681938171387, 0.30207061767578125 
312, -0.4735468924045563, 0.6303572654724121, 0.31412458419799805, 0.31392621994018555 
313, -0.4730090796947479, 0.6228594779968262, 0.319704532623291, 0.3006601333618164 
314, -0.47274652123451233, 0.6328601837158203, 0.32266998291015625, 0.30797243118286133 
315, -0.4728362262248993, 0.6279029846191406, 0.3192286491394043, 0.30646562576293945 
316, -0.47303906083106995, 0.633659839630127, 0.3245213031768799, 0.30698418617248535 
317, -0.473275363445282, 0.6295559406280518, 0.3210439682006836, 0.30628323554992676 
318, -0.4735337197780609, 0.6208658218383789, 0.3092818260192871, 0.3094305992126465 
319, -0.47357168793678284, 0.6202147006988525, 0.32306885719299316, 0.29501986503601074 
320, -0.47383618354797363, 0.6177291870117188, 0.3063082695007324, 0.3092613220214844 
321, -0.47385862469673157, 0.6242344379425049, 0.31227993965148926, 0.30982136726379395 
322, -0.4736374020576477, 0.6218783855438232, 0.3119080066680908, 0.30782628059387207 
323, -0.4731428027153015, 0.6269454956054688, 0.3135030269622803, 0.31131625175476074 
324, -0.47283515334129333, 0.640444278717041, 0.32701826095581055, 0.3111882209777832 
325, -0.47296008467674255, 0.6081292629241943, 0.3067350387573242, 0.2992744445800781 
326, -0.47273513674736023, 0.626624584197998, 0.31766605377197266, 0.3067343235015869 
327, -0.47268542647361755, 0.6316075325012207, 0.3222804069519043, 0.3071622848510742 
328, -0.4727741777896881, 0.6273641586303711, 0.3203580379486084, 0.3047623634338379 
329, -0.4731179177761078, 0.6056525707244873, 0.3040428161621094, 0.29955482482910156 
330, -0.47307902574539185, 0.6360945701599121, 0.3257286548614502, 0.3081951141357422 
331, -0.4731801450252533, 0.6252331733703613, 0.32419800758361816, 0.2989363670349121 
332, -0.47341805696487427, 0.6338748931884766, 0.32286763191223145, 0.3088221549987793 
333, -0.47346529364585876, 0.6205253601074219, 0.30791521072387695, 0.31040263175964355 
334, -0.4733729660511017, 0.6193575859069824, 0.3139674663543701, 0.30318713188171387 
335, -0.47306713461875916, 0.6328334808349609, 0.32003259658813477, 0.3107106685638428 
336, -0.4730544090270996, 0.6379954814910889, 0.3188645839691162, 0.31697654724121094 
337, -0.4731307625770569, 0.6380128860473633, 0.32877182960510254, 0.3070802688598633 
338, -0.47328829765319824, 0.6301238536834717, 0.3193929195404053, 0.3085315227508545 
339, -0.4735812842845917, 0.6231873035430908, 0.30859971046447754, 0.3123352527618408 
340, -0.47359806299209595, 0.6248199939727783, 0.31278491020202637, 0.30996203422546387 
341, -0.47338807582855225, 0.6103343963623047, 0.3051891326904297, 0.30264830589294434 
342, -0.47275039553642273, 0.6296977996826172, 0.3262009620666504, 0.30127835273742676 
343, -0.4721064567565918, 0.6261119842529297, 0.32424187660217285, 0.2992880344390869 
344, -0.4720078408718109, 0.6222367286682129, 0.3210620880126953, 0.29898548126220703 
345, -0.4720807671546936, 0.6263821125030518, 0.319232702255249, 0.3046417236328125 
346, -0.4723667502403259, 0.621835470199585, 0.3109467029571533, 0.30872535705566406 
347, -0.47237730026245117, 0.6152725219726562, 0.31070995330810547, 0.3020060062408447 
348, -0.47199490666389465, 0.6321418285369873, 0.3098564147949219, 0.3184812068939209 
349, -0.4715079069137573, 0.6159708499908447, 0.3089780807495117, 0.3043801784515381 
350, -0.47068512439727783, 0.6194605827331543, 0.30837297439575195, 0.3089003562927246 
351, -0.4695644974708557, 0.6203620433807373, 0.309354305267334, 0.30880141258239746 
352, -0.4680388867855072, 0.6394691467285156, 0.32886505126953125, 0.3084690570831299 
353, -0.46696537733078003, 0.6207988262176514, 0.31577634811401367, 0.30286645889282227 
354, -0.46647217869758606, 0.6295561790466309, 0.32419705390930176, 0.30318617820739746 
355, -0.46655192971229553, 0.7274484634399414, 0.32743048667907715, 0.3009793758392334 
356, -0.4670124053955078, 0.6379625797271729, 0.33060455322265625, 0.3052396774291992 
357, -0.467712938785553, 0.6167604923248291, 0.31023740768432617, 0.3039109706878662 
358, -0.46809884905815125, 0.6194138526916504, 0.3154439926147461, 0.30191516876220703 
359, -0.46819573640823364, 0.6274125576019287, 0.31509947776794434, 0.305605411529541 
360, -0.4684942960739136, 0.6364402770996094, 0.3285670280456543, 0.30579686164855957 
361, -0.4690620005130768, 0.6208956241607666, 0.318554162979126, 0.30025672912597656 
362, -0.46978965401649475, 0.6307971477508545, 0.3187713623046875, 0.30986642837524414 
363, -0.47042471170425415, 0.6280436515808105, 0.3211393356323242, 0.3047473430633545 
364, -0.47114482522010803, 0.6247420310974121, 0.3212432861328125, 0.3011493682861328 
365, -0.4719955623149872, 0.620363712310791, 0.31839418411254883, 0.29967617988586426 
366, -0.4726909101009369, 0.6329019069671631, 0.3229527473449707, 0.3077242374420166 
367, -0.4731031060218811, 0.6189019680023193, 0.3184969425201416, 0.298234224319458 
368, -0.4736456871032715, 0.6327290534973145, 0.32503843307495117, 0.3055698871612549 
369, -0.47421419620513916, 0.6355381011962891, 0.3252713680267334, 0.3080861568450928 
370, -0.4745732247829437, 0.6255881786346436, 0.3183314800262451, 0.30522775650024414 
371, -0.4748748242855072, 0.6106927394866943, 0.3012707233428955, 0.30719494819641113 
372, -0.4750191271305084, 0.6166813373565674, 0.30666542053222656, 0.3078174591064453 
373, -0.4749590754508972, 0.6143529415130615, 0.310805082321167, 0.30138731002807617 
374, -0.47474777698516846, 0.6134169101715088, 0.30610084533691406, 0.3051724433898926 
375, -0.47396305203437805, 0.6269521713256836, 0.3224215507507324, 0.30240774154663086 
376, -0.47359952330589294, 0.6320812702178955, 0.3235645294189453, 0.3063971996307373 
377, -0.47367799282073975, 0.621697187423706, 0.31516432762145996, 0.3043529987335205 
378, -0.4738364517688751, 0.6190531253814697, 0.31019163131713867, 0.3067467212677002 
379, -0.47362464666366577, 0.6140627861022949, 0.3097195625305176, 0.30215001106262207 
380, -0.47308704257011414, 0.6300666332244873, 0.32465386390686035, 0.3032562732696533 
381, -0.47285327315330505, 0.6270346641540527, 0.3207669258117676, 0.30408191680908203 
382, -0.47274869680404663, 0.623037576675415, 0.3132748603820801, 0.3075697422027588 
383, -0.47235023975372314, 0.6229312419891357, 0.3166680335998535, 0.304034948348999 
384, -0.4717428982257843, 0.6184756755828857, 0.30659055709838867, 0.30965495109558105 
385, -0.470903605222702, 0.6170930862426758, 0.3111593723297119, 0.30379366874694824 
386, -0.46986106038093567, 0.6186215877532959, 0.31052613258361816, 0.30594801902770996 
387, -0.46835261583328247, 0.6302149295806885, 0.322659969329834, 0.3052334785461426 
388, -0.46738964319229126, 0.617668867111206, 0.31438398361206055, 0.3010745048522949 
389, -0.46646547317504883, 0.6188182830810547, 0.31702709197998047, 0.29963231086730957 
390, -0.4659140408039093, 0.6210639476776123, 0.31139087677001953, 0.30748867988586426 
391, -0.46506696939468384, 0.6103763580322266, 0.30925822257995605, 0.2989966869354248 
392, -0.4639940857887268, 0.611255407333374, 0.30339694023132324, 0.3057248592376709 
393, -0.46282461285591125, 0.6220612525939941, 0.31123995780944824, 0.30867981910705566 
394, -0.4615820050239563, 0.620823860168457, 0.30724239349365234, 0.3112921714782715 
395, -0.46032068133354187, 0.6102895736694336, 0.30492067337036133, 0.30315613746643066 
396, -0.45874878764152527, 0.6231625080108643, 0.31365537643432617, 0.3071920871734619 
397, -0.4572186768054962, 0.6106994152069092, 0.30904221534729004, 0.29949021339416504 
398, -0.4555889368057251, 0.6234405040740967, 0.3123500347137451, 0.3082737922668457 
399, -0.45394399762153625, 0.6188020706176758, 0.31061649322509766, 0.3059573173522949 
400, -0.45213109254837036, 0.6289916038513184, 0.32201242446899414, 0.3046436309814453 
401, -0.4510703682899475, 0.6106188297271729, 0.3078181743621826, 0.30062246322631836 
402, -0.4499756097793579, 0.6159684658050537, 0.3064544200897217, 0.30725717544555664 
403, -0.449016273021698, 0.6217012405395508, 0.3177180290222168, 0.3018622398376465 
404, -0.4479604959487915, 0.629014253616333, 0.31621217727661133, 0.3106536865234375 
405, -0.44748470187187195, 0.6267673969268799, 0.31950855255126953, 0.3050713539123535 
406, -0.4477960765361786, 0.6341679096221924, 0.3226661682128906, 0.30929088592529297 
407, -0.4486604332923889, 0.6175522804260254, 0.3157694339752197, 0.29958581924438477 
408, -0.45003071427345276, 0.6249513626098633, 0.32063770294189453, 0.3020603656768799 
409, -0.45166894793510437, 0.6296155452728271, 0.324023962020874, 0.3034694194793701 
410, -0.45334771275520325, 0.6206076145172119, 0.31455039978027344, 0.3038921356201172 
411, -0.4553358852863312, 0.6342968940734863, 0.32388758659362793, 0.3082771301269531 
412, -0.45723095536231995, 0.6304893493652344, 0.32068705558776855, 0.3076443672180176 
413, -0.4591037631034851, 0.6232078075408936, 0.32593607902526855, 0.2947840690612793 
414, -0.4610728323459625, 0.625460147857666, 0.3174421787261963, 0.30577921867370605 
415, -0.4630599319934845, 0.6264779567718506, 0.3204925060272217, 0.3038158416748047 
416, -0.46495914459228516, 0.6267502307891846, 0.319171667098999, 0.3043961524963379 
417, -0.466438889503479, 0.6260411739349365, 0.3172483444213867, 0.306563138961792 
418, -0.4678751826286316, 0.6315362453460693, 0.32285189628601074, 0.3064610958099365 
419, -0.46904274821281433, 0.6116783618927002, 0.3082294464111328, 0.3012270927429199 
420, -0.4696212112903595, 0.6130931377410889, 0.3085942268371582, 0.3022170066833496 
421, -0.4699547290802002, 0.6262979507446289, 0.32485175132751465, 0.2992122173309326 
422, -0.4704245328903198, 0.6321964263916016, 0.3228006362915039, 0.3071863651275635 
423, -0.4709320068359375, 0.6295158863067627, 0.32405757904052734, 0.3032212257385254 
424, -0.4715094566345215, 0.6257987022399902, 0.31064724922180176, 0.31312012672424316 
425, -0.4718441665172577, 0.6133835315704346, 0.30552220344543457, 0.3056504726409912 
426, -0.4720293879508972, 0.6235964298248291, 0.31596946716308594, 0.30547618865966797 
427, -0.472050279378891, 0.6185078620910645, 0.31070899963378906, 0.30561375617980957 
428, -0.4719187319278717, 0.6108458042144775, 0.302445650100708, 0.30619359016418457 
429, -0.4716128706932068, 0.6225888729095459, 0.31168460845947266, 0.3087310791015625 
430, -0.4706149995326996, 0.6238641738891602, 0.307661771774292, 0.31397509574890137 
431, -0.4692835509777069, 0.6060009002685547, 0.31119346618652344, 0.29267048835754395 
432, -0.4678541421890259, 0.61592698097229, 0.30828261375427246, 0.3054492473602295 
433, -0.4662621021270752, 0.6182205677032471, 0.3138446807861328, 0.30220723152160645 
434, -0.46438953280448914, 0.6242682933807373, 0.3143284320831299, 0.30734896659851074 
435, -0.46234217286109924, 0.6288001537322998, 0.3085205554962158, 0.3179938793182373 
436, -0.46005186438560486, 0.6359882354736328, 0.32958984375, 0.30379223823547363 
437, -0.4582328796386719, 0.6218535900115967, 0.3207991123199463, 0.298903226852417 
438, -0.4572758674621582, 0.6139633655548096, 0.3038449287414551, 0.30780935287475586 
439, -0.4564947783946991, 0.6246674060821533, 0.3131706714630127, 0.3093862533569336 
440, -0.4557511806488037, 0.6075761318206787, 0.29937171936035156, 0.3060002326965332 
441, -0.4546971023082733, 0.6182940006256104, 0.3109300136566162, 0.3051314353942871 
442, -0.45368167757987976, 0.6286616325378418, 0.3125791549682617, 0.3135182857513428 
443, -0.45270270109176636, 0.6084308624267578, 0.30905795097351074, 0.2973778247833252 
444, -0.45146751403808594, 0.6188857555389404, 0.3091092109680176, 0.3072171211242676 
445, -0.450086385011673, 0.6316499710083008, 0.31350016593933105, 0.31591153144836426 
446, -0.44851791858673096, 0.6103191375732422, 0.3079695701599121, 0.29976391792297363 
447, -0.4468346834182739, 0.618366003036499, 0.3112773895263672, 0.3048746585845947 
448, -0.44545498490333557, 0.6537759304046631, 0.3203461170196533, 0.3145718574523926 
449, -0.4446866512298584, 0.6323211193084717, 0.3301072120666504, 0.30014991760253906 
450, -0.4446261525154114, 0.6283318996429443, 0.31499290466308594, 0.311206579208374 
451, -0.4451250731945038, 0.6381552219390869, 0.3250083923339844, 0.31108832359313965 
452, -0.4462255537509918, 0.6277565956115723, 0.3194453716278076, 0.3056626319885254 
453, -0.44772714376449585, 0.6289095878601074, 0.32037973403930664, 0.30645012855529785 
454, -0.44943612813949585, 0.6312870979309082, 0.32437968254089355, 0.3047220706939697 
455, -0.4513830244541168, 0.6276450157165527, 0.3254392147064209, 0.30008363723754883 
456, -0.453482449054718, 0.6240174770355225, 0.3208327293395996, 0.30100250244140625 
457, -0.45560210943222046, 0.6372065544128418, 0.32592034339904785, 0.3091707229614258 
458, -0.4577528238296509, 0.6313660144805908, 0.3214554786682129, 0.3076975345611572 
459, -0.45987772941589355, 0.6372478008270264, 0.3284430503845215, 0.30660343170166016 
460, -0.46189260482788086, 0.6377902030944824, 0.3238179683685303, 0.3117063045501709 
461, -0.46354109048843384, 0.6075589656829834, 0.3038198947906494, 0.3015599250793457 
462, -0.4646110534667969, 0.6161205768585205, 0.3061227798461914, 0.30793142318725586 
463, -0.4654271602630615, 0.6220779418945312, 0.3107790946960449, 0.30911946296691895 
464, -0.46596693992614746, 0.6133370399475098, 0.3071732521057129, 0.30390167236328125 
465, -0.4661983549594879, 0.6233961582183838, 0.31371569633483887, 0.30739641189575195 
466, -0.46625205874443054, 0.6212630271911621, 0.30980849266052246, 0.30931949615478516 
467, -0.46610406041145325, 0.6156871318817139, 0.31516528129577637, 0.29840922355651855 
468, -0.4657277762889862, 0.6191234588623047, 0.30480074882507324, 0.3121755123138428 
469, -0.4650784432888031, 0.6197423934936523, 0.30963993072509766, 0.3079514503479004 
470, -0.46410250663757324, 0.6080436706542969, 0.30286216735839844, 0.3031127452850342 
471, -0.46280238032341003, 0.613109827041626, 0.30745577812194824, 0.30358457565307617 
472, -0.4611513912677765, 0.6235952377319336, 0.3129594326019287, 0.30841660499572754 
473, -0.45915737748146057, 0.6173295974731445, 0.30751824378967285, 0.307664155960083 
474, -0.4569505751132965, 0.611762285232544, 0.30367183685302734, 0.3059399127960205 
475, -0.45431023836135864, 0.6251156330108643, 0.31015539169311523, 0.31244611740112305 
476, -0.4515877962112427, 0.6061451435089111, 0.30554986000061035, 0.29847025871276855 
477, -0.44946128129959106, 0.6165568828582764, 0.3113870620727539, 0.30308103561401367 
478, -0.44804468750953674, 0.6235194206237793, 0.31173181533813477, 0.30966663360595703 
479, -0.4474872946739197, 0.6204171180725098, 0.3136420249938965, 0.30373716354370117 
480, -0.44756457209587097, 0.6394407749176025, 0.3035104274749756, 0.30358409881591797 
481, -0.44766318798065186, 0.6285061836242676, 0.3122282028198242, 0.3140575885772705 
482, -0.4477115869522095, 0.6142599582672119, 0.3130214214324951, 0.29871416091918945 
483, -0.44753456115722656, 0.613048791885376, 0.3062582015991211, 0.3044886589050293 
484, -0.4474375545978546, 0.6157448291778564, 0.3086667060852051, 0.3048973083496094 
485, -0.4474457800388336, 0.6278426647186279, 0.31485629081726074, 0.3108859062194824 
486, -0.4473806321620941, 0.6119766235351562, 0.3059220314025879, 0.3038442134857178 
487, -0.4472251832485199, 0.6179721355438232, 0.3107316493988037, 0.3051633834838867 
488, -0.4470664858818054, 0.615182638168335, 0.3111865520477295, 0.3019392490386963 
489, -0.4469759166240692, 0.6202089786529541, 0.3101496696472168, 0.3078904151916504 
490, -0.4469602108001709, 0.6359250545501709, 0.3220956325531006, 0.3116276264190674 
491, -0.4474559426307678, 0.6344528198242188, 0.3258543014526367, 0.3064303398132324 
492, -0.44840753078460693, 0.6235361099243164, 0.32059502601623535, 0.30086326599121094 
493, -0.4497414529323578, 0.6312301158905029, 0.31848978996276855, 0.310422420501709 
494, -0.45129263401031494, 0.6244213581085205, 0.319871187210083, 0.30244898796081543 
495, -0.4531220495700836, 0.6295828819274902, 0.32242608070373535, 0.3049459457397461 
496, -0.4550668001174927, 0.6313819885253906, 0.3196382522583008, 0.30949878692626953 
497, -0.4570615291595459, 0.6324214935302734, 0.32677388191223145, 0.30349302291870117 
498, -0.4590008556842804, 0.6265201568603516, 0.31888294219970703, 0.304917573928833 
499, -0.46100425720214844, 0.6317744255065918, 0.32077932357788086, 0.3087329864501953 
500, -0.4629495143890381, 0.6286563873291016, 0.32477331161499023, 0.30173516273498535 
501, -0.46485576033592224, 0.634680986404419, 0.32004642486572266, 0.3124692440032959 
502, -0.4666398763656616, 0.6282491683959961, 0.3256072998046875, 0.3005099296569824 
503, -0.46792709827423096, 0.6132230758666992, 0.3067972660064697, 0.30429959297180176 
504, -0.46862033009529114, 0.6214709281921387, 0.31319332122802734, 0.306135892868042 
505, -0.4693596065044403, 0.6393489837646484, 0.32582592964172363, 0.31140589714050293 
506, -0.47008010745048523, 0.6150541305541992, 0.30647850036621094, 0.30641746520996094 
507, -0.47048893570899963, 0.6190638542175293, 0.3076186180114746, 0.309234619140625 
508, -0.47079065442085266, 0.6184465885162354, 0.30864882469177246, 0.307647705078125 
509, -0.47100138664245605, 0.624462366104126, 0.3103008270263672, 0.3119988441467285 
510, -0.4710979163646698, 0.6085224151611328, 0.30793166160583496, 0.2984170913696289 
511, -0.4710407853126526, 0.6241803169250488, 0.3103294372558594, 0.3116745948791504 
512, -0.47070375084877014, 0.6093320846557617, 0.3112349510192871, 0.29597949981689453 
513, -0.47014158964157104, 0.6169137954711914, 0.3086397647857666, 0.3061673641204834 
514, -0.4693318009376526, 0.6219260692596436, 0.309002161026001, 0.31070780754089355 
515, -0.46811699867248535, 0.6251919269561768, 0.31523799896240234, 0.3078768253326416 
516, -0.46662411093711853, 0.6041369438171387, 0.3008387088775635, 0.30110597610473633 
517, -0.46417662501335144, 0.616248607635498, 0.30703115463256836, 0.30655813217163086 
518, -0.46110427379608154, 0.627007007598877, 0.3256337642669678, 0.29926633834838867 
519, -0.45890551805496216, 0.6268494129180908, 0.3183300495147705, 0.30597543716430664 
520, -0.45757636427879333, 0.6325478553771973, 0.32478928565979004, 0.30561351776123047 
521, -0.45716312527656555, 0.6329681873321533, 0.32239484786987305, 0.3080124855041504 
522, -0.45761117339134216, 0.619408369064331, 0.32109713554382324, 0.29610133171081543 
523, -0.4588097333908081, 0.6316704750061035, 0.3254272937774658, 0.3040940761566162 
524, -0.4603174924850464, 0.6304197311401367, 0.32674598693847656, 0.30121827125549316 
525, -0.4618212580680847, 0.6205193996429443, 0.3104679584503174, 0.3079044818878174 
526, -0.46277227997779846, 0.6225028038024902, 0.3064765930175781, 0.31384897232055664 
527, -0.46321940422058105, 0.6258518695831299, 0.30855512619018555, 0.3150458335876465 
528, -0.463266521692276, 0.6224710941314697, 0.31160521507263184, 0.3080315589904785 
529, -0.4629257917404175, 0.6305909156799316, 0.3186054229736328, 0.309755802154541 
530, -0.4630672037601471, 0.6234488487243652, 0.3249051570892334, 0.2964150905609131 
531, -0.4635881781578064, 0.6354453563690186, 0.3222475051879883, 0.3109729290008545 
532, -0.4643092155456543, 0.6396641731262207, 0.32824254035949707, 0.3091578483581543 
533, -0.46505898237228394, 0.6345539093017578, 0.3277106285095215, 0.30477046966552734 
534, -0.46604955196380615, 0.6192610263824463, 0.3149912357330322, 0.3017234802246094 
535, -0.4672299325466156, 0.637019157409668, 0.32848429679870605, 0.3063173294067383 
536, -0.46821171045303345, 0.7513928413391113, 0.3244199752807617, 0.2992384433746338 
537, -0.46905288100242615, 0.6331231594085693, 0.3253188133239746, 0.3055291175842285 
538, -0.4701298177242279, 0.6299660205841064, 0.3231325149536133, 0.30463600158691406 
539, -0.47079935669898987, 0.6277685165405273, 0.3236813545227051, 0.30194807052612305 
540, -0.4712066650390625, 0.6237912178039551, 0.31549525260925293, 0.3061232566833496 
541, -0.4717046022415161, 0.6343212127685547, 0.32308411598205566, 0.30907559394836426 
542, -0.4723239541053772, 0.6217224597930908, 0.31879329681396484, 0.3008277416229248 
543, -0.4728637635707855, 0.6275877952575684, 0.32311463356018066, 0.3022913932800293 
544, -0.47326651215553284, 0.6340069770812988, 0.3151547908782959, 0.3164827823638916 
545, -0.47336557507514954, 0.6147661209106445, 0.3100113868713379, 0.3026735782623291 
546, -0.4736500084400177, 0.6157388687133789, 0.30668115615844727, 0.3068509101867676 
547, -0.47375985980033875, 0.6377265453338623, 0.32491302490234375, 0.3105649948120117 
548, -0.4740017354488373, 0.6134130954742432, 0.3073742389678955, 0.3039541244506836 
549, -0.47400355339050293, 0.6200559139251709, 0.3105144500732422, 0.3073768615722656 
550, -0.473868727684021, 0.6163914203643799, 0.3091549873352051, 0.30504608154296875 
551, -0.47353115677833557, 0.618272066116333, 0.31503796577453613, 0.3011598587036133 
552, -0.47296181321144104, 0.610729455947876, 0.30112147331237793, 0.30739402770996094 
553, -0.47199591994285583, 0.6177630424499512, 0.30847787857055664, 0.3070065975189209 
554, -0.4709470272064209, 0.6336135864257812, 0.32699084281921387, 0.3044242858886719 
555, -0.4704664647579193, 0.6145451068878174, 0.30426859855651855, 0.30803561210632324 
556, -0.46956053376197815, 0.6204643249511719, 0.31276440620422363, 0.30559253692626953 
557, -0.4684463441371918, 0.6298751831054688, 0.31334614753723145, 0.3143916130065918 
558, -0.4672307074069977, 0.6106870174407959, 0.30554747581481934, 0.3024578094482422 
559, -0.46591565012931824, 0.6207926273345947, 0.31110715866088867, 0.30745792388916016 
560, -0.46395552158355713, 0.6163043975830078, 0.31022000312805176, 0.3039088249206543 
561, -0.46159180998802185, 0.6162617206573486, 0.30950021743774414, 0.30463242530822754 
562, -0.45955514907836914, 0.6166298389434814, 0.3090991973876953, 0.30536913871765137 
563, -0.4576643109321594, 0.61572265625, 0.3083503246307373, 0.3051300048828125 
564, -0.4557454288005829, 0.6130495071411133, 0.30588746070861816, 0.305006742477417 
565, -0.4537505507469177, 0.6184647083282471, 0.3080024719238281, 0.30752086639404297 
566, -0.4520431160926819, 0.6178982257843018, 0.31140565872192383, 0.3043065071105957 
567, -0.45075908303260803, 0.6256563663482666, 0.30992603302001953, 0.31354188919067383 
568, -0.4495580196380615, 0.6154336929321289, 0.3090028762817383, 0.30422544479370117 
569, -0.4488222897052765, 0.6218504905700684, 0.31198906898498535, 0.30772995948791504 
570, -0.4481613337993622, 0.6031198501586914, 0.3025338649749756, 0.29854583740234375 
571, -0.4472217559814453, 0.6227030754089355, 0.3113515377044678, 0.3092539310455322 
572, -0.44653114676475525, 0.6183102130889893, 0.30991315841674805, 0.30632662773132324 
573, -0.445782333612442, 0.6084001064300537, 0.3035852909088135, 0.3026387691497803 
574, -0.4450295865535736, 0.6200876235961914, 0.3072044849395752, 0.3106722831726074 
575, -0.444014310836792, 0.6293542385101318, 0.31873226165771484, 0.3084907531738281 
576, -0.44375428557395935, 0.6323592662811279, 0.3290567398071289, 0.3010096549987793 
577, -0.4442223310470581, 0.6301209926605225, 0.32070255279541016, 0.3072013854980469 
578, -0.4452868700027466, 0.6302464008331299, 0.3256850242614746, 0.30240607261657715 
579, -0.4467749297618866, 0.626354455947876, 0.3179624080657959, 0.3062779903411865 
580, -0.4484977424144745, 0.6390566825866699, 0.32499146461486816, 0.3118014335632324 
581, -0.45053330063819885, 0.6307706832885742, 0.3234279155731201, 0.3047459125518799 
582, -0.45282864570617676, 0.6154160499572754, 0.31615447998046875, 0.2971079349517822 
583, -0.45527932047843933, 0.62632155418396, 0.3158848285675049, 0.3078925609588623 
584, -0.45733892917633057, 0.7510590553283691, 0.32524681091308594, 0.30439162254333496 
585, -0.4592515826225281, 0.6363816261291504, 0.32782459259033203, 0.30635809898376465 
586, -0.4611133933067322, 0.627328634262085, 0.3176701068878174, 0.30744338035583496 
587, -0.4627688229084015, 0.6344554424285889, 0.32208895683288574, 0.31028151512145996 
588, -0.46445876359939575, 0.6122682094573975, 0.30827951431274414, 0.30146217346191406 
589, -0.4660479724407196, 0.6340477466583252, 0.3260054588317871, 0.3058621883392334 
590, -0.46741828322410583, 0.6355600357055664, 0.32727885246276855, 0.3060781955718994 
591, -0.4686368405818939, 0.6128237247467041, 0.306685209274292, 0.30397605895996094 
592, -0.46928566694259644, 0.6286411285400391, 0.3232290744781494, 0.30271482467651367 
593, -0.469851016998291, 0.6368350982666016, 0.32788753509521484, 0.30679750442504883 
594, -0.4703771471977234, 0.6084258556365967, 0.30537962913513184, 0.30094361305236816 
595, -0.4708070755004883, 0.6234462261199951, 0.3070106506347656, 0.3142273426055908 
596, -0.4711402952671051, 0.6118853092193604, 0.3091561794281006, 0.30059027671813965 
597, -0.47130993008613586, 0.6333513259887695, 0.3220024108886719, 0.30911755561828613 
598, -0.4715617895126343, 0.6129047870635986, 0.30475640296936035, 0.3059723377227783 
599, -0.4716658890247345, 0.6187942028045654, 0.3139021396636963, 0.30278444290161133 
600, -0.4715036451816559, 0.6221446990966797, 0.3069634437561035, 0.3126070499420166 
601, -0.47109556198120117, 0.6191320419311523, 0.3109922409057617, 0.3059041500091553 
602, -0.4703909754753113, 0.6108334064483643, 0.31256699562072754, 0.2961087226867676 
603, -0.4692661762237549, 0.6200902462005615, 0.30576395988464355, 0.312166690826416 
604, -0.4675760865211487, 0.6263306140899658, 0.31442904472351074, 0.3097097873687744 
605, -0.46596476435661316, 0.6233906745910645, 0.309110164642334, 0.3121209144592285 
606, -0.4643424451351166, 0.6039588451385498, 0.3001885414123535, 0.3016972541809082 
607, -0.46265336871147156, 0.6187820434570312, 0.31080126762390137, 0.3058042526245117 
608, -0.4605983793735504, 0.6202435493469238, 0.32106804847717285, 0.29665565490722656 
609, -0.4591980576515198, 0.6334295272827148, 0.32149815559387207, 0.30967092514038086 
610, -0.4585076868534088, 0.6442198753356934, 0.3276655673980713, 0.3143932819366455 
611, -0.45849284529685974, 0.6280312538146973, 0.31987857818603516, 0.3060619831085205 
612, -0.4590813219547272, 0.6205165386199951, 0.32078981399536133, 0.29763150215148926 
613, -0.4600505530834198, 0.6365628242492676, 0.32161545753479004, 0.3127937316894531 
614, -0.4613671898841858, 0.6198704242706299, 0.31562113761901855, 0.30222606658935547 
615, -0.46215352416038513, 0.6224510669708252, 0.3093724250793457, 0.31082606315612793 
616, -0.46253708004951477, 0.6216461658477783, 0.3088347911834717, 0.310575008392334 
617, -0.46265414357185364, 0.6246547698974609, 0.3150789737701416, 0.3074607849121094 
618, -0.46239978075027466, 0.6067392826080322, 0.30229687690734863, 0.30230212211608887 
619, -0.4617471992969513, 0.6167175769805908, 0.3086063861846924, 0.3058788776397705 
620, -0.4607834219932556, 0.6147665977478027, 0.31275200843811035, 0.29985833168029785 
621, -0.45952728390693665, 0.6108498573303223, 0.3037238121032715, 0.3049757480621338 
622, -0.4582529664039612, 0.6271777153015137, 0.3209822177886963, 0.30356478691101074 
623, -0.4574696719646454, 0.6295425891876221, 0.3150150775909424, 0.31224942207336426 
624, -0.45637792348861694, 0.6228153705596924, 0.3232283592224121, 0.29704713821411133 
625, -0.45589885115623474, 0.6265354156494141, 0.3243281841278076, 0.3000054359436035 
626, -0.4559204578399658, 0.6310393810272217, 0.32561254501342773, 0.303206205368042 
627, -0.45643430948257446, 0.6249270439147949, 0.32074546813964844, 0.3019390106201172 
628, -0.4574679732322693, 0.6320009231567383, 0.3243587017059326, 0.30533790588378906 
629, -0.45864400267601013, 0.629657506942749, 0.3198103904724121, 0.30763816833496094 
630, -0.4599161148071289, 0.6228761672973633, 0.32160139083862305, 0.2992253303527832 
631, -0.4614497125148773, 0.6254537105560303, 0.3184700012207031, 0.3045079708099365 
632, -0.4629289209842682, 0.7230863571166992, 0.324704647064209, 0.3024861812591553 
633, -0.4641368091106415, 0.6388604640960693, 0.3280751705169678, 0.3086094856262207 
634, -0.4653743803501129, 0.6264605522155762, 0.3194739818572998, 0.304767370223999 
635, -0.46658334136009216, 0.630469799041748, 0.32103800773620605, 0.3071568012237549 
636, -0.467822402715683, 0.6242613792419434, 0.3188142776489258, 0.30327630043029785 
637, -0.46878305077552795, 0.6292579174041748, 0.32105278968811035, 0.3060486316680908 
638, -0.46964624524116516, 0.6269638538360596, 0.3229539394378662, 0.3019447326660156 
639, -0.4705577492713928, 0.634953498840332, 0.32572245597839355, 0.30706000328063965 
640, -0.47144395112991333, 0.646486759185791, 0.3226304054260254, 0.30762457847595215 
641, -0.472059965133667, 0.644329309463501, 0.33231687545776367, 0.3099088668823242 
642, -0.47264090180397034, 0.6244804859161377, 0.31565380096435547, 0.30666327476501465 
643, -0.47309431433677673, 0.6386125087738037, 0.32625460624694824, 0.309680700302124 
644, -0.47347167134284973, 0.6344485282897949, 0.3251986503601074, 0.30705833435058594 
645, -0.47369033098220825, 0.6185197830200195, 0.30442380905151367, 0.31154775619506836 
646, -0.4738246500492096, 0.6176064014434814, 0.3111128807067871, 0.304384708404541 
647, -0.47373661398887634, 0.617788553237915, 0.30623960494995117, 0.309370756149292 
648, -0.4735250771045685, 0.6084117889404297, 0.30416369438171387, 0.3020968437194824 
649, -0.4733409285545349, 0.6301336288452148, 0.3148646354675293, 0.3130662441253662 
650, -0.47309115529060364, 0.6208586692810059, 0.3207552433013916, 0.2979166507720947 
651, -0.47280052304267883, 0.6294569969177246, 0.3223447799682617, 0.3049914836883545 
652, -0.4726865887641907, 0.6301770210266113, 0.320589542388916, 0.30743885040283203 
653, -0.4727132320404053, 0.6393172740936279, 0.3297851085662842, 0.3070547580718994 
654, -0.4728946387767792, 0.6162004470825195, 0.3144965171813965, 0.29958200454711914 
655, -0.47313761711120605, 0.6311078071594238, 0.32024240493774414, 0.3081061840057373 
656, -0.47327080368995667, 0.6250920295715332, 0.3262455463409424, 0.29666996002197266 
657, -0.4735628366470337, 0.6261813640594482, 0.31606268882751465, 0.30794835090637207 
658, -0.47393766045570374, 0.6269831657409668, 0.31940603256225586, 0.3054330348968506 
659, -0.47406795620918274, 0.6442873477935791, 0.33184242248535156, 0.30882740020751953 
660, -0.47417590022087097, 0.6132378578186035, 0.3119845390319824, 0.29911088943481445 
661, -0.4744817912578583, 0.6160838603973389, 0.311887264251709, 0.30187416076660156 
662, -0.4746841490268707, 0.611886739730835, 0.3089790344238281, 0.3007814884185791 
663, -0.4744943678379059, 0.6133890151977539, 0.30699634552001953, 0.304213285446167 
664, -0.4740303158760071, 0.6350746154785156, 0.3241763114929199, 0.3087306022644043 
665, -0.47381356358528137, 0.6321225166320801, 0.32210779190063477, 0.30779433250427246 
666, -0.4738333523273468, 0.6259765625, 0.31974029541015625, 0.3042302131652832 
667, -0.4739658236503601, 0.6316666603088379, 0.32167911529541016, 0.3077387809753418 
668, -0.47433432936668396, 0.6259217262268066, 0.32179975509643555, 0.3019568920135498 
669, -0.4745177924633026, 0.6169004440307617, 0.30879855155944824, 0.30589723587036133 
670, -0.4742727279663086, 0.6324253082275391, 0.3192875385284424, 0.3109009265899658 
671, -0.4743005037307739, 0.634162187576294, 0.32329297065734863, 0.3086719512939453 
672, -0.47465452551841736, 0.6339657306671143, 0.32383012771606445, 0.30803537368774414 
673, -0.4748757779598236, 0.6287841796875, 0.3199758529663086, 0.30660033226013184 
674, -0.47471681237220764, 0.6246151924133301, 0.3273961544036865, 0.2950732707977295 
675, -0.474814772605896, 0.6304001808166504, 0.320953369140625, 0.30730628967285156 
676, -0.4749673902988434, 0.6331768035888672, 0.3239915370941162, 0.3069944381713867 
677, -0.475212037563324, 0.6188051700592041, 0.31285691261291504, 0.303818941116333 
678, -0.47517991065979004, 0.6118650436401367, 0.30475473403930664, 0.3043856620788574 
679, -0.4749070107936859, 0.6307969093322754, 0.31742048263549805, 0.31091952323913574 
680, -0.47445717453956604, 0.6235499382019043, 0.3225536346435547, 0.29834818840026855 
681, -0.47421684861183167, 0.6312124729156494, 0.3170793056488037, 0.31197476387023926 
682, -0.4739626944065094, 0.6340906620025635, 0.324735164642334, 0.3071861267089844 
683, -0.474015474319458, 0.6395053863525391, 0.3278474807739258, 0.30953168869018555 
684, -0.4738355576992035, 0.6238622665405273, 0.3185596466064453, 0.3032076358795166 
685, -0.4739634692668915, 0.6335606575012207, 0.32271671295166016, 0.3086416721343994 
686, -0.4741450846195221, 0.6211466789245605, 0.32145023345947266, 0.29755449295043945 
687, -0.47455447912216187, 0.6452505588531494, 0.336942195892334, 0.3061246871948242 
688, -0.47490164637565613, 0.6317658424377441, 0.3074619770050049, 0.30797767639160156 
689, -0.4749227464199066, 0.6248347759246826, 0.31498289108276367, 0.30759334564208984 
690, -0.4748179316520691, 0.6103136539459229, 0.3095083236694336, 0.29865384101867676 
691, -0.4745384156703949, 0.6162421703338623, 0.30482053756713867, 0.3092002868652344 
692, -0.474310964345932, 0.6094505786895752, 0.3080167770385742, 0.29935789108276367 
693, -0.4738391041755676, 0.626859188079834, 0.315274715423584, 0.3093855381011963 
694, -0.4734099209308624, 0.6295187473297119, 0.31917858123779297, 0.3081369400024414 
695, -0.47316911816596985, 0.6369683742523193, 0.3233819007873535, 0.3112952709197998 
696, -0.4732360243797302, 0.6068406105041504, 0.302689790725708, 0.30161356925964355 
697, -0.47306862473487854, 0.6148438453674316, 0.3105742931365967, 0.30216002464294434 
698, -0.4726015627384186, 0.6163949966430664, 0.31223416328430176, 0.3020009994506836 
699, -0.4718555808067322, 0.6290416717529297, 0.3254270553588867, 0.30146098136901855 
700, -0.471549928188324, 0.628042459487915, 0.3193228244781494, 0.30654168128967285 
701, -0.47153040766716003, 0.6374547481536865, 0.32110071182250977, 0.3141295909881592 
702, -0.4716445505619049, 0.6222176551818848, 0.32017016410827637, 0.3000345230102539 
703, -0.4719792306423187, 0.6331429481506348, 0.32099366188049316, 0.309844970703125 
704, -0.4724922478199005, 0.6305923461914062, 0.3216700553894043, 0.30623388290405273 
705, -0.47312477231025696, 0.639143705368042, 0.32486939430236816, 0.3121340274810791 
706, -0.4734950661659241, 0.6265902519226074, 0.3175184726715088, 0.30641794204711914 
707, -0.4738079905509949, 0.6223082542419434, 0.3142220973968506, 0.3059244155883789 
708, -0.4739294648170471, 0.6119847297668457, 0.30515265464782715, 0.304318904876709 
709, -0.4739381670951843, 0.6198389530181885, 0.3146381378173828, 0.30312418937683105 
710, -0.47376593947410583, 0.61380934715271, 0.3112654685974121, 0.3004276752471924 
711, -0.47332900762557983, 0.6198666095733643, 0.3054814338684082, 0.3121466636657715 
712, -0.47273457050323486, 0.6207950115203857, 0.3105144500732422, 0.3080573081970215 
713, -0.4718599021434784, 0.6454603672027588, 0.3334050178527832, 0.3097856044769287 
714, -0.4706578254699707, 0.6066739559173584, 0.3028891086578369, 0.30158424377441406 
715, -0.4686821699142456, 0.623457670211792, 0.31177425384521484, 0.3095283508300781 
716, -0.46651124954223633, 0.6238579750061035, 0.32370495796203613, 0.29799723625183105 
717, -0.46485579013824463, 0.6298224925994873, 0.3255805969238281, 0.30208277702331543 
718, -0.4639836847782135, 0.6304676532745361, 0.3199450969696045, 0.308319091796875 
719, -0.46356621384620667, 0.6346495151519775, 0.3285796642303467, 0.3038334846496582 
720, -0.46351972222328186, 0.6227090358734131, 0.3227717876434326, 0.2978062629699707 
721, -0.4640125334262848, 0.6392970085144043, 0.32246828079223633, 0.31461501121520996 
722, -0.46477964520454407, 0.6297509670257568, 0.32878828048706055, 0.29880690574645996 
723, -0.46583670377731323, 0.6249959468841553, 0.3186013698577881, 0.3041839599609375 
724, -0.46697884798049927, 0.625075101852417, 0.31719136238098145, 0.3057422637939453 
725, -0.4681837260723114, 0.6395289897918701, 0.3237462043762207, 0.3132612705230713 
726, -0.46921470761299133, 0.627896785736084, 0.3150207996368408, 0.310715913772583 
727, -0.4702838361263275, 0.6320726871490479, 0.3201322555541992, 0.3097519874572754 
728, -0.4711315929889679, 0.6352455615997314, 0.32645297050476074, 0.3057370185852051 
729, -0.4719129502773285, 0.6242616176605225, 0.3144512176513672, 0.30765366554260254 
730, -0.47263434529304504, 0.6192078590393066, 0.3103816509246826, 0.3065962791442871 
731, -0.4729481339454651, 0.6252350807189941, 0.3143041133880615, 0.3087925910949707 
732, -0.4730106592178345, 0.6058404445648193, 0.30585289001464844, 0.29787659645080566 
733, -0.47292426228523254, 0.6283512115478516, 0.31455111503601074, 0.3115050792694092 
734, -0.4726203680038452, 0.6188185214996338, 0.3113551139831543, 0.3054020404815674 
735, -0.4722556173801422, 0.6287498474121094, 0.3150312900543213, 0.3115065097808838 
736, -0.4716014564037323, 0.633448600769043, 0.3205397129058838, 0.3105964660644531 
737, -0.4711434245109558, 0.6336240768432617, 0.3236808776855469, 0.3077065944671631 
738, -0.47103971242904663, 0.6277148723602295, 0.31952714920043945, 0.30562901496887207 
739, -0.4712256193161011, 0.6277346611022949, 0.3169581890106201, 0.30854082107543945 
740, -0.47118639945983887, 0.6257154941558838, 0.32642316818237305, 0.2971646785736084 
741, -0.4712144732475281, 0.6317586898803711, 0.32018589973449707, 0.30936765670776367 
742, -0.47162866592407227, 0.6270861625671387, 0.32062649726867676, 0.3037588596343994 
743, -0.47190219163894653, 0.6350972652435303, 0.32683801651000977, 0.3060612678527832 
744, -0.47228318452835083, 0.6315004825592041, 0.3202171325683594, 0.3087155818939209 
745, -0.47265827655792236, 0.6346211433410645, 0.32712554931640625, 0.3052992820739746 
746, -0.47296515107154846, 0.6319639682769775, 0.3263580799102783, 0.3034811019897461 
747, -0.47312280535697937, 0.6321070194244385, 0.3181331157684326, 0.3118619918823242 
748, -0.4734971523284912, 0.6435279846191406, 0.32872629165649414, 0.31258368492126465 
749, -0.47377803921699524, 0.6369526386260986, 0.3150148391723633, 0.31974220275878906 
750, -0.47384923696517944, 0.617884635925293, 0.3067448139190674, 0.3089931011199951 
751, -0.47405651211738586, 0.629979133605957, 0.3127453327178955, 0.3151097297668457 
752, -0.47399067878723145, 0.6128528118133545, 0.3119211196899414, 0.29891133308410645 
753, -0.4737247824668884, 0.6138441562652588, 0.3073275089263916, 0.3043344020843506 
754, -0.4733971059322357, 0.6268413066864014, 0.31103038787841797, 0.3136749267578125 
755, -0.47269582748413086, 0.6167030334472656, 0.30898594856262207, 0.30561351776123047 
756, -0.4719677269458771, 0.6095750331878662, 0.3048365116119385, 0.30260753631591797 
757, -0.4711195230484009, 0.6233606338500977, 0.31194043159484863, 0.30913758277893066 
758, -0.469775915145874, 0.63787841796875, 0.3327052593231201, 0.303128719329834 
759, -0.46877437829971313, 0.6386580467224121, 0.3257720470428467, 0.31029367446899414 
760, -0.4682786166667938, 0.625762939453125, 0.3173196315765381, 0.30627012252807617 
761, -0.46826863288879395, 0.6291501522064209, 0.31404900550842285, 0.31290197372436523 
762, -0.46803730726242065, 0.6101944446563721, 0.3015756607055664, 0.30631065368652344 
763, -0.46749797463417053, 0.6185328960418701, 0.311539888381958, 0.30483245849609375 
764, -0.46680647134780884, 0.6207785606384277, 0.3155078887939453, 0.3031790256500244 
765, -0.46605443954467773, 0.610680103302002, 0.30609631538391113, 0.30242133140563965 
766, -0.4649602472782135, 0.6258795261383057, 0.31397271156311035, 0.30974698066711426 
767, -0.46363115310668945, 0.6207444667816162, 0.31001734733581543, 0.30835700035095215 
768, -0.462128609418869, 0.6166741847991943, 0.31322646141052246, 0.30120038986206055 
769, -0.45991355180740356, 0.62701416015625, 0.3207511901855469, 0.30409884452819824 
770, -0.45847079157829285, 0.6276869773864746, 0.32265591621398926, 0.30297374725341797 
771, -0.4580650329589844, 0.6313152313232422, 0.3221254348754883, 0.3070073127746582 
772, -0.4580048620700836, 0.6325573921203613, 0.3176238536834717, 0.3127446174621582 
773, -0.458005428314209, 0.6267275810241699, 0.3214128017425537, 0.3030672073364258 
774, -0.4584614336490631, 0.621706485748291, 0.3197805881500244, 0.2997908592224121 
775, -0.4593553841114044, 0.633018970489502, 0.3205115795135498, 0.310349702835083 
776, -0.460436075925827, 0.729755163192749, 0.3278176784515381, 0.30008602142333984 
777, -0.4616483747959137, 0.6348576545715332, 0.32640838623046875, 0.3062553405761719 
778, -0.4630281329154968, 0.6304433345794678, 0.3196883201599121, 0.30816221237182617 
779, -0.464516282081604, 0.6248753070831299, 0.31574273109436035, 0.3069727420806885 
780, -0.4656016230583191, 0.6071763038635254, 0.30329346656799316, 0.3012268543243408 
781, -0.46624264121055603, 0.6238138675689697, 0.3128669261932373, 0.30846261978149414 
782, -0.46648970246315, 0.6169021129608154, 0.31133079528808594, 0.30293822288513184 
783, -0.4667079746723175, 0.6277332305908203, 0.31765127182006836, 0.30792689323425293 
784, -0.46707871556282043, 0.6252217292785645, 0.31212925910949707, 0.31067442893981934 
785, -0.4670696556568146, 0.6217951774597168, 0.30780959129333496, 0.31176304817199707 
786, -0.4668051600456238, 0.6099331378936768, 0.30820369720458984, 0.299593448638916 
787, -0.4662182331085205, 0.6218123435974121, 0.31096935272216797, 0.308673620223999 
788, -0.46541109681129456, 0.6134452819824219, 0.3108818531036377, 0.30016016960144043 
789, -0.4643736481666565, 0.6215453147888184, 0.30832338333129883, 0.3110830783843994 
790, -0.4630817174911499, 0.6217749118804932, 0.3096621036529541, 0.3094482421875 
791, -0.4611521065235138, 0.6240222454071045, 0.3120229244232178, 0.3098156452178955 
792, -0.458694189786911, 0.6175305843353271, 0.30453038215637207, 0.30481600761413574 
793, -0.4562055170536041, 0.6354680061340332, 0.3200860023498535, 0.3131222724914551 
794, -0.4545550048351288, 0.6343331336975098, 0.3284268379211426, 0.3038918972015381 
795, -0.4537707567214966, 0.627098798751831, 0.31644368171691895, 0.308413028717041 
796, -0.45390820503234863, 0.627722978591919, 0.32204675674438477, 0.3035240173339844 
797, -0.4548051357269287, 0.6422927379608154, 0.323380708694458, 0.3167765140533447 
798, -0.455666184425354, 0.6228666305541992, 0.31775403022766113, 0.30294251441955566 
799, -0.4566994607448578, 0.6304304599761963, 0.32604146003723145, 0.3022139072418213 
800, -0.45815297961235046, 0.6379826068878174, 0.3293037414550781, 0.306610107421875 
801, -0.4598630964756012, 0.6129975318908691, 0.3070218563079834, 0.3037552833557129 
802, -0.46132031083106995, 0.6181385517120361, 0.30983424186706543, 0.30618834495544434 
803, -0.4623609483242035, 0.6357343196868896, 0.3267700672149658, 0.30684828758239746 
804, -0.46336498856544495, 0.6120133399963379, 0.309873104095459, 0.3000342845916748 
805, -0.4638995826244354, 0.6298708915710449, 0.3208894729614258, 0.3068504333496094 
806, -0.4647768437862396, 0.6271767616271973, 0.32157301902770996, 0.30348682403564453 
807, -0.4657059907913208, 0.6223375797271729, 0.3076660633087158, 0.3123898506164551 
808, -0.4661318361759186, 0.6306362152099609, 0.31989240646362305, 0.30851173400878906 
809, -0.46677088737487793, 0.6320061683654785, 0.32315874099731445, 0.306607723236084 
810, -0.46769899129867554, 0.6269981861114502, 0.3220341205596924, 0.3027212619781494 
811, -0.4685707688331604, 0.6281125545501709, 0.320328950881958, 0.30556321144104004 
812, -0.46944504976272583, 0.628821849822998, 0.32689785957336426, 0.29986119270324707 
813, -0.47041353583335876, 0.6285233497619629, 0.31746745109558105, 0.30885934829711914 
814, -0.4715006649494171, 0.6328403949737549, 0.3226644992828369, 0.3079831600189209 
815, -0.4721706509590149, 0.6200647354125977, 0.3083665370941162, 0.3094179630279541 
816, -0.47258615493774414, 0.615645170211792, 0.30745792388916016, 0.30600881576538086 
817, -0.47290560603141785, 0.6191186904907227, 0.31033849716186523, 0.3066234588623047 
818, -0.4731065034866333, 0.612055778503418, 0.30738329887390137, 0.3025360107421875 
819, -0.4732179045677185, 0.6116847991943359, 0.30335426330566406, 0.30614185333251953 
820, -0.47315916419029236, 0.6444189548492432, 0.3264772891998291, 0.3157327175140381 
821, -0.47303053736686707, 0.6334559917449951, 0.32060790061950684, 0.31072211265563965 
822, -0.47303512692451477, 0.6212420463562012, 0.3202629089355469, 0.29883503913879395 
823, -0.473258376121521, 0.6315948963165283, 0.32036590576171875, 0.30904388427734375 
824, -0.4735924303531647, 0.6228022575378418, 0.31452131271362305, 0.30614161491394043 
825, -0.4735904037952423, 0.6273422241210938, 0.311112642288208, 0.3131096363067627 
826, -0.472890168428421, 0.6370217800140381, 0.32001686096191406, 0.31482958793640137 
827, -0.4728351831436157, 0.6352283954620361, 0.3283727169036865, 0.30474114418029785 
828, -0.4732793867588043, 0.6074659824371338, 0.3053712844848633, 0.2999563217163086 
829, -0.47317859530448914, 0.6139512062072754, 0.3048064708709717, 0.306915283203125 
830, -0.4727388918399811, 0.6276228427886963, 0.3175382614135742, 0.30759716033935547 
831, -0.4722493886947632, 0.6078641414642334, 0.30350685119628906, 0.30220746994018555 
832, -0.47148552536964417, 0.6150302886962891, 0.30942630767822266, 0.302959680557251 
833, -0.4705246686935425, 0.6313705444335938, 0.3105449676513672, 0.31861448287963867 
834, -0.46929606795310974, 0.6044752597808838, 0.3083791732788086, 0.29348301887512207 
835, -0.46795856952667236, 0.6214179992675781, 0.3111088275909424, 0.3081386089324951 
836, -0.46660178899765015, 0.6305899620056152, 0.31697607040405273, 0.3110041618347168 
837, -0.46504083275794983, 0.6211090087890625, 0.3072807788848877, 0.31150317192077637 
838, -0.46322572231292725, 0.6200671195983887, 0.3069915771484375, 0.310455322265625 
839, -0.4614884555339813, 0.6319293975830078, 0.3140254020690918, 0.31543660163879395 
840, -0.45962363481521606, 0.6241228580474854, 0.31023693084716797, 0.307753324508667 
841, -0.45773646235466003, 0.6218709945678711, 0.3098177909851074, 0.3097856044769287 
842, -0.4557242691516876, 0.6237530708312988, 0.3160688877105713, 0.3056066036224365 
843, -0.45384880900382996, 0.6160457134246826, 0.309187650680542, 0.3046839237213135 
844, -0.4520675837993622, 0.6098489761352539, 0.30546069145202637, 0.3021848201751709 
845, -0.4506376385688782, 0.626103401184082, 0.3124661445617676, 0.31144213676452637 
846, -0.44962626695632935, 0.615617036819458, 0.3085048198699951, 0.3045637607574463 
847, -0.4488159418106079, 0.617572546005249, 0.30952954292297363, 0.30549192428588867 
848, -0.4480554461479187, 0.6276156902313232, 0.3147890567779541, 0.3105752468109131 
849, -0.4474293887615204, 0.6315431594848633, 0.31548285484313965, 0.31339526176452637 
850, -0.44723594188690186, 0.6407690048217773, 0.3243429660797119, 0.3141474723815918 
851, -0.4473560154438019, 0.6326558589935303, 0.32296133041381836, 0.3074030876159668 
852, -0.44808122515678406, 0.6248118877410889, 0.32335686683654785, 0.29930734634399414 
853, -0.4493306875228882, 0.6296041011810303, 0.3208189010620117, 0.30669116973876953 
854, -0.45101529359817505, 0.6251251697540283, 0.32114553451538086, 0.3019139766693115 
855, -0.4530944228172302, 0.6182608604431152, 0.3147258758544922, 0.30127763748168945 
856, -0.4552989602088928, 0.6330325603485107, 0.32318687438964844, 0.3076150417327881 
857, -0.4573294222354889, 0.6295089721679688, 0.3229398727416992, 0.30440711975097656 
858, -0.45916834473609924, 0.6228907108306885, 0.32196736335754395, 0.2987217903137207 
859, -0.4609864354133606, 0.6339786052703857, 0.3236689567565918, 0.3082010746002197 
860, -0.46261295676231384, 0.6327328681945801, 0.3273589611053467, 0.3032817840576172 
861, -0.4641364812850952, 0.6240110397338867, 0.31644558906555176, 0.30539536476135254 
862, -0.46564358472824097, 0.629150390625, 0.32064032554626465, 0.3063080310821533 
863, -0.46718671917915344, 0.6427390575408936, 0.3268566131591797, 0.31369853019714355 
864, -0.4685709774494171, 0.6252527236938477, 0.32036876678466797, 0.30263495445251465 
865, -0.46970129013061523, 0.632023811340332, 0.32192468643188477, 0.30789995193481445 
866, -0.4707663953304291, 0.6402134895324707, 0.33195948600769043, 0.3061978816986084 
867, -0.4716245234012604, 0.6094129085540771, 0.30317187309265137, 0.30407142639160156 
868, -0.47209903597831726, 0.6154115200042725, 0.3099977970123291, 0.3032493591308594 
869, -0.4724896550178528, 0.6290583610534668, 0.31138134002685547, 0.31534743309020996 
870, -0.4728185832500458, 0.615943431854248, 0.31235694885253906, 0.301572322845459 
871, -0.47279417514801025, 0.6214542388916016, 0.30565643310546875, 0.31362318992614746 
872, -0.4726482331752777, 0.622786283493042, 0.31299281120300293, 0.3076150417327881 
873, -0.47214290499687195, 0.6162774562835693, 0.30788564682006836, 0.30619311332702637 
874, -0.4715428650379181, 0.6225411891937256, 0.3072946071624756, 0.31204700469970703 
875, -0.4709598124027252, 0.6236245632171631, 0.31022000312805176, 0.3111722469329834 
876, -0.4703473448753357, 0.6245698928833008, 0.3122580051422119, 0.3101162910461426 
877, -0.46964749693870544, 0.613598108291626, 0.3067648410797119, 0.3047001361846924 
878, -0.46887749433517456, 0.6215922832489014, 0.3124241828918457, 0.3070676326751709 
879, -0.4678598940372467, 0.6106815338134766, 0.30181026458740234, 0.306654691696167 
880, -0.4663740396499634, 0.6162083148956299, 0.3115653991699219, 0.3024117946624756 
881, -0.46468526124954224, 0.6323530673980713, 0.32152318954467773, 0.3086123466491699 
882, -0.4634329676628113, 0.6265454292297363, 0.31796717643737793, 0.3064713478088379 
883, -0.4626387059688568, 0.6355729103088379, 0.3215751647949219, 0.31180357933044434 
884, -0.46221160888671875, 0.6330821514129639, 0.3216829299926758, 0.309340238571167 
885, -0.46233659982681274, 0.6301651000976562, 0.31981730461120605, 0.3079721927642822 
886, -0.46284714341163635, 0.6338896751403809, 0.3238227367401123, 0.3078138828277588 
887, -0.46381422877311707, 0.6315441131591797, 0.31873178482055664, 0.3104531764984131 
888, -0.4645976126194, 0.6233413219451904, 0.3241147994995117, 0.2952744960784912 
889, -0.4655221402645111, 0.6280410289764404, 0.32051992416381836, 0.30539894104003906 
890, -0.46667051315307617, 0.6334826946258545, 0.3230400085449219, 0.3082852363586426 
891, -0.46810370683670044, 0.6276736259460449, 0.31802821159362793, 0.30748558044433594 
892, -0.46930745244026184, 0.6313960552215576, 0.32198500633239746, 0.30718016624450684 
893, -0.47030436992645264, 0.6372160911560059, 0.32950305938720703, 0.30557990074157715 
894, -0.47107553482055664, 0.6159324645996094, 0.3072185516357422, 0.30655813217163086 
895, -0.4714754819869995, 0.6143412590026855, 0.30624938011169434, 0.3059532642364502 
896, -0.47153669595718384, 0.6209568977355957, 0.3108992576599121, 0.3076460361480713 
897, -0.4714592397212982, 0.604400634765625, 0.299102783203125, 0.30317139625549316 
898, -0.4712623953819275, 0.6127455234527588, 0.30904364585876465, 0.3011937141418457 
899, -0.4709312915802002, 0.6220214366912842, 0.31090855598449707, 0.3089005947113037 
900, -0.4704333543777466, 0.612999677658081, 0.31119394302368164, 0.2997140884399414 
901, -0.4697028696537018, 0.6368024349212646, 0.3073267936706543, 0.3272547721862793 
902, -0.4686829745769501, 0.6293656826019287, 0.31255674362182617, 0.3146793842315674 
903, -0.4673357307910919, 0.611811637878418, 0.3056926727294922, 0.30400681495666504 
904, -0.4656752049922943, 0.6174957752227783, 0.3108365535736084, 0.30313754081726074 
905, -0.4639175236225128, 0.6172113418579102, 0.30751967430114746, 0.3074939250946045 
906, -0.46179839968681335, 0.6192224025726318, 0.3142282962799072, 0.3028731346130371 
907, -0.45902523398399353, 0.613128662109375, 0.30222153663635254, 0.3087592124938965 
908, -0.456302285194397, 0.6172847747802734, 0.31194329261779785, 0.3032097816467285 
909, -0.45359665155410767, 0.6174938678741455, 0.3069636821746826, 0.3084228038787842 
910, -0.4512638747692108, 0.6132626533508301, 0.3080759048461914, 0.30308103561401367 
911, -0.449832558631897, 0.6163625717163086, 0.30991220474243164, 0.3043537139892578 
912, -0.44915756583213806, 0.625417947769165, 0.3168940544128418, 0.3062856197357178 
913, -0.4488527178764343, 0.6178991794586182, 0.30832672119140625, 0.30739378929138184 
914, -0.4489920437335968, 0.6210594177246094, 0.31106066703796387, 0.3079056739807129 
915, -0.44963377714157104, 0.6105830669403076, 0.3033139705657959, 0.3050987720489502 
916, -0.4503949284553528, 0.6256592273712158, 0.314176082611084, 0.3093597888946533 
917, -0.45087048411369324, 0.6144924163818359, 0.31015706062316895, 0.30214452743530273 
918, -0.45141252875328064, 0.6325991153717041, 0.32767367362976074, 0.3028419017791748 
919, -0.45214858651161194, 0.6266429424285889, 0.31882476806640625, 0.3055877685546875 
920, -0.4531518518924713, 0.6288876533508301, 0.3206322193145752, 0.30602097511291504 
921, -0.45457029342651367, 0.6252880096435547, 0.32482171058654785, 0.29818105697631836 
922, -0.45630383491516113, 0.6308431625366211, 0.3244194984436035, 0.3042440414428711 
923, -0.45821139216423035, 0.6261711120605469, 0.3232719898223877, 0.3007688522338867 
924, -0.4601726531982422, 0.6331524848937988, 0.32488059997558594, 0.3061501979827881 
925, -0.46188536286354065, 0.6128895282745361, 0.3036484718322754, 0.307051420211792 
926, -0.4630131125450134, 0.6280958652496338, 0.31549644470214844, 0.3105015754699707 
927, -0.46369442343711853, 0.6103343963623047, 0.31095266342163086, 0.2972750663757324 
928, -0.4640146791934967, 0.6117331981658936, 0.3056752681732178, 0.3039512634277344 
929, -0.46417883038520813, 0.6257414817810059, 0.31151819229125977, 0.3116264343261719 
930, -0.4639935791492462, 0.6165103912353516, 0.30933451652526855, 0.30515527725219727 
931, -0.463454931974411, 0.609821081161499, 0.3058767318725586, 0.3014063835144043 
932, -0.4628737270832062, 0.6224319934844971, 0.31018519401550293, 0.3101003170013428 
933, -0.46201595664024353, 0.6082320213317871, 0.31118130683898926, 0.29457569122314453 
934, -0.46080899238586426, 0.6194188594818115, 0.30785679817199707, 0.3094818592071533 
935, -0.45931151509284973, 0.6173701286315918, 0.3080775737762451, 0.30718111991882324 
936, -0.45746272802352905, 0.6256892681121826, 0.3133387565612793, 0.3102591037750244 
937, -0.45508071780204773, 0.6100666522979736, 0.30316662788391113, 0.30475950241088867 
938, -0.45274972915649414, 0.6216237545013428, 0.3123302459716797, 0.30702710151672363 
939, -0.45095303654670715, 0.6265072822570801, 0.31819629669189453, 0.30623555183410645 
940, -0.44970381259918213, 0.6159617900848389, 0.30237817764282227, 0.31139183044433594 
941, -0.44896194338798523, 0.6272358894348145, 0.3134419918060303, 0.3111610412597656 
942, -0.4486846625804901, 0.6812691688537598, 0.31302666664123535, 0.3177924156188965 
943, -0.44878536462783813, 0.6115231513977051, 0.31427907943725586, 0.2948904037475586 
944, -0.44953975081443787, 0.6123499870300293, 0.30556774139404297, 0.30472779273986816 
945, -0.45019981265068054, 0.6035809516906738, 0.3050355911254883, 0.2963447570800781 
946, -0.4511943459510803, 0.6073882579803467, 0.30536675453186035, 0.29992008209228516 
947, -0.4520549476146698, 0.6127698421478271, 0.30354881286621094, 0.3072013854980469 
948, -0.45243796706199646, 0.6258463859558105, 0.31744933128356934, 0.30629444122314453 
949, -0.45293575525283813, 0.622614860534668, 0.31614255905151367, 0.30396604537963867 
950, -0.4539200961589813, 0.6240024566650391, 0.31620049476623535, 0.3057558536529541 
951, -0.4553740620613098, 0.617476224899292, 0.31699061393737793, 0.29839634895324707 
952, -0.45717036724090576, 0.6269776821136475, 0.320143461227417, 0.3047323226928711 
953, -0.45875951647758484, 0.6271085739135742, 0.31737804412841797, 0.30756139755249023 
954, -0.4605015516281128, 0.6275413036346436, 0.3247828483581543, 0.30066490173339844 
955, -0.46227872371673584, 0.6337692737579346, 0.32274436950683594, 0.30895256996154785 
956, -0.46409738063812256, 0.6094367504119873, 0.30361366271972656, 0.3037118911743164 
957, -0.46522754430770874, 0.6184172630310059, 0.3130772113800049, 0.3031759262084961 
958, -0.4664929211139679, 0.6098954677581787, 0.3065950870513916, 0.3011748790740967 
959, -0.46727389097213745, 0.620537281036377, 0.3143117427825928, 0.3036644458770752 
960, -0.46775296330451965, 0.6061069965362549, 0.3048698902130127, 0.29920220375061035 
961, -0.4679461121559143, 0.6201529502868652, 0.3147759437561035, 0.3033111095428467 
962, -0.46832600235939026, 0.6274545192718506, 0.3272888660430908, 0.2981400489807129 
963, -0.46882033348083496, 0.6079192161560059, 0.30447864532470703, 0.30129504203796387 
964, -0.46892252564430237, 0.6102025508880615, 0.30410194396972656, 0.3039882183074951 
965, -0.4688885807991028, 0.626899003982544, 0.31964612007141113, 0.30516481399536133 
966, -0.4690832495689392, 0.5954234600067139, 0.30067944526672363, 0.2926950454711914 
967, -0.4690241813659668, 0.6062271595001221, 0.30739784240722656, 0.2967720031738281 
968, -0.46858254075050354, 0.6203298568725586, 0.3148627281188965, 0.3033626079559326 
969, -0.4679592549800873, 0.5983664989471436, 0.30037522315979004, 0.29584527015686035 
970, -0.46708735823631287, 0.6057662963867188, 0.3048844337463379, 0.2987644672393799 
971, -0.46600091457366943, 0.6148016452789307, 0.3065052032470703, 0.30613207817077637 
972, -0.46468037366867065, 0.6009445190429688, 0.30426597595214844, 0.2944214344024658 
973, -0.4624846577644348, 0.6042745113372803, 0.30162858963012695, 0.3005218505859375 
974, -0.46005573868751526, 0.6051151752471924, 0.3053627014160156, 0.297623872756958 
975, -0.4573795795440674, 0.6124012470245361, 0.3033914566040039, 0.306368350982666 
976, -0.4547099173069, 0.614238977432251, 0.30625247955322266, 0.3057560920715332 
977, -0.4521207809448242, 0.6516945362091064, 0.308915376663208, 0.30354809761047363 
978, -0.4498823881149292, 0.6176691055297852, 0.30782556533813477, 0.3077538013458252 
979, -0.44788113236427307, 0.6187448501586914, 0.31502652168273926, 0.30113744735717773 
980, -0.44687575101852417, 0.6140563488006592, 0.32070350646972656, 0.2911803722381592 
981, -0.44685590267181396, 0.6126906871795654, 0.30521416664123535, 0.3053300380706787 
982, -0.4469466805458069, 0.6080567836761475, 0.30513453483581543, 0.30083155632019043 
983, -0.4466756284236908, 0.6170065402984619, 0.3115241527557373, 0.3033740520477295 
984, -0.44637060165405273, 0.6018891334533691, 0.2992360591888428, 0.3004422187805176 
985, -0.44644883275032043, 0.6111559867858887, 0.30658864974975586, 0.3024160861968994 
986, -0.4469192326068878, 0.6100504398345947, 0.30777597427368164, 0.30016350746154785 
987, -0.44763699173927307, 0.6097066402435303, 0.30579090118408203, 0.3014225959777832 
988, -0.4483608901500702, 0.6165235042572021, 0.31862950325012207, 0.2958865165710449 
989, -0.4496123194694519, 0.6138553619384766, 0.3146233558654785, 0.29673171043395996 
990, -0.45127883553504944, 0.6128973960876465, 0.3145568370819092, 0.29629039764404297 
991, -0.4533643424510956, 0.6191184520721436, 0.3175647258758545, 0.29939842224121094 
992, -0.45551803708076477, 0.6051485538482666, 0.30631422996520996, 0.29314255714416504 
993, -0.4576265513896942, 0.6008965969085693, 0.30550646781921387, 0.293379545211792 
994, -0.45900025963783264, 0.6090211868286133, 0.3050062656402588, 0.30179500579833984 
995, -0.4601091146469116, 0.595430850982666, 0.3019709587097168, 0.2913384437561035 
996, -0.4606763422489166, 0.5974428653717041, 0.30135345458984375, 0.29412412643432617 
997, -0.46076443791389465, 0.6110641956329346, 0.30695557594299316, 0.30204033851623535 
998, -0.4605420231819153, 0.5912115573883057, 0.2977430820465088, 0.2913336753845215 
999, -0.4600540101528168, 0.6094896793365479, 0.3053781986236572, 0.3018834590911865 
