Iteration, loss, time 
0, 0.1637679934501648, 0.1107029914855957 
1, 0.12059265375137329, 0.03717303276062012 
2, 0.045604705810546875, 0.03594636917114258 
3, -0.03242248296737671, 0.03729081153869629 
4, -0.10031008720397949, 0.03585243225097656 
5, -0.16135966777801514, 0.0366971492767334 
6, -0.2231397032737732, 0.03613162040710449 
7, -0.2888418436050415, 0.03631949424743652 
8, -0.36260372400283813, 0.03629708290100098 
9, -0.4228624701499939, 0.035767555236816406 
10, -0.4802870750427246, 0.03586554527282715 
11, -0.5321400165557861, 0.03592276573181152 
12, -0.6127980947494507, 0.036257028579711914 
13, -0.6734279990196228, 0.0364840030670166 
14, -0.7230648994445801, 0.03667187690734863 
15, -0.768959641456604, 0.03603005409240723 
16, -0.8404988050460815, 0.0362086296081543 
17, -0.8914550542831421, 0.03596997261047363 
18, -0.9431111216545105, 0.03597545623779297 
19, -0.9851096868515015, 0.0356900691986084 
20, -1.0333654880523682, 0.03610968589782715 
21, -1.08018958568573, 0.035637855529785156 
22, -1.1409543752670288, 0.036252498626708984 
23, -1.192549467086792, 0.035642385482788086 
24, -1.2288565635681152, 0.036407470703125 
25, -1.2671911716461182, 0.03566312789916992 
26, -1.3330743312835693, 0.0371098518371582 
27, -1.3762624263763428, 0.03545212745666504 
28, -1.4038491249084473, 0.03525543212890625 
29, -1.4544963836669922, 0.03529644012451172 
30, -1.4950528144836426, 0.03557443618774414 
31, -1.5302507877349854, 0.035231828689575195 
32, -1.5735430717468262, 0.03535008430480957 
33, -1.6013126373291016, 0.03530311584472656 
34, -1.6414889097213745, 0.035256385803222656 
35, -1.6650339365005493, 0.035201072692871094 
36, -1.6955053806304932, 0.03547167778015137 
37, -1.738349437713623, 0.03505539894104004 
38, -1.7672615051269531, 0.035333871841430664 
39, -1.786900520324707, 0.035210371017456055 
40, -1.810622215270996, 0.03534722328186035 
41, -1.8522486686706543, 0.035228729248046875 
42, -1.8770124912261963, 0.035491228103637695 
43, -1.8935325145721436, 0.03537631034851074 
44, -1.9288467168807983, 0.03497147560119629 
45, -1.9431545734405518, 0.035317182540893555 
46, -1.973780632019043, 0.03544282913208008 
47, -2.0025343894958496, 0.03549337387084961 
48, -2.0178725719451904, 0.035778045654296875 
49, -2.047449827194214, 0.03579211235046387 
50, -2.0755836963653564, 0.03763580322265625 
51, -2.0905938148498535, 0.035515785217285156 
52, -2.1135971546173096, 0.036411285400390625 
53, -2.1347475051879883, 0.03548097610473633 
54, -2.1619882583618164, 0.03581881523132324 
55, -2.18074369430542, 0.03584885597229004 
56, -2.1959614753723145, 0.03593564033508301 
57, -2.220980644226074, 0.03579831123352051 
58, -2.2312474250793457, 0.03598475456237793 
59, -2.255490779876709, 0.03586387634277344 
60, -2.2717785835266113, 0.035993099212646484 
61, -2.291717529296875, 0.03576803207397461 
62, -2.3128879070281982, 0.03601408004760742 
63, -2.333436965942383, 0.03544425964355469 
64, -2.3520736694335938, 0.0359654426574707 
65, -2.360288143157959, 0.03523850440979004 
66, -2.384213924407959, 0.03558015823364258 
67, -2.395273208618164, 0.035486698150634766 
68, -2.417863368988037, 0.035752296447753906 
69, -2.429250955581665, 0.03607463836669922 
70, -2.450875759124756, 0.03584480285644531 
71, -2.46894907951355, 0.03568911552429199 
72, -2.4763998985290527, 0.03608202934265137 
73, -2.491645336151123, 0.03550267219543457 
74, -2.5156807899475098, 0.03830838203430176 
75, -2.5258569717407227, 0.03546738624572754 
76, -2.5482563972473145, 0.036498308181762695 
77, -2.5504655838012695, 0.035585880279541016 
78, -2.570765972137451, 0.03558230400085449 
79, -2.579420804977417, 0.035576581954956055 
80, -2.5925025939941406, 0.03539276123046875 
81, -2.607509136199951, 0.035369873046875 
82, -2.620298385620117, 0.03565502166748047 
83, -2.631822109222412, 0.03721809387207031 
84, -2.649561643600464, 0.03730154037475586 
85, -2.6616671085357666, 0.03680562973022461 
86, -2.674100875854492, 0.037157535552978516 
87, -2.6806480884552, 0.03733062744140625 
88, -2.69669246673584, 0.03719687461853027 
89, -2.711486339569092, 0.03713083267211914 
90, -2.7216005325317383, 0.037222862243652344 
91, -2.7345657348632812, 0.03699326515197754 
92, -2.7403831481933594, 0.037085533142089844 
93, -2.7575364112854004, 0.0368809700012207 
94, -2.7663064002990723, 0.037217140197753906 
95, -2.7761178016662598, 0.03693675994873047 
96, -2.788644313812256, 0.03725767135620117 
97, -2.7986900806427, 0.037302494049072266 
98, -2.8118491172790527, 0.039519548416137695 
99, -2.818272113800049, 0.03701329231262207 
100, -2.8271026611328125, 0.03722715377807617 
101, -2.840327262878418, 0.03706979751586914 
102, -2.853283166885376, 0.03734111785888672 
103, -2.8608126640319824, 0.03699827194213867 
104, -2.872169017791748, 0.03737330436706543 
105, -2.8765623569488525, 0.036957502365112305 
106, -2.8843777179718018, 0.037288665771484375 
107, -2.8985073566436768, 0.037053823471069336 
108, -2.908748149871826, 0.03705620765686035 
109, -2.9107236862182617, 0.037062644958496094 
110, -2.92240309715271, 0.03725838661193848 
111, -2.9366111755371094, 0.03697681427001953 
112, -2.945017099380493, 0.037099599838256836 
113, -2.94972825050354, 0.03720855712890625 
114, -2.959341049194336, 0.037706613540649414 
115, -2.9616966247558594, 0.03705263137817383 
116, -2.976470947265625, 0.03722524642944336 
117, -2.9825525283813477, 0.0371251106262207 
118, -2.9866156578063965, 0.03699851036071777 
119, -2.9947421550750732, 0.03692030906677246 
120, -3.0023441314697266, 0.037694454193115234 
121, -3.0091118812561035, 0.03717160224914551 
122, -3.019805908203125, 0.0400087833404541 
123, -3.027458667755127, 0.03744626045227051 
124, -3.0305657386779785, 0.03785538673400879 
125, -3.0379085540771484, 0.03767061233520508 
126, -3.0459702014923096, 0.037659406661987305 
127, -3.054234743118286, 0.03738713264465332 
128, -3.0590386390686035, 0.037598609924316406 
129, -3.0693774223327637, 0.037589073181152344 
130, -3.0660648345947266, 0.03710436820983887 
131, -3.0802621841430664, 0.03887343406677246 
132, -3.0891828536987305, 0.03766131401062012 
133, -3.094461441040039, 0.03739523887634277 
134, -3.0985333919525146, 0.03773307800292969 
135, -3.104902505874634, 0.03702402114868164 
136, -3.110806703567505, 0.03727149963378906 
137, -3.119719982147217, 0.03693366050720215 
138, -3.1254072189331055, 0.03729534149169922 
139, -3.130830764770508, 0.03710651397705078 
140, -3.1358139514923096, 0.03712773323059082 
141, -3.1422407627105713, 0.03710150718688965 
142, -3.1493000984191895, 0.03698229789733887 
143, -3.153944492340088, 0.03688645362854004 
144, -3.156026840209961, 0.03723001480102539 
145, -3.159137010574341, 0.03686404228210449 
146, -3.1653895378112793, 0.039409637451171875 
147, -3.1703250408172607, 0.036786556243896484 
148, -3.177090644836426, 0.03710603713989258 
149, -3.18684458732605, 0.036950111389160156 
150, -3.1869518756866455, 0.037278175354003906 
151, -3.1893184185028076, 0.03697943687438965 
152, -3.196702480316162, 0.03699803352355957 
153, -3.202648639678955, 0.0369417667388916 
154, -3.204041004180908, 0.037023067474365234 
155, -3.2112345695495605, 0.036679744720458984 
156, -3.2137069702148438, 0.03709816932678223 
157, -3.220158100128174, 0.036917924880981445 
158, -3.222785472869873, 0.03703141212463379 
159, -3.2255024909973145, 0.036889076232910156 
160, -3.2347702980041504, 0.03717780113220215 
161, -3.235464572906494, 0.03676748275756836 
162, -3.2379260063171387, 0.03709864616394043 
163, -3.247044801712036, 0.03683590888977051 
164, -3.2498631477355957, 0.03705000877380371 
165, -3.255617618560791, 0.03674054145812988 
166, -3.2559542655944824, 0.03689932823181152 
167, -3.261291265487671, 0.03719758987426758 
168, -3.2622108459472656, 0.03668570518493652 
169, -3.267671585083008, 0.03637814521789551 
170, -3.2735085487365723, 0.04085826873779297 
171, -3.2758564949035645, 0.039603233337402344 
172, -3.2783942222595215, 0.039491891860961914 
173, -3.2794947624206543, 0.0393521785736084 
174, -3.284879207611084, 0.03954434394836426 
175, -3.2905569076538086, 0.03941822052001953 
176, -3.2937498092651367, 0.03987550735473633 
177, -3.2946572303771973, 0.03845667839050293 
178, -3.299527168273926, 0.03749966621398926 
179, -3.3030176162719727, 0.03692293167114258 
180, -3.3050804138183594, 0.03700089454650879 
181, -3.310579776763916, 0.036507368087768555 
182, -3.3125357627868652, 0.03685879707336426 
183, -3.3129656314849854, 0.03645205497741699 
184, -3.3180789947509766, 0.0365900993347168 
185, -3.3213021755218506, 0.03640604019165039 
186, -3.322404146194458, 0.03750729560852051 
187, -3.3282625675201416, 0.03756093978881836 
188, -3.330721378326416, 0.0377345085144043 
189, -3.33184552192688, 0.0375056266784668 
190, -3.333761692047119, 0.03752446174621582 
191, -3.338057041168213, 0.03742337226867676 
192, -3.3396825790405273, 0.03735089302062988 
193, -3.343282699584961, 0.03782320022583008 
194, -3.345864772796631, 0.039878129959106445 
195, -3.348802328109741, 0.03768634796142578 
196, -3.3525185585021973, 0.044889211654663086 
197, -3.354179620742798, 0.040200233459472656 
198, -3.356820583343506, 0.040258169174194336 
199, -3.357832908630371, 0.039992332458496094 
200, -3.3604702949523926, 0.04076433181762695 
201, -3.3623666763305664, 0.04015541076660156 
202, -3.3639588356018066, 0.040413856506347656 
203, -3.368914842605591, 0.040372610092163086 
204, -3.371831178665161, 0.040520668029785156 
205, -3.3722939491271973, 0.03937268257141113 
206, -3.375739097595215, 0.038065195083618164 
207, -3.3769800662994385, 0.03739619255065918 
208, -3.38116455078125, 0.037610530853271484 
209, -3.381876230239868, 0.037326812744140625 
210, -3.3839237689971924, 0.037423133850097656 
211, -3.3870792388916016, 0.03734564781188965 
212, -3.3866758346557617, 0.03786301612854004 
213, -3.3900933265686035, 0.037438154220581055 
214, -3.3922672271728516, 0.03749847412109375 
215, -3.394897937774658, 0.037383079528808594 
216, -3.396122455596924, 0.03755068778991699 
217, -3.396641731262207, 0.03737688064575195 
218, -3.400259017944336, 0.039916038513183594 
219, -3.4040560722351074, 0.03735709190368652 
220, -3.4042530059814453, 0.03757333755493164 
221, -3.4069533348083496, 0.037554025650024414 
222, -3.409566640853882, 0.03796267509460449 
223, -3.409132719039917, 0.0378262996673584 
224, -3.4116017818450928, 0.03750944137573242 
225, -3.4121084213256836, 0.03784012794494629 
226, -3.415226936340332, 0.03740239143371582 
227, -3.4172556400299072, 0.037316083908081055 
228, -3.4193639755249023, 0.03769874572753906 
229, -3.420665740966797, 0.037468910217285156 
230, -3.4216113090515137, 0.037387847900390625 
231, -3.423947811126709, 0.03740835189819336 
232, -3.425304889678955, 0.03754711151123047 
233, -3.425536632537842, 0.037329912185668945 
234, -3.4302926063537598, 0.038013458251953125 
235, -3.429687976837158, 0.03735852241516113 
236, -3.4332337379455566, 0.037442922592163086 
237, -3.431966781616211, 0.03736114501953125 
238, -3.434483766555786, 0.03741168975830078 
239, -3.4379944801330566, 0.03744077682495117 
240, -3.43857479095459, 0.037756919860839844 
241, -3.4369373321533203, 0.037680625915527344 
242, -3.439154624938965, 0.040007591247558594 
243, -3.4416556358337402, 0.03748464584350586 
244, -3.4435338973999023, 0.038300514221191406 
245, -3.4456748962402344, 0.037563323974609375 
246, -3.4469711780548096, 0.03754687309265137 
247, -3.4466023445129395, 0.0376734733581543 
248, -3.4484424591064453, 0.03828096389770508 
249, -3.449129104614258, 0.037467002868652344 
250, -3.450725793838501, 0.037523508071899414 
251, -3.452465534210205, 0.03751802444458008 
252, -3.4534525871276855, 0.037537574768066406 
253, -3.456369400024414, 0.03744649887084961 
254, -3.456843852996826, 0.037531137466430664 
255, -3.45634126663208, 0.037490129470825195 
256, -3.457365036010742, 0.037885427474975586 
257, -3.458996295928955, 0.037439584732055664 
258, -3.4600958824157715, 0.03744959831237793 
259, -3.46065616607666, 0.03727316856384277 
260, -3.4637811183929443, 0.03756570816040039 
261, -3.4643521308898926, 0.03728175163269043 
262, -3.465582847595215, 0.03765559196472168 
263, -3.466038703918457, 0.037291765213012695 
264, -3.467434883117676, 0.03755474090576172 
265, -3.4672632217407227, 0.03733181953430176 
266, -3.469289541244507, 0.03984689712524414 
267, -3.470134735107422, 0.03734564781188965 
268, -3.4715781211853027, 0.037676095962524414 
269, -3.47330641746521, 0.03753519058227539 
270, -3.4735851287841797, 0.03771829605102539 
271, -3.476585626602173, 0.0374445915222168 
272, -3.4774081707000732, 0.037683725357055664 
273, -3.4760913848876953, 0.03732919692993164 
274, -3.4771695137023926, 0.03750252723693848 
275, -3.479099988937378, 0.03742361068725586 
276, -3.479243040084839, 0.0377192497253418 
277, -3.480808973312378, 0.03746175765991211 
278, -3.482813596725464, 0.03746175765991211 
279, -3.481755256652832, 0.03730916976928711 
280, -3.4834837913513184, 0.03765153884887695 
281, -3.483290910720825, 0.037374258041381836 
282, -3.488281011581421, 0.037698984146118164 
283, -3.4859583377838135, 0.0374302864074707 
284, -3.4857687950134277, 0.037741661071777344 
285, -3.4872164726257324, 0.037383079528808594 
286, -3.486964702606201, 0.03773999214172363 
287, -3.4883506298065186, 0.037482261657714844 
288, -3.4905333518981934, 0.03767514228820801 
289, -3.4904351234436035, 0.03733992576599121 
290, -3.492765188217163, 0.03997445106506348 
291, -3.4929819107055664, 0.03755545616149902 
292, -3.493774890899658, 0.038216590881347656 
293, -3.4931769371032715, 0.03758573532104492 
294, -3.4955344200134277, 0.03778076171875 
295, -3.495328426361084, 0.0376436710357666 
296, -3.4973576068878174, 0.03764796257019043 
297, -3.497364044189453, 0.03744196891784668 
298, -3.498425245285034, 0.03766441345214844 
299, -3.4986658096313477, 0.037343740463256836 
300, -3.4989166259765625, 0.037520647048950195 
301, -3.5010204315185547, 0.03744316101074219 
302, -3.5010955333709717, 0.0375213623046875 
303, -3.500835418701172, 0.0373988151550293 
304, -3.5027167797088623, 0.03751730918884277 
305, -3.5020253658294678, 0.037264108657836914 
306, -3.5043370723724365, 0.037456512451171875 
307, -3.5028133392333984, 0.03750324249267578 
308, -3.504394054412842, 0.03760838508605957 
309, -3.505730390548706, 0.03744673728942871 
310, -3.506171464920044, 0.037589073181152344 
311, -3.50659441947937, 0.037511587142944336 
312, -3.5074400901794434, 0.03763222694396973 
313, -3.5074398517608643, 0.037447452545166016 
314, -3.508819341659546, 0.040067195892333984 
315, -3.507582902908325, 0.03751730918884277 
316, -3.510453224182129, 0.037844181060791016 
317, -3.509835958480835, 0.0374598503112793 
318, -3.5095155239105225, 0.03771185874938965 
319, -3.5109691619873047, 0.03760409355163574 
320, -3.5124471187591553, 0.03777885437011719 
321, -3.512047529220581, 0.03756213188171387 
322, -3.5129005908966064, 0.03774404525756836 
323, -3.51318097114563, 0.03751659393310547 
324, -3.515044689178467, 0.03765583038330078 
325, -3.513681173324585, 0.037574052810668945 
326, -3.514694929122925, 0.03761100769042969 
327, -3.5163161754608154, 0.03742337226867676 
328, -3.5158205032348633, 0.03778362274169922 
329, -3.517549753189087, 0.03751206398010254 
330, -3.5172595977783203, 0.03759956359863281 
331, -3.5183444023132324, 0.03739452362060547 
332, -3.5180461406707764, 0.03772139549255371 
333, -3.51823353767395, 0.0373537540435791 
334, -3.5193655490875244, 0.037610769271850586 
335, -3.519047975540161, 0.03745698928833008 
336, -3.520400047302246, 0.037551164627075195 
337, -3.5207276344299316, 0.037476301193237305 
338, -3.5204343795776367, 0.039999961853027344 
339, -3.5217278003692627, 0.03760337829589844 
340, -3.5219476222991943, 0.03786754608154297 
341, -3.5231003761291504, 0.037660837173461914 
342, -3.522951602935791, 0.037693023681640625 
343, -3.523682117462158, 0.03751826286315918 
344, -3.5233614444732666, 0.037818193435668945 
345, -3.5247368812561035, 0.03739356994628906 
346, -3.524914503097534, 0.037973642349243164 
347, -3.525879144668579, 0.03753495216369629 
348, -3.525726795196533, 0.03765559196472168 
349, -3.5255281925201416, 0.037519216537475586 
350, -3.5258357524871826, 0.03750348091125488 
351, -3.52667498588562, 0.03759622573852539 
352, -3.526505947113037, 0.03764462471008301 
353, -3.5270836353302, 0.03743267059326172 
354, -3.5281260013580322, 0.03755974769592285 
355, -3.5284202098846436, 0.037450313568115234 
356, -3.528984785079956, 0.037667274475097656 
357, -3.5283844470977783, 0.03745627403259277 
358, -3.529128313064575, 0.037635087966918945 
359, -3.529254674911499, 0.03736519813537598 
360, -3.530024766921997, 0.037697792053222656 
361, -3.5308480262756348, 0.03751230239868164 
362, -3.5311105251312256, 0.04006695747375488 
363, -3.5305075645446777, 0.03753805160522461 
364, -3.531313419342041, 0.037914276123046875 
365, -3.5311648845672607, 0.03747296333312988 
366, -3.532216787338257, 0.03773927688598633 
367, -3.532487154006958, 0.037554264068603516 
368, -3.532262086868286, 0.03786635398864746 
369, -3.5338916778564453, 0.03744363784790039 
370, -3.5335259437561035, 0.03769683837890625 
371, -3.534269332885742, 0.03745222091674805 
372, -3.5345160961151123, 0.03774857521057129 
373, -3.534778118133545, 0.03741884231567383 
374, -3.5350394248962402, 0.0377812385559082 
375, -3.535342216491699, 0.037415504455566406 
376, -3.5356059074401855, 0.03752255439758301 
377, -3.536102533340454, 0.03736448287963867 
378, -3.5364134311676025, 0.03767108917236328 
379, -3.536053419113159, 0.03737044334411621 
380, -3.535947322845459, 0.03760552406311035 
381, -3.536346435546875, 0.03744053840637207 
382, -3.5375266075134277, 0.03764009475708008 
383, -3.536379337310791, 0.03757119178771973 
384, -3.5369577407836914, 0.037595510482788086 
385, -3.538370132446289, 0.03748464584350586 
386, -3.53764009475708, 0.0400691032409668 
387, -3.5383570194244385, 0.03747391700744629 
388, -3.538221597671509, 0.037865400314331055 
389, -3.5379745960235596, 0.03759932518005371 
390, -3.5384061336517334, 0.03769636154174805 
391, -3.540179967880249, 0.03748631477355957 
392, -3.53926944732666, 0.03769350051879883 
393, -3.540105104446411, 0.037575483322143555 
394, -3.540778398513794, 0.037845611572265625 
395, -3.5404131412506104, 0.03750133514404297 
396, -3.540478467941284, 0.03765606880187988 
397, -3.540494441986084, 0.03745460510253906 
398, -3.541574716567993, 0.03766608238220215 
399, -3.542001485824585, 0.03758072853088379 
400, -3.541875123977661, 0.03776383399963379 
401, -3.5421836376190186, 0.03749227523803711 
402, -3.5419628620147705, 0.03763699531555176 
403, -3.5424914360046387, 0.03748726844787598 
404, -3.5416338443756104, 0.03767037391662598 
405, -3.542973041534424, 0.03745269775390625 
406, -3.5432262420654297, 0.03763151168823242 
407, -3.5434117317199707, 0.03753328323364258 
408, -3.5434799194335938, 0.037735700607299805 
409, -3.544080972671509, 0.03767967224121094 
410, -3.544182300567627, 0.040077924728393555 
411, -3.544299840927124, 0.03757834434509277 
412, -3.544701099395752, 0.03777670860290527 
413, -3.543957471847534, 0.03764629364013672 
414, -3.5439279079437256, 0.0378413200378418 
415, -3.5442988872528076, 0.037618160247802734 
416, -3.544614791870117, 0.03780698776245117 
417, -3.5452680587768555, 0.03763103485107422 
418, -3.545921802520752, 0.03772783279418945 
419, -3.5455830097198486, 0.03752255439758301 
420, -3.5456533432006836, 0.037854671478271484 
421, -3.5461206436157227, 0.03760218620300293 
422, -3.546506881713867, 0.03764152526855469 
423, -3.5464375019073486, 0.03749394416809082 
424, -3.5469069480895996, 0.03775763511657715 
425, -3.546586751937866, 0.03751325607299805 
426, -3.546764373779297, 0.03758955001831055 
427, -3.5473079681396484, 0.03740549087524414 
428, -3.546999216079712, 0.03776073455810547 
429, -3.547292947769165, 0.0375211238861084 
430, -3.5473203659057617, 0.03758716583251953 
431, -3.547555923461914, 0.037609100341796875 
432, -3.548611640930176, 0.037728309631347656 
433, -3.547231912612915, 0.03755450248718262 
434, -3.5483224391937256, 0.039971113204956055 
435, -3.548025608062744, 0.037590980529785156 
436, -3.5486042499542236, 0.038218021392822266 
437, -3.548938274383545, 0.037523508071899414 
438, -3.5486505031585693, 0.03796887397766113 
439, -3.5484893321990967, 0.03786420822143555 
440, -3.549516201019287, 0.03781557083129883 
441, -3.5487327575683594, 0.03764843940734863 
442, -3.549170970916748, 0.03778243064880371 
443, -3.54948353767395, 0.03746342658996582 
444, -3.549227237701416, 0.03767037391662598 
445, -3.5499510765075684, 0.03738665580749512 
446, -3.549485683441162, 0.03761577606201172 
447, -3.5501186847686768, 0.03750967979431152 
448, -3.550396203994751, 0.03769207000732422 
449, -3.5503323078155518, 0.03761792182922363 
450, -3.549713373184204, 0.037602901458740234 
451, -3.5506296157836914, 0.037355899810791016 
452, -3.551520586013794, 0.03776192665100098 
453, -3.5510668754577637, 0.03768634796142578 
454, -3.5512855052948, 0.03774833679199219 
455, -3.551525115966797, 0.037523508071899414 
456, -3.5505447387695312, 0.03774762153625488 
457, -3.552175521850586, 0.03759288787841797 
458, -3.5521023273468018, 0.03992962837219238 
459, -3.5519611835479736, 0.0375208854675293 
460, -3.5518693923950195, 0.03782391548156738 
461, -3.550764322280884, 0.03744792938232422 
462, -3.552311420440674, 0.03780674934387207 
463, -3.5518696308135986, 0.037657976150512695 
464, -3.5518546104431152, 0.03769993782043457 
465, -3.5521788597106934, 0.037537336349487305 
466, -3.5515072345733643, 0.03778481483459473 
467, -3.5523416996002197, 0.03753328323364258 
468, -3.5515382289886475, 0.037735939025878906 
469, -3.5524864196777344, 0.03753829002380371 
470, -3.552187919616699, 0.03766274452209473 
471, -3.5520594120025635, 0.03751492500305176 
472, -3.5524141788482666, 0.03773236274719238 
473, -3.552966594696045, 0.03749394416809082 
474, -3.553379774093628, 0.03760695457458496 
475, -3.5529425144195557, 0.03741788864135742 
476, -3.5534732341766357, 0.037610530853271484 
477, -3.554082155227661, 0.03748679161071777 
478, -3.55332350730896, 0.03758072853088379 
479, -3.5538384914398193, 0.03752422332763672 
480, -3.5541088581085205, 0.037606239318847656 
481, -3.5540552139282227, 0.037633657455444336 
482, -3.553542137145996, 0.04003000259399414 
483, -3.5542101860046387, 0.037458181381225586 
484, -3.554288148880005, 0.03797173500061035 
485, -3.5547215938568115, 0.037526845932006836 
486, -3.5540411472320557, 0.037705421447753906 
487, -3.5544137954711914, 0.03758430480957031 
488, -3.5546886920928955, 0.03775382041931152 
489, -3.555058717727661, 0.03752946853637695 
490, -3.5543174743652344, 0.03765296936035156 
491, -3.5542080402374268, 0.03750896453857422 
492, -3.5553722381591797, 0.037813663482666016 
493, -3.5549986362457275, 0.03750419616699219 
494, -3.554915189743042, 0.037717580795288086 
495, -3.55499267578125, 0.03750038146972656 
496, -3.5557427406311035, 0.03765392303466797 
497, -3.555413246154785, 0.03756451606750488 
498, -3.555920362472534, 0.03783059120178223 
499, -3.5555665493011475, 0.03736162185668945 
500, -3.554687738418579, 0.037615060806274414 
501, -3.5556135177612305, 0.037302255630493164 
502, -3.555675745010376, 0.037653446197509766 
503, -3.5560717582702637, 0.03743791580200195 
504, -3.5556716918945312, 0.03771257400512695 
505, -3.5565991401672363, 0.03748893737792969 
506, -3.555881977081299, 0.040197134017944336 
507, -3.555432081222534, 0.03767871856689453 
508, -3.5556726455688477, 0.03860878944396973 
509, -3.556285858154297, 0.03792214393615723 
510, -3.5566389560699463, 0.038435935974121094 
511, -3.5563480854034424, 0.03838944435119629 
512, -3.556356430053711, 0.03848552703857422 
513, -3.556434154510498, 0.038012027740478516 
514, -3.5567939281463623, 0.03858494758605957 
515, -3.556645154953003, 0.03830885887145996 
516, -3.5571815967559814, 0.038642168045043945 
517, -3.5570132732391357, 0.03841900825500488 
518, -3.5565037727355957, 0.038587093353271484 
519, -3.5567967891693115, 0.03903603553771973 
520, -3.556957721710205, 0.03844761848449707 
521, -3.5569944381713867, 0.038073062896728516 
522, -3.5573036670684814, 0.03843259811401367 
523, -3.5570507049560547, 0.03753495216369629 
524, -3.5569515228271484, 0.03735685348510742 
525, -3.5574560165405273, 0.03735637664794922 
526, -3.5575408935546875, 0.037566423416137695 
527, -3.5571208000183105, 0.037229061126708984 
528, -3.557915210723877, 0.03743624687194824 
529, -3.5568718910217285, 0.03741765022277832 
530, -3.5575034618377686, 0.04012131690979004 
531, -3.557602643966675, 0.03735756874084473 
532, -3.5577938556671143, 0.037726640701293945 
533, -3.5575661659240723, 0.03730416297912598 
534, -3.5576210021972656, 0.037548065185546875 
535, -3.557389736175537, 0.03723287582397461 
536, -3.5573534965515137, 0.03754019737243652 
537, -3.5581088066101074, 0.03729724884033203 
538, -3.5578677654266357, 0.03741621971130371 
539, -3.5578885078430176, 0.03725552558898926 
540, -3.557896852493286, 0.037371158599853516 
541, -3.557894706726074, 0.03718900680541992 
542, -3.55790376663208, 0.03740644454956055 
543, -3.5576395988464355, 0.03730177879333496 
544, -3.5579240322113037, 0.037367820739746094 
545, -3.557910442352295, 0.03730130195617676 
546, -3.5582525730133057, 0.03753805160522461 
547, -3.558192729949951, 0.037430524826049805 
548, -3.5581960678100586, 0.03745150566101074 
549, -3.5585274696350098, 0.0372471809387207 
550, -3.558911085128784, 0.0374293327331543 
551, -3.5585036277770996, 0.0371551513671875 
552, -3.558720827102661, 0.03735542297363281 
553, -3.5588901042938232, 0.03731179237365723 
554, -3.5583934783935547, 0.040070533752441406 
555, -3.558650493621826, 0.03730154037475586 
556, -3.5586514472961426, 0.03763866424560547 
557, -3.5589990615844727, 0.037158966064453125 
558, -3.5590553283691406, 0.03747153282165527 
559, -3.5582737922668457, 0.03742098808288574 
560, -3.5583999156951904, 0.037433624267578125 
561, -3.55838942527771, 0.03728055953979492 
562, -3.5582010746002197, 0.03743910789489746 
563, -3.558527708053589, 0.03721475601196289 
564, -3.5592963695526123, 0.03737688064575195 
565, -3.5589354038238525, 0.03731107711791992 
566, -3.559619665145874, 0.0374913215637207 
567, -3.559741258621216, 0.03721261024475098 
568, -3.5594987869262695, 0.03733420372009277 
569, -3.5585074424743652, 0.03716468811035156 
570, -3.5595810413360596, 0.037432193756103516 
571, -3.559605598449707, 0.03720235824584961 
572, -3.559359550476074, 0.03756213188171387 
573, -3.5596585273742676, 0.03731203079223633 
574, -3.5597593784332275, 0.03745627403259277 
575, -3.5596489906311035, 0.037190914154052734 
576, -3.559640884399414, 0.037293434143066406 
577, -3.559443950653076, 0.03717947006225586 
578, -3.5593879222869873, 0.03981733322143555 
579, -3.5588390827178955, 0.037424564361572266 
580, -3.5594332218170166, 0.03820180892944336 
581, -3.559821605682373, 0.03817868232727051 
582, -3.560128688812256, 0.03798246383666992 
583, -3.5597951412200928, 0.037987470626831055 
584, -3.559752941131592, 0.038448333740234375 
585, -3.5602660179138184, 0.0383296012878418 
586, -3.5593554973602295, 0.038384199142456055 
587, -3.5595285892486572, 0.03842329978942871 
588, -3.559770107269287, 0.038553476333618164 
589, -3.5602853298187256, 0.03825831413269043 
590, -3.5599825382232666, 0.03866910934448242 
591, -3.5601508617401123, 0.038741111755371094 
592, -3.559459924697876, 0.038697004318237305 
593, -3.5601377487182617, 0.037972450256347656 
594, -3.5601089000701904, 0.03875017166137695 
595, -3.5605359077453613, 0.03828072547912598 
596, -3.560394287109375, 0.03791308403015137 
597, -3.560243844985962, 0.038268327713012695 
598, -3.5602142810821533, 0.038346290588378906 
599, -3.560382604598999, 0.03829479217529297 
600, -3.5602314472198486, 0.038388729095458984 
601, -3.560506820678711, 0.038362741470336914 
602, -3.559894561767578, 0.040529489517211914 
603, -3.5602214336395264, 0.03775358200073242 
604, -3.5606439113616943, 0.03803229331970215 
605, -3.5605411529541016, 0.036992788314819336 
606, -3.560227155685425, 0.03693389892578125 
607, -3.560197353363037, 0.03663921356201172 
608, -3.5598433017730713, 0.03721189498901367 
609, -3.560720443725586, 0.036847829818725586 
610, -3.560699701309204, 0.036896705627441406 
611, -3.5608606338500977, 0.036673545837402344 
612, -3.5607621669769287, 0.03697657585144043 
613, -3.5606305599212646, 0.0367732048034668 
614, -3.5607411861419678, 0.036638498306274414 
615, -3.560906171798706, 0.03673815727233887 
616, -3.560633897781372, 0.03663992881774902 
617, -3.560652732849121, 0.03639030456542969 
618, -3.56034255027771, 0.03672480583190918 
619, -3.5606162548065186, 0.03649282455444336 
620, -3.5596628189086914, 0.0365452766418457 
621, -3.5609991550445557, 0.03641033172607422 
622, -3.56048583984375, 0.03653287887573242 
623, -3.560821294784546, 0.03644418716430664 
624, -3.5609257221221924, 0.036600351333618164 
625, -3.5605111122131348, 0.03648209571838379 
626, -3.5605928897857666, 0.03903675079345703 
627, -3.5606272220611572, 0.03663945198059082 
628, -3.5609707832336426, 0.03702235221862793 
629, -3.5608770847320557, 0.03671121597290039 
630, -3.5607986450195312, 0.036774396896362305 
631, -3.5607807636260986, 0.03660297393798828 
632, -3.5606048107147217, 0.0366969108581543 
633, -3.5612118244171143, 0.0366208553314209 
634, -3.561221122741699, 0.03682374954223633 
635, -3.560918092727661, 0.03668212890625 
636, -3.560654640197754, 0.036687612533569336 
637, -3.5604376792907715, 0.036562442779541016 
638, -3.560939311981201, 0.036713600158691406 
639, -3.5602989196777344, 0.03664278984069824 
640, -3.5602827072143555, 0.03680872917175293 
641, -3.559548854827881, 0.03651762008666992 
642, -3.5593783855438232, 0.037058353424072266 
643, -3.5601329803466797, 0.03627347946166992 
644, -3.5601651668548584, 0.036615610122680664 
645, -3.559943437576294, 0.036837100982666016 
646, -3.560539960861206, 0.03770089149475098 
647, -3.56069016456604, 0.037531137466430664 
648, -3.560609817504883, 0.03743886947631836 
649, -3.561384677886963, 0.03785967826843262 
650, -3.5612659454345703, 0.040907859802246094 
651, -3.56144642829895, 0.03763008117675781 
652, -3.5610878467559814, 0.03856348991394043 
653, -3.5613317489624023, 0.03823375701904297 
654, -3.5614964962005615, 0.038445234298706055 
655, -3.561556339263916, 0.03830361366271973 
656, -3.5610709190368652, 0.03825855255126953 
657, -3.5613131523132324, 0.037702322006225586 
658, -3.561166524887085, 0.03735685348510742 
659, -3.561180591583252, 0.03749966621398926 
660, -3.560983896255493, 0.03758955001831055 
661, -3.561196804046631, 0.03682971000671387 
662, -3.5611846446990967, 0.036309003829956055 
663, -3.560873031616211, 0.036313533782958984 
664, -3.5612642765045166, 0.03656196594238281 
665, -3.5613248348236084, 0.036539316177368164 
666, -3.561408281326294, 0.0362398624420166 
667, -3.561372756958008, 0.03626847267150879 
668, -3.56119704246521, 0.03641343116760254 
669, -3.5601308345794678, 0.036165475845336914 
670, -3.561615228652954, 0.03622007369995117 
671, -3.561803102493286, 0.03661537170410156 
672, -3.561812400817871, 0.03613400459289551 
673, -3.5613596439361572, 0.03599905967712402 
674, -3.561476230621338, 0.038454294204711914 
675, -3.5615413188934326, 0.03624224662780762 
676, -3.5613791942596436, 0.0366063117980957 
677, -3.56172513961792, 0.03637504577636719 
678, -3.5613763332366943, 0.03647041320800781 
679, -3.5617728233337402, 0.036357879638671875 
680, -3.561704397201538, 0.03705167770385742 
681, -3.5610291957855225, 0.03621029853820801 
682, -3.5614821910858154, 0.0363764762878418 
683, -3.5610289573669434, 0.03704428672790527 
684, -3.5606396198272705, 0.03622150421142578 
685, -3.560251474380493, 0.03607511520385742 
686, -3.5614635944366455, 0.03618502616882324 
687, -3.5619068145751953, 0.03603196144104004 
688, -3.561797618865967, 0.03626227378845215 
689, -3.561540126800537, 0.036518096923828125 
690, -3.5611965656280518, 0.03676891326904297 
691, -3.5614655017852783, 0.03605484962463379 
692, -3.561314105987549, 0.036348819732666016 
693, -3.5610573291778564, 0.03614330291748047 
694, -3.561805248260498, 0.03605985641479492 
695, -3.5615062713623047, 0.03607439994812012 
696, -3.5604374408721924, 0.03606724739074707 
697, -3.5616042613983154, 0.03615760803222656 
698, -3.5619773864746094, 0.03857564926147461 
699, -3.5614840984344482, 0.03632855415344238 
700, -3.561612606048584, 0.03648185729980469 
701, -3.561835765838623, 0.03615713119506836 
702, -3.561361074447632, 0.03679776191711426 
703, -3.5609652996063232, 0.03710603713989258 
704, -3.5614371299743652, 0.03648257255554199 
705, -3.561455488204956, 0.03623366355895996 
706, -3.561582326889038, 0.036310672760009766 
707, -3.561556577682495, 0.03611183166503906 
708, -3.562042474746704, 0.036321163177490234 
709, -3.561570167541504, 0.036087989807128906 
710, -3.561150312423706, 0.03625154495239258 
711, -3.561858892440796, 0.03602480888366699 
712, -3.5618340969085693, 0.0361788272857666 
713, -3.5619895458221436, 0.036190032958984375 
714, -3.5620906352996826, 0.0362091064453125 
715, -3.5616953372955322, 0.03655123710632324 
716, -3.561351776123047, 0.03756856918334961 
717, -3.5615806579589844, 0.036492347717285156 
718, -3.561699151992798, 0.0362401008605957 
719, -3.5618033409118652, 0.036049604415893555 
720, -3.5618605613708496, 0.03621411323547363 
721, -3.5619990825653076, 0.03603959083557129 
722, -3.5615036487579346, 0.03905892372131348 
723, -3.5615994930267334, 0.03628063201904297 
724, -3.561689853668213, 0.03644990921020508 
725, -3.5618696212768555, 0.03610539436340332 
726, -3.5620155334472656, 0.03628683090209961 
727, -3.5617246627807617, 0.03623390197753906 
728, -3.562016248703003, 0.0363316535949707 
729, -3.561577558517456, 0.03619980812072754 
730, -3.5618343353271484, 0.03630948066711426 
731, -3.5616061687469482, 0.036106109619140625 
732, -3.5615856647491455, 0.0361788272857666 
733, -3.5618159770965576, 0.03607606887817383 
734, -3.561843156814575, 0.03631782531738281 
735, -3.5620415210723877, 0.03618812561035156 
736, -3.5622527599334717, 0.036777496337890625 
737, -3.561800479888916, 0.036408424377441406 
738, -3.5620269775390625, 0.03646969795227051 
739, -3.562122344970703, 0.03630852699279785 
740, -3.560906171798706, 0.036353111267089844 
741, -3.5619490146636963, 0.03625059127807617 
742, -3.5621209144592285, 0.03627204895019531 
743, -3.5619750022888184, 0.03809857368469238 
744, -3.5620312690734863, 0.03701639175415039 
745, -3.5619001388549805, 0.036164283752441406 
746, -3.561945676803589, 0.038773298263549805 
747, -3.5621488094329834, 0.03633379936218262 
748, -3.562084197998047, 0.03664112091064453 
749, -3.5620360374450684, 0.036331892013549805 
750, -3.5615439414978027, 0.036855459213256836 
751, -3.561549663543701, 0.0363459587097168 
752, -3.562157154083252, 0.03679203987121582 
753, -3.5618343353271484, 0.03624439239501953 
754, -3.5618059635162354, 0.03635454177856445 
755, -3.5622472763061523, 0.03627634048461914 
756, -3.5620486736297607, 0.03641176223754883 
757, -3.5620806217193604, 0.03626394271850586 
758, -3.5621137619018555, 0.0363316535949707 
759, -3.5618789196014404, 0.03631949424743652 
760, -3.561947822570801, 0.03627467155456543 
761, -3.5620429515838623, 0.0360867977142334 
762, -3.5621509552001953, 0.036363840103149414 
763, -3.562255382537842, 0.036164283752441406 
764, -3.561124563217163, 0.03624773025512695 
765, -3.561882495880127, 0.036176443099975586 
766, -3.561767339706421, 0.036299705505371094 
767, -3.5616512298583984, 0.03613686561584473 
768, -3.5620744228363037, 0.03625011444091797 
769, -3.562121868133545, 0.03614640235900879 
770, -3.561957359313965, 0.03871321678161621 
771, -3.5618183612823486, 0.03632998466491699 
772, -3.562188148498535, 0.03658151626586914 
773, -3.5621745586395264, 0.03647279739379883 
774, -3.56244158744812, 0.03653073310852051 
775, -3.562058925628662, 0.036374807357788086 
776, -3.561959743499756, 0.036427974700927734 
777, -3.562007188796997, 0.03638505935668945 
778, -3.561281681060791, 0.03684639930725098 
779, -3.561600685119629, 0.0362699031829834 
780, -3.5621845722198486, 0.036354780197143555 
781, -3.56156325340271, 0.036214590072631836 
782, -3.5623273849487305, 0.036446332931518555 
783, -3.5621111392974854, 0.03609919548034668 
784, -3.562361240386963, 0.036247968673706055 
785, -3.5621116161346436, 0.03615379333496094 
786, -3.562328338623047, 0.036391496658325195 
787, -3.5618228912353516, 0.03631424903869629 
788, -3.561734437942505, 0.03633570671081543 
789, -3.5615763664245605, 0.036218881607055664 
790, -3.5617587566375732, 0.03621840476989746 
791, -3.561845064163208, 0.036119699478149414 
792, -3.5620920658111572, 0.036339759826660156 
793, -3.562155246734619, 0.03609585762023926 
794, -3.5623786449432373, 0.03866219520568848 
795, -3.5612905025482178, 0.0363922119140625 
796, -3.5613460540771484, 0.0366826057434082 
797, -3.5616698265075684, 0.03631758689880371 
798, -3.5619866847991943, 0.03768038749694824 
799, -3.5620927810668945, 0.03651165962219238 
800, -3.561706781387329, 0.0367739200592041 
801, -3.5621449947357178, 0.03621864318847656 
802, -3.561955213546753, 0.036666154861450195 
803, -3.562002420425415, 0.03649544715881348 
804, -3.5620691776275635, 0.0363006591796875 
805, -3.562008857727051, 0.036307573318481445 
806, -3.5624613761901855, 0.04304051399230957 
807, -3.5624749660491943, 0.03757119178771973 
808, -3.5619895458221436, 0.04076027870178223 
809, -3.5615787506103516, 0.03752565383911133 
810, -3.5624337196350098, 0.0374910831451416 
811, -3.5620317459106445, 0.03821396827697754 
812, -3.56213116645813, 0.03688311576843262 
813, -3.562309980392456, 0.036026716232299805 
814, -3.5620672702789307, 0.03667855262756348 
815, -3.561985731124878, 0.03613615036010742 
816, -3.5622947216033936, 0.03620767593383789 
817, -3.562476873397827, 0.03649544715881348 
818, -3.5623905658721924, 0.03878951072692871 
819, -3.562216281890869, 0.03633570671081543 
820, -3.5621378421783447, 0.0364375114440918 
821, -3.5621724128723145, 0.03617382049560547 
822, -3.5618863105773926, 0.03635764122009277 
823, -3.562305212020874, 0.03626251220703125 
824, -3.562246084213257, 0.036414384841918945 
825, -3.5624489784240723, 0.03602290153503418 
826, -3.562072992324829, 0.03639078140258789 
827, -3.5624334812164307, 0.03626823425292969 
828, -3.561802387237549, 0.03643631935119629 
829, -3.5615592002868652, 0.036627769470214844 
830, -3.5617103576660156, 0.036435604095458984 
831, -3.5617589950561523, 0.03618764877319336 
832, -3.5617456436157227, 0.036351919174194336 
833, -3.5618929862976074, 0.0362553596496582 
834, -3.5621161460876465, 0.03667259216308594 
835, -3.562176465988159, 0.0360865592956543 
836, -3.5621867179870605, 0.03618264198303223 
837, -3.5623586177825928, 0.0360414981842041 
838, -3.5625269412994385, 0.03615880012512207 
839, -3.5613036155700684, 0.03609943389892578 
840, -3.5617611408233643, 0.03639626502990723 
841, -3.5620787143707275, 0.036080121994018555 
842, -3.5619215965270996, 0.03862595558166504 
843, -3.562091827392578, 0.036263227462768555 
844, -3.5617504119873047, 0.03653073310852051 
845, -3.5619289875030518, 0.036348581314086914 
846, -3.5619194507598877, 0.03634214401245117 
847, -3.5619595050811768, 0.03636288642883301 
848, -3.562069892883301, 0.036457061767578125 
849, -3.5618889331817627, 0.03617429733276367 
850, -3.562088966369629, 0.03650522232055664 
851, -3.562164783477783, 0.03666210174560547 
852, -3.5618460178375244, 0.03637957572937012 
853, -3.562223196029663, 0.0360414981842041 
854, -3.56193208694458, 0.036333560943603516 
855, -3.561574697494507, 0.036188602447509766 
856, -3.5618107318878174, 0.036214590072631836 
857, -3.5623843669891357, 0.03632497787475586 
858, -3.5624771118164062, 0.03626751899719238 
859, -3.562387228012085, 0.036214351654052734 
860, -3.562133550643921, 0.03638935089111328 
861, -3.562366008758545, 0.036086082458496094 
862, -3.561978816986084, 0.036753177642822266 
863, -3.562265157699585, 0.03623819351196289 
864, -3.5620596408843994, 0.03621983528137207 
865, -3.56237530708313, 0.03626656532287598 
866, -3.5622053146362305, 0.038721561431884766 
867, -3.562565565109253, 0.036561012268066406 
868, -3.5623366832733154, 0.03658413887023926 
869, -3.5622403621673584, 0.036254167556762695 
870, -3.5620949268341064, 0.036522865295410156 
871, -3.561978340148926, 0.03639960289001465 
872, -3.562495470046997, 0.03640580177307129 
873, -3.562422275543213, 0.036276817321777344 
874, -3.5624005794525146, 0.03642463684082031 
875, -3.5622546672821045, 0.036148786544799805 
876, -3.5625884532928467, 0.036630868911743164 
877, -3.5617849826812744, 0.036142826080322266 
878, -3.562122106552124, 0.03649544715881348 
879, -3.5622963905334473, 0.03634977340698242 
880, -3.561920166015625, 0.03705739974975586 
881, -3.5625569820404053, 0.03675699234008789 
882, -3.5622668266296387, 0.03642439842224121 
883, -3.5624008178710938, 0.03611946105957031 
884, -3.5624349117279053, 0.03638863563537598 
885, -3.5623080730438232, 0.036212921142578125 
886, -3.561819553375244, 0.036290645599365234 
887, -3.562276601791382, 0.03617668151855469 
888, -3.5624427795410156, 0.036289215087890625 
889, -3.5619101524353027, 0.03600740432739258 
890, -3.5618884563446045, 0.03873038291931152 
891, -3.561997175216675, 0.036926984786987305 
892, -3.5621695518493652, 0.036579132080078125 
893, -3.5622682571411133, 0.03676891326904297 
894, -3.5621187686920166, 0.0374147891998291 
895, -3.562159538269043, 0.03720426559448242 
896, -3.562222480773926, 0.03760123252868652 
897, -3.56207013130188, 0.03780722618103027 
898, -3.5616936683654785, 0.03848528861999512 
899, -3.561366558074951, 0.0380558967590332 
900, -3.5623414516448975, 0.03786063194274902 
901, -3.5622618198394775, 0.038411617279052734 
902, -3.5622801780700684, 0.038190364837646484 
903, -3.561815023422241, 0.03782844543457031 
904, -3.5618889331817627, 0.03871893882751465 
905, -3.561647415161133, 0.037726402282714844 
906, -3.5622594356536865, 0.03749513626098633 
907, -3.5622353553771973, 0.037077903747558594 
908, -3.562293767929077, 0.03727221488952637 
909, -3.562541961669922, 0.03671526908874512 
910, -3.562382698059082, 0.03626084327697754 
911, -3.562437057495117, 0.035848140716552734 
912, -3.5623972415924072, 0.03595995903015137 
913, -3.5625059604644775, 0.036100149154663086 
914, -3.562270402908325, 0.038443803787231445 
915, -3.5623950958251953, 0.03600740432739258 
916, -3.561833620071411, 0.03608989715576172 
917, -3.5620033740997314, 0.036283254623413086 
918, -3.561941385269165, 0.03697562217712402 
919, -3.5620219707489014, 0.03645181655883789 
920, -3.562396764755249, 0.036135196685791016 
921, -3.5622265338897705, 0.03569602966308594 
922, -3.5624117851257324, 0.03638339042663574 
923, -3.5625088214874268, 0.03566575050354004 
924, -3.5614633560180664, 0.0359799861907959 
925, -3.5610873699188232, 0.03563261032104492 
926, -3.5609378814697266, 0.0357820987701416 
927, -3.5620460510253906, 0.03564906120300293 
928, -3.5618999004364014, 0.03589272499084473 
929, -3.5625503063201904, 0.03568673133850098 
930, -3.5623161792755127, 0.03595232963562012 
931, -3.5623252391815186, 0.03574109077453613 
932, -3.5620174407958984, 0.035895347595214844 
933, -3.562039613723755, 0.03554344177246094 
934, -3.5619924068450928, 0.035834550857543945 
935, -3.5618536472320557, 0.04182744026184082 
936, -3.561964273452759, 0.04058480262756348 
937, -3.562009572982788, 0.035726308822631836 
938, -3.562324047088623, 0.03818964958190918 
939, -3.5621979236602783, 0.03601551055908203 
940, -3.561511754989624, 0.03599381446838379 
941, -3.5621280670166016, 0.03571295738220215 
942, -3.5617032051086426, 0.03597521781921387 
943, -3.5624032020568848, 0.03580355644226074 
944, -3.5624239444732666, 0.03589177131652832 
945, -3.5624446868896484, 0.03574061393737793 
946, -3.5620086193084717, 0.035904645919799805 
947, -3.561946392059326, 0.03605198860168457 
948, -3.5621755123138428, 0.035858154296875 
949, -3.562300205230713, 0.03595924377441406 
950, -3.562124729156494, 0.03570890426635742 
951, -3.5622217655181885, 0.03556036949157715 
952, -3.562533378601074, 0.03573322296142578 
953, -3.5616888999938965, 0.0356440544128418 
954, -3.561004638671875, 0.03585505485534668 
955, -3.5622620582580566, 0.03564906120300293 
956, -3.5622200965881348, 0.03569197654724121 
957, -3.5623292922973633, 0.03559732437133789 
958, -3.562347650527954, 0.03578543663024902 
959, -3.561702251434326, 0.03567957878112793 
960, -3.5620434284210205, 0.03580665588378906 
961, -3.5615875720977783, 0.03611040115356445 
962, -3.5624730587005615, 0.038268327713012695 
963, -3.562378168106079, 0.03587985038757324 
964, -3.5621724128723145, 0.036057233810424805 
965, -3.562540054321289, 0.03618192672729492 
966, -3.5619983673095703, 0.03588461875915527 
967, -3.562441349029541, 0.03579282760620117 
968, -3.562420129776001, 0.03583264350891113 
969, -3.562471628189087, 0.03561091423034668 
970, -3.5618479251861572, 0.03584885597229004 
971, -3.562285900115967, 0.03561663627624512 
972, -3.561906337738037, 0.03581809997558594 
973, -3.562323808670044, 0.03567838668823242 
974, -3.5621023178100586, 0.03583192825317383 
975, -3.562485694885254, 0.03569674491882324 
976, -3.562331438064575, 0.036134958267211914 
977, -3.5617589950561523, 0.03571653366088867 
978, -3.562561511993408, 0.03576350212097168 
979, -3.5622475147247314, 0.03551292419433594 
980, -3.5619184970855713, 0.03577852249145508 
981, -3.562363386154175, 0.03550243377685547 
982, -3.5623552799224854, 0.035686492919921875 
983, -3.5622122287750244, 0.03553056716918945 
984, -3.562131643295288, 0.03569531440734863 
985, -3.5622637271881104, 0.03556108474731445 
986, -3.5620687007904053, 0.03801751136779785 
987, -3.5623834133148193, 0.03596019744873047 
988, -3.562385082244873, 0.03588724136352539 
989, -3.562500238418579, 0.03611469268798828 
990, -3.56192946434021, 0.03580212593078613 
991, -3.561924457550049, 0.03569316864013672 
992, -3.56199049949646, 0.03580880165100098 
993, -3.5622973442077637, 0.03568124771118164 
994, -3.562347650527954, 0.03585100173950195 
995, -3.5621254444122314, 0.035718441009521484 
996, -3.5621392726898193, 0.03582024574279785 
997, -3.561915636062622, 0.03563547134399414 
998, -3.562028408050537, 0.035799503326416016 
999, -3.5624096393585205, 0.03557991981506348 
