Iteration, loss, time 
0, -0.19948989152908325, 0.13829588890075684, 0.08753705024719238, 0.020823240280151367 
1, -0.25806868076324463, 0.05507373809814453, 0.03300881385803223, 0.019999980926513672 
2, -0.3228738307952881, 0.03686189651489258, 0.015196561813354492, 0.019694089889526367 
3, -0.3786354064941406, 0.03837704658508301, 0.015036344528198242, 0.021384716033935547 
4, -0.43863219022750854, 0.036889076232910156, 0.015134811401367188, 0.019805192947387695 
5, -0.4956802725791931, 0.03696250915527344, 0.015133857727050781, 0.019824981689453125 
6, -0.5473819971084595, 0.036633968353271484, 0.015053510665893555, 0.019642114639282227 
7, -0.584418773651123, 0.036421775817871094, 0.01497793197631836, 0.01947808265686035 
8, -0.6604405045509338, 0.03653907775878906, 0.014911651611328125, 0.019689321517944336 
9, -0.7164803743362427, 0.03607296943664551, 0.015003204345703125, 0.019293785095214844 
10, -0.7745378613471985, 0.0353548526763916, 0.014537811279296875, 0.018861770629882812 
11, -0.7999420166015625, 0.036432743072509766, 0.014978170394897461, 0.019466638565063477 
12, -0.8718640804290771, 0.0364532470703125, 0.014948606491088867, 0.019521236419677734 
13, -0.9065378904342651, 0.03669118881225586, 0.015148401260375977, 0.0196683406829834 
14, -0.9516779184341431, 0.03603219985961914, 0.015100955963134766, 0.019176006317138672 
15, -0.9983535408973694, 0.03535747528076172, 0.014420509338378906, 0.01900935173034668 
16, -1.0389957427978516, 0.036301612854003906, 0.014881372451782227, 0.019541501998901367 
17, -1.133263349533081, 0.036130428314208984, 0.014747858047485352, 0.019344091415405273 
18, -1.1794506311416626, 0.03648257255554199, 0.014856576919555664, 0.019620418548583984 
19, -1.2053477764129639, 0.03703618049621582, 0.015372753143310547, 0.019807815551757812 
20, -1.2435667514801025, 0.0361785888671875, 0.014869451522827148, 0.019468307495117188 
21, -1.3018407821655273, 0.036163330078125, 0.015025854110717773, 0.019238710403442383 
22, -1.3188555240631104, 0.03632473945617676, 0.01484370231628418, 0.019554853439331055 
23, -1.395474910736084, 0.036168813705444336, 0.015125274658203125, 0.019292116165161133 
24, -1.4223284721374512, 0.03542780876159668, 0.014521121978759766, 0.019129514694213867 
25, -1.4845036268234253, 0.03609156608581543, 0.014666318893432617, 0.019403457641601562 
26, -1.525338888168335, 0.03789234161376953, 0.015107154846191406, 0.01976156234741211 
27, -1.601900577545166, 0.03799629211425781, 0.015474081039428711, 0.020531177520751953 
28, -1.6094506978988647, 0.037535905838012695, 0.015502691268920898, 0.020082950592041016 
29, -1.6680843830108643, 0.03621864318847656, 0.014971733093261719, 0.01929497718811035 
30, -1.6619713306427002, 0.03603816032409668, 0.014720439910888672, 0.01946544647216797 
31, -1.7227050065994263, 0.03708362579345703, 0.015205621719360352, 0.020050525665283203 
32, -1.7729381322860718, 0.03700828552246094, 0.01523280143737793, 0.01984405517578125 
33, -1.7797590494155884, 0.03710341453552246, 0.015142440795898438, 0.019815444946289062 
34, -1.8020168542861938, 0.036705970764160156, 0.01507258415222168, 0.01969599723815918 
35, -1.8152728080749512, 0.03655433654785156, 0.014991521835327148, 0.019615888595581055 
36, -1.8999183177947998, 0.03621101379394531, 0.014869213104248047, 0.01949143409729004 
37, -1.9143307209014893, 0.036486148834228516, 0.014986991882324219, 0.019627094268798828 
38, -1.951892614364624, 0.03667426109313965, 0.014875411987304688, 0.019821643829345703 
39, -1.9849023818969727, 0.03696250915527344, 0.015127420425415039, 0.019832372665405273 
40, -1.9949963092803955, 0.03658652305603027, 0.014923572540283203, 0.01971912384033203 
41, -2.0188121795654297, 0.036048173904418945, 0.014888763427734375, 0.019428491592407227 
42, -2.0471482276916504, 0.03592038154602051, 0.01469874382019043, 0.019300460815429688 
43, -2.0359268188476562, 0.03557729721069336, 0.014690160751342773, 0.019126415252685547 
44, -2.1003222465515137, 0.03602886199951172, 0.014815092086791992, 0.019323348999023438 
45, -2.110212802886963, 0.03608536720275879, 0.014912128448486328, 0.019257068634033203 
46, -2.108210563659668, 0.039754390716552734, 0.018529176712036133, 0.01934647560119629 
47, -2.1456637382507324, 0.03652477264404297, 0.014925003051757812, 0.01954054832458496 
48, -2.148540496826172, 0.03774881362915039, 0.015001058578491211, 0.020882844924926758 
49, -2.169435501098633, 0.03884315490722656, 0.017872333526611328, 0.019244670867919922 
50, -2.219304084777832, 0.03617501258850098, 0.014626741409301758, 0.019481182098388672 
51, -2.210059642791748, 0.03699827194213867, 0.015178203582763672, 0.019872426986694336 
52, -2.255049228668213, 0.03770136833190918, 0.015494346618652344, 0.020239591598510742 
53, -2.257033586502075, 0.03699159622192383, 0.015351295471191406, 0.019670486450195312 
54, -2.2714576721191406, 0.03656196594238281, 0.01497793197631836, 0.019682645797729492 
55, -2.299086332321167, 0.03658914566040039, 0.014896154403686523, 0.01970529556274414 
56, -2.334300994873047, 0.03687572479248047, 0.01501774787902832, 0.019812583923339844 
57, -2.322200298309326, 0.03672361373901367, 0.015000343322753906, 0.019759178161621094 
58, -2.325261116027832, 0.037149667739868164, 0.01505422592163086, 0.019696474075317383 
59, -2.3737244606018066, 0.036583662033081055, 0.015079498291015625, 0.019670486450195312 
60, -2.382709503173828, 0.03667736053466797, 0.01503753662109375, 0.019622802734375 
61, -2.376565933227539, 0.03632950782775879, 0.014953136444091797, 0.019414424896240234 
62, -2.3764243125915527, 0.036285400390625, 0.014906883239746094, 0.019472837448120117 
63, -2.405313491821289, 0.03599977493286133, 0.014956951141357422, 0.0192716121673584 
64, -2.4069952964782715, 0.03559732437133789, 0.014519691467285156, 0.01918315887451172 
65, -2.41548228263855, 0.03579521179199219, 0.014806509017944336, 0.01910996437072754 
66, -2.439455509185791, 0.03606677055358887, 0.014762163162231445, 0.019487857818603516 
67, -2.432542324066162, 0.0360105037689209, 0.014867782592773438, 0.01939988136291504 
68, -2.4349560737609863, 0.03585314750671387, 0.014671802520751953, 0.019344329833984375 
69, -2.4583916664123535, 0.03598833084106445, 0.014757394790649414, 0.019249439239501953 
70, -2.4598388671875, 0.03619694709777832, 0.01490926742553711, 0.019436359405517578 
71, -2.4640297889709473, 0.03608131408691406, 0.014803886413574219, 0.01942729949951172 
72, -2.4700589179992676, 0.036206960678100586, 0.014911413192749023, 0.019450902938842773 
73, -2.4597854614257812, 0.0366513729095459, 0.014872312545776367, 0.01987147331237793 
74, -2.461646318435669, 0.03720521926879883, 0.015309572219848633, 0.019927501678466797 
75, -2.4664080142974854, 0.03656458854675293, 0.015063047409057617, 0.019742250442504883 
76, -2.4729676246643066, 0.03594970703125, 0.01470327377319336, 0.01942276954650879 
77, -2.4780735969543457, 0.036449432373046875, 0.014928817749023438, 0.019620180130004883 
78, -2.4832756519317627, 0.036160945892333984, 0.01496267318725586, 0.019297361373901367 
79, -2.4774351119995117, 0.03607797622680664, 0.014902591705322266, 0.0193939208984375 
80, -2.473522663116455, 0.035988569259643555, 0.01471400260925293, 0.019392728805541992 
81, -2.4819846153259277, 0.03610539436340332, 0.014798164367675781, 0.0194547176361084 
82, -2.4782814979553223, 0.036772727966308594, 0.015119791030883789, 0.019834518432617188 
83, -2.4752683639526367, 0.03708171844482422, 0.015363931655883789, 0.01985454559326172 
84, -2.476609945297241, 0.03612065315246582, 0.014767169952392578, 0.019478797912597656 
85, -2.4714770317077637, 0.03600740432739258, 0.014952898025512695, 0.019179344177246094 
86, -2.4706900119781494, 0.03664684295654297, 0.015077829360961914, 0.01970982551574707 
87, -2.4711220264434814, 0.036524057388305664, 0.01511073112487793, 0.01954960823059082 
88, -2.4739105701446533, 0.03620481491088867, 0.014963865280151367, 0.01933455467224121 
89, -2.467639207839966, 0.036461830139160156, 0.01479649543762207, 0.019546985626220703 
90, -2.467135429382324, 0.03642678260803223, 0.014955282211303711, 0.01955127716064453 
91, -2.467085123062134, 0.03630876541137695, 0.014809370040893555, 0.019542217254638672 
92, -2.4648497104644775, 0.03714871406555176, 0.014971256256103516, 0.020259380340576172 
93, -2.463787078857422, 0.03657412528991699, 0.01498556137084961, 0.01958155632019043 
94, -2.461577892303467, 0.035822153091430664, 0.014827966690063477, 0.019144773483276367 
95, -2.4594430923461914, 0.03573918342590332, 0.014705419540405273, 0.019170761108398438 
96, -2.457418918609619, 0.03535199165344238, 0.014602899551391602, 0.019196033477783203 
97, -2.4546260833740234, 0.035128116607666016, 0.014554023742675781, 0.018959522247314453 
98, -2.453565835952759, 0.03544354438781738, 0.014316082000732422, 0.019218921661376953 
99, -2.452524185180664, 0.03622722625732422, 0.014940500259399414, 0.019408464431762695 
100, -2.4509332180023193, 0.036643028259277344, 0.0148162841796875, 0.019778013229370117 
101, -2.445949077606201, 0.03662276268005371, 0.014944076538085938, 0.019611358642578125 
102, -2.446298360824585, 0.03669404983520508, 0.015027284622192383, 0.01960134506225586 
103, -2.441250801086426, 0.036315202713012695, 0.014891386032104492, 0.019632577896118164 
104, -2.441122531890869, 0.036339759826660156, 0.014807939529418945, 0.01961231231689453 
105, -2.437915325164795, 0.036472320556640625, 0.014934062957763672, 0.019565343856811523 
106, -2.433243989944458, 0.03676438331604004, 0.015055418014526367, 0.01980447769165039 
107, -2.4366166591644287, 0.03642749786376953, 0.014915943145751953, 0.01969742774963379 
108, -2.4371981620788574, 0.03662705421447754, 0.014931440353393555, 0.019742488861083984 
109, -2.424454927444458, 0.03686809539794922, 0.015058040618896484, 0.01970696449279785 
110, -2.427320957183838, 0.03657341003417969, 0.015005111694335938, 0.019647598266601562 
111, -2.4243662357330322, 0.03635573387145996, 0.015087366104125977, 0.019486427307128906 
112, -2.418210983276367, 0.03625798225402832, 0.014826059341430664, 0.019630908966064453 
113, -2.4180362224578857, 0.03607630729675293, 0.01483607292175293, 0.0194549560546875 
114, -2.4230711460113525, 0.03617453575134277, 0.014688968658447266, 0.019573450088500977 
115, -2.419374465942383, 0.03662252426147461, 0.014960289001464844, 0.019601106643676758 
116, -2.4051012992858887, 0.03638768196105957, 0.014979124069213867, 0.019531965255737305 
117, -2.4096102714538574, 0.036725521087646484, 0.014933586120605469, 0.019747018814086914 
118, -2.39292049407959, 0.03626751899719238, 0.014860153198242188, 0.01955580711364746 
119, -2.387589931488037, 0.03631186485290527, 0.014909029006958008, 0.01941061019897461 
120, -2.3866989612579346, 0.03612923622131348, 0.014824628829956055, 0.019319534301757812 
121, -2.3855373859405518, 0.03569364547729492, 0.014822721481323242, 0.019128084182739258 
122, -2.3868408203125, 0.03566741943359375, 0.014426231384277344, 0.019358158111572266 
123, -2.3837008476257324, 0.035796165466308594, 0.01478719711303711, 0.019238948822021484 
124, -2.3716390132904053, 0.03575396537780762, 0.014580488204956055, 0.019253969192504883 
125, -2.3709099292755127, 0.03613090515136719, 0.014961481094360352, 0.01941514015197754 
126, -2.349989652633667, 0.035726308822631836, 0.014661073684692383, 0.01923346519470215 
127, -2.350207805633545, 0.035280466079711914, 0.014580249786376953, 0.01886773109436035 
128, -2.349393844604492, 0.035341501235961914, 0.014412879943847656, 0.019049644470214844 
129, -2.3422467708587646, 0.036718130111694336, 0.014997243881225586, 0.01977849006652832 
130, -2.3187248706817627, 0.037679433822631836, 0.015408754348754883, 0.02031993865966797 
131, -2.331317663192749, 0.03738975524902344, 0.015333175659179688, 0.02016758918762207 
132, -2.3264589309692383, 0.03708839416503906, 0.015191793441772461, 0.019980192184448242 
133, -2.3171944618225098, 0.03708243370056152, 0.015284061431884766, 0.01995253562927246 
134, -2.2970287799835205, 0.03711295127868652, 0.015297412872314453, 0.020140409469604492 
135, -2.297067165374756, 0.03647112846374512, 0.015066385269165039, 0.019515275955200195 
136, -2.2915656566619873, 0.03605985641479492, 0.014861345291137695, 0.019333362579345703 
137, -2.2760748863220215, 0.03604316711425781, 0.014683961868286133, 0.01949620246887207 
138, -2.2580976486206055, 0.03678250312805176, 0.01513361930847168, 0.0197298526763916 
139, -2.249708652496338, 0.03686976432800293, 0.015164852142333984, 0.019814729690551758 
140, -2.236476421356201, 0.036815643310546875, 0.015118122100830078, 0.019807100296020508 
141, -2.238027334213257, 0.03800535202026367, 0.015515804290771484, 0.02050161361694336 
142, -2.2286033630371094, 0.03831338882446289, 0.01582050323486328, 0.020409584045410156 
143, -2.205066680908203, 0.03761124610900879, 0.015745878219604492, 0.019935131072998047 
144, -2.1956586837768555, 0.036621809005737305, 0.014992237091064453, 0.01967906951904297 
145, -2.1926968097686768, 0.03639554977416992, 0.014924764633178711, 0.019580364227294922 
146, -2.2037758827209473, 0.03640604019165039, 0.014904260635375977, 0.01948857307434082 
147, -2.173978328704834, 0.03598737716674805, 0.014807939529418945, 0.019336462020874023 
148, -2.1683435440063477, 0.03609037399291992, 0.014791011810302734, 0.019437789916992188 
149, -2.16892147064209, 0.03646516799926758, 0.014840126037597656, 0.01969623565673828 
150, -2.1663217544555664, 0.03641557693481445, 0.015039443969726562, 0.019492149353027344 
151, -2.1537718772888184, 0.03642463684082031, 0.01498270034790039, 0.01958632469177246 
152, -2.1302599906921387, 0.03641343116760254, 0.014902114868164062, 0.019643783569335938 
153, -2.129028081893921, 0.036185264587402344, 0.014873981475830078, 0.019346237182617188 
154, -2.1388885974884033, 0.03640151023864746, 0.014902830123901367, 0.01958775520324707 
155, -2.123433828353882, 0.035886526107788086, 0.014879465103149414, 0.019197463989257812 
156, -2.118685722351074, 0.03590679168701172, 0.014695405960083008, 0.019334793090820312 
157, -2.1046957969665527, 0.03584647178649902, 0.01481318473815918, 0.019232511520385742 
158, -2.1008806228637695, 0.036093711853027344, 0.014791727066040039, 0.019418954849243164 
159, -2.106884002685547, 0.0360112190246582, 0.014806509017944336, 0.019422292709350586 
160, -2.0894510746002197, 0.03607583045959473, 0.014825582504272461, 0.019323348999023438 
161, -2.0971317291259766, 0.03605008125305176, 0.014744043350219727, 0.019457340240478516 
162, -2.093946695327759, 0.036473989486694336, 0.01488041877746582, 0.019708871841430664 
163, -2.0762240886688232, 0.03670239448547363, 0.015007972717285156, 0.019831418991088867 
164, -2.079078435897827, 0.03746771812438965, 0.015516042709350586, 0.02002692222595215 
165, -2.0813753604888916, 0.03662395477294922, 0.015162944793701172, 0.019550323486328125 
166, -2.076174259185791, 0.03660416603088379, 0.015023946762084961, 0.01970648765563965 
167, -2.071035146713257, 0.03650045394897461, 0.014949798583984375, 0.01965165138244629 
168, -2.0772578716278076, 0.03636741638183594, 0.014951944351196289, 0.019475698471069336 
169, -2.0654783248901367, 0.03598356246948242, 0.014882087707519531, 0.01923680305480957 
170, -2.074824094772339, 0.03610801696777344, 0.014852762222290039, 0.019338130950927734 
171, -2.0694029331207275, 0.0357820987701416, 0.014782428741455078, 0.019184589385986328 
172, -2.065761089324951, 0.03558540344238281, 0.014664411544799805, 0.019068002700805664 
173, -2.074702739715576, 0.036049604415893555, 0.014837265014648438, 0.01933431625366211 
174, -2.0706331729888916, 0.03561258316040039, 0.014668464660644531, 0.01905679702758789 
175, -2.074788808822632, 0.03638100624084473, 0.015001296997070312, 0.01952838897705078 
176, -2.0716962814331055, 0.03607177734375, 0.014814376831054688, 0.019446372985839844 
177, -2.0721986293792725, 0.036103010177612305, 0.014813661575317383, 0.01947784423828125 
178, -2.0753018856048584, 0.03606772422790527, 0.01490020751953125, 0.01926255226135254 
179, -2.077955961227417, 0.03590750694274902, 0.01488041877746582, 0.019229412078857422 
180, -2.083193063735962, 0.03585410118103027, 0.014851570129394531, 0.019221067428588867 
181, -2.086451530456543, 0.035719871520996094, 0.01466822624206543, 0.019097328186035156 
182, -2.0893633365631104, 0.03629493713378906, 0.014859199523925781, 0.019544124603271484 
183, -2.0927796363830566, 0.036519527435302734, 0.015023469924926758, 0.01953577995300293 
184, -2.093792676925659, 0.03657698631286621, 0.015192985534667969, 0.01955270767211914 
185, -2.09547758102417, 0.03727531433105469, 0.015480995178222656, 0.019807815551757812 
186, -2.10294771194458, 0.03672289848327637, 0.015119791030883789, 0.019689083099365234 
187, -2.1065142154693604, 0.03650331497192383, 0.015073060989379883, 0.01956486701965332 
188, -2.1096949577331543, 0.036370038986206055, 0.014990091323852539, 0.019461393356323242 
189, -2.1136317253112793, 0.03601241111755371, 0.014960050582885742, 0.01923513412475586 
190, -2.1179797649383545, 0.036188602447509766, 0.014830589294433594, 0.019452571868896484 
191, -2.1209983825683594, 0.036728620529174805, 0.015077590942382812, 0.019788265228271484 
192, -2.1254332065582275, 0.03689980506896973, 0.015197515487670898, 0.01989006996154785 
193, -2.1292762756347656, 0.03680825233459473, 0.015241384506225586, 0.0195615291595459 
194, -2.1341054439544678, 0.036757469177246094, 0.015100955963134766, 0.019746065139770508 
195, -2.1380248069763184, 0.036751508712768555, 0.015017032623291016, 0.01976490020751953 
196, -2.141791582107544, 0.0366826057434082, 0.015044212341308594, 0.01971292495727539 
197, -2.1460678577423096, 0.03633594512939453, 0.01501917839050293, 0.01956963539123535 
198, -2.1499404907226562, 0.03603982925415039, 0.014779090881347656, 0.019364356994628906 
199, -2.153723955154419, 0.03644394874572754, 0.014900445938110352, 0.019602537155151367 
200, -2.1577014923095703, 0.036583662033081055, 0.01506352424621582, 0.01955246925354004 
201, -2.1613693237304688, 0.03764176368713379, 0.0150604248046875, 0.020650863647460938 
202, -2.1651058197021484, 0.03662467002868652, 0.014988899230957031, 0.019780874252319336 
203, -2.168592691421509, 0.03647422790527344, 0.015059947967529297, 0.019485950469970703 
204, -2.1721301078796387, 0.035657644271850586, 0.014642953872680664, 0.019150972366333008 
205, -2.175259828567505, 0.03681635856628418, 0.015044689178466797, 0.019631385803222656 
206, -2.178387403488159, 0.036435842514038086, 0.015045166015625, 0.019498586654663086 
207, -2.181847333908081, 0.035779714584350586, 0.014679193496704102, 0.019375324249267578 
208, -2.1849186420440674, 0.03620481491088867, 0.014863967895507812, 0.01939678192138672 
209, -2.187831401824951, 0.03612041473388672, 0.014673471450805664, 0.0194852352142334 
210, -2.190291166305542, 0.03653836250305176, 0.015046358108520508, 0.019650697708129883 
211, -2.193032741546631, 0.03604531288146973, 0.014833450317382812, 0.019347190856933594 
212, -2.1959400177001953, 0.03567767143249512, 0.014634132385253906, 0.019170284271240234 
213, -2.1982223987579346, 0.03597140312194824, 0.014734506607055664, 0.019349098205566406 
214, -2.200900077819824, 0.03563690185546875, 0.014785051345825195, 0.019231557846069336 
215, -2.2030446529388428, 0.03561902046203613, 0.014598608016967773, 0.019113779067993164 
216, -2.205429792404175, 0.03570747375488281, 0.014727354049682617, 0.019188642501831055 
217, -2.207557201385498, 0.03569531440734863, 0.014588594436645508, 0.019311189651489258 
218, -2.2097513675689697, 0.03566694259643555, 0.014584541320800781, 0.019258737564086914 
219, -2.211923360824585, 0.0365595817565918, 0.014984369277954102, 0.01967763900756836 
220, -2.2138285636901855, 0.03653979301452637, 0.015161514282226562, 0.019460678100585938 
221, -2.2160251140594482, 0.03637504577636719, 0.014864921569824219, 0.019551753997802734 
222, -2.2177789211273193, 0.03623843193054199, 0.014904975891113281, 0.019381284713745117 
223, -2.219505548477173, 0.036064863204956055, 0.014846324920654297, 0.019334793090820312 
224, -2.221613883972168, 0.036573171615600586, 0.014883995056152344, 0.019799232482910156 
225, -2.2231149673461914, 0.036980628967285156, 0.01515960693359375, 0.019907236099243164 
226, -2.225604772567749, 0.03688955307006836, 0.015134334564208984, 0.019781827926635742 
227, -2.22724986076355, 0.036699771881103516, 0.015122652053833008, 0.01965045928955078 
228, -2.2290942668914795, 0.03650951385498047, 0.014909744262695312, 0.019562721252441406 
229, -2.2310447692871094, 0.0366511344909668, 0.015082120895385742, 0.019650697708129883 
230, -2.2327847480773926, 0.03613591194152832, 0.014821290969848633, 0.019411802291870117 
231, -2.2345738410949707, 0.03609752655029297, 0.014938116073608398, 0.01942300796508789 
232, -2.2362353801727295, 0.03610682487487793, 0.01484823226928711, 0.01938629150390625 
233, -2.2375576496124268, 0.036252737045288086, 0.014875650405883789, 0.01943373680114746 
234, -2.239668130874634, 0.03643369674682617, 0.014957427978515625, 0.01959085464477539 
235, -2.2402169704437256, 0.03602027893066406, 0.01484537124633789, 0.019266843795776367 
236, -2.240495204925537, 0.035852670669555664, 0.014671564102172852, 0.019289731979370117 
237, -2.2433321475982666, 0.035704612731933594, 0.014799118041992188, 0.019121885299682617 
238, -2.2439229488372803, 0.03540492057800293, 0.014538288116455078, 0.019047021865844727 
239, -2.24541974067688, 0.03527188301086426, 0.014597654342651367, 0.01897263526916504 
240, -2.2457916736602783, 0.035926103591918945, 0.014620780944824219, 0.019437074661254883 
241, -2.247178077697754, 0.03575706481933594, 0.014975786209106445, 0.018996477127075195 
242, -2.249364137649536, 0.03631782531738281, 0.014765501022338867, 0.01967930793762207 
243, -2.2471017837524414, 0.03651547431945801, 0.015046119689941406, 0.019631624221801758 
244, -2.247767925262451, 0.03665661811828613, 0.015172719955444336, 0.019640445709228516 
245, -2.2510712146759033, 0.036260128021240234, 0.014868974685668945, 0.019439220428466797 
246, -2.2500150203704834, 0.035661935806274414, 0.014700651168823242, 0.01909160614013672 
247, -2.2472469806671143, 0.036338090896606445, 0.014836311340332031, 0.019559144973754883 
248, -2.2464823722839355, 0.036551475524902344, 0.014997243881225586, 0.019641876220703125 
249, -2.247919797897339, 0.036771297454833984, 0.015057802200317383, 0.019777297973632812 
250, -2.245736837387085, 0.03715634346008301, 0.015204668045043945, 0.019956111907958984 
251, -2.243367910385132, 0.037769317626953125, 0.015527009963989258, 0.02016901969909668 
252, -2.2413811683654785, 0.03732633590698242, 0.015285015106201172, 0.020123720169067383 
253, -2.2408134937286377, 0.037012338638305664, 0.015303373336791992, 0.019800662994384766 
254, -2.2409770488739014, 0.036589860916137695, 0.015056848526000977, 0.019706249237060547 
255, -2.2363014221191406, 0.03644227981567383, 0.014923810958862305, 0.019611120223999023 
256, -2.2320950031280518, 0.03656959533691406, 0.015021562576293945, 0.019622802734375 
257, -2.2312591075897217, 0.03652644157409668, 0.014976978302001953, 0.01968979835510254 
258, -2.228516101837158, 0.03634238243103027, 0.014875173568725586, 0.019545555114746094 
259, -2.223841428756714, 0.036798954010009766, 0.015030622482299805, 0.01982569694519043 
260, -2.2185192108154297, 0.03675651550292969, 0.015077829360961914, 0.019771337509155273 
261, -2.222125291824341, 0.03680682182312012, 0.015127897262573242, 0.019822120666503906 
262, -2.2157816886901855, 0.0362553596496582, 0.015014410018920898, 0.019382238388061523 
263, -2.213304281234741, 0.035547733306884766, 0.014691591262817383, 0.01914501190185547 
264, -2.1999244689941406, 0.035704851150512695, 0.01462244987487793, 0.019286155700683594 
265, -2.1928586959838867, 0.035622596740722656, 0.014731884002685547, 0.019107818603515625 
266, -2.196187973022461, 0.035393714904785156, 0.014448404312133789, 0.019118547439575195 
267, -2.190316677093506, 0.03548455238342285, 0.014650583267211914, 0.019119739532470703 
268, -2.1823372840881348, 0.03590703010559082, 0.014553308486938477, 0.019535303115844727 
269, -2.1711909770965576, 0.03559470176696777, 0.01474142074584961, 0.019022226333618164 
270, -2.1664273738861084, 0.03585314750671387, 0.014808177947998047, 0.019098281860351562 
271, -2.1570963859558105, 0.03614664077758789, 0.014745473861694336, 0.01960468292236328 
272, -2.1496496200561523, 0.03583955764770508, 0.01469564437866211, 0.019463539123535156 
273, -2.1480772495269775, 0.03576993942260742, 0.014665365219116211, 0.019243240356445312 
274, -2.141234874725342, 0.036307573318481445, 0.014724969863891602, 0.019654512405395508 
275, -2.125056028366089, 0.03668045997619629, 0.015131473541259766, 0.019707441329956055 
276, -2.118237018585205, 0.036698102951049805, 0.015031814575195312, 0.01970696449279785 
277, -2.1136634349823, 0.03642630577087402, 0.015011310577392578, 0.01958012580871582 
278, -2.103808879852295, 0.036684274673461914, 0.015064477920532227, 0.019773006439208984 
279, -2.094496011734009, 0.036127328872680664, 0.014813423156738281, 0.019556283950805664 
280, -2.0965824127197266, 0.03592681884765625, 0.014718294143676758, 0.019357681274414062 
281, -2.0877718925476074, 0.03633689880371094, 0.014799118041992188, 0.01962757110595703 
282, -2.0779213905334473, 0.03635907173156738, 0.014849185943603516, 0.01963973045349121 
283, -2.0673415660858154, 0.036595821380615234, 0.014898538589477539, 0.019789457321166992 
284, -2.056250810623169, 0.036821603775024414, 0.015166521072387695, 0.019718408584594727 
285, -2.050403118133545, 0.03663206100463867, 0.015014410018920898, 0.019760847091674805 
286, -2.0433497428894043, 0.0365605354309082, 0.015022039413452148, 0.019626855850219727 
287, -2.031264305114746, 0.03629708290100098, 0.014890432357788086, 0.019517183303833008 
288, -2.0255730152130127, 0.03633713722229004, 0.014829874038696289, 0.019576311111450195 
289, -2.01481294631958, 0.03635525703430176, 0.014842987060546875, 0.019641637802124023 
290, -2.0063724517822266, 0.03642082214355469, 0.014954805374145508, 0.019553661346435547 
291, -1.99859619140625, 0.03654813766479492, 0.014891862869262695, 0.0197293758392334 
292, -1.9906392097473145, 0.03588247299194336, 0.014725923538208008, 0.019410133361816406 
293, -1.9842991828918457, 0.03626251220703125, 0.014895915985107422, 0.01938319206237793 
294, -1.981968641281128, 0.03655672073364258, 0.014970541000366211, 0.019707441329956055 
295, -1.9684138298034668, 0.03650331497192383, 0.014963150024414062, 0.019634723663330078 
296, -1.9620015621185303, 0.036554813385009766, 0.014939069747924805, 0.01970052719116211 
297, -1.957315444946289, 0.036365509033203125, 0.015053749084472656, 0.01946091651916504 
298, -1.9430575370788574, 0.03652334213256836, 0.014963865280151367, 0.019692420959472656 
299, -1.9368131160736084, 0.03661465644836426, 0.014990568161010742, 0.019706010818481445 
300, -1.9374585151672363, 0.03632783889770508, 0.014844894409179688, 0.019571781158447266 
301, -1.9269163608551025, 0.036132097244262695, 0.014733076095581055, 0.019397974014282227 
302, -1.9213860034942627, 0.035884857177734375, 0.014880657196044922, 0.0193483829498291 
303, -1.9129388332366943, 0.035932302474975586, 0.014645814895629883, 0.019430875778198242 
304, -1.9103775024414062, 0.03619813919067383, 0.014802694320678711, 0.019479036331176758 
305, -1.907759189605713, 0.03584170341491699, 0.014727354049682617, 0.0192720890045166 
306, -1.8998057842254639, 0.03669285774230957, 0.015014410018920898, 0.01967787742614746 
307, -1.8997089862823486, 0.03629612922668457, 0.01494741439819336, 0.01941823959350586 
308, -1.8940248489379883, 0.03676962852478027, 0.015100955963134766, 0.019762277603149414 
309, -1.8893561363220215, 0.03681826591491699, 0.015120744705200195, 0.019887685775756836 
310, -1.8878324031829834, 0.03590106964111328, 0.014909029006958008, 0.019091129302978516 
311, -1.884361982345581, 0.036043405532836914, 0.014887094497680664, 0.01931452751159668 
312, -1.883136510848999, 0.03600668907165527, 0.014738798141479492, 0.01941370964050293 
313, -1.8791985511779785, 0.036019325256347656, 0.014740705490112305, 0.019365549087524414 
314, -1.8758020401000977, 0.03587985038757324, 0.014731645584106445, 0.01935291290283203 
315, -1.8733234405517578, 0.03581047058105469, 0.014595746994018555, 0.019266843795776367 
316, -1.8692333698272705, 0.036298274993896484, 0.014796257019042969, 0.019704103469848633 
317, -1.8671860694885254, 0.03624463081359863, 0.014794588088989258, 0.019542932510375977 
318, -1.863384485244751, 0.03684592247009277, 0.015082597732543945, 0.019804954528808594 
319, -1.860152006149292, 0.037238359451293945, 0.015372514724731445, 0.01999807357788086 
320, -1.8568229675292969, 0.03695821762084961, 0.015134096145629883, 0.0198214054107666 
321, -1.8546984195709229, 0.036348581314086914, 0.01511526107788086, 0.019360780715942383 
322, -1.8516502380371094, 0.03607892990112305, 0.014797687530517578, 0.01961064338684082 
323, -1.8492035865783691, 0.03669619560241699, 0.014920711517333984, 0.01982903480529785 
324, -1.8434277772903442, 0.03634142875671387, 0.014802694320678711, 0.01950550079345703 
325, -1.8411890268325806, 0.036240577697753906, 0.014890193939208984, 0.019513845443725586 
326, -1.8388017416000366, 0.03612565994262695, 0.014865398406982422, 0.01949763298034668 
327, -1.8368088006973267, 0.03639817237854004, 0.015004873275756836, 0.019495487213134766 
328, -1.8335953950881958, 0.03640413284301758, 0.014818906784057617, 0.019612789154052734 
329, -1.8302158117294312, 0.03628993034362793, 0.014920473098754883, 0.01944589614868164 
330, -1.823715329170227, 0.036477088928222656, 0.014859914779663086, 0.019707202911376953 
331, -1.8218204975128174, 0.03654170036315918, 0.015110969543457031, 0.01956009864807129 
332, -1.8168861865997314, 0.03635048866271973, 0.014838218688964844, 0.019627809524536133 
333, -1.8146084547042847, 0.03622603416442871, 0.014820575714111328, 0.019461870193481445 
334, -1.8108510971069336, 0.03617072105407715, 0.014843225479125977, 0.0193789005279541 
335, -1.8049432039260864, 0.03601217269897461, 0.014778614044189453, 0.019365549087524414 
336, -1.802198052406311, 0.0359804630279541, 0.014816522598266602, 0.0194547176361084 
337, -1.796878695487976, 0.03659415245056152, 0.01489400863647461, 0.019730806350708008 
338, -1.7958619594573975, 0.036123037338256836, 0.01494288444519043, 0.019289255142211914 
339, -1.7899107933044434, 0.03628897666931152, 0.01479792594909668, 0.019644737243652344 
340, -1.785136103630066, 0.036209821701049805, 0.014959335327148438, 0.019392728805541992 
341, -1.7828861474990845, 0.03656792640686035, 0.014933586120605469, 0.019756793975830078 
342, -1.7777131795883179, 0.03673553466796875, 0.015000343322753906, 0.019797086715698242 
343, -1.7712647914886475, 0.035852909088134766, 0.014925718307495117, 0.019194841384887695 
344, -1.768032431602478, 0.03592705726623535, 0.014688253402709961, 0.019311904907226562 
345, -1.7640076875686646, 0.03593754768371582, 0.014715909957885742, 0.01934647560119629 
346, -1.7597163915634155, 0.03566622734069824, 0.01452326774597168, 0.019362688064575195 
347, -1.7554359436035156, 0.0359950065612793, 0.014586210250854492, 0.019452333450317383 
348, -1.7500412464141846, 0.03634190559387207, 0.014826774597167969, 0.01957082748413086 
349, -1.7466875314712524, 0.03661680221557617, 0.014810323715209961, 0.01951909065246582 
350, -1.7424911260604858, 0.03639507293701172, 0.014847755432128906, 0.01958465576171875 
351, -1.7376017570495605, 0.03599810600280762, 0.014713764190673828, 0.019478797912597656 
352, -1.7340829372406006, 0.03577017784118652, 0.014705896377563477, 0.0192568302154541 
353, -1.7306925058364868, 0.03568124771118164, 0.01480412483215332, 0.019061803817749023 
354, -1.7272666692733765, 0.036028385162353516, 0.014703512191772461, 0.01945781707763672 
355, -1.7243256568908691, 0.03688502311706543, 0.015060663223266602, 0.019919633865356445 
356, -1.7218616008758545, 0.0364689826965332, 0.014856576919555664, 0.019766569137573242 
357, -1.7196916341781616, 0.03619742393493652, 0.01502084732055664, 0.019403696060180664 
358, -1.7167044878005981, 0.035227298736572266, 0.014480829238891602, 0.018962621688842773 
359, -1.7130858898162842, 0.0356593132019043, 0.01451873779296875, 0.01927328109741211 
360, -1.7113159894943237, 0.036162376403808594, 0.01474308967590332, 0.01955437660217285 
361, -1.713270664215088, 0.036748409271240234, 0.015293121337890625, 0.01959061622619629 
362, -1.712035059928894, 0.036852359771728516, 0.015089750289916992, 0.01983642578125 
363, -1.7087318897247314, 0.03740668296813965, 0.015067100524902344, 0.020400047302246094 
364, -1.7107802629470825, 0.03807377815246582, 0.015452384948730469, 0.02064990997314453 
365, -1.7134759426116943, 0.038419246673583984, 0.015775680541992188, 0.020705461502075195 
366, -1.714977741241455, 0.03707385063171387, 0.015296459197998047, 0.019810914993286133 
367, -1.7136114835739136, 0.03607749938964844, 0.014849662780761719, 0.019387483596801758 
368, -1.7190194129943848, 0.03579545021057129, 0.014743566513061523, 0.019217491149902344 
369, -1.7177727222442627, 0.036040306091308594, 0.014783620834350586, 0.019365310668945312 
370, -1.7249293327331543, 0.0359804630279541, 0.01467585563659668, 0.019403696060180664 
371, -1.7242099046707153, 0.03606390953063965, 0.014866113662719727, 0.01931452751159668 
372, -1.7351793050765991, 0.03638887405395508, 0.01476287841796875, 0.01967310905456543 
373, -1.7272517681121826, 0.03634953498840332, 0.014855146408081055, 0.019593477249145508 
374, -1.7388410568237305, 0.036231279373168945, 0.01494145393371582, 0.01953721046447754 
375, -1.7417913675308228, 0.036434173583984375, 0.015087127685546875, 0.019186735153198242 
376, -1.7553369998931885, 0.036344289779663086, 0.014910459518432617, 0.019596576690673828 
377, -1.7601087093353271, 0.036089420318603516, 0.014729022979736328, 0.019504308700561523 
378, -1.765570044517517, 0.037035465240478516, 0.015050649642944336, 0.019976139068603516 
379, -1.78117036819458, 0.03667593002319336, 0.015023946762084961, 0.019704103469848633 
380, -1.78804349899292, 0.036595821380615234, 0.015081167221069336, 0.01963043212890625 
381, -1.7814017534255981, 0.0364072322845459, 0.014929533004760742, 0.01958751678466797 
382, -1.7934898138046265, 0.036273956298828125, 0.014850378036499023, 0.019470930099487305 
383, -1.801979899406433, 0.036824703216552734, 0.01497340202331543, 0.019994258880615234 
384, -1.8132789134979248, 0.03642392158508301, 0.01491999626159668, 0.019628047943115234 
385, -1.8176189661026, 0.03624415397644043, 0.014912605285644531, 0.019458293914794922 
386, -1.8457313776016235, 0.03649783134460449, 0.014826774597167969, 0.019721269607543945 
387, -1.8626245260238647, 0.03662276268005371, 0.0150299072265625, 0.01973414421081543 
388, -1.862086296081543, 0.03681325912475586, 0.015172958374023438, 0.019733667373657227 
389, -1.8717222213745117, 0.03631925582885742, 0.014793872833251953, 0.019655942916870117 
390, -1.9004677534103394, 0.03615570068359375, 0.014966964721679688, 0.019533157348632812 
391, -1.9125324487686157, 0.036416053771972656, 0.014881610870361328, 0.019644737243652344 
392, -1.9261554479599, 0.03656482696533203, 0.014998674392700195, 0.019613265991210938 
393, -1.9244513511657715, 0.03708600997924805, 0.015169858932495117, 0.019860029220581055 
394, -1.9288233518600464, 0.03643655776977539, 0.01508784294128418, 0.01968550682067871 
395, -1.9393608570098877, 0.0368189811706543, 0.01509547233581543, 0.019785165786743164 
396, -1.9547905921936035, 0.036626338958740234, 0.01519155502319336, 0.01959371566772461 
397, -1.9897974729537964, 0.03676867485046387, 0.015154123306274414, 0.019730567932128906 
398, -1.9895057678222656, 0.03656315803527832, 0.01504659652709961, 0.019646406173706055 
399, -2.0148022174835205, 0.03713536262512207, 0.015220403671264648, 0.019904613494873047 
400, -2.030984878540039, 0.03664350509643555, 0.015019893646240234, 0.01968073844909668 
401, -2.0300755500793457, 0.036783456802368164, 0.015137672424316406, 0.019614696502685547 
402, -2.0436320304870605, 0.03610086441040039, 0.015059709548950195, 0.019205570220947266 
403, -2.0554661750793457, 0.035748958587646484, 0.01474308967590332, 0.019201278686523438 
404, -2.0602056980133057, 0.03663468360900879, 0.014687776565551758, 0.019588947296142578 
405, -2.0868992805480957, 0.036321163177490234, 0.014923572540283203, 0.019514799118041992 
406, -2.0950374603271484, 0.03623175621032715, 0.014816522598266602, 0.019594192504882812 
407, -2.101795196533203, 0.036278486251831055, 0.014969587326049805, 0.019447803497314453 
408, -2.105715274810791, 0.03528332710266113, 0.01468801498413086, 0.018797874450683594 
409, -2.126896858215332, 0.03607344627380371, 0.014668464660644531, 0.019498109817504883 
410, -2.1405229568481445, 0.03603100776672363, 0.01482844352722168, 0.019286632537841797 
411, -2.151843547821045, 0.03586077690124512, 0.014713287353515625, 0.01931285858154297 
412, -2.147678852081299, 0.035422563552856445, 0.014447927474975586, 0.019104480743408203 
413, -2.1693501472473145, 0.03581428527832031, 0.014680624008178711, 0.01933908462524414 
414, -2.166294813156128, 0.03574037551879883, 0.014590978622436523, 0.01925373077392578 
415, -2.1780343055725098, 0.03621697425842285, 0.014756917953491211, 0.019561052322387695 
416, -2.182412624359131, 0.03605294227600098, 0.014974594116210938, 0.01929926872253418 
417, -2.2002248764038086, 0.03627800941467285, 0.014854669570922852, 0.01957869529724121 
418, -2.2057621479034424, 0.03640341758728027, 0.014976263046264648, 0.019571781158447266 
419, -2.2013449668884277, 0.03609180450439453, 0.01466822624206543, 0.019494056701660156 
420, -2.208709239959717, 0.03649783134460449, 0.01500082015991211, 0.01955556869506836 
421, -2.2123570442199707, 0.03670859336853027, 0.01491093635559082, 0.0198519229888916 
422, -2.213646411895752, 0.036773681640625, 0.015033483505249023, 0.019791126251220703 
423, -2.219837188720703, 0.0367274284362793, 0.015005350112915039, 0.01980447769165039 
424, -2.222011089324951, 0.03630709648132324, 0.014844894409179688, 0.019530057907104492 
425, -2.2224690914154053, 0.03640246391296387, 0.014936447143554688, 0.019645214080810547 
426, -2.2223784923553467, 0.036817073822021484, 0.015050888061523438, 0.019877195358276367 
427, -2.2207484245300293, 0.03638505935668945, 0.014971733093261719, 0.01951146125793457 
428, -2.2197036743164062, 0.03595781326293945, 0.014760494232177734, 0.01930379867553711 
429, -2.217604875564575, 0.03664898872375488, 0.01506495475769043, 0.019695520401000977 
430, -2.2153892517089844, 0.03756999969482422, 0.01542210578918457, 0.020208358764648438 
431, -2.212005615234375, 0.03697824478149414, 0.015200376510620117, 0.019832372665405273 
432, -2.2089731693267822, 0.03726053237915039, 0.015353679656982422, 0.02001476287841797 
433, -2.2039811611175537, 0.03651714324951172, 0.015056848526000977, 0.019576311111450195 
434, -2.197230577468872, 0.03655672073364258, 0.015029668807983398, 0.019574642181396484 
435, -2.194993495941162, 0.03616642951965332, 0.014846324920654297, 0.019463777542114258 
436, -2.18880295753479, 0.035625457763671875, 0.014632225036621094, 0.01917719841003418 
437, -2.1783623695373535, 0.03603529930114746, 0.014722108840942383, 0.019469499588012695 
438, -2.169144868850708, 0.036702632904052734, 0.01493072509765625, 0.019807815551757812 
439, -2.15869402885437, 0.03665447235107422, 0.01511526107788086, 0.01980900764465332 
440, -2.156782865524292, 0.03664278984069824, 0.01499629020690918, 0.01978468894958496 
441, -2.144254446029663, 0.03662300109863281, 0.014978170394897461, 0.0197141170501709 
442, -2.137242317199707, 0.036333322525024414, 0.014956951141357422, 0.01939845085144043 
443, -2.1211352348327637, 0.03667569160461426, 0.015019655227661133, 0.019663333892822266 
444, -2.1213269233703613, 0.03653240203857422, 0.01507568359375, 0.01956796646118164 
445, -2.1090524196624756, 0.03631162643432617, 0.014858245849609375, 0.019491195678710938 
446, -2.100552797317505, 0.0364222526550293, 0.014912605285644531, 0.019609689712524414 
447, -2.0865557193756104, 0.036073923110961914, 0.014838218688964844, 0.01935744285583496 
448, -2.0709164142608643, 0.03597235679626465, 0.014834403991699219, 0.01921224594116211 
449, -2.0584189891815186, 0.03600907325744629, 0.01472783088684082, 0.01938772201538086 
450, -2.0474157333374023, 0.036379098892211914, 0.01497650146484375, 0.019500017166137695 
451, -2.0349299907684326, 0.03632831573486328, 0.014915227890014648, 0.019492626190185547 
452, -2.030280113220215, 0.03598189353942871, 0.014873504638671875, 0.01935601234436035 
453, -2.0140292644500732, 0.03514742851257324, 0.014582157135009766, 0.018812179565429688 
454, -2.012042999267578, 0.035539865493774414, 0.014422178268432617, 0.019291400909423828 
455, -1.9991679191589355, 0.03605484962463379, 0.014869213104248047, 0.019324064254760742 
456, -1.9922406673431396, 0.03601789474487305, 0.014899969100952148, 0.019270896911621094 
457, -1.9806861877441406, 0.03595924377441406, 0.014737844467163086, 0.019374847412109375 
458, -1.9707019329071045, 0.03612685203552246, 0.014861106872558594, 0.0194089412689209 
459, -1.9528803825378418, 0.03584885597229004, 0.014623403549194336, 0.019324064254760742 
460, -1.9432895183563232, 0.036715030670166016, 0.014911890029907227, 0.01984858512878418 
461, -1.9392812252044678, 0.036699533462524414, 0.01501321792602539, 0.01981043815612793 
462, -1.9295570850372314, 0.036437034606933594, 0.015114545822143555, 0.019534587860107422 
463, -1.9227967262268066, 0.03667473793029785, 0.015027523040771484, 0.019652843475341797 
464, -1.9090721607208252, 0.036222219467163086, 0.014950037002563477, 0.019309043884277344 
465, -1.9089939594268799, 0.035808563232421875, 0.014748811721801758, 0.01925802230834961 
466, -1.898723840713501, 0.03623461723327637, 0.014925241470336914, 0.01937270164489746 
467, -1.8916122913360596, 0.03632068634033203, 0.014876842498779297, 0.019541263580322266 
468, -1.8868284225463867, 0.03558826446533203, 0.01467585563659668, 0.019217729568481445 
469, -1.8791427612304688, 0.036394357681274414, 0.014703989028930664, 0.019707679748535156 
470, -1.8734488487243652, 0.03760933876037598, 0.015696287155151367, 0.019991159439086914 
471, -1.8726580142974854, 0.03632354736328125, 0.014813423156738281, 0.01953721046447754 
472, -1.8661165237426758, 0.036301374435424805, 0.014871835708618164, 0.019663333892822266 
473, -1.8638091087341309, 0.03628730773925781, 0.014702320098876953, 0.019677400588989258 
474, -1.8589684963226318, 0.03641819953918457, 0.015014410018920898, 0.01953434944152832 
475, -1.8565163612365723, 0.03611183166503906, 0.015050649642944336, 0.019150733947753906 
476, -1.8549041748046875, 0.03604483604431152, 0.014759063720703125, 0.01948237419128418 
477, -1.8530309200286865, 0.03592681884765625, 0.014726877212524414, 0.01936793327331543 
478, -1.8519527912139893, 0.036390066146850586, 0.014846086502075195, 0.019612550735473633 
479, -1.851344347000122, 0.0359950065612793, 0.014809846878051758, 0.019339561462402344 
480, -1.8509654998779297, 0.036039113998413086, 0.01468801498413086, 0.019504547119140625 
481, -1.8490822315216064, 0.03610420227050781, 0.014838457107543945, 0.01943826675415039 
482, -1.8516385555267334, 0.035936594009399414, 0.014691591262817383, 0.019521713256835938 
483, -1.8511438369750977, 0.036092281341552734, 0.014810800552368164, 0.019373178482055664 
484, -1.8533062934875488, 0.036051034927368164, 0.014796018600463867, 0.01939845085144043 
485, -1.8512985706329346, 0.03603506088256836, 0.014865636825561523, 0.019350051879882812 
486, -1.8530778884887695, 0.03636288642883301, 0.01499319076538086, 0.019594907760620117 
487, -1.855304479598999, 0.03710627555847168, 0.015104293823242188, 0.020078659057617188 
488, -1.8560161590576172, 0.037073373794555664, 0.015365123748779297, 0.019825458526611328 
489, -1.8584165573120117, 0.036751508712768555, 0.01494455337524414, 0.019775867462158203 
490, -1.859734296798706, 0.03702378273010254, 0.015378952026367188, 0.019681215286254883 
491, -1.8669517040252686, 0.03749561309814453, 0.015424251556396484, 0.020174741744995117 
492, -1.868082046508789, 0.037111520767211914, 0.015202522277832031, 0.02000594139099121 
493, -1.8716514110565186, 0.03612017631530762, 0.014750480651855469, 0.01949930191040039 
494, -1.8715717792510986, 0.0370635986328125, 0.014943361282348633, 0.020214557647705078 
495, -1.8735268115997314, 0.036570072174072266, 0.014949560165405273, 0.019718170166015625 
496, -1.877641201019287, 0.03644108772277832, 0.014998197555541992, 0.019533395767211914 
497, -1.8786380290985107, 0.03608345985412598, 0.014846086502075195, 0.01935267448425293 
498, -1.8822722434997559, 0.03612828254699707, 0.014746665954589844, 0.01947021484375 
499, -1.8835501670837402, 0.03655815124511719, 0.01499032974243164, 0.01968216896057129 
500, -1.8849267959594727, 0.036397457122802734, 0.0149078369140625, 0.019497156143188477 
501, -1.883868932723999, 0.03644824028015137, 0.014998435974121094, 0.019529342651367188 
502, -1.8870556354522705, 0.0365300178527832, 0.014889240264892578, 0.01972198486328125 
503, -1.8868811130523682, 0.03651285171508789, 0.01503896713256836, 0.019660472869873047 
504, -1.8915159702301025, 0.036711931228637695, 0.01514577865600586, 0.019593000411987305 
505, -1.890207290649414, 0.03676772117614746, 0.015051841735839844, 0.019765377044677734 
506, -1.8914194107055664, 0.03646039962768555, 0.014979839324951172, 0.01965618133544922 
507, -1.8899149894714355, 0.03647947311401367, 0.01492452621459961, 0.01966071128845215 
508, -1.8897902965545654, 0.03604269027709961, 0.014796972274780273, 0.019373655319213867 
509, -1.888871431350708, 0.03664350509643555, 0.014951944351196289, 0.019800901412963867 
510, -1.8867785930633545, 0.03659558296203613, 0.015015840530395508, 0.019524335861206055 
511, -1.885751485824585, 0.03636574745178223, 0.014913320541381836, 0.019497156143188477 
512, -1.8836345672607422, 0.036611318588256836, 0.01503753662109375, 0.019603490829467773 
513, -1.8808529376983643, 0.03638648986816406, 0.014971733093261719, 0.019706010818481445 
514, -1.8780968189239502, 0.03692746162414551, 0.015209674835205078, 0.019814014434814453 
515, -1.8748328685760498, 0.03602123260498047, 0.014694929122924805, 0.019527673721313477 
516, -1.8711192607879639, 0.0365290641784668, 0.01485133171081543, 0.0196073055267334 
517, -1.8657405376434326, 0.03659343719482422, 0.01495218276977539, 0.019751548767089844 
518, -1.86173677444458, 0.03626561164855957, 0.014983892440795898, 0.019484281539916992 
519, -1.857072353363037, 0.03614640235900879, 0.014665365219116211, 0.01957559585571289 
520, -1.8519940376281738, 0.035994529724121094, 0.015007734298706055, 0.019340991973876953 
521, -1.8473167419433594, 0.03616142272949219, 0.014795780181884766, 0.019527912139892578 
522, -1.8415296077728271, 0.03616023063659668, 0.014640331268310547, 0.01959395408630371 
523, -1.8315627574920654, 0.03618788719177246, 0.014870882034301758, 0.01940464973449707 
524, -1.8244578838348389, 0.03581571578979492, 0.014870405197143555, 0.019237518310546875 
525, -1.8190503120422363, 0.03588724136352539, 0.014546394348144531, 0.019429683685302734 
526, -1.8140227794647217, 0.035692691802978516, 0.014941215515136719, 0.01895284652709961 
527, -1.8065214157104492, 0.03605484962463379, 0.01477193832397461, 0.019418716430664062 
528, -1.7981173992156982, 0.0370478630065918, 0.015129566192626953, 0.0199739933013916 
529, -1.788651704788208, 0.03687930107116699, 0.015127897262573242, 0.01997995376586914 
530, -1.78122878074646, 0.036911964416503906, 0.01520538330078125, 0.019785404205322266 
531, -1.7701354026794434, 0.03657031059265137, 0.01517033576965332, 0.019649982452392578 
532, -1.7651469707489014, 0.03629660606384277, 0.014826536178588867, 0.019542455673217773 
533, -1.753377914428711, 0.03630423545837402, 0.014915227890014648, 0.019456863403320312 
534, -1.7489891052246094, 0.03602147102355957, 0.014802694320678711, 0.019422054290771484 
535, -1.740431547164917, 0.03630328178405762, 0.014846086502075195, 0.019532203674316406 
536, -1.7303519248962402, 0.03697848320007324, 0.015127182006835938, 0.019858598709106445 
537, -1.7226464748382568, 0.03696107864379883, 0.01510763168334961, 0.019970178604125977 
538, -1.7115991115570068, 0.038086652755737305, 0.015630006790161133, 0.020502805709838867 
539, -1.7037668228149414, 0.03761553764343262, 0.01562976837158203, 0.020139455795288086 
540, -1.6976873874664307, 0.03684711456298828, 0.015131473541259766, 0.019739389419555664 
541, -1.689452886581421, 0.03632545471191406, 0.014992475509643555, 0.01934027671813965 
542, -1.6810524463653564, 0.03640913963317871, 0.014849662780761719, 0.019582748413085938 
543, -1.6738014221191406, 0.03607368469238281, 0.014941215515136719, 0.019384384155273438 
544, -1.666454792022705, 0.03605318069458008, 0.014718770980834961, 0.019446611404418945 
545, -1.6595113277435303, 0.03608870506286621, 0.014894723892211914, 0.01949596405029297 
546, -1.6534626483917236, 0.03691387176513672, 0.015175342559814453, 0.019919395446777344 
547, -1.6476922035217285, 0.03717041015625, 0.015164852142333984, 0.01998615264892578 
548, -1.6409640312194824, 0.03656339645385742, 0.01524662971496582, 0.01946115493774414 
549, -1.635584831237793, 0.036338090896606445, 0.014750003814697266, 0.01974034309387207 
550, -1.6320600509643555, 0.036885738372802734, 0.01502227783203125, 0.01961374282836914 
551, -1.627230167388916, 0.03690195083618164, 0.015072107315063477, 0.019895076751708984 
552, -1.6251096725463867, 0.0366520881652832, 0.015053272247314453, 0.019690752029418945 
553, -1.6183719635009766, 0.03683018684387207, 0.014920711517333984, 0.01997661590576172 
554, -1.617567777633667, 0.03668379783630371, 0.015030384063720703, 0.019659757614135742 
555, -1.6179521083831787, 0.03665757179260254, 0.0149993896484375, 0.019696474075317383 
556, -1.6150600910186768, 0.03715181350708008, 0.015230178833007812, 0.019886493682861328 
557, -1.6159706115722656, 0.03714251518249512, 0.015043973922729492, 0.0201568603515625 
558, -1.6057381629943848, 0.03649091720581055, 0.014953851699829102, 0.019603729248046875 
559, -1.6161143779754639, 0.03641653060913086, 0.014854192733764648, 0.01961994171142578 
560, -1.605809211730957, 0.036594390869140625, 0.014961004257202148, 0.01975274085998535 
561, -1.6191120147705078, 0.036290884017944336, 0.014921188354492188, 0.019428014755249023 
562, -1.6174890995025635, 0.03594160079956055, 0.014662027359008789, 0.01937246322631836 
563, -1.6238439083099365, 0.03634905815124512, 0.015136241912841797, 0.01926732063293457 
564, -1.6176807880401611, 0.03585314750671387, 0.01483154296875, 0.019206523895263672 
565, -1.6203224658966064, 0.03544211387634277, 0.014630794525146484, 0.018967866897583008 
566, -1.6265640258789062, 0.0352933406829834, 0.014574527740478516, 0.018956899642944336 
567, -1.6330938339233398, 0.03535103797912598, 0.01448678970336914, 0.019029617309570312 
568, -1.6285886764526367, 0.036691904067993164, 0.015057802200317383, 0.019693851470947266 
569, -1.6467304229736328, 0.0354154109954834, 0.01469731330871582, 0.019061565399169922 
570, -1.6509439945220947, 0.035561323165893555, 0.01464533805847168, 0.019122600555419922 
571, -1.6516435146331787, 0.03554892539978027, 0.014824390411376953, 0.019171953201293945 
572, -1.6507294178009033, 0.03575444221496582, 0.014536380767822266, 0.01938486099243164 
573, -1.6682729721069336, 0.03764700889587402, 0.015311002731323242, 0.020063161849975586 
574, -1.680243730545044, 0.04639005661010742, 0.015352964401245117, 0.029102325439453125 
575, -1.6764836311340332, 0.03988814353942871, 0.017969608306884766, 0.020015239715576172 
576, -1.6907758712768555, 0.0364995002746582, 0.014918088912963867, 0.019628524780273438 
577, -1.698065996170044, 0.03619885444641113, 0.014877080917358398, 0.019410133361816406 
578, -1.6950769424438477, 0.036513566970825195, 0.014875411987304688, 0.019644498825073242 
579, -1.7055296897888184, 0.03696012496948242, 0.015196800231933594, 0.019886255264282227 
580, -1.7058115005493164, 0.03714275360107422, 0.015354394912719727, 0.019817590713500977 
581, -1.7180476188659668, 0.03670644760131836, 0.015101432800292969, 0.019709110260009766 
582, -1.7205002307891846, 0.039127349853515625, 0.01679706573486328, 0.020397424697875977 
583, -1.7402894496917725, 0.03760409355163574, 0.015572309494018555, 0.020167827606201172 
584, -1.7431046962738037, 0.03667426109313965, 0.015050172805786133, 0.019709348678588867 
585, -1.7643282413482666, 0.03683829307556152, 0.015233755111694336, 0.01973557472229004 
586, -1.769160509109497, 0.03714442253112793, 0.01531839370727539, 0.01992630958557129 
587, -1.785020351409912, 0.03673052787780762, 0.015234231948852539, 0.019542932510375977 
588, -1.781005859375, 0.036635637283325195, 0.015021800994873047, 0.01969742774963379 
589, -1.7943451404571533, 0.03674006462097168, 0.015030622482299805, 0.019745826721191406 
590, -1.8006157875061035, 0.03715682029724121, 0.015276908874511719, 0.01996302604675293 
591, -1.81292724609375, 0.03632330894470215, 0.01502537727355957, 0.019419193267822266 
592, -1.8098254203796387, 0.03642773628234863, 0.014936208724975586, 0.019598007202148438 
593, -1.815650224685669, 0.03652191162109375, 0.014891624450683594, 0.019773244857788086 
594, -1.827401876449585, 0.036351919174194336, 0.014937400817871094, 0.01947784423828125 
595, -1.8280236721038818, 0.03735065460205078, 0.015255451202392578, 0.020027637481689453 
596, -1.8378088474273682, 0.036835432052612305, 0.015255451202392578, 0.019551515579223633 
597, -1.8352153301239014, 0.03647756576538086, 0.014917135238647461, 0.019685745239257812 
598, -1.8386216163635254, 0.040262699127197266, 0.018637657165527344, 0.019681453704833984 
599, -1.8405470848083496, 0.03689312934875488, 0.014984607696533203, 0.020043373107910156 
600, -1.8513128757476807, 0.043785810470581055, 0.015080690383911133, 0.02672719955444336 
601, -1.8506395816802979, 0.03688383102416992, 0.015147686004638672, 0.019729137420654297 
602, -1.8500168323516846, 0.036863088607788086, 0.015127420425415039, 0.01968550682067871 
603, -1.8480877876281738, 0.037076473236083984, 0.015151500701904297, 0.01996445655822754 
604, -1.8521976470947266, 0.03676748275756836, 0.015265941619873047, 0.019557714462280273 
605, -1.8497426509857178, 0.037626028060913086, 0.01531839370727539, 0.020331859588623047 
606, -1.8511378765106201, 0.03759908676147461, 0.015453815460205078, 0.020100831985473633 
607, -1.8492906093597412, 0.03717327117919922, 0.015316963195800781, 0.019891738891601562 
608, -1.8469829559326172, 0.03647732734680176, 0.015001296997070312, 0.01955580711364746 
609, -1.8444523811340332, 0.03599429130554199, 0.014879941940307617, 0.01926589012145996 
610, -1.8415508270263672, 0.03590893745422363, 0.01478123664855957, 0.019359588623046875 
611, -1.8369944095611572, 0.03642082214355469, 0.014975547790527344, 0.019568204879760742 
612, -1.8321197032928467, 0.03591561317443848, 0.01483464241027832, 0.01928257942199707 
613, -1.8242387771606445, 0.03607654571533203, 0.01457834243774414, 0.019643306732177734 
614, -1.8243727684020996, 0.03744816780090332, 0.015049457550048828, 0.02029705047607422 
615, -1.8162391185760498, 0.03640127182006836, 0.015097379684448242, 0.019442081451416016 
616, -1.8029084205627441, 0.03639936447143555, 0.014856338500976562, 0.019553422927856445 
617, -1.802922248840332, 0.03626298904418945, 0.01517486572265625, 0.019164085388183594 
618, -1.7872200012207031, 0.03583478927612305, 0.014752626419067383, 0.01922607421875 
619, -1.7896873950958252, 0.03556251525878906, 0.014645814895629883, 0.019153833389282227 
620, -1.7726786136627197, 0.036025285720825195, 0.014680147171020508, 0.01936793327331543 
621, -1.773216724395752, 0.03563833236694336, 0.01471400260925293, 0.01908731460571289 
622, -1.7564418315887451, 0.035585641860961914, 0.014687061309814453, 0.019040346145629883 
623, -1.7538981437683105, 0.035825252532958984, 0.014646530151367188, 0.01934218406677246 
624, -1.7364921569824219, 0.03667402267456055, 0.014747142791748047, 0.0197598934173584 
625, -1.7257168292999268, 0.03714776039123535, 0.015166997909545898, 0.020001649856567383 
626, -1.721766710281372, 0.03634166717529297, 0.015128135681152344, 0.019427776336669922 
627, -1.7089447975158691, 0.035611867904663086, 0.014632463455200195, 0.019118547439575195 
628, -1.6954033374786377, 0.036908864974975586, 0.015158653259277344, 0.019763708114624023 
629, -1.6860971450805664, 0.03818964958190918, 0.01566147804260254, 0.020648479461669922 
630, -1.6730420589447021, 0.037934064865112305, 0.015752077102661133, 0.0201570987701416 
631, -1.6589975357055664, 0.03685712814331055, 0.01518106460571289, 0.019776582717895508 
632, -1.6380388736724854, 0.036475419998168945, 0.014951944351196289, 0.019864559173583984 
633, -1.6286025047302246, 0.03644752502441406, 0.015064239501953125, 0.019472599029541016 
634, -1.6217172145843506, 0.03621554374694824, 0.015021562576293945, 0.01929783821105957 
635, -1.606619119644165, 0.03598165512084961, 0.014768600463867188, 0.019367218017578125 
636, -1.6027328968048096, 0.035950422286987305, 0.014610528945922852, 0.01941823959350586 
637, -1.5784201622009277, 0.036026954650878906, 0.014669179916381836, 0.019519329071044922 
638, -1.5727272033691406, 0.036661624908447266, 0.014968156814575195, 0.01961040496826172 
639, -1.5627202987670898, 0.03639936447143555, 0.014883756637573242, 0.019611358642578125 
640, -1.5481772422790527, 0.036763668060302734, 0.015108108520507812, 0.019827604293823242 
641, -1.5456740856170654, 0.03656625747680664, 0.015062808990478516, 0.01966071128845215 
642, -1.527700662612915, 0.036179542541503906, 0.015012502670288086, 0.019173383712768555 
643, -1.513192892074585, 0.035889625549316406, 0.014715194702148438, 0.019333839416503906 
644, -1.5097510814666748, 0.03638887405395508, 0.014768838882446289, 0.01935267448425293 
645, -1.5036664009094238, 0.03652334213256836, 0.01488804817199707, 0.01970195770263672 
646, -1.4919123649597168, 0.037470102310180664, 0.015697002410888672, 0.019828081130981445 
647, -1.4789032936096191, 0.0370941162109375, 0.015009403228759766, 0.02014446258544922 
648, -1.4719765186309814, 0.036623239517211914, 0.014995098114013672, 0.019684791564941406 
649, -1.465456485748291, 0.03681039810180664, 0.015052318572998047, 0.01981496810913086 
650, -1.4571549892425537, 0.03713536262512207, 0.01529240608215332, 0.01995563507080078 
651, -1.4515595436096191, 0.03766608238220215, 0.015513896942138672, 0.019806385040283203 
652, -1.4379024505615234, 0.036208391189575195, 0.015009880065917969, 0.01931452751159668 
653, -1.4359157085418701, 0.03611493110656738, 0.014906883239746094, 0.019396543502807617 
654, -1.4247715473175049, 0.0359339714050293, 0.014843463897705078, 0.019237995147705078 
655, -1.4204092025756836, 0.0359349250793457, 0.014719963073730469, 0.019255638122558594 
656, -1.4141151905059814, 0.03598666191101074, 0.01477193832397461, 0.019290447235107422 
657, -1.4080030918121338, 0.036350250244140625, 0.014942407608032227, 0.019490957260131836 
658, -1.4041261672973633, 0.03678417205810547, 0.014876365661621094, 0.019745826721191406 
659, -1.400926113128662, 0.036714792251586914, 0.015082120895385742, 0.01968979835510254 
660, -1.3973705768585205, 0.03694033622741699, 0.015144824981689453, 0.019896507263183594 
661, -1.3949778079986572, 0.03670978546142578, 0.015023946762084961, 0.019783735275268555 
662, -1.3903214931488037, 0.036830902099609375, 0.015091896057128906, 0.01984238624572754 
663, -1.3889122009277344, 0.03675198554992676, 0.015027999877929688, 0.019800901412963867 
664, -1.3928279876708984, 0.03653979301452637, 0.015027523040771484, 0.0196077823638916 
665, -1.3950586318969727, 0.03602910041809082, 0.014995574951171875, 0.01920485496520996 
666, -1.3913745880126953, 0.037175893783569336, 0.015261173248291016, 0.019950151443481445 
667, -1.3949432373046875, 0.037602901458740234, 0.015500307083129883, 0.020166635513305664 
668, -1.3996186256408691, 0.0373225212097168, 0.015311241149902344, 0.0200655460357666 
669, -1.4151012897491455, 0.037435054779052734, 0.01533651351928711, 0.020090341567993164 
670, -1.4097461700439453, 0.03730416297912598, 0.015198707580566406, 0.020163297653198242 
671, -1.4221842288970947, 0.036672353744506836, 0.014983177185058594, 0.019713640213012695 
672, -1.427635908126831, 0.03699231147766113, 0.01512765884399414, 0.0199129581451416 
673, -1.4306578636169434, 0.03670096397399902, 0.015290260314941406, 0.019498348236083984 
674, -1.434382438659668, 0.03574013710021973, 0.014696598052978516, 0.019177675247192383 
675, -1.443774700164795, 0.03529024124145508, 0.014721393585205078, 0.01889801025390625 
676, -1.4558424949645996, 0.03535318374633789, 0.014548301696777344, 0.01897883415222168 
677, -1.4747798442840576, 0.03568458557128906, 0.014706850051879883, 0.019281625747680664 
678, -1.470106601715088, 0.035201311111450195, 0.014523506164550781, 0.018815994262695312 
679, -1.4860217571258545, 0.03493356704711914, 0.01447439193725586, 0.018682003021240234 
680, -1.4840123653411865, 0.0356144905090332, 0.014646053314208984, 0.019032001495361328 
681, -1.508609652519226, 0.03611898422241211, 0.014872550964355469, 0.019406557083129883 
682, -1.511132001876831, 0.0365290641784668, 0.015230655670166016, 0.01949596405029297 
683, -1.5190725326538086, 0.03666257858276367, 0.014928340911865234, 0.01987171173095703 
684, -1.5256060361862183, 0.036934852600097656, 0.014978885650634766, 0.02008676528930664 
685, -1.5596027374267578, 0.03817892074584961, 0.015316486358642578, 0.020955801010131836 
686, -1.559007167816162, 0.0399472713470459, 0.01693415641784668, 0.021126747131347656 
687, -1.5961763858795166, 0.037424564361572266, 0.015399932861328125, 0.020041227340698242 
688, -1.5812873840332031, 0.03713202476501465, 0.01519632339477539, 0.020032167434692383 
689, -1.6052266359329224, 0.03741812705993652, 0.015233993530273438, 0.020262956619262695 
690, -1.6181598901748657, 0.03744149208068848, 0.01574563980102539, 0.01981377601623535 
691, -1.6152820587158203, 0.03659319877624512, 0.014992713928222656, 0.019662141799926758 
692, -1.6387282609939575, 0.037152767181396484, 0.01523280143737793, 0.019929170608520508 
693, -1.6666085720062256, 0.038477420806884766, 0.015807390213012695, 0.02071070671081543 
694, -1.6587315797805786, 0.03850436210632324, 0.015749692916870117, 0.020718812942504883 
695, -1.664204716682434, 0.038405656814575195, 0.01613140106201172, 0.020345449447631836 
696, -1.6805357933044434, 0.03744173049926758, 0.015422582626342773, 0.02009296417236328 
697, -1.7038666009902954, 0.03695058822631836, 0.01511836051940918, 0.01992034912109375 
698, -1.696892499923706, 0.03763151168823242, 0.015514373779296875, 0.020196199417114258 
699, -1.7237406969070435, 0.036554813385009766, 0.015028238296508789, 0.019421100616455078 
700, -1.7379693984985352, 0.03621411323547363, 0.014859914779663086, 0.019494056701660156 
701, -1.7432630062103271, 0.03640127182006836, 0.014931678771972656, 0.01957845687866211 
702, -1.7403357028961182, 0.03621840476989746, 0.014881134033203125, 0.01940321922302246 
703, -1.7463539838790894, 0.03619885444641113, 0.01500391960144043, 0.019314050674438477 
704, -1.7533252239227295, 0.0370023250579834, 0.01504063606262207, 0.020017385482788086 
705, -1.7627379894256592, 0.03746747970581055, 0.015379905700683594, 0.020172834396362305 
706, -1.7685294151306152, 0.03686952590942383, 0.015127182006835938, 0.019829750061035156 
707, -1.7704185247421265, 0.03727531433105469, 0.015315771102905273, 0.020053625106811523 
708, -1.766721487045288, 0.037175893783569336, 0.015267372131347656, 0.019967317581176758 
709, -1.772845983505249, 0.03774857521057129, 0.01552128791809082, 0.02026820182800293 
710, -1.7713370323181152, 0.037982940673828125, 0.015613317489624023, 0.02036595344543457 
711, -1.7696954011917114, 0.037088632583618164, 0.01535177230834961, 0.019818782806396484 
712, -1.7685391902923584, 0.03667807579040527, 0.015053033828735352, 0.019726037979125977 
713, -1.7658650875091553, 0.03668498992919922, 0.015094280242919922, 0.019701242446899414 
714, -1.7632393836975098, 0.0365910530090332, 0.015018939971923828, 0.019562959671020508 
715, -1.7561768293380737, 0.03697633743286133, 0.01525259017944336, 0.01980757713317871 
716, -1.7493454217910767, 0.03701472282409668, 0.015267610549926758, 0.01982712745666504 
717, -1.7464476823806763, 0.03720855712890625, 0.015105247497558594, 0.0202481746673584 
718, -1.7425974607467651, 0.038384437561035156, 0.01565241813659668, 0.020848512649536133 
719, -1.72417151927948, 0.03823375701904297, 0.015770673751831055, 0.020514965057373047 
720, -1.7159298658370972, 0.036847591400146484, 0.015219688415527344, 0.01973867416381836 
721, -1.7061128616333008, 0.03623843193054199, 0.014966487884521484, 0.01949167251586914 
722, -1.6967313289642334, 0.036221981048583984, 0.014801263809204102, 0.019537925720214844 
723, -1.6840379238128662, 0.03720903396606445, 0.01517939567565918, 0.020103931427001953 
724, -1.6770581007003784, 0.03665661811828613, 0.014976739883422852, 0.01973247528076172 
725, -1.6555880308151245, 0.03705143928527832, 0.015131473541259766, 0.019931316375732422 
726, -1.657104253768921, 0.03681612014770508, 0.015192508697509766, 0.019742965698242188 
727, -1.6409932374954224, 0.037085771560668945, 0.015283823013305664, 0.019886016845703125 
728, -1.6056265830993652, 0.03723931312561035, 0.015209436416625977, 0.02013850212097168 
729, -1.5888941287994385, 0.036073923110961914, 0.014948368072509766, 0.01926875114440918 
730, -1.5757676362991333, 0.036477088928222656, 0.014853239059448242, 0.01983022689819336 
731, -1.555952548980713, 0.037035465240478516, 0.015660762786865234, 0.01945805549621582 
732, -1.548473596572876, 0.03560328483581543, 0.014666557312011719, 0.019091367721557617 
733, -1.5095460414886475, 0.035317182540893555, 0.014448881149291992, 0.01910710334777832 
734, -1.509492039680481, 0.03577852249145508, 0.014708995819091797, 0.0192108154296875 
735, -1.4793263673782349, 0.03673219680786133, 0.014792442321777344, 0.020029306411743164 
736, -1.4725295305252075, 0.03719305992126465, 0.015257120132446289, 0.02006220817565918 
737, -1.436694860458374, 0.037964820861816406, 0.015833616256713867, 0.020216941833496094 
738, -1.4307630062103271, 0.0368192195892334, 0.014946460723876953, 0.019653797149658203 
739, -1.3925302028656006, 0.03647756576538086, 0.014817476272583008, 0.01978898048400879 
740, -1.3912020921707153, 0.037310123443603516, 0.015062332153320312, 0.020349740982055664 
741, -1.3612109422683716, 0.03870558738708496, 0.01603531837463379, 0.02076888084411621 
742, -1.3523170948028564, 0.03874039649963379, 0.01584315299987793, 0.02096080780029297 
743, -1.3209943771362305, 0.03826642036437988, 0.016361236572265625, 0.020025968551635742 
744, -1.3118456602096558, 0.03832364082336426, 0.016002893447875977, 0.020415067672729492 
745, -1.2994548082351685, 0.03652358055114746, 0.014965295791625977, 0.019701480865478516 
746, -1.2673588991165161, 0.036535024642944336, 0.01498556137084961, 0.01964545249938965 
747, -1.2630339860916138, 0.03661227226257324, 0.01506805419921875, 0.01962590217590332 
748, -1.2534970045089722, 0.03666400909423828, 0.015184402465820312, 0.01953268051147461 
749, -1.2209827899932861, 0.036145925521850586, 0.014768600463867188, 0.01959085464477539 
750, -1.2231489419937134, 0.035849809646606445, 0.014676809310913086, 0.019352436065673828 
751, -1.1999645233154297, 0.037357330322265625, 0.015221595764160156, 0.020165681838989258 
752, -1.1946134567260742, 0.037674665451049805, 0.015304327011108398, 0.020428180694580078 
753, -1.182542085647583, 0.03741860389709473, 0.015258312225341797, 0.02010321617126465 
754, -1.1723483800888062, 0.03780484199523926, 0.015217781066894531, 0.02066326141357422 
755, -1.1559758186340332, 0.03704333305358887, 0.015070915222167969, 0.020032405853271484 
756, -1.1471195220947266, 0.03688836097717285, 0.0150604248046875, 0.01988983154296875 
757, -1.1410151720046997, 0.03672027587890625, 0.014971494674682617, 0.01992011070251465 
758, -1.1348174810409546, 0.03751778602600098, 0.015415668487548828, 0.020217418670654297 
759, -1.1293483972549438, 0.03708696365356445, 0.015209674835205078, 0.019952774047851562 
760, -1.1240589618682861, 0.03776049613952637, 0.01532888412475586, 0.0205538272857666 
761, -1.1187795400619507, 0.03731346130371094, 0.015620708465576172, 0.019853591918945312 
762, -1.1188712120056152, 0.03659796714782715, 0.015039205551147461, 0.019666433334350586 
763, -1.1143794059753418, 0.036808013916015625, 0.014977216720581055, 0.019901037216186523 
764, -1.1160045862197876, 0.037041664123535156, 0.015213489532470703, 0.019849300384521484 
765, -1.1138442754745483, 0.037702322006225586, 0.015587568283081055, 0.020122528076171875 
766, -1.1244332790374756, 0.03772711753845215, 0.01540517807006836, 0.020370960235595703 
767, -1.118114948272705, 0.037174224853515625, 0.015178680419921875, 0.020063400268554688 
768, -1.1267542839050293, 0.03752899169921875, 0.015341997146606445, 0.02022576332092285 
769, -1.1243069171905518, 0.03805708885192871, 0.015534400939941406, 0.020548582077026367 
770, -1.1251587867736816, 0.037905216217041016, 0.015439987182617188, 0.02046966552734375 
771, -1.1603164672851562, 0.037212371826171875, 0.015398740768432617, 0.01993846893310547 
772, -1.1398916244506836, 0.03707122802734375, 0.015191078186035156, 0.01997089385986328 
773, -1.164384365081787, 0.03746390342712402, 0.015249490737915039, 0.020261287689208984 
774, -1.170588731765747, 0.03767728805541992, 0.015347003936767578, 0.020404338836669922 
775, -1.1665470600128174, 0.037485599517822266, 0.015336036682128906, 0.02020549774169922 
776, -1.2058024406433105, 0.03708291053771973, 0.015183687210083008, 0.019977092742919922 
777, -1.2284998893737793, 0.036832571029663086, 0.015207529067993164, 0.01980113983154297 
778, -1.2211687564849854, 0.036573171615600586, 0.014795303344726562, 0.019904613494873047 
779, -1.2180442810058594, 0.03726482391357422, 0.015303611755371094, 0.02002096176147461 
780, -1.237062931060791, 0.03658699989318848, 0.015004634857177734, 0.019747018814086914 
781, -1.2745022773742676, 0.03569364547729492, 0.01475977897644043, 0.019113779067993164 
782, -1.299462080001831, 0.03544926643371582, 0.01444697380065918, 0.019181251525878906 
783, -1.317152500152588, 0.035733699798583984, 0.014582157135009766, 0.01923823356628418 
784, -1.3020086288452148, 0.03550529479980469, 0.014689445495605469, 0.0189054012298584 
785, -1.3335785865783691, 0.034891605377197266, 0.01429128646850586, 0.018750429153442383 
786, -1.3755378723144531, 0.03581595420837402, 0.014573335647583008, 0.019344568252563477 
787, -1.387645959854126, 0.03665637969970703, 0.015088081359863281, 0.01973557472229004 
788, -1.4115653038024902, 0.03691864013671875, 0.015251398086547852, 0.019852399826049805 
789, -1.3887593746185303, 0.03553366661071777, 0.014569282531738281, 0.01917290687561035 
790, -1.4427595138549805, 0.03593802452087402, 0.014652729034423828, 0.019359588623046875 
791, -1.4247961044311523, 0.035475730895996094, 0.014682531356811523, 0.018904447555541992 
792, -1.4874489307403564, 0.03737497329711914, 0.015458822250366211, 0.020041704177856445 
793, -1.4651007652282715, 0.03806328773498535, 0.015580177307128906, 0.02053546905517578 
794, -1.518113374710083, 0.03861093521118164, 0.01549530029296875, 0.021136045455932617 
795, -1.539693832397461, 0.04019975662231445, 0.016335010528564453, 0.02193474769592285 
796, -1.5154738426208496, 0.03974199295043945, 0.016485929489135742, 0.02133464813232422 
797, -1.5306899547576904, 0.037378787994384766, 0.015753984451293945, 0.01978754997253418 
798, -1.5918707847595215, 0.03700661659240723, 0.014908313751220703, 0.0201718807220459 
799, -1.573300838470459, 0.03975367546081543, 0.016512155532836914, 0.020537853240966797 
800, -1.6177897453308105, 0.04063129425048828, 0.016649484634399414, 0.0219268798828125 
801, -1.6305756568908691, 0.039609432220458984, 0.016429424285888672, 0.02127671241760254 
802, -1.6357462406158447, 0.038140296936035156, 0.015755653381347656, 0.020325422286987305 
803, -1.660254955291748, 0.03732419013977051, 0.015525341033935547, 0.019890785217285156 
804, -1.6611089706420898, 0.037160396575927734, 0.015175819396972656, 0.020056486129760742 
805, -1.67171049118042, 0.03702092170715332, 0.01529073715209961, 0.0198214054107666 
806, -1.673154354095459, 0.03697347640991211, 0.015088081359863281, 0.020008087158203125 
807, -1.705721139907837, 0.03687167167663574, 0.015122652053833008, 0.019802331924438477 
808, -1.695039987564087, 0.03641867637634277, 0.014929056167602539, 0.019612550735473633 
809, -1.6984443664550781, 0.03685736656188965, 0.014820337295532227, 0.019986391067504883 
810, -1.715144157409668, 0.03687453269958496, 0.015099048614501953, 0.01992177963256836 
811, -1.716463565826416, 0.03616476058959961, 0.01505422592163086, 0.019330739974975586 
812, -1.7186181545257568, 0.036299943923950195, 0.014760732650756836, 0.019656896591186523 
813, -1.7229773998260498, 0.03716230392456055, 0.015226364135742188, 0.019999980926513672 
814, -1.733367919921875, 0.03666853904724121, 0.015079736709594727, 0.019681692123413086 
815, -1.733229398727417, 0.03708958625793457, 0.015221834182739258, 0.019917011260986328 
816, -1.733283281326294, 0.03760385513305664, 0.015437602996826172, 0.01976776123046875 
817, -1.731194257736206, 0.03688693046569824, 0.01506805419921875, 0.019898176193237305 
818, -1.7281827926635742, 0.03689432144165039, 0.015119791030883789, 0.01985001564025879 
819, -1.722764015197754, 0.03618121147155762, 0.014780521392822266, 0.019494295120239258 
820, -1.7161014080047607, 0.03742671012878418, 0.015198469161987305, 0.020275592803955078 
821, -1.7159357070922852, 0.03765535354614258, 0.015471696853637695, 0.02029585838317871 
822, -1.6987292766571045, 0.03731393814086914, 0.0154266357421875, 0.02001166343688965 
823, -1.6882965564727783, 0.037331581115722656, 0.015159130096435547, 0.020145654678344727 
824, -1.6752872467041016, 0.037314653396606445, 0.015397787094116211, 0.0200345516204834 
825, -1.6831457614898682, 0.03693270683288574, 0.015413522720336914, 0.01964282989501953 
826, -1.6543481349945068, 0.03634810447692871, 0.014980554580688477, 0.019549131393432617 
827, -1.6593241691589355, 0.03618741035461426, 0.014704704284667969, 0.019595861434936523 
828, -1.6354410648345947, 0.03606104850769043, 0.014978170394897461, 0.01924896240234375 
829, -1.605078935623169, 0.03609466552734375, 0.014994382858276367, 0.01922130584716797 
830, -1.5811965465545654, 0.03673911094665527, 0.015080690383911133, 0.019793272018432617 
831, -1.5795319080352783, 0.03581571578979492, 0.014900445938110352, 0.019109725952148438 
832, -1.5776898860931396, 0.036391258239746094, 0.01485896110534668, 0.019628286361694336 
833, -1.5173876285552979, 0.036321163177490234, 0.014827966690063477, 0.019612789154052734 
834, -1.5029525756835938, 0.036334991455078125, 0.014816761016845703, 0.01953911781311035 
835, -1.4785165786743164, 0.035878658294677734, 0.014920711517333984, 0.01909780502319336 
836, -1.4668958187103271, 0.036023855209350586, 0.014847993850708008, 0.019301891326904297 
837, -1.4386816024780273, 0.035340070724487305, 0.014579534530639648, 0.018967390060424805 
838, -1.4207777976989746, 0.03545951843261719, 0.014363527297973633, 0.019278764724731445 
839, -1.395320177078247, 0.03603863716125488, 0.014906167984008789, 0.019321918487548828 
840, -1.3912262916564941, 0.036415815353393555, 0.014793872833251953, 0.01967024803161621 
841, -1.322814702987671, 0.03681540489196777, 0.015104532241821289, 0.019832134246826172 
842, -1.2917463779449463, 0.037491559982299805, 0.015217304229736328, 0.02034592628479004 
843, -1.296358346939087, 0.03776884078979492, 0.01586174964904785, 0.020000934600830078 
844, -1.2582030296325684, 0.03780412673950195, 0.014966249465942383, 0.020913362503051758 
845, -1.2292194366455078, 0.03817892074584961, 0.015497684478759766, 0.020764589309692383 
846, -1.169654369354248, 0.04055929183959961, 0.016903162002563477, 0.021711349487304688 
847, -1.157008171081543, 0.039160728454589844, 0.016881227493286133, 0.020384788513183594 
848, -1.1409525871276855, 0.03701972961425781, 0.015172958374023438, 0.019947052001953125 
849, -1.1109824180603027, 0.0370028018951416, 0.015314817428588867, 0.019807100296020508 
850, -1.0782837867736816, 0.03894209861755371, 0.015979766845703125, 0.02105569839477539 
851, -1.067901611328125, 0.0387723445892334, 0.015779972076416016, 0.020946264266967773 
852, -1.018538475036621, 0.03661537170410156, 0.015038728713989258, 0.01972222328186035 
853, -0.962249755859375, 0.0381321907043457, 0.015372514724731445, 0.020843029022216797 
854, -0.9727487564086914, 0.0396723747253418, 0.01631021499633789, 0.02142500877380371 
855, -0.901939868927002, 0.039492130279541016, 0.016277313232421875, 0.02124810218811035 
856, -0.8807473182678223, 0.03746533393859863, 0.015351533889770508, 0.020190000534057617 
857, -0.8545169830322266, 0.03717207908630371, 0.01526951789855957, 0.019963502883911133 
858, -0.840186595916748, 0.037322998046875, 0.015188932418823242, 0.020113229751586914 
859, -0.8358802795410156, 0.037053585052490234, 0.015119791030883789, 0.020009994506835938 
860, -0.8023228645324707, 0.03722238540649414, 0.01526641845703125, 0.02002406120300293 
861, -0.7889213562011719, 0.03698468208312988, 0.01538848876953125, 0.019642353057861328 
862, -0.7635259628295898, 0.03777813911437988, 0.01514577865600586, 0.020511388778686523 
863, -0.7406315803527832, 0.03707480430603027, 0.015255928039550781, 0.019930601119995117 
864, -0.6949563026428223, 0.03726935386657715, 0.015225648880004883, 0.020075321197509766 
865, -0.6690449714660645, 0.03776717185974121, 0.015454769134521484, 0.02025318145751953 
866, -0.6508593559265137, 0.036609649658203125, 0.014992237091064453, 0.01974320411682129 
867, -0.6358780860900879, 0.03622150421142578, 0.01494908332824707, 0.019405126571655273 
868, -0.6381268501281738, 0.03614354133605957, 0.01486659049987793, 0.01942896842956543 
869, -0.624722957611084, 0.0361478328704834, 0.014729738235473633, 0.019496440887451172 
870, -0.6061100959777832, 0.03685498237609863, 0.01497507095336914, 0.01992511749267578 
871, -0.5888099670410156, 0.037081241607666016, 0.015265464782714844, 0.019918441772460938 
872, -0.5712604522705078, 0.036195993423461914, 0.014922380447387695, 0.019460678100585938 
873, -0.5615043640136719, 0.03675103187561035, 0.01499176025390625, 0.019841909408569336 
874, -0.5507678985595703, 0.0366511344909668, 0.014964103698730469, 0.01971435546875 
875, -0.5417113304138184, 0.03612112998962402, 0.014787673950195312, 0.01945042610168457 
876, -0.5328106880187988, 0.036095619201660156, 0.014906883239746094, 0.019389629364013672 
877, -0.5262236595153809, 0.03671717643737793, 0.014702320098876953, 0.020154953002929688 
878, -0.5203690528869629, 0.037934303283691406, 0.015850543975830078, 0.020236968994140625 
879, -0.5189113616943359, 0.0390322208404541, 0.01577019691467285, 0.02129840850830078 
880, -0.5085864067077637, 0.037584781646728516, 0.015545368194580078, 0.020082712173461914 
881, -0.513923168182373, 0.03689837455749512, 0.015124797821044922, 0.019849777221679688 
882, -0.5081353187561035, 0.03668045997619629, 0.015084981918334961, 0.019666194915771484 
883, -0.5090799331665039, 0.03618359565734863, 0.01485443115234375, 0.019448280334472656 
884, -0.5093398094177246, 0.036199331283569336, 0.014931440353393555, 0.019461870193481445 
885, -0.5292410850524902, 0.03648066520690918, 0.015039682388305664, 0.019550323486328125 
886, -0.5272560119628906, 0.03625011444091797, 0.014883041381835938, 0.019437313079833984 
887, -0.5280828475952148, 0.037119388580322266, 0.015238046646118164, 0.01998615264892578 
888, -0.527379035949707, 0.0382390022277832, 0.016049623489379883, 0.02028036117553711 
889, -0.541222095489502, 0.03724217414855957, 0.01537179946899414, 0.019935131072998047 
890, -0.541621208190918, 0.036373138427734375, 0.014998674392700195, 0.01956319808959961 
891, -0.5660629272460938, 0.03630471229553223, 0.014900922775268555, 0.01958918571472168 
892, -0.5486373901367188, 0.03625941276550293, 0.014802694320678711, 0.019621849060058594 
893, -0.5858149528503418, 0.03647041320800781, 0.014897584915161133, 0.019736528396606445 
894, -0.6045947074890137, 0.036316633224487305, 0.01485443115234375, 0.019568681716918945 
895, -0.6148085594177246, 0.03657364845275879, 0.014965295791625977, 0.019663333892822266 
896, -0.6190977096557617, 0.037178754806518555, 0.015484094619750977, 0.019801855087280273 
897, -0.642547607421875, 0.036577463150024414, 0.015044689178466797, 0.01969313621520996 
898, -0.6525654792785645, 0.036115407943725586, 0.014919519424438477, 0.01932239532470703 
899, -0.6412172317504883, 0.035852670669555664, 0.014693737030029297, 0.019329309463500977 
900, -0.6955451965332031, 0.0365140438079834, 0.015005826950073242, 0.01965951919555664 
901, -0.7210359573364258, 0.037642717361450195, 0.014996051788330078, 0.020732402801513672 
902, -0.732231616973877, 0.039520263671875, 0.016263246536254883, 0.02133035659790039 
903, -0.7192182540893555, 0.038338422775268555, 0.016155242919921875, 0.02033090591430664 
904, -0.7541842460632324, 0.038385629653930664, 0.01569676399230957, 0.02065110206604004 
905, -0.7750191688537598, 0.03995537757873535, 0.01677250862121582, 0.021223068237304688 
906, -0.7510604858398438, 0.03940248489379883, 0.015980958938598633, 0.02146434783935547 
907, -0.8306319713592529, 0.03775978088378906, 0.015960693359375, 0.019869327545166016 
908, -0.7954413890838623, 0.03653264045715332, 0.014920473098754883, 0.019707441329956055 
909, -0.8425502777099609, 0.037360429763793945, 0.015070438385009766, 0.0203397274017334 
910, -0.8256006240844727, 0.03900504112243652, 0.015900611877441406, 0.02117609977722168 
911, -0.8500056266784668, 0.03900599479675293, 0.01618027687072754, 0.020761489868164062 
912, -0.8680973052978516, 0.03725552558898926, 0.015347719192504883, 0.020012617111206055 
913, -0.9106407165527344, 0.03684520721435547, 0.015124320983886719, 0.019843578338623047 
914, -0.8972055912017822, 0.03697061538696289, 0.015060186386108398, 0.020031213760375977 
915, -0.933671236038208, 0.03731083869934082, 0.015294790267944336, 0.02006697654724121 
916, -0.9567902088165283, 0.0373234748840332, 0.015192508697509766, 0.020212650299072266 
917, -0.9903857707977295, 0.03759479522705078, 0.015343666076660156, 0.02030467987060547 
918, -0.9892230033874512, 0.037461280822753906, 0.01534271240234375, 0.020117521286010742 
919, -0.9915919303894043, 0.03718709945678711, 0.015362024307250977, 0.019894838333129883 
920, -1.0213158130645752, 0.037312984466552734, 0.015224695205688477, 0.020163774490356445 
921, -1.0173978805541992, 0.03680419921875, 0.015230655670166016, 0.019777297973632812 
922, -1.0589494705200195, 0.060307979583740234, 0.014772891998291016, 0.04361248016357422 
923, -1.0532569885253906, 0.03693103790283203, 0.014910697937011719, 0.019644975662231445 
924, -1.0649988651275635, 0.03693842887878418, 0.015194892883300781, 0.019832134246826172 
925, -1.0719482898712158, 0.035994768142700195, 0.014880895614624023, 0.019294261932373047 
926, -1.0733284950256348, 0.03582143783569336, 0.01479482650756836, 0.01920461654663086 
927, -1.0905044078826904, 0.035277605056762695, 0.014798402786254883, 0.018661022186279297 
928, -1.1148552894592285, 0.036312103271484375, 0.014873027801513672, 0.019499540328979492 
929, -1.124126672744751, 0.03647780418395996, 0.014978647232055664, 0.019608259201049805 
930, -1.1113252639770508, 0.036037445068359375, 0.014858722686767578, 0.019280195236206055 
931, -1.1267096996307373, 0.036133766174316406, 0.015107154846191406, 0.019187211990356445 
932, -1.1426985263824463, 0.03636932373046875, 0.014617443084716797, 0.01990056037902832 
933, -1.143190860748291, 0.03581571578979492, 0.015012502670288086, 0.018953561782836914 
934, -1.1328659057617188, 0.036303043365478516, 0.014667749404907227, 0.019828319549560547 
935, -1.1374802589416504, 0.03643155097961426, 0.014752626419067383, 0.019779205322265625 
936, -1.1330182552337646, 0.03723263740539551, 0.01517033576965332, 0.020193099975585938 
937, -1.1363296508789062, 0.036499738693237305, 0.015227794647216797, 0.01941394805908203 
938, -1.133183479309082, 0.036190032958984375, 0.014940977096557617, 0.01940321922302246 
939, -1.1334054470062256, 0.035804033279418945, 0.014708757400512695, 0.019213438034057617 
940, -1.1299312114715576, 0.03551149368286133, 0.014653921127319336, 0.0189969539642334 
941, -1.1252617835998535, 0.036449432373046875, 0.014921426773071289, 0.019651412963867188 
942, -1.1216845512390137, 0.03664827346801758, 0.014983654022216797, 0.019800186157226562 
943, -1.1159286499023438, 0.03726053237915039, 0.015224218368530273, 0.020064592361450195 
944, -1.1089951992034912, 0.037316322326660156, 0.015289783477783203, 0.020058870315551758 
945, -1.1018178462982178, 0.03886914253234863, 0.0163571834564209, 0.020601511001586914 
946, -1.0977261066436768, 0.04351305961608887, 0.015396833419799805, 0.026181697845458984 
947, -1.093372106552124, 0.03688240051269531, 0.015304088592529297, 0.019651174545288086 
948, -1.088071346282959, 0.03683161735534668, 0.015201091766357422, 0.019722938537597656 
949, -1.0835280418395996, 0.03682422637939453, 0.015167713165283203, 0.019784927368164062 
950, -1.0789892673492432, 0.03723931312561035, 0.01514744758605957, 0.02015066146850586 
951, -1.0736174583435059, 0.03756260871887207, 0.01532292366027832, 0.020320415496826172 
952, -1.068418264389038, 0.03741812705993652, 0.015264272689819336, 0.02023911476135254 
953, -1.0612132549285889, 0.03696155548095703, 0.015243291854858398, 0.019815444946289062 
954, -1.0569262504577637, 0.03708791732788086, 0.014948368072509766, 0.02029705047607422 
955, -1.0505425930023193, 0.037267208099365234, 0.015254497528076172, 0.020060062408447266 
956, -1.0438168048858643, 0.03892827033996582, 0.016489028930664062, 0.02058577537536621 
957, -1.0329163074493408, 0.03842878341674805, 0.015836238861083984, 0.02070474624633789 
958, -1.030148983001709, 0.03638792037963867, 0.015056848526000977, 0.01952838897705078 
959, -1.0239894390106201, 0.03571915626525879, 0.014261484146118164, 0.01948380470275879 
960, -1.0170190334320068, 0.03737354278564453, 0.01536703109741211, 0.02008509635925293 
961, -1.0061650276184082, 0.037592411041259766, 0.015393495559692383, 0.02023601531982422 
962, -1.001199722290039, 0.03732776641845703, 0.015348672866821289, 0.02008056640625 
963, -0.9952430725097656, 0.037531375885009766, 0.015416145324707031, 0.02019047737121582 
964, -0.987821102142334, 0.03731942176818848, 0.015258550643920898, 0.02015519142150879 
965, -0.9817104339599609, 0.037583112716674805, 0.015261173248291016, 0.020385265350341797 
966, -0.9680776596069336, 0.03783154487609863, 0.01555490493774414, 0.020334720611572266 
967, -0.9609875679016113, 0.03752493858337402, 0.015324592590332031, 0.020344972610473633 
968, -0.9546823501586914, 0.03711342811584473, 0.015285730361938477, 0.019904375076293945 
969, -0.9485044479370117, 0.03628849983215332, 0.015021085739135742, 0.01935601234436035 
970, -0.9428730010986328, 0.03709721565246582, 0.01504969596862793, 0.020106077194213867 
971, -0.9412715435028076, 0.0374760627746582, 0.015420198440551758, 0.020218372344970703 
972, -0.9341590404510498, 0.03640103340148926, 0.014955997467041016, 0.019524335861206055 
973, -0.9280562400817871, 0.03732442855834961, 0.015332937240600586, 0.020100831985473633 
974, -0.9203219413757324, 0.03670787811279297, 0.015073060989379883, 0.019745826721191406 
975, -0.9134683609008789, 0.03629183769226074, 0.014981269836425781, 0.019392013549804688 
976, -0.9073090553283691, 0.03646540641784668, 0.01483154296875, 0.01968526840209961 
977, -0.9046459197998047, 0.03592658042907715, 0.014636754989624023, 0.019473552703857422 
978, -0.8991312980651855, 0.03653907775878906, 0.014832258224487305, 0.019477367401123047 
979, -0.8915700912475586, 0.03601336479187012, 0.014897584915161133, 0.01926708221435547 
980, -0.8892865180969238, 0.03618335723876953, 0.01465153694152832, 0.01961040496826172 
981, -0.883230447769165, 0.03651905059814453, 0.01515507698059082, 0.019572973251342773 
982, -0.8805727958679199, 0.036084651947021484, 0.014616727828979492, 0.01959395408630371 
983, -0.8765332698822021, 0.03660869598388672, 0.014822721481323242, 0.01985645294189453 
984, -0.8731064796447754, 0.03748440742492676, 0.01527261734008789, 0.020238876342773438 
985, -0.8697333335876465, 0.03731799125671387, 0.015280961990356445, 0.020144224166870117 
986, -0.8669791221618652, 0.0360264778137207, 0.014816045761108398, 0.019379138946533203 
987, -0.8624541759490967, 0.03594255447387695, 0.014723539352416992, 0.019351482391357422 
988, -0.8593235015869141, 0.0363154411315918, 0.014754295349121094, 0.01968693733215332 
989, -0.8578677177429199, 0.0368194580078125, 0.015084505081176758, 0.019822359085083008 
990, -0.8550281524658203, 0.037688493728637695, 0.015238285064697266, 0.020320892333984375 
991, -0.8570923805236816, 0.03741788864135742, 0.015377044677734375, 0.020089149475097656 
992, -0.8497779369354248, 0.03754281997680664, 0.015330791473388672, 0.020247459411621094 
993, -0.8526012897491455, 0.03705787658691406, 0.015417337417602539, 0.01972174644470215 
994, -0.8523187637329102, 0.03665924072265625, 0.015028953552246094, 0.019692182540893555 
995, -0.8531169891357422, 0.03674173355102539, 0.014946937561035156, 0.01985931396484375 
996, -0.8469822406768799, 0.03762412071228027, 0.015330314636230469, 0.020499467849731445 
997, -0.8464534282684326, 0.0372319221496582, 0.015445232391357422, 0.0198056697845459 
998, -0.8459558486938477, 0.038344383239746094, 0.015613317489624023, 0.020783185958862305 
999, -0.8537893295288086, 0.03822040557861328, 0.015640974044799805, 0.020675182342529297 
