Iteration, loss, time 
0, 1.5754823684692383, 0.11754631996154785, 0.07371854782104492, 0.018634557723999023 
1, 1.5088380575180054, 0.035062313079833984, 0.014243602752685547, 0.018411636352539062 
2, 1.4432637691497803, 0.033513545989990234, 0.013251066207885742, 0.01795029640197754 
3, 1.3787057399749756, 0.03468132019042969, 0.013271093368530273, 0.019083023071289062 
4, 1.3151779174804688, 0.03380465507507324, 0.013638496398925781, 0.017837047576904297 
5, 1.252699613571167, 0.03355121612548828, 0.013245820999145508, 0.017979860305786133 
6, 1.1912776231765747, 0.03374314308166504, 0.013203620910644531, 0.01818108558654785 
7, 1.1309226751327515, 0.033632516860961914, 0.013318061828613281, 0.018008708953857422 
8, 1.0716395378112793, 0.03357291221618652, 0.01333165168762207, 0.01786494255065918 
9, 1.0134326219558716, 0.03400897979736328, 0.013286113739013672, 0.018380403518676758 
10, 0.9563075304031372, 0.033399105072021484, 0.013273239135742188, 0.01774287223815918 
11, 0.9002600908279419, 0.03350520133972168, 0.013383626937866211, 0.017772674560546875 
12, 0.8452869653701782, 0.0339353084564209, 0.013692617416381836, 0.01780390739440918 
13, 0.7913806438446045, 0.033394575119018555, 0.013193368911743164, 0.01781296730041504 
14, 0.7383068799972534, 0.033791542053222656, 0.013248443603515625, 0.01812911033630371 
15, 0.685947060585022, 0.033611297607421875, 0.013302803039550781, 0.017909765243530273 
16, 0.634658932685852, 0.03342103958129883, 0.013251304626464844, 0.017915010452270508 
17, 0.5844341516494751, 0.034020423889160156, 0.013321161270141602, 0.01827383041381836 
18, 0.5352555513381958, 0.03336143493652344, 0.013211250305175781, 0.017829418182373047 
19, 0.4871120750904083, 0.033721208572387695, 0.013239145278930664, 0.017917633056640625 
20, 0.4399906098842621, 0.03371572494506836, 0.013598203659057617, 0.017818450927734375 
21, 0.39387908577919006, 0.03325223922729492, 0.013144493103027344, 0.01777362823486328 
22, 0.34875723719596863, 0.033930301666259766, 0.013152599334716797, 0.018328189849853516 
23, 0.30461570620536804, 0.033489227294921875, 0.013263702392578125, 0.017821311950683594 
24, 0.26143357157707214, 0.03344273567199707, 0.013290166854858398, 0.017766237258911133 
25, 0.21919798851013184, 0.03396463394165039, 0.01372528076171875, 0.017840862274169922 
26, 0.17789626121520996, 0.03341794013977051, 0.013298749923706055, 0.017835617065429688 
27, 0.1375083327293396, 0.03425240516662598, 0.013324975967407227, 0.01829695701599121 
28, 0.09801557660102844, 0.03343009948730469, 0.013315200805664062, 0.017812013626098633 
29, 0.059406816959381104, 0.03348708152770996, 0.013285398483276367, 0.01789259910583496 
30, 0.02166038751602173, 0.034000396728515625, 0.013330459594726562, 0.01828789710998535 
31, -0.015237540006637573, 0.033446550369262695, 0.013222932815551758, 0.017904281616210938 
32, -0.05130431056022644, 0.0336916446685791, 0.01322627067565918, 0.01786351203918457 
33, -0.08655661344528198, 0.03393697738647461, 0.013662338256835938, 0.017954587936401367 
34, -0.12101128697395325, 0.03323769569396973, 0.013179302215576172, 0.017795562744140625 
35, -0.15468567609786987, 0.033739328384399414, 0.013132095336914062, 0.01826310157775879 
36, -0.1875959038734436, 0.033434391021728516, 0.01328277587890625, 0.01781463623046875 
37, -0.21976017951965332, 0.03337359428405762, 0.013246536254882812, 0.017722368240356445 
38, -0.2511956989765167, 0.03398418426513672, 0.013636350631713867, 0.017987966537475586 
39, -0.2819173336029053, 0.03341817855834961, 0.013228416442871094, 0.017832517623901367 
40, -0.31194350123405457, 0.033608436584472656, 0.013230562210083008, 0.017931222915649414 
41, -0.34128719568252563, 0.03353595733642578, 0.013437509536743164, 0.017761945724487305 
42, -0.3699750602245331, 0.03348708152770996, 0.013370037078857422, 0.017740726470947266 
43, -0.3981602191925049, 0.03380537033081055, 0.013266563415527344, 0.018224239349365234 
44, -0.42570802569389343, 0.03340744972229004, 0.01326131820678711, 0.017815828323364258 
45, -0.4526320993900299, 0.03339529037475586, 0.013245582580566406, 0.01771998405456543 
46, -0.47895318269729614, 0.03381085395812988, 0.013706445693969727, 0.01779913902282715 
47, -0.5046857595443726, 0.033452749252319336, 0.013271570205688477, 0.017884254455566406 
48, -0.5298454761505127, 0.033746957778930664, 0.013128995895385742, 0.018310546875 
49, -0.5544487237930298, 0.0332944393157959, 0.013154745101928711, 0.017755746841430664 
50, -0.5785104036331177, 0.033621788024902344, 0.013330698013305664, 0.017871856689453125 
51, -0.6020441055297852, 0.033828020095825195, 0.013650894165039062, 0.01788806915283203 
52, -0.6250643730163574, 0.03323841094970703, 0.013193845748901367, 0.017797231674194336 
53, -0.6475828886032104, 0.03373098373413086, 0.013124942779541016, 0.01827239990234375 
54, -0.6696126461029053, 0.03339791297912598, 0.013216257095336914, 0.017776012420654297 
55, -0.6911630630493164, 0.033510446548461914, 0.013327598571777344, 0.01771378517150879 
56, -0.7075728178024292, 0.033930301666259766, 0.013760566711425781, 0.017809391021728516 
57, -0.7236384153366089, 0.033431053161621094, 0.013234615325927734, 0.017794132232666016 
58, -0.7401684522628784, 0.033738136291503906, 0.013157367706298828, 0.018324613571166992 
59, -0.7569646239280701, 0.03353261947631836, 0.013280868530273438, 0.01788783073425293 
60, -0.7738755941390991, 0.03364419937133789, 0.013365030288696289, 0.01781940460205078 
61, -0.7907806038856506, 0.03392195701599121, 0.013630151748657227, 0.01791238784790039 
62, -0.807580292224884, 0.03350234031677246, 0.01318359375, 0.017930269241333008 
63, -0.8241920471191406, 0.033800363540649414, 0.01322484016418457, 0.018306732177734375 
64, -0.8418220281600952, 0.03331112861633301, 0.013192415237426758, 0.017815351486206055 
65, -0.8619657754898071, 0.03353404998779297, 0.013224124908447266, 0.017833948135375977 
66, -0.8816794157028198, 0.03368878364562988, 0.01355600357055664, 0.017793893814086914 
67, -0.90093594789505, 0.03338909149169922, 0.013197898864746094, 0.017864227294921875 
68, -0.9163160920143127, 0.0338289737701416, 0.013271093368530273, 0.018294572830200195 
69, -0.9317730069160461, 0.03341531753540039, 0.013345003128051758, 0.017737388610839844 
70, -0.9474478960037231, 0.033822059631347656, 0.013360261917114258, 0.01792430877685547 
71, -0.9633426666259766, 0.03357052803039551, 0.013526439666748047, 0.01779317855834961 
72, -0.9794420003890991, 0.03339815139770508, 0.013233661651611328, 0.017843961715698242 
73, -0.9957174062728882, 0.03383231163024902, 0.013477087020874023, 0.01806187629699707 
74, -1.012128472328186, 0.03342390060424805, 0.013234138488769531, 0.017833948135375977 
75, -1.0269757509231567, 0.03384685516357422, 0.013201236724853516, 0.018149375915527344 
76, -1.0401489734649658, 0.033447980880737305, 0.013324737548828125, 0.017841577529907227 
77, -1.0532732009887695, 0.03339672088623047, 0.013212442398071289, 0.017833709716796875 
78, -1.066319227218628, 0.03386259078979492, 0.013721466064453125, 0.01787281036376953 
79, -1.079258680343628, 0.03338766098022461, 0.013197660446166992, 0.017902612686157227 
80, -1.0920659303665161, 0.034006595611572266, 0.013255596160888672, 0.018373727798461914 
81, -1.1047197580337524, 0.03331279754638672, 0.013256072998046875, 0.017745494842529297 
82, -1.1171988248825073, 0.03359389305114746, 0.01327824592590332, 0.017714977264404297 
83, -1.129488468170166, 0.03391385078430176, 0.013760566711425781, 0.017868518829345703 
84, -1.1415719985961914, 0.03329777717590332, 0.013210296630859375, 0.01784825325012207 
85, -1.1525988578796387, 0.03385639190673828, 0.013243675231933594, 0.018294572830200195 
86, -1.1629304885864258, 0.033377647399902344, 0.01328897476196289, 0.017821311950683594 
87, -1.1738590002059937, 0.03385758399963379, 0.01325678825378418, 0.01809859275817871 
88, -1.1851693391799927, 0.03362154960632324, 0.013462305068969727, 0.017763137817382812 
89, -1.195095419883728, 0.03342580795288086, 0.013224601745605469, 0.017885208129882812 
90, -1.2049438953399658, 0.03388500213623047, 0.013443231582641602, 0.01809239387512207 
91, -1.214702844619751, 0.033402204513549805, 0.013198614120483398, 0.017877817153930664 
92, -1.2243578433990479, 0.033815622329711914, 0.013189315795898438, 0.018275976181030273 
93, -1.233573079109192, 0.0335237979888916, 0.013327360153198242, 0.017893314361572266 
94, -1.242883563041687, 0.03331303596496582, 0.01323246955871582, 0.017827510833740234 
95, -1.2516651153564453, 0.03385448455810547, 0.013630867004394531, 0.01791524887084961 
96, -1.2601860761642456, 0.03345179557800293, 0.013257741928100586, 0.01785898208618164 
97, -1.2685370445251465, 0.03388023376464844, 0.013212919235229492, 0.018321990966796875 
98, -1.2768347263336182, 0.033487558364868164, 0.013283014297485352, 0.017838716506958008 
99, -1.285069227218628, 0.03345751762390137, 0.013379096984863281, 0.017694473266601562 
100, -1.293229579925537, 0.03380846977233887, 0.013666868209838867, 0.01787590980529785 
101, -1.3007577657699585, 0.03342700004577637, 0.013298749923706055, 0.017835140228271484 
102, -1.3086274862289429, 0.03379464149475098, 0.013262271881103516, 0.01826620101928711 
103, -1.3160035610198975, 0.0333709716796875, 0.013217687606811523, 0.017850875854492188 
104, -1.3231160640716553, 0.03371453285217285, 0.013234853744506836, 0.01790475845336914 
105, -1.3302106857299805, 0.03384590148925781, 0.013643026351928711, 0.017914295196533203 
106, -1.3372762203216553, 0.03336334228515625, 0.013187170028686523, 0.017862319946289062 
107, -1.3443024158477783, 0.03392815589904785, 0.013320684432983398, 0.01833653450012207 
108, -1.351280927658081, 0.03346562385559082, 0.013231515884399414, 0.017934322357177734 
109, -1.3582003116607666, 0.03380465507507324, 0.013255834579467773, 0.018075942993164062 
110, -1.3642590045928955, 0.03354334831237793, 0.013402223587036133, 0.017871856689453125 
111, -1.370774269104004, 0.03339886665344238, 0.013252735137939453, 0.017859935760498047 
112, -1.3774409294128418, 0.03391766548156738, 0.013618707656860352, 0.01800990104675293 
113, -1.383434772491455, 0.03359198570251465, 0.013283491134643555, 0.017895936965942383 
114, -1.3894258737564087, 0.03389596939086914, 0.01323699951171875, 0.018212080001831055 
115, -1.3954041004180908, 0.03339743614196777, 0.013415336608886719, 0.01774311065673828 
116, -1.4013605117797852, 0.03339505195617676, 0.013299226760864258, 0.01780104637145996 
117, -1.4072856903076172, 0.03391885757446289, 0.013671159744262695, 0.017871856689453125 
118, -1.4131724834442139, 0.033347368240356445, 0.013254165649414062, 0.017810583114624023 
119, -1.417319655418396, 0.03398847579956055, 0.013273000717163086, 0.018303632736206055 
120, -1.422432780265808, 0.033866167068481445, 0.013346433639526367, 0.017806529998779297 
121, -1.4286049604415894, 0.03342413902282715, 0.013280630111694336, 0.017822265625 
122, -1.4339954853057861, 0.03391838073730469, 0.013652324676513672, 0.017893314361572266 
123, -1.4388141632080078, 0.03348898887634277, 0.013206005096435547, 0.017914295196533203 
124, -1.4435276985168457, 0.033832550048828125, 0.013166427612304688, 0.018368005752563477 
125, -1.4482722282409668, 0.0333704948425293, 0.013215303421020508, 0.017853975296020508 
126, -1.4530431032180786, 0.033394575119018555, 0.013281106948852539, 0.01785135269165039 
127, -1.4578341245651245, 0.03394794464111328, 0.013353586196899414, 0.01826953887939453 
128, -1.4626381397247314, 0.03348875045776367, 0.0133056640625, 0.017851591110229492 
129, -1.4674468040466309, 0.033742427825927734, 0.013277530670166016, 0.01783299446105957 
130, -1.4722539186477661, 0.0337224006652832, 0.01358938217163086, 0.017813682556152344 
131, -1.4770512580871582, 0.03334975242614746, 0.013353347778320312, 0.017728328704833984 
132, -1.4818321466445923, 0.033895015716552734, 0.013150453567504883, 0.01833176612854004 
133, -1.4850250482559204, 0.03335285186767578, 0.013258695602416992, 0.017836809158325195 
134, -1.4890272617340088, 0.03360152244567871, 0.013264894485473633, 0.017838716506958008 
135, -1.4941033124923706, 0.033988237380981445, 0.013735532760620117, 0.017951250076293945 
136, -1.4985483884811401, 0.03348183631896973, 0.01323699951171875, 0.017919540405273438 
137, -1.5022532939910889, 0.033967018127441406, 0.013186454772949219, 0.01840829849243164 
138, -1.50602388381958, 0.033536434173583984, 0.013287067413330078, 0.01786351203918457 
139, -1.509853720664978, 0.03327322006225586, 0.013170957565307617, 0.01781177520751953 
140, -1.5137348175048828, 0.03377127647399902, 0.01363372802734375, 0.01783275604248047 
141, -1.5176594257354736, 0.03329658508300781, 0.013254880905151367, 0.017757654190063477 
142, -1.5216169357299805, 0.03373265266418457, 0.013152599334716797, 0.018189430236816406 
143, -1.5255995988845825, 0.033528804779052734, 0.013399600982666016, 0.017800331115722656 
144, -1.5294380187988281, 0.03352785110473633, 0.013393163681030273, 0.01780104637145996 
145, -1.5332063436508179, 0.033872127532958984, 0.013625144958496094, 0.017904281616210938 
146, -1.5365480184555054, 0.03339195251464844, 0.01329183578491211, 0.017795801162719727 
147, -1.5402026176452637, 0.03384590148925781, 0.013263702392578125, 0.018106698989868164 
148, -1.5439298152923584, 0.033689022064208984, 0.013368606567382812, 0.017920970916748047 
149, -1.5472830533981323, 0.03350329399108887, 0.013282299041748047, 0.017891407012939453 
150, -1.5505256652832031, 0.03429889678955078, 0.013484716415405273, 0.01811075210571289 
151, -1.5538296699523926, 0.033416748046875, 0.013272285461425781, 0.01785135269165039 
152, -1.557187557220459, 0.0336909294128418, 0.01314997673034668, 0.018123388290405273 
153, -1.5605896711349487, 0.03350353240966797, 0.013396024703979492, 0.0177764892578125 
154, -1.5640196800231934, 0.03332233428955078, 0.013288736343383789, 0.017752408981323242 
155, -1.567319393157959, 0.034049034118652344, 0.013393640518188477, 0.01823711395263672 
156, -1.569641351699829, 0.033530235290527344, 0.013291597366333008, 0.01779341697692871 
157, -1.5730464458465576, 0.0338139533996582, 0.013425350189208984, 0.017833709716796875 
158, -1.5764451026916504, 0.033692359924316406, 0.013557910919189453, 0.0177915096282959 
159, -1.5791947841644287, 0.033402442932128906, 0.013321638107299805, 0.01776862144470215 
160, -1.5820248126983643, 0.03400588035583496, 0.013308048248291016, 0.018339157104492188 
161, -1.5849287509918213, 0.03349900245666504, 0.013258695602416992, 0.017848730087280273 
162, -1.587895154953003, 0.03363847732543945, 0.013260364532470703, 0.017817020416259766 
163, -1.5909144878387451, 0.03398728370666504, 0.01367497444152832, 0.017909526824951172 
164, -1.5938811302185059, 0.03358602523803711, 0.01324319839477539, 0.017957448959350586 
165, -1.596745252609253, 0.033930063247680664, 0.013238906860351562, 0.018336057662963867 
166, -1.598996877670288, 0.03349637985229492, 0.013202667236328125, 0.01792287826538086 
167, -1.6020300388336182, 0.03341388702392578, 0.013309955596923828, 0.017753124237060547 
168, -1.604798674583435, 0.033815860748291016, 0.013647079467773438, 0.01786041259765625 
169, -1.6072758436203003, 0.03328704833984375, 0.013190269470214844, 0.017745256423950195 
170, -1.6097041368484497, 0.033800363540649414, 0.013197660446166992, 0.018187284469604492 
171, -1.6122169494628906, 0.03356814384460449, 0.013324975967407227, 0.017818450927734375 
172, -1.6148054599761963, 0.033448219299316406, 0.013359546661376953, 0.0177609920501709 
173, -1.6174442768096924, 0.03391551971435547, 0.013764142990112305, 0.0178072452545166 
174, -1.6199924945831299, 0.03342127799987793, 0.013254165649414062, 0.017816543579101562 
175, -1.6225621700286865, 0.03390789031982422, 0.013280630111694336, 0.018262386322021484 
176, -1.6251437664031982, 0.03338432312011719, 0.013326883316040039, 0.017708778381347656 
177, -1.627732753753662, 0.03345942497253418, 0.013277053833007812, 0.017795085906982422 
178, -1.6293070316314697, 0.033899784088134766, 0.013593673706054688, 0.018023014068603516 
179, -1.6317520141601562, 0.033388614654541016, 0.013180732727050781, 0.017856597900390625 
180, -1.634663462638855, 0.03379082679748535, 0.013283014297485352, 0.01809096336364746 
181, -1.6367734670639038, 0.03358650207519531, 0.01336216926574707, 0.01787090301513672 
182, -1.6389720439910889, 0.033371686935424805, 0.01320338249206543, 0.01778864860534668 
183, -1.6410961151123047, 0.03397178649902344, 0.013475418090820312, 0.018143415451049805 
184, -1.6432483196258545, 0.033440351486206055, 0.013258218765258789, 0.01780533790588379 
185, -1.6454346179962158, 0.033648014068603516, 0.013276338577270508, 0.017938852310180664 
186, -1.6476476192474365, 0.0336153507232666, 0.013467550277709961, 0.017740249633789062 
187, -1.649882435798645, 0.03346753120422363, 0.013331174850463867, 0.017845630645751953 
188, -1.6521320343017578, 0.03383183479309082, 0.013252973556518555, 0.01824808120727539 
189, -1.6543294191360474, 0.03335094451904297, 0.013265371322631836, 0.017748355865478516 
190, -1.656468391418457, 0.033728599548339844, 0.013311624526977539, 0.0178220272064209 
191, -1.6585499048233032, 0.03396415710449219, 0.013736486434936523, 0.01787543296813965 
192, -1.6604628562927246, 0.033393144607543945, 0.013171672821044922, 0.017863988876342773 
193, -1.6624078750610352, 0.0336153507232666, 0.013184070587158203, 0.018143177032470703 
194, -1.6644377708435059, 0.0333867073059082, 0.013221979141235352, 0.017865657806396484 
195, -1.666215181350708, 0.033371686935424805, 0.013274431228637695, 0.0177614688873291 
196, -1.6684434413909912, 0.03379011154174805, 0.013661384582519531, 0.01778268814086914 
197, -1.6702196598052979, 0.033286094665527344, 0.013139724731445312, 0.01782703399658203 
198, -1.6720328330993652, 0.03367972373962402, 0.013197183609008789, 0.01813483238220215 
199, -1.673877477645874, 0.03336024284362793, 0.013262510299682617, 0.017717361450195312 
200, -1.6757503747940063, 0.033425331115722656, 0.013298749923706055, 0.017816543579101562 
201, -1.6776454448699951, 0.03397798538208008, 0.013652801513671875, 0.01793837547302246 
202, -1.6795578002929688, 0.03348875045776367, 0.013233184814453125, 0.017848491668701172 
203, -1.6807833909988403, 0.03368186950683594, 0.013252735137939453, 0.018079757690429688 
204, -1.6832083463668823, 0.033655405044555664, 0.013412237167358398, 0.017868757247924805 
205, -1.6849429607391357, 0.03331708908081055, 0.013277769088745117, 0.01775050163269043 
206, -1.686629056930542, 0.03395724296569824, 0.01364755630493164, 0.017992734909057617 
207, -1.6884043216705322, 0.03344869613647461, 0.013222217559814453, 0.017921924591064453 
208, -1.6897954940795898, 0.03371143341064453, 0.013212919235229492, 0.018046140670776367 
209, -1.6917457580566406, 0.03364253044128418, 0.013432025909423828, 0.017893314361572266 
210, -1.6933209896087646, 0.03342795372009277, 0.013218164443969727, 0.01785588264465332 
211, -1.694924235343933, 0.033803462982177734, 0.013471364974975586, 0.018008947372436523 
212, -1.696546196937561, 0.03336620330810547, 0.013162374496459961, 0.01784205436706543 
213, -1.6981914043426514, 0.03365182876586914, 0.013183832168579102, 0.017945289611816406 
214, -1.6998560428619385, 0.03353762626647949, 0.013396501541137695, 0.017791748046875 
215, -1.70133638381958, 0.033453941345214844, 0.013287067413330078, 0.01783132553100586 
216, -1.7028790712356567, 0.03404355049133301, 0.013429641723632812, 0.018199443817138672 
217, -1.7043161392211914, 0.03350090980529785, 0.013298749923706055, 0.0178375244140625 
218, -1.7058541774749756, 0.033699750900268555, 0.013231754302978516, 0.01780247688293457 
219, -1.707481861114502, 0.03374505043029785, 0.01350855827331543, 0.01781010627746582 
220, -1.7090078592300415, 0.03348255157470703, 0.0132904052734375, 0.017845630645751953 
221, -1.710057020187378, 0.03383040428161621, 0.013225078582763672, 0.018208980560302734 
222, -1.711865782737732, 0.03343629837036133, 0.013225555419921875, 0.01786494255065918 
223, -1.7132377624511719, 0.0335695743560791, 0.013170003890991211, 0.017868757247924805 
224, -1.7146416902542114, 0.03390622138977051, 0.01370859146118164, 0.01786041259765625 
225, -1.7160732746124268, 0.03331923484802246, 0.013220071792602539, 0.01782965660095215 
226, -1.7175270318984985, 0.033782005310058594, 0.013147354125976562, 0.018282413482666016 
227, -1.7189987897872925, 0.03338360786437988, 0.013239145278930664, 0.01780390739440918 
228, -1.7201526165008545, 0.03332328796386719, 0.013220071792602539, 0.017769336700439453 
229, -1.7217291593551636, 0.03401541709899902, 0.013660669326782227, 0.017917156219482422 
230, -1.7229468822479248, 0.033416032791137695, 0.013222694396972656, 0.01783013343811035 
231, -1.7242720127105713, 0.034043312072753906, 0.013265132904052734, 0.018278121948242188 
232, -1.725689172744751, 0.033530473709106445, 0.013361215591430664, 0.017778396606445312 
233, -1.7270221710205078, 0.03330850601196289, 0.013227701187133789, 0.017805099487304688 
234, -1.728276252746582, 0.03393888473510742, 0.013609170913696289, 0.017992019653320312 
235, -1.7295405864715576, 0.03347134590148926, 0.013263225555419922, 0.017861366271972656 
236, -1.7307342290878296, 0.033789634704589844, 0.013185977935791016, 0.018126249313354492 
237, -1.7319492101669312, 0.034212350845336914, 0.013350725173950195, 0.017843246459960938 
238, -1.7331867218017578, 0.03350639343261719, 0.013338327407836914, 0.017844200134277344 
239, -1.7344486713409424, 0.033942222595214844, 0.013259649276733398, 0.018286466598510742 
240, -1.735717535018921, 0.033468008041381836, 0.013244390487670898, 0.01785564422607422 
241, -1.737006425857544, 0.03367114067077637, 0.013302326202392578, 0.017852067947387695 
242, -1.7377541065216064, 0.033914804458618164, 0.013598918914794922, 0.017901182174682617 
243, -1.7393977642059326, 0.0334773063659668, 0.013308048248291016, 0.01781439781188965 
244, -1.740478277206421, 0.033940792083740234, 0.013203620910644531, 0.01825094223022461 
245, -1.741633653640747, 0.03349471092224121, 0.013297319412231445, 0.017792940139770508 
246, -1.7428078651428223, 0.033536434173583984, 0.013338565826416016, 0.017808198928833008 
247, -1.7439268827438354, 0.033907413482666016, 0.013712406158447266, 0.01780533790588379 
248, -1.745054006576538, 0.03347516059875488, 0.01327967643737793, 0.017847776412963867 
249, -1.7461614608764648, 0.03382372856140137, 0.013246297836303711, 0.018077611923217773 
250, -1.7472915649414062, 0.03369569778442383, 0.013347625732421875, 0.017910003662109375 
251, -1.74808931350708, 0.03349900245666504, 0.013321876525878906, 0.017861366271972656 
252, -1.7493743896484375, 0.03395247459411621, 0.013422966003417969, 0.01815342903137207 
253, -1.7503104209899902, 0.03338003158569336, 0.013172149658203125, 0.017858266830444336 
254, -1.7513597011566162, 0.03371262550354004, 0.013201713562011719, 0.01795172691345215 
255, -1.7523750066757202, 0.033705949783325195, 0.013498067855834961, 0.017818450927734375 
256, -1.7534053325653076, 0.03325390815734863, 0.01318502426147461, 0.017754793167114258 
257, -1.7544596195220947, 0.03393721580505371, 0.013158082962036133, 0.018372058868408203 
258, -1.7555339336395264, 0.03358650207519531, 0.013336658477783203, 0.01781439781188965 
259, -1.756328821182251, 0.03350520133972168, 0.013299703598022461, 0.017760515213012695 
260, -1.7575297355651855, 0.03395438194274902, 0.013781547546386719, 0.01781606674194336 
261, -1.7584651708602905, 0.033518075942993164, 0.013312578201293945, 0.017807722091674805 
262, -1.7594289779663086, 0.03387713432312012, 0.013238668441772461, 0.018293142318725586 
263, -1.760417103767395, 0.03352689743041992, 0.013261556625366211, 0.01782703399658203 
264, -1.7614251375198364, 0.03344154357910156, 0.013234138488769531, 0.01780557632446289 
265, -1.7624074220657349, 0.034055471420288086, 0.013725757598876953, 0.017920732498168945 
266, -1.7634437084197998, 0.033377647399902344, 0.013158082962036133, 0.01786971092224121 
267, -1.763782262802124, 0.03392291069030762, 0.013172626495361328, 0.01837944984436035 
268, -1.7653182744979858, 0.03336620330810547, 0.01316070556640625, 0.01782846450805664 
269, -1.7661799192428589, 0.03367280960083008, 0.01323556900024414, 0.017942428588867188 
270, -1.7670598030090332, 0.03388047218322754, 0.01365804672241211, 0.0178070068359375 
271, -1.767961025238037, 0.03359103202819824, 0.013305425643920898, 0.017870187759399414 
272, -1.768876314163208, 0.034020185470581055, 0.01329493522644043, 0.018326759338378906 
273, -1.769458532333374, 0.03347420692443848, 0.01329493522644043, 0.01774764060974121 
274, -1.7705612182617188, 0.03363633155822754, 0.013330936431884766, 0.017874956130981445 
275, -1.7712960243225098, 0.03369855880737305, 0.013582468032836914, 0.01779794692993164 
276, -1.772107720375061, 0.03340554237365723, 0.013249397277832031, 0.017805814743041992 
277, -1.7729506492614746, 0.03385210037231445, 0.013318538665771484, 0.018232107162475586 
278, -1.7737849950790405, 0.033434152603149414, 0.013210773468017578, 0.01791858673095703 
279, -1.7746431827545166, 0.03362274169921875, 0.013220548629760742, 0.018091201782226562 
280, -1.7755200862884521, 0.033529043197631836, 0.013441085815429688, 0.017808914184570312 
281, -1.7764124870300293, 0.03344440460205078, 0.013205528259277344, 0.01793074607849121 
282, -1.776543140411377, 0.03400921821594238, 0.013535022735595703, 0.01810312271118164 
283, -1.7780377864837646, 0.033376455307006836, 0.013190269470214844, 0.01785135269165039 
284, -1.7787868976593018, 0.0337834358215332, 0.013291120529174805, 0.018126964569091797 
285, -1.7795603275299072, 0.03348565101623535, 0.013339996337890625, 0.01784491539001465 
286, -1.7803181409835815, 0.0335693359375, 0.01333761215209961, 0.01785755157470703 
287, -1.7811312675476074, 0.034143924713134766, 0.013729572296142578, 0.01805567741394043 
288, -1.7819583415985107, 0.03342914581298828, 0.013236284255981445, 0.017860889434814453 
289, -1.7821112871170044, 0.03399300575256348, 0.013255834579467773, 0.018291234970092773 
290, -1.7834155559539795, 0.033609867095947266, 0.013404369354248047, 0.01788783073425293 
291, -1.784085750579834, 0.033423662185668945, 0.013242244720458984, 0.017766237258911133 
292, -1.7847824096679688, 0.033944129943847656, 0.013793706893920898, 0.017882585525512695 
293, -1.785501480102539, 0.03364992141723633, 0.013290166854858398, 0.01798701286315918 
294, -1.7862389087677002, 0.03384566307067871, 0.013228893280029297, 0.018282413482666016 
295, -1.7869937419891357, 0.033426523208618164, 0.01325082778930664, 0.017922639846801758 
296, -1.787764549255371, 0.03365159034729004, 0.013256549835205078, 0.01789402961730957 
297, -1.788292646408081, 0.03375101089477539, 0.01361536979675293, 0.017831802368164062 
298, -1.789086103439331, 0.03320789337158203, 0.013168096542358398, 0.017754316329956055 
299, -1.7896569967269897, 0.03381180763244629, 0.01315617561340332, 0.01828598976135254 
300, -1.7902600765228271, 0.033315181732177734, 0.013331413269042969, 0.017693042755126953 
301, -1.790893316268921, 0.03343534469604492, 0.013291358947753906, 0.017705440521240234 
302, -1.7915538549423218, 0.033814430236816406, 0.01369166374206543, 0.017816543579101562 
303, -1.7922379970550537, 0.03334498405456543, 0.013295650482177734, 0.017809152603149414 
304, -1.7929424047470093, 0.03394579887390137, 0.01321554183959961, 0.018308401107788086 
305, -1.7936644554138184, 0.03356051445007324, 0.013416051864624023, 0.017815589904785156 
306, -1.7943990230560303, 0.03325843811035156, 0.013268232345581055, 0.017740726470947266 
307, -1.7943929433822632, 0.03390979766845703, 0.01359415054321289, 0.018039703369140625 
308, -1.7957061529159546, 0.03342151641845703, 0.01318669319152832, 0.017928123474121094 
309, -1.7962956428527832, 0.03379511833190918, 0.013281583786010742, 0.018056392669677734 
310, -1.796907663345337, 0.03357362747192383, 0.013418197631835938, 0.017839908599853516 
311, -1.7974714040756226, 0.03341174125671387, 0.013246774673461914, 0.017908573150634766 
312, -1.798109531402588, 0.03386878967285156, 0.013274431228637695, 0.018214702606201172 
313, -1.7988193035125732, 0.03336310386657715, 0.013248443603515625, 0.017789602279663086 
314, -1.7991405725479126, 0.0337674617767334, 0.013288497924804688, 0.017853498458862305 
315, -1.799957275390625, 0.03369021415710449, 0.01364588737487793, 0.01774144172668457 
316, -1.8004682064056396, 0.03340864181518555, 0.01332402229309082, 0.017815113067626953 
317, -1.8009934425354004, 0.03386187553405762, 0.013192176818847656, 0.018335342407226562 
318, -1.8015587329864502, 0.0334625244140625, 0.013277053833007812, 0.0178375244140625 
319, -1.802133560180664, 0.03338956832885742, 0.013266563415527344, 0.017791271209716797 
320, -1.8027294874191284, 0.03390002250671387, 0.013700723648071289, 0.017901897430419922 
321, -1.8033430576324463, 0.033354759216308594, 0.01321721076965332, 0.017853260040283203 
322, -1.8039709329605103, 0.03393673896789551, 0.01318812370300293, 0.018364906311035156 
323, -1.8043354749679565, 0.03344297409057617, 0.013320446014404297, 0.017827510833740234 
324, -1.8050731420516968, 0.03336668014526367, 0.013209342956542969, 0.017820358276367188 
325, -1.8055369853973389, 0.03383517265319824, 0.013592004776000977, 0.017932653427124023 
326, -1.8060483932495117, 0.03348541259765625, 0.01326131820678711, 0.017841339111328125 
327, -1.806577205657959, 0.03391861915588379, 0.013324737548828125, 0.01823258399963379 
328, -1.8071128129959106, 0.0334630012512207, 0.013240814208984375, 0.017752647399902344 
329, -1.8076680898666382, 0.033617258071899414, 0.013451576232910156, 0.017728567123413086 
330, -1.8082393407821655, 0.033968210220336914, 0.013803243637084961, 0.017843008041381836 
331, -1.8084994554519653, 0.0334315299987793, 0.013303995132446289, 0.017792463302612305 
332, -1.8092334270477295, 0.03388166427612305, 0.013319730758666992, 0.018275976181030273 
333, -1.8096719980239868, 0.033368825912475586, 0.01321864128112793, 0.017773866653442383 
334, -1.8101365566253662, 0.03341507911682129, 0.013217449188232422, 0.017861604690551758 
335, -1.8106255531311035, 0.033980607986450195, 0.013709545135498047, 0.017982006072998047 
336, -1.8111357688903809, 0.033446550369262695, 0.013183832168579102, 0.017955303192138672 
337, -1.811622142791748, 0.033730506896972656, 0.01317453384399414, 0.018305301666259766 
338, -1.8121967315673828, 0.0333559513092041, 0.013198614120483398, 0.01783442497253418 
339, -1.8127429485321045, 0.033653974533081055, 0.013288021087646484, 0.017897844314575195 
340, -1.8133001327514648, 0.03377056121826172, 0.013630390167236328, 0.017844200134277344 
341, -1.8130162954330444, 0.033496856689453125, 0.013297080993652344, 0.01786017417907715 
342, -1.8142402172088623, 0.03400254249572754, 0.013336181640625, 0.0182950496673584 
343, -1.814657211303711, 0.03346610069274902, 0.013327836990356445, 0.017870187759399414 
344, -1.8150782585144043, 0.03373265266418457, 0.013269901275634766, 0.017912626266479492 
345, -1.8155183792114258, 0.03645157814025879, 0.016112089157104492, 0.018043994903564453 
346, -1.8159786462783813, 0.03345799446105957, 0.013235092163085938, 0.01788949966430664 
347, -1.816445231437683, 0.033754587173461914, 0.013207435607910156, 0.018210649490356445 
348, -1.816612958908081, 0.033324241638183594, 0.013201475143432617, 0.01787090301513672 
349, -1.8172253370285034, 0.03361248970031738, 0.013190746307373047, 0.017861127853393555 
350, -1.8175560235977173, 0.03396177291870117, 0.013733625411987305, 0.017902851104736328 
351, -1.8179161548614502, 0.03354048728942871, 0.013212203979492188, 0.017911195755004883 
352, -1.8183050155639648, 0.033921241760253906, 0.013226985931396484, 0.01832413673400879 
353, -1.8186938762664795, 0.033318519592285156, 0.013253450393676758, 0.0177915096282959 
354, -1.8191442489624023, 0.03369307518005371, 0.013319253921508789, 0.017833471298217773 
355, -1.8195903301239014, 0.033715248107910156, 0.013564348220825195, 0.01781296730041504 
356, -1.8200552463531494, 0.033557891845703125, 0.013257026672363281, 0.017868757247924805 
357, -1.8205344676971436, 0.03389787673950195, 0.013364076614379883, 0.018233537673950195 
358, -1.8210253715515137, 0.03333640098571777, 0.013280868530273438, 0.017757892608642578 
359, -1.8215245008468628, 0.03367257118225098, 0.013254880905151367, 0.018001794815063477 
360, -1.8217613697052002, 0.03388857841491699, 0.013499736785888672, 0.017779827117919922 
361, -1.8223252296447754, 0.03338980674743652, 0.013265848159790039, 0.017839908599853516 
362, -1.8226678371429443, 0.03382539749145508, 0.01348423957824707, 0.01802539825439453 
363, -1.823061466217041, 0.0334317684173584, 0.013259410858154297, 0.017880678176879883 
364, -1.823438286781311, 0.03397703170776367, 0.013271093368530273, 0.01836395263671875 
365, -1.82383394241333, 0.03351449966430664, 0.013359785079956055, 0.017833948135375977 
366, -1.8242473602294922, 0.033425092697143555, 0.01329946517944336, 0.01787543296813965 
367, -1.8244898319244385, 0.0339350700378418, 0.013616085052490234, 0.01801443099975586 
368, -1.824933648109436, 0.03334665298461914, 0.013202667236328125, 0.017786026000976562 
369, -1.8252201080322266, 0.03382587432861328, 0.013303995132446289, 0.01807546615600586 
370, -1.8255332708358765, 0.03365302085876465, 0.013430118560791016, 0.017780065536499023 
371, -1.8258715867996216, 0.03361153602600098, 0.013443708419799805, 0.017841339111328125 
372, -1.8262317180633545, 0.03389573097229004, 0.013422727584838867, 0.018160343170166016 
373, -1.8265717029571533, 0.033542633056640625, 0.013324975967407227, 0.017853498458862305 
374, -1.8269985914230347, 0.03404712677001953, 0.013330459594726562, 0.01820683479309082 
375, -1.8274009227752686, 0.03354024887084961, 0.013360738754272461, 0.017857074737548828 
376, -1.8278172016143799, 0.03349113464355469, 0.013275384902954102, 0.017890214920043945 
377, -1.8282431364059448, 0.0339357852935791, 0.01365971565246582, 0.017978429794311523 
378, -1.8284721374511719, 0.03352761268615723, 0.013229608535766602, 0.017937898635864258 
379, -1.8289387226104736, 0.034021854400634766, 0.013246536254882812, 0.018407821655273438 
380, -1.8291680812835693, 0.033601999282836914, 0.013318777084350586, 0.01789569854736328 
381, -1.8294920921325684, 0.033560752868652344, 0.013335466384887695, 0.017826557159423828 
382, -1.829834222793579, 0.03393673896789551, 0.013719320297241211, 0.017900943756103516 
383, -1.8301641941070557, 0.03362274169921875, 0.013298273086547852, 0.017904996871948242 
384, -1.830512523651123, 0.033802032470703125, 0.013247966766357422, 0.018157243728637695 
385, -1.830876111984253, 0.03351402282714844, 0.01328897476196289, 0.01782393455505371 
386, -1.8311240673065186, 0.03354167938232422, 0.013414144515991211, 0.01777172088623047 
387, -1.8314619064331055, 0.03397655487060547, 0.013721466064453125, 0.01784348487854004 
388, -1.8316982984542847, 0.033585309982299805, 0.013228893280029297, 0.017972230911254883 
389, -1.8319610357284546, 0.0338132381439209, 0.013187408447265625, 0.018268585205078125 
390, -1.8322482109069824, 0.03400588035583496, 0.013220071792602539, 0.0179135799407959 
391, -1.8325577974319458, 0.033571481704711914, 0.013327360153198242, 0.017853498458862305 
392, -1.8328864574432373, 0.03402566909790039, 0.013651371002197266, 0.017980337142944336 
393, -1.8332321643829346, 0.033487796783447266, 0.013200998306274414, 0.017961978912353516 
394, -1.8335906267166138, 0.033788442611694336, 0.013192415237426758, 0.018244028091430664 
395, -1.8339380025863647, 0.033629655838012695, 0.013316154479980469, 0.01791691780090332 
396, -1.8343307971954346, 0.033538103103637695, 0.013294219970703125, 0.017846345901489258 
397, -1.8345463275909424, 0.0339505672454834, 0.013683795928955078, 0.017935514450073242 
398, -1.834916591644287, 0.03350472450256348, 0.013247966766357422, 0.017862319946289062 
399, -1.835123896598816, 0.03376603126525879, 0.01332712173461914, 0.0181581974029541 
400, -1.8353943824768066, 0.03347492218017578, 0.013312578201293945, 0.01779770851135254 
401, -1.8356611728668213, 0.03357410430908203, 0.013338088989257812, 0.01784038543701172 
402, -1.8359471559524536, 0.03406786918640137, 0.013651132583618164, 0.01804804801940918 
403, -1.8362512588500977, 0.03365898132324219, 0.013257265090942383, 0.01796555519104004 
404, -1.8365697860717773, 0.03388524055480957, 0.013284921646118164, 0.01810455322265625 
405, -1.8369007110595703, 0.03359699249267578, 0.013391494750976562, 0.01784491539001465 
406, -1.8370648622512817, 0.03346538543701172, 0.013267278671264648, 0.017891645431518555 
407, -1.8374159336090088, 0.034005165100097656, 0.013396024703979492, 0.018244028091430664 
408, -1.8376092910766602, 0.03335738182067871, 0.013206958770751953, 0.017848491668701172 
409, -1.837827205657959, 0.03369736671447754, 0.013270139694213867, 0.018006563186645508 
410, -1.8380627632141113, 0.03363776206970215, 0.01344752311706543, 0.017832040786743164 
411, -1.838320016860962, 0.03341412544250488, 0.013232946395874023, 0.017813682556152344 
412, -1.8385967016220093, 0.03388404846191406, 0.013271808624267578, 0.018238544464111328 
413, -1.8388899564743042, 0.033438682556152344, 0.013271570205688477, 0.0177767276763916 
414, -1.8391979932785034, 0.033786773681640625, 0.013355731964111328, 0.017811059951782227 
415, -1.8395172357559204, 0.033826351165771484, 0.013658285140991211, 0.017828941345214844 
416, -1.839845895767212, 0.033452749252319336, 0.013274908065795898, 0.017820358276367188 
417, -1.8397231101989746, 0.03388667106628418, 0.013184547424316406, 0.018294572830200195 
418, -1.8402595520019531, 0.03342795372009277, 0.013211488723754883, 0.017894983291625977 
419, -1.8404405117034912, 0.033573150634765625, 0.013157844543457031, 0.01781773567199707 
420, -1.8407231569290161, 0.03391766548156738, 0.01371002197265625, 0.0178682804107666 
421, -1.8409382104873657, 0.03339576721191406, 0.013159751892089844, 0.01787400245666504 
422, -1.8411734104156494, 0.033907413482666016, 0.013170719146728516, 0.018335580825805664 
423, -1.8414256572723389, 0.03354597091674805, 0.01329946517944336, 0.017857789993286133 
424, -1.8416935205459595, 0.03368067741394043, 0.013296842575073242, 0.017813444137573242 
425, -1.8419759273529053, 0.03389573097229004, 0.013745546340942383, 0.01779460906982422 
426, -1.8418655395507812, 0.03345799446105957, 0.013329505920410156, 0.01781630516052246 
427, -1.8423964977264404, 0.03390097618103027, 0.013219594955444336, 0.01825547218322754 
428, -1.8425495624542236, 0.03348207473754883, 0.013313531875610352, 0.017831087112426758 
429, -1.842726469039917, 0.03351545333862305, 0.013344764709472656, 0.017796993255615234 
430, -1.8429266214370728, 0.0339810848236084, 0.013641119003295898, 0.01800537109375 
431, -1.8431475162506104, 0.0334782600402832, 0.01318669319152832, 0.01794123649597168 
432, -1.8433873653411865, 0.03378772735595703, 0.013170719146728516, 0.01811957359313965 
433, -1.8435866832733154, 0.033579349517822266, 0.013397216796875, 0.017832517623901367 
434, -1.8439030647277832, 0.03351545333862305, 0.013267278671264648, 0.017899513244628906 
435, -1.8441755771636963, 0.03395438194274902, 0.013417959213256836, 0.018098115921020508 
436, -1.8444581031799316, 0.0334315299987793, 0.013239383697509766, 0.017850875854492188 
437, -1.8446943759918213, 0.03370308876037598, 0.013231754302978516, 0.018038272857666016 
438, -1.844938039779663, 0.03359508514404297, 0.013440132141113281, 0.017827987670898438 
439, -1.8451449871063232, 0.033512115478515625, 0.013264894485473633, 0.01788043975830078 
440, -1.845367670059204, 0.0339810848236084, 0.013309240341186523, 0.01824212074279785 
441, -1.8455853462219238, 0.03350543975830078, 0.013350963592529297, 0.017806291580200195 
442, -1.8454582691192627, 0.033782243728637695, 0.01336812973022461, 0.017853975296020508 
443, -1.8459227085113525, 0.03399920463562012, 0.013796806335449219, 0.017870664596557617 
444, -1.845998764038086, 0.033574581146240234, 0.013291120529174805, 0.01788640022277832 
445, -1.8461450338363647, 0.0339658260345459, 0.013257741928100586, 0.018326759338378906 
446, -1.8462883234024048, 0.03344273567199707, 0.013248205184936523, 0.017822980880737305 
447, -1.8464552164077759, 0.03357052803039551, 0.013235807418823242, 0.017885208129882812 
448, -1.846644639968872, 0.03399825096130371, 0.013743400573730469, 0.017841815948486328 
449, -1.8468527793884277, 0.03342032432556152, 0.013244390487670898, 0.017884492874145508 
450, -1.847078561782837, 0.033948421478271484, 0.01319575309753418, 0.01828479766845703 
451, -1.8473191261291504, 0.033301353454589844, 0.013270139694213867, 0.017736434936523438 
452, -1.847571849822998, 0.03343987464904785, 0.013244152069091797, 0.017809391021728516 
453, -1.8478336334228516, 0.034159183502197266, 0.013783931732177734, 0.017986536026000977 
454, -1.8481030464172363, 0.0334317684173584, 0.01318216323852539, 0.017861127853393555 
455, -1.8475515842437744, 0.03400611877441406, 0.013411283493041992, 0.018162965774536133 
456, -1.8484874963760376, 0.033540964126586914, 0.013427495956420898, 0.01775193214416504 
457, -1.8486183881759644, 0.03354692459106445, 0.013338327407836914, 0.017868757247924805 
458, -1.8487694263458252, 0.034010887145996094, 0.013571739196777344, 0.018056154251098633 
459, -1.8488750457763672, 0.03355765342712402, 0.013303041458129883, 0.017891645431518555 
460, -1.8490904569625854, 0.03384089469909668, 0.013286828994750977, 0.017974853515625 
461, -1.8493001461029053, 0.03365039825439453, 0.013480901718139648, 0.01781463623046875 
462, -1.8494988679885864, 0.03349113464355469, 0.013289451599121094, 0.017824649810791016 
463, -1.849710464477539, 0.034044742584228516, 0.013254165649414062, 0.018353700637817383 
464, -1.849576711654663, 0.03356432914733887, 0.013301849365234375, 0.01801156997680664 
465, -1.8499934673309326, 0.03370475769042969, 0.013273000717163086, 0.01792597770690918 
466, -1.8500781059265137, 0.033937931060791016, 0.013667583465576172, 0.01788616180419922 
467, -1.8501880168914795, 0.033449411392211914, 0.013220548629760742, 0.017882823944091797 
468, -1.8503201007843018, 0.033832550048828125, 0.013143539428710938, 0.018270254135131836 
469, -1.8504739999771118, 0.033594608306884766, 0.013317584991455078, 0.017923355102539062 
470, -1.850648045539856, 0.0338284969329834, 0.01336359977722168, 0.017930269241333008 
471, -1.8508386611938477, 0.03411269187927246, 0.013707399368286133, 0.017935991287231445 
472, -1.8510440587997437, 0.03389692306518555, 0.013532161712646484, 0.017949581146240234 
473, -1.851261019706726, 0.03397536277770996, 0.013289928436279297, 0.01828742027282715 
474, -1.8514881134033203, 0.03347635269165039, 0.01330423355102539, 0.017827272415161133 
475, -1.8517227172851562, 0.03376269340515137, 0.01342153549194336, 0.01782703399658203 
476, -1.851962924003601, 0.033995866775512695, 0.013792991638183594, 0.017870664596557617 
477, -1.8512754440307617, 0.033467769622802734, 0.01325535774230957, 0.017862319946289062 
478, -1.8521968126296997, 0.03390383720397949, 0.01323080062866211, 0.018319368362426758 
479, -1.8522818088531494, 0.03363204002380371, 0.013220071792602539, 0.017932891845703125 
480, -1.8524925708770752, 0.03357958793640137, 0.013255119323730469, 0.0178525447845459 
481, -1.8526170253753662, 0.033980607986450195, 0.013688802719116211, 0.017902612686157227 
482, -1.8527600765228271, 0.03359198570251465, 0.013282299041748047, 0.017960309982299805 
483, -1.8529179096221924, 0.03392815589904785, 0.013190746307373047, 0.01837444305419922 
484, -1.8530912399291992, 0.03346085548400879, 0.013224124908447266, 0.017859697341918945 
485, -1.8532767295837402, 0.03353619575500488, 0.013329267501831055, 0.01778697967529297 
486, -1.8530950546264648, 0.033946990966796875, 0.013724803924560547, 0.01788496971130371 
487, -1.853506088256836, 0.03341269493103027, 0.013273239135742188, 0.017766952514648438 
488, -1.8535633087158203, 0.03408479690551758, 0.013295412063598633, 0.018357276916503906 
489, -1.853644609451294, 0.03356027603149414, 0.013333797454833984, 0.017829179763793945 
490, -1.8537482023239136, 0.03353524208068848, 0.013370275497436523, 0.01779651641845703 
491, -1.8538734912872314, 0.03393197059631348, 0.01373291015625, 0.0178375244140625 
492, -1.854018211364746, 0.03362560272216797, 0.013250112533569336, 0.01789689064025879 
493, -1.8541620969772339, 0.03393411636352539, 0.013238906860351562, 0.018352031707763672 
494, -1.8543474674224854, 0.03354978561401367, 0.01326894760131836, 0.017847537994384766 
495, -1.8545275926589966, 0.033830881118774414, 0.013363361358642578, 0.017934560775756836 
496, -1.8547191619873047, 0.03388404846191406, 0.013590335845947266, 0.01796269416809082 
497, -1.8549202680587769, 0.03366851806640625, 0.013286352157592773, 0.017968416213989258 
498, -1.8551273345947266, 0.03403806686401367, 0.013302326202392578, 0.018407106399536133 
499, -1.8547194004058838, 0.03345990180969238, 0.01325535774230957, 0.017862558364868164 
500, -1.8553900718688965, 0.03365302085876465, 0.01334524154663086, 0.017851591110229492 
501, -1.855461597442627, 0.033689022064208984, 0.013515949249267578, 0.017772674560546875 
502, -1.8555537462234497, 0.033661603927612305, 0.013308286666870117, 0.017905473709106445 
503, -1.8556153774261475, 0.0339663028717041, 0.013332843780517578, 0.01829075813293457 
504, -1.8557814359664917, 0.033562421798706055, 0.01335763931274414, 0.017801523208618164 
505, -1.8559163808822632, 0.03373241424560547, 0.013347148895263672, 0.017925024032592773 
506, -1.8560653924942017, 0.033799171447753906, 0.013569831848144531, 0.017896652221679688 
507, -1.8562266826629639, 0.033608436584472656, 0.013358116149902344, 0.017881155014038086 
508, -1.8563978672027588, 0.03391432762145996, 0.013449430465698242, 0.01812434196472168 
509, -1.8565785884857178, 0.033532142639160156, 0.013258218765258789, 0.017904281616210938 
510, -1.8560354709625244, 0.03382539749145508, 0.013291597366333008, 0.018095731735229492 
511, -1.8567938804626465, 0.033675432205200195, 0.013453006744384766, 0.017873525619506836 
512, -1.856842041015625, 0.03366231918334961, 0.013250350952148438, 0.018006086349487305 
513, -1.85684072971344, 0.0339658260345459, 0.013600587844848633, 0.018106937408447266 
514, -1.856968641281128, 0.03352928161621094, 0.013239622116088867, 0.017905473709106445 
515, -1.8570789098739624, 0.03385424613952637, 0.013229608535766602, 0.018223285675048828 
516, -1.8571860790252686, 0.0335545539855957, 0.013341426849365234, 0.017841100692749023 
517, -1.857309341430664, 0.03362870216369629, 0.013316154479980469, 0.01784992218017578 
518, -1.8574477434158325, 0.03403162956237793, 0.01382589340209961, 0.017878055572509766 
519, -1.857600212097168, 0.033521175384521484, 0.013326406478881836, 0.01785421371459961 
520, -1.8577632904052734, 0.03389906883239746, 0.013257741928100586, 0.018277883529663086 
521, -1.857419729232788, 0.03336811065673828, 0.013286828994750977, 0.01779794692993164 
522, -1.8579435348510742, 0.03349757194519043, 0.013307809829711914, 0.017792463302612305 
523, -1.8579761981964111, 0.03402113914489746, 0.013655424118041992, 0.017971515655517578 
524, -1.858032464981079, 0.03362607955932617, 0.013264179229736328, 0.017969369888305664 
525, -1.8581104278564453, 0.03405570983886719, 0.013218402862548828, 0.018399953842163086 
526, -1.8582088947296143, 0.03350377082824707, 0.013350725173950195, 0.01782846450805664 
527, -1.8583248853683472, 0.03392291069030762, 0.013308048248291016, 0.017972946166992188 
528, -1.8584574460983276, 0.03373527526855469, 0.013562202453613281, 0.017804861068725586 
529, -1.8586028814315796, 0.03337430953979492, 0.013241291046142578, 0.017841100692749023 
530, -1.8587591648101807, 0.03400921821594238, 0.013336896896362305, 0.018259048461914062 
531, -1.8589245080947876, 0.03345537185668945, 0.013281583786010742, 0.01783466339111328 
532, -1.8590960502624512, 0.03380393981933594, 0.01327657699584961, 0.017940759658813477 
533, -1.8592724800109863, 0.03377032279968262, 0.013512372970581055, 0.017871618270874023 
534, -1.8586831092834473, 0.03368949890136719, 0.013455629348754883, 0.01788806915283203 
535, -1.859410285949707, 0.03405570983886719, 0.01345372200012207, 0.018252849578857422 
536, -1.8594322204589844, 0.0335085391998291, 0.013308286666870117, 0.017863750457763672 
537, -1.8595612049102783, 0.03397965431213379, 0.013369083404541016, 0.018110036849975586 
538, -1.8596267700195312, 0.03365683555603027, 0.013448953628540039, 0.017853260040283203 
539, -1.8597089052200317, 0.0334625244140625, 0.013283491134643555, 0.017876148223876953 
540, -1.859808087348938, 0.03403592109680176, 0.013666868209838867, 0.018027305603027344 
541, -1.8599210977554321, 0.0336604118347168, 0.013243436813354492, 0.017944812774658203 
542, -1.8600475788116455, 0.033829450607299805, 0.013200521469116211, 0.01826620101928711 
543, -1.860184669494629, 0.03351998329162598, 0.01328587532043457, 0.017833709716796875 
544, -1.8603307008743286, 0.033553123474121094, 0.013298273086547852, 0.017810344696044922 
545, -1.859727144241333, 0.03384256362915039, 0.013661861419677734, 0.01789689064025879 
546, -1.8604778051376343, 0.03341412544250488, 0.013238906860351562, 0.017816543579101562 
547, -1.8604934215545654, 0.033875226974487305, 0.013232946395874023, 0.01821422576904297 
548, -1.8605294227600098, 0.033554792404174805, 0.013293743133544922, 0.017843008041381836 
549, -1.8605852127075195, 0.033659934997558594, 0.013391733169555664, 0.017840147018432617 
550, -1.8606610298156738, 0.033925533294677734, 0.013721704483032227, 0.017869949340820312 
551, -1.8607546091079712, 0.03362441062927246, 0.013293981552124023, 0.01795506477355957 
552, -1.860863208770752, 0.033766984939575195, 0.013260126113891602, 0.018155336380004883 
553, -1.860974669456482, 0.03338813781738281, 0.01326131820678711, 0.01780533790588379 
554, -1.8611102104187012, 0.033746957778930664, 0.013282299041748047, 0.01789999008178711 
555, -1.8612449169158936, 0.03397226333618164, 0.013763189315795898, 0.017888784408569336 
556, -1.8613883256912231, 0.033605098724365234, 0.013225793838500977, 0.017931222915649414 
557, -1.8615391254425049, 0.03400707244873047, 0.013284444808959961, 0.018355846405029297 
558, -1.8609510660171509, 0.0334773063659668, 0.013214826583862305, 0.017969369888305664 
559, -1.8616918325424194, 0.03386259078979492, 0.013298749923706055, 0.017914295196533203 
560, -1.8617091178894043, 0.033974409103393555, 0.013666152954101562, 0.017946481704711914 
561, -1.8617452383041382, 0.03342747688293457, 0.013217687606811523, 0.01786065101623535 
562, -1.8617926836013794, 0.03383278846740723, 0.013198375701904297, 0.018343448638916016 
563, -1.861863374710083, 0.03351902961730957, 0.0133056640625, 0.01779627799987793 
564, -1.8619438409805298, 0.03388810157775879, 0.013370513916015625, 0.01799917221069336 
565, -1.8620387315750122, 0.03368377685546875, 0.013495922088623047, 0.017852306365966797 
566, -1.8621470928192139, 0.03345894813537598, 0.013308048248291016, 0.01781606674194336 
567, -1.8622665405273438, 0.033972978591918945, 0.013537406921386719, 0.01807880401611328 
568, -1.8623958826065063, 0.03358578681945801, 0.013323545455932617, 0.01792764663696289 
569, -1.8625332117080688, 0.03390645980834961, 0.013256549835205078, 0.018124103546142578 
570, -1.861911416053772, 0.03368043899536133, 0.013458013534545898, 0.017908573150634766 
571, -1.8626611232757568, 0.0335385799407959, 0.013207435607910156, 0.018001794815063477 
572, -1.8626658916473389, 0.03407597541809082, 0.013611555099487305, 0.018017292022705078 
573, -1.8626896142959595, 0.03370475769042969, 0.01333308219909668, 0.01800394058227539 
574, -1.8627148866653442, 0.03390908241271973, 0.013167142868041992, 0.01830768585205078 
575, -1.8627852201461792, 0.03361678123474121, 0.013355255126953125, 0.017904281616210938 
576, -1.8628549575805664, 0.033519744873046875, 0.01324915885925293, 0.017882347106933594 
577, -1.8629401922225952, 0.03395867347717285, 0.01363372802734375, 0.01793193817138672 
578, -1.863039493560791, 0.033646583557128906, 0.013294696807861328, 0.01791095733642578 
579, -1.8631508350372314, 0.03393721580505371, 0.013254404067993164, 0.01824045181274414 
580, -1.863271713256836, 0.03364825248718262, 0.013382434844970703, 0.017893314361572266 
581, -1.863401174545288, 0.033727169036865234, 0.01337575912475586, 0.017828941345214844 
582, -1.8635003566741943, 0.033856868743896484, 0.013654947280883789, 0.01778268814086914 
583, -1.8636103868484497, 0.03349041938781738, 0.013276100158691406, 0.017868518829345703 
584, -1.863598346710205, 0.03386116027832031, 0.01325535774230957, 0.018333911895751953 
585, -1.8636257648468018, 0.03338813781738281, 0.013154983520507812, 0.017764568328857422 
586, -1.8634529113769531, 0.033785104751586914, 0.013237953186035156, 0.01796555519104004 
587, -1.8634167909622192, 0.03383326530456543, 0.01357412338256836, 0.01786351203918457 
588, -1.8635207414627075, 0.03344225883483887, 0.01321554183959961, 0.017905712127685547 
589, -1.8635247945785522, 0.03388166427612305, 0.013263225555419922, 0.018241167068481445 
590, -1.8635523319244385, 0.03347182273864746, 0.013237714767456055, 0.017867088317871094 
591, -1.8636027574539185, 0.03376960754394531, 0.013251304626464844, 0.018041610717773438 
592, -1.8636735677719116, 0.03367781639099121, 0.013442039489746094, 0.017839908599853516 
593, -1.8637630939483643, 0.03348207473754883, 0.01324772834777832, 0.017896652221679688 
594, -1.8638672828674316, 0.03396487236022949, 0.013534069061279297, 0.018070459365844727 
595, -1.8639849424362183, 0.033571481704711914, 0.013284444808959961, 0.017787933349609375 
596, -1.8641120195388794, 0.03388047218322754, 0.013286113739013672, 0.01810932159423828 
597, -1.8642463684082031, 0.03367018699645996, 0.013475179672241211, 0.017852067947387695 
598, -1.8643852472305298, 0.03340744972229004, 0.013278961181640625, 0.017768383026123047 
599, -1.864527702331543, 0.03401613235473633, 0.013643026351928711, 0.01803731918334961 
600, -1.8646517992019653, 0.03343915939331055, 0.01319122314453125, 0.0178525447845459 
601, -1.86417555809021, 0.03368544578552246, 0.013229131698608398, 0.018153667449951172 
602, -1.8647425174713135, 0.03362703323364258, 0.013296842575073242, 0.017896652221679688 
603, -1.8647217750549316, 0.03349161148071289, 0.013263463973999023, 0.017885684967041016 
604, -1.8647204637527466, 0.033968210220336914, 0.013639211654663086, 0.017972707748413086 
605, -1.8647369146347046, 0.03351783752441406, 0.013237237930297852, 0.017900943756103516 
606, -1.8647711277008057, 0.033881187438964844, 0.013213634490966797, 0.018296003341674805 
607, -1.8647373914718628, 0.033498287200927734, 0.013307809829711914, 0.017838001251220703 
608, -1.8648499250411987, 0.03349661827087402, 0.01331949234008789, 0.01785874366760254 
609, -1.8649452924728394, 0.03389453887939453, 0.013551950454711914, 0.017975807189941406 
610, -1.8650230169296265, 0.03350472450256348, 0.01326131820678711, 0.01787567138671875 
611, -1.8651129007339478, 0.03381085395812988, 0.013364315032958984, 0.018027067184448242 
612, -1.8652126789093018, 0.033689022064208984, 0.013457298278808594, 0.017847299575805664 
613, -1.8653204441070557, 0.03344011306762695, 0.01324605941772461, 0.017854928970336914 
614, -1.86543607711792, 0.03396868705749512, 0.01360321044921875, 0.01801466941833496 
615, -1.8655567169189453, 0.03359651565551758, 0.013303041458129883, 0.017833948135375977 
616, -1.8646183013916016, 0.03522467613220215, 0.013692617416381836, 0.019069433212280273 
617, -1.86565101146698, 0.033567190170288086, 0.013325691223144531, 0.017831087112426758 
618, -1.865638256072998, 0.033573150634765625, 0.013286113739013672, 0.01792454719543457 
619, -1.8656446933746338, 0.03396868705749512, 0.013622045516967773, 0.018015623092651367 
620, -1.8656686544418335, 0.03357529640197754, 0.013259172439575195, 0.01792430877685547 
621, -1.8657095432281494, 0.03390812873840332, 0.013271093368530273, 0.018160343170166016 
622, -1.8657662868499756, 0.033670902252197266, 0.013363122940063477, 0.017874956130981445 
623, -1.865836501121521, 0.03365492820739746, 0.01336359977722168, 0.01793670654296875 
624, -1.865919589996338, 0.03394603729248047, 0.013689756393432617, 0.01793050765991211 
625, -1.8660118579864502, 0.033416032791137695, 0.013271331787109375, 0.0178067684173584 
626, -1.8661136627197266, 0.033861637115478516, 0.013288021087646484, 0.018216371536254883 
627, -1.8662209510803223, 0.03354310989379883, 0.013350486755371094, 0.01782393455505371 
628, -1.8662678003311157, 0.033495187759399414, 0.013283014297485352, 0.01784348487854004 
629, -1.8663305044174194, 0.03406405448913574, 0.013746023178100586, 0.017984867095947266 
630, -1.8663431406021118, 0.0335540771484375, 0.013187885284423828, 0.01795196533203125 
631, -1.86630380153656, 0.03395819664001465, 0.013207197189331055, 0.018266916275024414 
632, -1.8663829565048218, 0.033487796783447266, 0.013270378112792969, 0.017920255661010742 
633, -1.8664484024047852, 0.03346562385559082, 0.013257980346679688, 0.017806529998779297 
634, -1.8665024042129517, 0.03396248817443848, 0.01368570327758789, 0.01788640022277832 
635, -1.8665680885314941, 0.033583879470825195, 0.01328730583190918, 0.01790142059326172 
636, -1.8666447401046753, 0.03377485275268555, 0.013176202774047852, 0.018223047256469727 
637, -1.866729736328125, 0.03349900245666504, 0.013289451599121094, 0.01780080795288086 
638, -1.8661460876464844, 0.03378915786743164, 0.013321399688720703, 0.017927169799804688 
639, -1.866759181022644, 0.033892154693603516, 0.01366424560546875, 0.017823457717895508 
640, -1.8667153120040894, 0.03358197212219238, 0.013417959213256836, 0.017798185348510742 
641, -1.866692304611206, 0.03399538993835449, 0.013390064239501953, 0.01817774772644043 
642, -1.8666917085647583, 0.03339266777038574, 0.01323556900024414, 0.017802000045776367 
643, -1.8667116165161133, 0.03398752212524414, 0.013292789459228516, 0.01805853843688965 
644, -1.8667497634887695, 0.03425264358520508, 0.01364278793334961, 0.018041133880615234 
645, -1.8668051958084106, 0.033681392669677734, 0.013347387313842773, 0.01796436309814453 
646, -1.866875410079956, 0.03415656089782715, 0.013572454452514648, 0.018150806427001953 
647, -1.8669577836990356, 0.03393411636352539, 0.013407468795776367, 0.018018722534179688 
648, -1.8670498132705688, 0.0344085693359375, 0.013416051864624023, 0.018497228622436523 
649, -1.8671499490737915, 0.03387045860290527, 0.013477325439453125, 0.017969846725463867 
650, -1.8672558069229126, 0.03452777862548828, 0.013359546661376953, 0.018787622451782227 
651, -1.8673648834228516, 0.03453397750854492, 0.013659000396728516, 0.01842212677001953 
652, -1.867477297782898, 0.03392148017883301, 0.013454675674438477, 0.018035173416137695 
653, -1.866737723350525, 0.03438758850097656, 0.01349949836730957, 0.01834726333618164 
654, -1.867555022239685, 0.03527522087097168, 0.013525724411010742, 0.019239425659179688 
655, -1.867409586906433, 0.03397941589355469, 0.013404130935668945, 0.01815176010131836 
656, -1.867417812347412, 0.03445768356323242, 0.013853311538696289, 0.018201828002929688 
657, -1.8675203323364258, 0.03377032279968262, 0.01338648796081543, 0.017858266830444336 
658, -1.8675330877304077, 0.0341646671295166, 0.01338052749633789, 0.018342018127441406 
659, -1.867561936378479, 0.033826351165771484, 0.013405799865722656, 0.017934083938598633 
660, -1.8676037788391113, 0.03502702713012695, 0.013506174087524414, 0.018213987350463867 
661, -1.8676589727401733, 0.03387761116027832, 0.013539791107177734, 0.017983675003051758 
662, -1.867726445198059, 0.03358268737792969, 0.013300180435180664, 0.017819881439208984 
663, -1.8678041696548462, 0.03358268737792969, 0.013170242309570312, 0.017938613891601562 
664, -1.8678902387619019, 0.033507347106933594, 0.013360261917114258, 0.01781773567199707 
665, -1.8675204515457153, 0.03323030471801758, 0.013186454772949219, 0.017806291580200195 
666, -1.8679167032241821, 0.03381085395812988, 0.013194561004638672, 0.0182647705078125 
667, -1.867870569229126, 0.03342890739440918, 0.013202905654907227, 0.017832040786743164 
668, -1.867845058441162, 0.03348803520202637, 0.013264179229736328, 0.01773691177368164 
669, -1.8678401708602905, 0.0338895320892334, 0.013684511184692383, 0.01777958869934082 
670, -1.8678536415100098, 0.03353619575500488, 0.013273954391479492, 0.017825603485107422 
671, -1.867885708808899, 0.03382134437561035, 0.013257503509521484, 0.01819634437561035 
672, -1.8679341077804565, 0.033464670181274414, 0.01329493522644043, 0.017709732055664062 
673, -1.8679958581924438, 0.03338766098022461, 0.013277769088745117, 0.017778396606445312 
674, -1.8680698871612549, 0.03387880325317383, 0.013688802719116211, 0.017854690551757812 
675, -1.8681522607803345, 0.03327178955078125, 0.013080835342407227, 0.017774343490600586 
676, -1.8682423830032349, 0.03373312950134277, 0.013157129287719727, 0.018195629119873047 
677, -1.8683373928070068, 0.03340411186218262, 0.013238906860351562, 0.0177764892578125 
678, -1.868429183959961, 0.03324460983276367, 0.01322174072265625, 0.01770496368408203 
679, -1.8685319423675537, 0.03380250930786133, 0.013573646545410156, 0.017911672592163086 
680, -1.867896556854248, 0.03328990936279297, 0.01312875747680664, 0.017788410186767578 
681, -1.868578553199768, 0.033518075942993164, 0.013092279434204102, 0.018132925033569336 
682, -1.8685423135757446, 0.03329300880432129, 0.01311802864074707, 0.017791032791137695 
683, -1.8685228824615479, 0.03351306915283203, 0.013210535049438477, 0.017741680145263672 
684, -1.8685195446014404, 0.03376650810241699, 0.013640403747558594, 0.01773357391357422 
685, -1.8685328960418701, 0.033383846282958984, 0.013162612915039062, 0.01778435707092285 
686, -1.8685611486434937, 0.03379034996032715, 0.013270854949951172, 0.01820087432861328 
687, -1.8685784339904785, 0.033278703689575195, 0.013233423233032227, 0.01772451400756836 
688, -1.8686481714248657, 0.03351593017578125, 0.013228654861450195, 0.017693519592285156 
689, -1.868704915046692, 0.03375244140625, 0.013712167739868164, 0.01769852638244629 
690, -1.8687711954116821, 0.03381919860839844, 0.013569831848144531, 0.017867565155029297 
691, -1.8688448667526245, 0.03370261192321777, 0.013144254684448242, 0.018230676651000977 
692, -1.8689266443252563, 0.03345298767089844, 0.013199567794799805, 0.017857074737548828 
693, -1.8685386180877686, 0.03336453437805176, 0.013156652450561523, 0.017705440521240234 
694, -1.8689414262771606, 0.03371167182922363, 0.01364755630493164, 0.017746448516845703 
695, -1.8688883781433105, 0.03324246406555176, 0.013114452362060547, 0.017781496047973633 
696, -1.8688548803329468, 0.033730506896972656, 0.013113260269165039, 0.01821279525756836 
697, -1.8688418865203857, 0.03320765495300293, 0.01315164566040039, 0.017678022384643555 
698, -1.8688472509384155, 0.033904314041137695, 0.013210535049438477, 0.01768207550048828 
699, -1.8688703775405884, 0.033838510513305664, 0.013773679733276367, 0.017727375030517578 
700, -1.8689085245132446, 0.033342599868774414, 0.013227462768554688, 0.017736196517944336 
701, -1.8689603805541992, 0.0338897705078125, 0.013240814208984375, 0.018159866333007812 
702, -1.868990421295166, 0.03346753120422363, 0.013305425643920898, 0.01776862144470215 
703, -1.8690887689590454, 0.03339719772338867, 0.013264656066894531, 0.017681360244750977 
704, -1.8691620826721191, 0.03381037712097168, 0.013752460479736328, 0.01775193214416504 
705, -1.8692419528961182, 0.03317403793334961, 0.01306772232055664, 0.01775050163269043 
706, -1.8693264722824097, 0.03374981880187988, 0.013087749481201172, 0.01815009117126465 
707, -1.8692444562911987, 0.03331184387207031, 0.013245105743408203, 0.017786264419555664 
708, -1.8693495988845825, 0.03339219093322754, 0.013185501098632812, 0.01773238182067871 
709, -1.869301676750183, 0.033774614334106445, 0.013674736022949219, 0.017794132232666016 
710, -1.869271159172058, 0.03324079513549805, 0.013172388076782227, 0.017766237258911133 
711, -1.869258999824524, 0.03370261192321777, 0.013098955154418945, 0.018228530883789062 
712, -1.869265079498291, 0.03325510025024414, 0.013201236724853516, 0.017686128616333008 
713, -1.869281530380249, 0.033386945724487305, 0.01320195198059082, 0.01772022247314453 
714, -1.8693135976791382, 0.03382611274719238, 0.013739585876464844, 0.017725229263305664 
715, -1.8693550825119019, 0.0332331657409668, 0.013186216354370117, 0.017699718475341797 
716, -1.8694088459014893, 0.03382706642150879, 0.013159036636352539, 0.018182039260864258 
717, -1.8694730997085571, 0.03320598602294922, 0.013277769088745117, 0.017622709274291992 
718, -1.8695461750030518, 0.033260345458984375, 0.013212203979492188, 0.017640352249145508 
719, -1.8696262836456299, 0.033954620361328125, 0.013741493225097656, 0.017853260040283203 
720, -1.8697115182876587, 0.033271074295043945, 0.013169050216674805, 0.01778864860534668 
721, -1.8694908618927002, 0.03378748893737793, 0.013149023056030273, 0.018208742141723633 
722, -1.869734287261963, 0.03333616256713867, 0.01323390007019043, 0.01775979995727539 
723, -1.869685173034668, 0.03339672088623047, 0.013221979141235352, 0.017861366271972656 
724, -1.869653344154358, 0.034363746643066406, 0.01369333267211914, 0.018198490142822266 
725, -1.8696397542953491, 0.0339205265045166, 0.013394594192504883, 0.018038034439086914 
726, -1.8696433305740356, 0.03410649299621582, 0.013233184814453125, 0.018434762954711914 
727, -1.8696491718292236, 0.03374218940734863, 0.013371467590332031, 0.017904043197631836 
728, -1.8696866035461426, 0.03407406806945801, 0.013418436050415039, 0.018169641494750977 
729, -1.8697247505187988, 0.03419375419616699, 0.013769865036010742, 0.018029451370239258 
730, -1.8697741031646729, 0.033458709716796875, 0.013253927230834961, 0.017826080322265625 
731, -1.8698346614837646, 0.03461289405822754, 0.01347661018371582, 0.01854729652404785 
732, -1.869903802871704, 0.03412652015686035, 0.013545989990234375, 0.01798725128173828 
733, -1.8699795007705688, 0.0340578556060791, 0.013487815856933594, 0.018105506896972656 
734, -1.8700593709945679, 0.03429150581359863, 0.013887882232666016, 0.017955303192138672 
735, -1.8700361251831055, 0.03440403938293457, 0.013676881790161133, 0.018234968185424805 
736, -1.8700714111328125, 0.03435492515563965, 0.013445854187011719, 0.018425941467285156 
737, -1.8700165748596191, 0.033828020095825195, 0.013445138931274414, 0.017885684967041016 
738, -1.869978904724121, 0.033692359924316406, 0.013320684432983398, 0.017839431762695312 
739, -1.8699595928192139, 0.03426194190979004, 0.013799905776977539, 0.018059730529785156 
740, -1.86991548538208, 0.03323793411254883, 0.01319122314453125, 0.017728805541992188 
741, -1.8699628114700317, 0.03371000289916992, 0.013087034225463867, 0.0181882381439209 
742, -1.8699822425842285, 0.03317975997924805, 0.013162851333618164, 0.017671585083007812 
743, -1.8700169324874878, 0.033269405364990234, 0.013193845748901367, 0.017688989639282227 
744, -1.8700647354125977, 0.03400468826293945, 0.013732194900512695, 0.017859220504760742 
745, -1.8701227903366089, 0.033204078674316406, 0.01316523551940918, 0.01768803596496582 
746, -1.8701905012130737, 0.033623695373535156, 0.013094902038574219, 0.018166780471801758 
747, -1.8702644109725952, 0.03325700759887695, 0.01316213607788086, 0.01759481430053711 
748, -1.8703433275222778, 0.03334307670593262, 0.013278722763061523, 0.01759481430053711 
749, -1.8704262971878052, 0.03398489952087402, 0.013770341873168945, 0.017865419387817383 
750, -1.8697395324707031, 0.033677101135253906, 0.013196229934692383, 0.01771092414855957 
751, -1.870442509651184, 0.03386735916137695, 0.013173818588256836, 0.01819300651550293 
752, -1.8703898191452026, 0.03331875801086426, 0.013231277465820312, 0.01770472526550293 
753, -1.8703540563583374, 0.03349018096923828, 0.013159036636352539, 0.01774883270263672 
754, -1.8703124523162842, 0.033792972564697266, 0.013577461242675781, 0.017821073532104492 
755, -1.8703219890594482, 0.03339409828186035, 0.013187646865844727, 0.01785731315612793 
756, -1.8703254461288452, 0.033631086349487305, 0.013009309768676758, 0.018283843994140625 
757, -1.8703439235687256, 0.033170461654663086, 0.013121604919433594, 0.017684459686279297 
758, -1.870375633239746, 0.03334999084472656, 0.013123273849487305, 0.017738819122314453 
759, -1.8704204559326172, 0.03383207321166992, 0.013701200485229492, 0.01780557632446289 
760, -1.8704756498336792, 0.03310823440551758, 0.013108015060424805, 0.017653942108154297 
761, -1.8705389499664307, 0.03372025489807129, 0.013106822967529297, 0.018140554428100586 
762, -1.8706084489822388, 0.03334999084472656, 0.013211965560913086, 0.017712116241455078 
763, -1.8706836700439453, 0.033435821533203125, 0.013211965560913086, 0.017573118209838867 
764, -1.8703662157058716, 0.0336766242980957, 0.013706207275390625, 0.017681360244750977 
765, -1.8706849813461304, 0.03304243087768555, 0.013076305389404297, 0.017627954483032227 
766, -1.8706239461898804, 0.03375124931335449, 0.0130767822265625, 0.018184900283813477 
767, -1.8705804347991943, 0.033280372619628906, 0.013168573379516602, 0.01764822006225586 
768, -1.8704642057418823, 0.03326821327209473, 0.013110160827636719, 0.017676591873168945 
769, -1.8705154657363892, 0.033510684967041016, 0.013568639755249023, 0.017690181732177734 
770, -1.8705244064331055, 0.033203840255737305, 0.013093709945678711, 0.017734289169311523 
771, -1.8705281019210815, 0.033664703369140625, 0.013024330139160156, 0.018217802047729492 
772, -1.8705466985702515, 0.033161163330078125, 0.013104677200317383, 0.017734289169311523 
773, -1.8705796003341675, 0.033156633377075195, 0.013081789016723633, 0.017616987228393555 
774, -1.8706244230270386, 0.03383827209472656, 0.013727903366088867, 0.017768383026123047 
775, -1.8706796169281006, 0.03301572799682617, 0.01300358772277832, 0.017668962478637695 
776, -1.870742917060852, 0.03358316421508789, 0.013047456741333008, 0.018083572387695312 
777, -1.8708128929138184, 0.033353567123413086, 0.013254880905151367, 0.017647743225097656 
778, -1.8703763484954834, 0.03323078155517578, 0.01315927505493164, 0.017605066299438477 
779, -1.8708064556121826, 0.0339200496673584, 0.013793468475341797, 0.01767754554748535 
780, -1.870743989944458, 0.03324317932128906, 0.013148784637451172, 0.017673730850219727 
781, -1.870700716972351, 0.03374004364013672, 0.013095617294311523, 0.018200397491455078 
782, -1.8706766366958618, 0.03312373161315918, 0.013170480728149414, 0.017627954483032227 
783, -1.8706707954406738, 0.03334856033325195, 0.013160228729248047, 0.01762843132019043 
784, -1.8706824779510498, 0.03373861312866211, 0.01365804672241211, 0.01773977279663086 
785, -1.870707631111145, 0.0330657958984375, 0.013007640838623047, 0.01775813102722168 
786, -1.8707478046417236, 0.03362107276916504, 0.012952327728271484, 0.018198490142822266 
787, -1.870797872543335, 0.033235788345336914, 0.013157367706298828, 0.017683982849121094 
788, -1.8708566427230835, 0.03315019607543945, 0.01310420036315918, 0.01769542694091797 
789, -1.8709226846694946, 0.03368687629699707, 0.013628244400024414, 0.017679929733276367 
790, -1.8709956407546997, 0.033125877380371094, 0.013076066970825195, 0.01769232749938965 
791, -1.8710720539093018, 0.03352665901184082, 0.013042926788330078, 0.01811695098876953 
792, -1.8711512088775635, 0.033226728439331055, 0.013204574584960938, 0.017656326293945312 
793, -1.8712332248687744, 0.033147573471069336, 0.013136148452758789, 0.017607927322387695 
794, -1.870377540588379, 0.033731698989868164, 0.013571500778198242, 0.017758846282958984 
795, -1.8711885213851929, 0.0331273078918457, 0.013128519058227539, 0.01763176918029785 
796, -1.8711411952972412, 0.033913612365722656, 0.01318216323852539, 0.018239259719848633 
797, -1.8711425065994263, 0.03327226638793945, 0.013189554214477539, 0.017669200897216797 
798, -1.8711028099060059, 0.03324604034423828, 0.013189554214477539, 0.0176239013671875 
799, -1.8710776567459106, 0.03379631042480469, 0.013691425323486328, 0.017743825912475586 
800, -1.8710675239562988, 0.033281803131103516, 0.013102531433105469, 0.017775535583496094 
801, -1.8710724115371704, 0.0337522029876709, 0.013034343719482422, 0.018378019332885742 
802, -1.8710922002792358, 0.03305315971374512, 0.013019800186157227, 0.01764965057373047 
803, -1.8711247444152832, 0.033453941345214844, 0.01314091682434082, 0.01770186424255371 
804, -1.871169090270996, 0.03371095657348633, 0.013625144958496094, 0.01776409149169922 
805, -1.8712230920791626, 0.033130645751953125, 0.013087987899780273, 0.017689943313598633 
806, -1.8712847232818604, 0.03371906280517578, 0.01320958137512207, 0.018152952194213867 
807, -1.8712975978851318, 0.03315591812133789, 0.013183832168579102, 0.01766061782836914 
808, -1.871322751045227, 0.033483028411865234, 0.013143301010131836, 0.01784372329711914 
809, -1.871309518814087, 0.033391714096069336, 0.01343989372253418, 0.01761174201965332 
810, -1.8713105916976929, 0.03319597244262695, 0.013197898864746094, 0.01766371726989746 
811, -1.8713253736495972, 0.033629417419433594, 0.01332998275756836, 0.017978429794311523 
812, -1.8713518381118774, 0.03332877159118652, 0.013152837753295898, 0.017723798751831055 
813, -1.871389627456665, 0.03361797332763672, 0.013194084167480469, 0.01794147491455078 
814, -1.8714350461959839, 0.03332161903381348, 0.013341426849365234, 0.017642498016357422 
815, -1.8714874982833862, 0.033112287521362305, 0.013099431991577148, 0.017626047134399414 
816, -1.8714170455932617, 0.03371024131774902, 0.013558626174926758, 0.0178830623626709 
817, -1.8714491128921509, 0.03298807144165039, 0.012965679168701172, 0.017696619033813477 
818, -1.8713674545288086, 0.03361701965332031, 0.013023138046264648, 0.018140554428100586 
819, -1.8712358474731445, 0.03307604789733887, 0.013197898864746094, 0.017620325088500977 
820, -1.8712047338485718, 0.032993316650390625, 0.013078451156616211, 0.017647743225097656 
821, -1.8712043762207031, 0.03386354446411133, 0.013715505599975586, 0.017773866653442383 
822, -1.871178150177002, 0.033061981201171875, 0.013076305389404297, 0.017627716064453125 
823, -1.8711715936660767, 0.033673763275146484, 0.01304316520690918, 0.01818060874938965 
824, -1.8711813688278198, 0.04612398147583008, 0.013223886489868164, 0.018139362335205078 
825, -1.8712081909179688, 0.0350184440612793, 0.014501810073852539, 0.018069744110107422 
826, -1.8712483644485474, 0.03327178955078125, 0.013248682022094727, 0.017699718475341797 
827, -1.8713005781173706, 0.03311920166015625, 0.013150930404663086, 0.017681360244750977 
828, -1.8713622093200684, 0.03371095657348633, 0.01357579231262207, 0.017759323120117188 
829, -1.8714306354522705, 0.03307914733886719, 0.013037919998168945, 0.01766347885131836 
830, -1.871503472328186, 0.033631324768066406, 0.013052701950073242, 0.018213987350463867 
831, -1.8715794086456299, 0.0331881046295166, 0.013151168823242188, 0.017664432525634766 
832, -1.8714776039123535, 0.03322339057922363, 0.01308894157409668, 0.017690420150756836 
833, -1.8715819120407104, 0.03372383117675781, 0.013622283935546875, 0.017776966094970703 
834, -1.8715221881866455, 0.03302597999572754, 0.013002872467041016, 0.017649412155151367 
835, -1.8714795112609863, 0.03361248970031738, 0.0130615234375, 0.0181734561920166 
836, -1.8714526891708374, 0.03307461738586426, 0.013102293014526367, 0.017645597457885742 
837, -1.8714414834976196, 0.03331637382507324, 0.013145685195922852, 0.017633914947509766 
838, -1.8714452981948853, 0.03364419937133789, 0.013566732406616211, 0.0176999568939209 
839, -1.8714625835418701, 0.03315567970275879, 0.013159513473510742, 0.017658710479736328 
840, -1.8714931011199951, 0.03370237350463867, 0.013054847717285156, 0.018265485763549805 
841, -1.8715333938598633, 0.033304691314697266, 0.013251543045043945, 0.017665624618530273 
842, -1.871583342552185, 0.03353714942932129, 0.013196468353271484, 0.017699241638183594 
843, -1.8716399669647217, 0.03352093696594238, 0.013564109802246094, 0.017665624618530273 
844, -1.871697187423706, 0.033109426498413086, 0.013100147247314453, 0.01762866973876953 
845, -1.8717621564865112, 0.03386878967285156, 0.013341665267944336, 0.018090009689331055 
846, -1.8718256950378418, 0.033074378967285156, 0.013058662414550781, 0.017679214477539062 
847, -1.871893286705017, 0.03363919258117676, 0.013118267059326172, 0.017914295196533203 
848, -1.8710525035858154, 0.033455610275268555, 0.01341557502746582, 0.01773238182067871 
849, -1.8718798160552979, 0.03308701515197754, 0.013058662414550781, 0.017713069915771484 
850, -1.871809720993042, 0.03368496894836426, 0.013308286666870117, 0.018001317977905273 
851, -1.8717540502548218, 0.03322720527648926, 0.013111352920532227, 0.017743825912475586 
852, -1.87171471118927, 0.033559560775756836, 0.013126850128173828, 0.018004417419433594 
853, -1.871691346168518, 0.033231496810913086, 0.013306617736816406, 0.017626523971557617 
854, -1.8716846704483032, 0.03329777717590332, 0.013212442398071289, 0.017651081085205078 
855, -1.8716920614242554, 0.03381228446960449, 0.013546943664550781, 0.017883777618408203 
856, -1.8717131614685059, 0.03313589096069336, 0.013180017471313477, 0.017663240432739258 
857, -1.8717142343521118, 0.03358745574951172, 0.013141393661499023, 0.017957210540771484 
858, -1.8717780113220215, 0.033391475677490234, 0.013335943222045898, 0.017696142196655273 
859, -1.8718187808990479, 0.033074378967285156, 0.013129711151123047, 0.01763153076171875 
860, -1.8718677759170532, 0.03368353843688965, 0.013447761535644531, 0.01786208152770996 
861, -1.8719228506088257, 0.03314828872680664, 0.01306009292602539, 0.01770806312561035 
862, -1.8719815015792847, 0.03364682197570801, 0.013064384460449219, 0.018083810806274414 
863, -1.871264100074768, 0.03326678276062012, 0.013285636901855469, 0.01761651039123535 
864, -1.871949553489685, 0.033045291900634766, 0.013098955154418945, 0.017590999603271484 
865, -1.8718719482421875, 0.03380322456359863, 0.013473033905029297, 0.01798105239868164 
866, -1.8718129396438599, 0.03305506706237793, 0.013166427612304688, 0.017606258392333984 
867, -1.8717724084854126, 0.033583641052246094, 0.013088703155517578, 0.018097639083862305 
868, -1.8717504739761353, 0.03329014778137207, 0.013243675231933594, 0.017705678939819336 
869, -1.8717447519302368, 0.033103227615356445, 0.013197183609008789, 0.01758122444152832 
870, -1.8717552423477173, 0.033624887466430664, 0.013476848602294922, 0.0177304744720459 
871, -1.8717501163482666, 0.03313612937927246, 0.013184547424316406, 0.01760554313659668 
872, -1.8718047142028809, 0.03370857238769531, 0.013109207153320312, 0.018179655075073242 
873, -1.8718407154083252, 0.033255815505981445, 0.013242721557617188, 0.01763629913330078 
874, -1.8718864917755127, 0.03322029113769531, 0.013224601745605469, 0.01761603355407715 
875, -1.8719404935836792, 0.033666133880615234, 0.01360011100769043, 0.01775050163269043 
876, -1.8720004558563232, 0.03291487693786621, 0.012944698333740234, 0.017594099044799805 
877, -1.8720647096633911, 0.033689022064208984, 0.01304769515991211, 0.01816844940185547 
878, -1.8717364072799683, 0.033257246017456055, 0.013192892074584961, 0.017723798751831055 
879, -1.8720450401306152, 0.033121347427368164, 0.013079643249511719, 0.01758265495300293 
880, -1.8719720840454102, 0.03385782241821289, 0.013728618621826172, 0.017794370651245117 
881, -1.871917486190796, 0.03308463096618652, 0.013058662414550781, 0.017726421356201172 
882, -1.8718793392181396, 0.03347635269165039, 0.0130462646484375, 0.018079757690429688 
883, -1.8718581199645996, 0.033097028732299805, 0.013117074966430664, 0.017615079879760742 
884, -1.8718528747558594, 0.0334017276763916, 0.013154268264770508, 0.01763439178466797 
885, -1.8718020915985107, 0.03356337547302246, 0.013612031936645508, 0.01769852638244629 
886, -1.8718754053115845, 0.03314542770385742, 0.013118505477905273, 0.017660140991210938 
887, -1.8719009160995483, 0.03375983238220215, 0.013112068176269531, 0.018159151077270508 
888, -1.8719371557235718, 0.0331876277923584, 0.013197898864746094, 0.017646312713623047 
889, -1.8719826936721802, 0.03344559669494629, 0.013097286224365234, 0.017725706100463867 
890, -1.8720355033874512, 0.033447980880737305, 0.01347041130065918, 0.017651796340942383 
891, -1.8720943927764893, 0.03305864334106445, 0.013056039810180664, 0.017698287963867188 
892, -1.8721569776535034, 0.034902095794677734, 0.013162374496459961, 0.01900029182434082 
893, -1.8722227811813354, 0.0332639217376709, 0.01317739486694336, 0.017728090286254883 
894, -1.8713494539260864, 0.03410649299621582, 0.013052701950073242, 0.018100976943969727 
895, -1.872205376625061, 0.03824567794799805, 0.014256000518798828, 0.021651506423950195 
896, -1.8721344470977783, 0.03334784507751465, 0.013119697570800781, 0.017759084701538086 
897, -1.872079610824585, 0.03426384925842285, 0.013575077056884766, 0.018224239349365234 
898, -1.8720399141311646, 0.03327631950378418, 0.013159751892089844, 0.017708778381347656 
899, -1.872016429901123, 0.03375434875488281, 0.013272762298583984, 0.017972469329833984 
900, -1.8719254732131958, 0.03368043899536133, 0.013491630554199219, 0.017818927764892578 
901, -1.8720042705535889, 0.03322720527648926, 0.01318049430847168, 0.017716407775878906 
902, -1.8720136880874634, 0.03427910804748535, 0.013532876968383789, 0.01795172691345215 
903, -1.8720365762710571, 0.03340411186218262, 0.01323246955871582, 0.017760515213012695 
904, -1.8720694780349731, 0.03386044502258301, 0.013111352920532227, 0.01823258399963379 
905, -1.8721122741699219, 0.033410072326660156, 0.013224124908447266, 0.017753124237060547 
906, -1.8721636533737183, 0.033388614654541016, 0.013181924819946289, 0.017780780792236328 
907, -1.8722193241119385, 0.03390908241271973, 0.013495206832885742, 0.01803755760192871 
908, -1.8722800016403198, 0.03341054916381836, 0.013185501098632812, 0.017866134643554688 
909, -1.8719967603683472, 0.033777475357055664, 0.01315450668334961, 0.01824164390563965 
910, -1.8722503185272217, 0.03339195251464844, 0.013263463973999023, 0.017789363861083984 
911, -1.8721723556518555, 0.033265113830566406, 0.013214111328125, 0.017734289169311523 
912, -1.872112512588501, 0.03394770622253418, 0.013504743576049805, 0.01801276206970215 
913, -1.872069239616394, 0.03340291976928711, 0.013195276260375977, 0.017721891403198242 
914, -1.871956467628479, 0.03378748893737793, 0.013260364532470703, 0.018164634704589844 
915, -1.8720245361328125, 0.03345990180969238, 0.01324462890625, 0.017759323120117188 
916, -1.8720208406448364, 0.03348588943481445, 0.013267278671264648, 0.017774343490600586 
917, -1.8720325231552124, 0.03397774696350098, 0.013703346252441406, 0.017881393432617188 
918, -1.8720567226409912, 0.03338789939880371, 0.013167858123779297, 0.017774343490600586 
919, -1.8720937967300415, 0.03395271301269531, 0.01314401626586914, 0.018311738967895508 
920, -1.8721399307250977, 0.03352618217468262, 0.013237953186035156, 0.017896175384521484 
921, -1.8721930980682373, 0.033301591873168945, 0.013161897659301758, 0.017693281173706055 
922, -1.8722519874572754, 0.03383231163024902, 0.01362919807434082, 0.017802000045776367 
923, -1.8723145723342896, 0.03335833549499512, 0.013168096542358398, 0.017792224884033203 
924, -1.8723796606063843, 0.03368735313415527, 0.013158321380615234, 0.018229007720947266 
925, -1.8718318939208984, 0.03322267532348633, 0.013170957565307617, 0.017679452896118164 
926, -1.8723596334457397, 0.033442020416259766, 0.013236522674560547, 0.017737150192260742 
927, -1.8722879886627197, 0.03377985954284668, 0.013700008392333984, 0.017688989639282227 
928, -1.8722301721572876, 0.03355979919433594, 0.013277292251586914, 0.01776266098022461 
929, -1.8721345663070679, 0.03413796424865723, 0.013375282287597656, 0.018300533294677734 
930, -1.8721524477005005, 0.033356666564941406, 0.013236761093139648, 0.017720699310302734 
931, -1.8721327781677246, 0.033591270446777344, 0.01318669319152832, 0.017764806747436523 
932, -1.8721287250518799, 0.03384065628051758, 0.013607978820800781, 0.017754316329956055 
933, -1.872139573097229, 0.03334403038024902, 0.013167858123779297, 0.017768383026123047 
934, -1.8721638917922974, 0.03396964073181152, 0.01324319839477539, 0.018270254135131836 
935, -1.8721985816955566, 0.03343009948730469, 0.013213157653808594, 0.017789363861083984 
936, -1.8722434043884277, 0.03369474411010742, 0.01318812370300293, 0.01791834831237793 
937, -1.8722952604293823, 0.03353309631347656, 0.013450860977172852, 0.017783641815185547 
938, -1.872352123260498, 0.03333020210266113, 0.01313924789428711, 0.01781630516052246 
939, -1.8724133968353271, 0.03377509117126465, 0.013227224349975586, 0.01816868782043457 
940, -1.8724769353866577, 0.033379316329956055, 0.013226032257080078, 0.017750263214111328 
941, -1.8716317415237427, 0.03374218940734863, 0.013269901275634766, 0.018012523651123047 
942, -1.8724538087844849, 0.03361177444458008, 0.013421058654785156, 0.017720937728881836 
943, -1.8723796606063843, 0.03343820571899414, 0.013301610946655273, 0.01778864860534668 
944, -1.872287631034851, 0.0339350700378418, 0.013527870178222656, 0.018001317977905273 
945, -1.8722658157348633, 0.03353261947631836, 0.01326751708984375, 0.017786502838134766 
946, -1.8722286224365234, 0.03392839431762695, 0.013254880905151367, 0.01818990707397461 
947, -1.872209072113037, 0.033539533615112305, 0.013281822204589844, 0.017774105072021484 
948, -1.8722052574157715, 0.03351926803588867, 0.013240814208984375, 0.017836570739746094 
949, -1.8722155094146729, 0.03386712074279785, 0.013569116592407227, 0.017960309982299805 
950, -1.8722397089004517, 0.033417463302612305, 0.013119220733642578, 0.01797795295715332 
951, -1.8722745180130005, 0.03384590148925781, 0.013186216354370117, 0.01823115348815918 
952, -1.8723183870315552, 0.03349900245666504, 0.013321638107299805, 0.0177764892578125 
953, -1.8723692893981934, 0.03327322006225586, 0.013212203979492188, 0.01768779754638672 
954, -1.8724257946014404, 0.033941030502319336, 0.01373291015625, 0.017786741256713867 
955, -1.8724859952926636, 0.03332972526550293, 0.013188838958740234, 0.017690181732177734 
956, -1.8725491762161255, 0.033918142318725586, 0.013321876525878906, 0.01818227767944336 
957, -1.8715977668762207, 0.03345346450805664, 0.013265132904052734, 0.017776012420654297 
958, -1.8725244998931885, 0.033655405044555664, 0.013385295867919922, 0.01772308349609375 
959, -1.8724493980407715, 0.03404688835144043, 0.013905763626098633, 0.017774581909179688 
960, -1.872270941734314, 0.03339409828186035, 0.013211488723754883, 0.017714977264404297 
961, -1.8722807168960571, 0.03393697738647461, 0.01318216323852539, 0.018253564834594727 
962, -1.872282862663269, 0.033461570739746094, 0.013171195983886719, 0.01781153678894043 
963, -1.8722476959228516, 0.03408074378967285, 0.01333761215209961, 0.017948150634765625 
964, -1.8722285032272339, 0.03386402130126953, 0.013565301895141602, 0.017879247665405273 
965, -1.8722256422042847, 0.033599853515625, 0.013255119323730469, 0.01794123649597168 
966, -1.872239112854004, 0.03394722938537598, 0.013267755508422852, 0.01838207244873047 
967, -1.87226402759552, 0.033455610275268555, 0.01323246955871582, 0.017772436141967773 
968, -1.8723021745681763, 0.03379392623901367, 0.013310909271240234, 0.01791691780090332 
969, -1.8723489046096802, 0.03362679481506348, 0.013499975204467773, 0.017776966094970703 
970, -1.8724024295806885, 0.033457279205322266, 0.013238906860351562, 0.017795562744140625 
971, -1.872461199760437, 0.03422117233276367, 0.013473987579345703, 0.01822066307067871 
972, -1.8715013265609741, 0.03355145454406738, 0.013318300247192383, 0.017783403396606445 
973, -1.8724281787872314, 0.03377246856689453, 0.013333320617675781, 0.017908334732055664 
974, -1.8723496198654175, 0.033736467361450195, 0.01349020004272461, 0.017835617065429688 
975, -1.8722890615463257, 0.03341364860534668, 0.013237237930297852, 0.017752885818481445 
976, -1.8722466230392456, 0.034090518951416016, 0.013443946838378906, 0.018167734146118164 
977, -1.8722209930419922, 0.033568620681762695, 0.013270854949951172, 0.017760515213012695 
978, -1.8722124099731445, 0.03399085998535156, 0.013282537460327148, 0.01821112632751465 
979, -1.872220516204834, 0.03364157676696777, 0.013376951217651367, 0.01793694496154785 
980, -1.8722411394119263, 0.03372693061828613, 0.01331186294555664, 0.017987728118896484 
981, -1.872274398803711, 0.03394484519958496, 0.013560056686401367, 0.018039941787719727 
982, -1.8723163604736328, 0.03338003158569336, 0.013144493103027344, 0.017884016036987305 
983, -1.8723663091659546, 0.0338442325592041, 0.013203144073486328, 0.018245697021484375 
984, -1.8724219799041748, 0.03371715545654297, 0.013426065444946289, 0.017824411392211914 
985, -1.8724833726882935, 0.03361988067626953, 0.013381004333496094, 0.017785072326660156 
986, -1.872506856918335, 0.03386211395263672, 0.013676166534423828, 0.01782846450805664 
987, -1.8726081848144531, 0.03371119499206543, 0.013353347778320312, 0.01784825325012207 
988, -1.8726606369018555, 0.034117698669433594, 0.013337373733520508, 0.018294334411621094 
989, -1.8718845844268799, 0.033640146255493164, 0.013313531875610352, 0.017829418182373047 
990, -1.872611165046692, 0.03365802764892578, 0.013342618942260742, 0.017767906188964844 
991, -1.8725147247314453, 0.03404974937438965, 0.013733863830566406, 0.017943382263183594 
992, -1.8724321126937866, 0.03352212905883789, 0.013246536254882812, 0.01791667938232422 
993, -1.8723657131195068, 0.03396415710449219, 0.013231515884399414, 0.01825237274169922 
994, -1.8723161220550537, 0.03346991539001465, 0.013181209564208984, 0.017857074737548828 
995, -1.8722749948501587, 0.033557891845703125, 0.013346433639526367, 0.017801761627197266 
996, -1.8722597360610962, 0.03395438194274902, 0.013673543930053711, 0.017872333526611328 
997, -1.872251033782959, 0.033374786376953125, 0.013183355331420898, 0.017805814743041992 
998, -1.8722583055496216, 0.03390693664550781, 0.013254642486572266, 0.018298864364624023 
999, -1.8722807168960571, 0.03351950645446777, 0.013266324996948242, 0.017813920974731445 
