Iteration, loss, time 
0, 0.11425107717514038, 0.09480905532836914, 0.06476640701293945, 0.020081758499145508 
1, 0.045653581619262695, 0.0452427864074707, 0.023697376251220703, 0.01950216293334961 
2, -0.021560490131378174, 0.03592061996459961, 0.014757871627807617, 0.019250154495239258 
3, -0.0874091386795044, 0.03709220886230469, 0.014613151550292969, 0.020592451095581055 
4, -0.15188884735107422, 0.035723209381103516, 0.014586687088012695, 0.019251585006713867 
5, -0.21500098705291748, 0.03595256805419922, 0.014729499816894531, 0.019379615783691406 
6, -0.27676230669021606, 0.03563046455383301, 0.014548301696777344, 0.019188404083251953 
7, -0.33719050884246826, 0.03567385673522949, 0.014670133590698242, 0.01917290687561035 
8, -0.3962899446487427, 0.03587937355041504, 0.014506101608276367, 0.01904010772705078 
9, -0.4540826678276062, 0.03539299964904785, 0.014634370803833008, 0.018925905227661133 
10, -0.5105730295181274, 0.03471970558166504, 0.014241218566894531, 0.018586397171020508 
11, -0.5657767057418823, 0.034662485122680664, 0.014364242553710938, 0.018587112426757812 
12, -0.619705855846405, 0.03515052795410156, 0.014312267303466797, 0.018984079360961914 
13, -0.6723756790161133, 0.03547406196594238, 0.01450657844543457, 0.019071340560913086 
14, -0.7238039970397949, 0.03565812110900879, 0.014824867248535156, 0.019040346145629883 
15, -0.7739999890327454, 0.03502678871154785, 0.01443171501159668, 0.018805980682373047 
16, -0.8229817152023315, 0.034636497497558594, 0.014175891876220703, 0.01869344711303711 
17, -0.8707584738731384, 0.03403663635253906, 0.014101982116699219, 0.018343210220336914 
18, -0.9173359274864197, 0.034049034118652344, 0.013992786407470703, 0.018274307250976562 
19, -0.9627254605293274, 0.03450274467468262, 0.01410818099975586, 0.01859593391418457 
20, -1.006934642791748, 0.03474855422973633, 0.014207124710083008, 0.018816232681274414 
21, -1.0499694347381592, 0.03433537483215332, 0.01408243179321289, 0.018584489822387695 
22, -1.091851830482483, 0.03451204299926758, 0.01435232162475586, 0.018511056900024414 
23, -1.1325886249542236, 0.034505367279052734, 0.014199018478393555, 0.018576622009277344 
24, -1.1721961498260498, 0.034525156021118164, 0.014351606369018555, 0.018632173538208008 
25, -1.2106832265853882, 0.03443455696105957, 0.013941049575805664, 0.018683910369873047 
26, -1.2480649948120117, 0.03484845161437988, 0.014236927032470703, 0.01879143714904785 
27, -1.28436279296875, 0.03520560264587402, 0.014413595199584961, 0.019025564193725586 
28, -1.3196029663085938, 0.03550291061401367, 0.014502763748168945, 0.019139766693115234 
29, -1.3538110256195068, 0.035112857818603516, 0.014569997787475586, 0.018716812133789062 
30, -1.387019395828247, 0.034845590591430664, 0.014345169067382812, 0.01872396469116211 
31, -1.419269323348999, 0.034423828125, 0.013992547988891602, 0.01863384246826172 
32, -1.4505927562713623, 0.035269737243652344, 0.01450490951538086, 0.018930673599243164 
33, -1.4810272455215454, 0.035796165466308594, 0.014657020568847656, 0.019276142120361328 
34, -1.5058306455612183, 0.035883188247680664, 0.014620780944824219, 0.019374847412109375 
35, -1.529036283493042, 0.0357213020324707, 0.014611482620239258, 0.0192410945892334 
36, -1.5519790649414062, 0.03567004203796387, 0.014666557312011719, 0.019140243530273438 
37, -1.5746345520019531, 0.03589510917663574, 0.014590024948120117, 0.019362449645996094 
38, -1.596975326538086, 0.03541159629821777, 0.014411211013793945, 0.01914834976196289 
39, -1.6189708709716797, 0.03582143783569336, 0.014797210693359375, 0.019169330596923828 
40, -1.6405905485153198, 0.03591561317443848, 0.014716625213623047, 0.019369125366210938 
41, -1.6618099212646484, 0.03581595420837402, 0.014655351638793945, 0.019283294677734375 
42, -1.682612657546997, 0.03562307357788086, 0.014699459075927734, 0.019203662872314453 
43, -1.7029919624328613, 0.03496122360229492, 0.014417648315429688, 0.018663406372070312 
44, -1.7229385375976562, 0.03500533103942871, 0.014292716979980469, 0.018832921981811523 
45, -1.742457389831543, 0.03472256660461426, 0.014309167861938477, 0.01857757568359375 
46, -1.7615594863891602, 0.035272836685180664, 0.014528989791870117, 0.018922090530395508 
47, -1.7798805236816406, 0.035069942474365234, 0.014454841613769531, 0.018996238708496094 
48, -1.7977197170257568, 0.03520321846008301, 0.014388322830200195, 0.018958330154418945 
49, -1.8152354955673218, 0.0349578857421875, 0.01444101333618164, 0.018813133239746094 
50, -1.8324238061904907, 0.035272836685180664, 0.013993978500366211, 0.019488096237182617 
51, -1.8492751121520996, 0.03683042526245117, 0.015175580978393555, 0.019803524017333984 
52, -1.8657870292663574, 0.035596609115600586, 0.014591455459594727, 0.019223690032958984 
53, -1.8819568157196045, 0.03575754165649414, 0.014497041702270508, 0.019398927688598633 
54, -1.8977770805358887, 0.03623461723327637, 0.01464700698852539, 0.019643068313598633 
55, -1.9132447242736816, 0.03587460517883301, 0.014899492263793945, 0.019211769104003906 
56, -1.928358793258667, 0.035550832748413086, 0.014650106430053711, 0.019088029861450195 
57, -1.9431310892105103, 0.03755545616149902, 0.014482498168945312, 0.020863771438598633 
58, -1.9575732946395874, 0.03563284873962402, 0.014788150787353516, 0.019029617309570312 
59, -1.9717004299163818, 0.03557872772216797, 0.014505147933959961, 0.019240617752075195 
60, -1.9855318069458008, 0.035280466079711914, 0.014486551284790039, 0.018912076950073242 
61, -1.9990766048431396, 0.03505229949951172, 0.014367341995239258, 0.018877029418945312 
62, -2.0123465061187744, 0.035093069076538086, 0.01441502571105957, 0.018842697143554688 
63, -2.025345802307129, 0.034905433654785156, 0.014329195022583008, 0.018724918365478516 
64, -2.0380778312683105, 0.03442549705505371, 0.014291763305664062, 0.01855158805847168 
65, -2.050546884536743, 0.03518247604370117, 0.014302492141723633, 0.01901984214782715 
66, -2.062758445739746, 0.035871267318725586, 0.014849185943603516, 0.019172191619873047 
67, -2.074716091156006, 0.03542685508728027, 0.01459193229675293, 0.019013404846191406 
68, -2.0864181518554688, 0.03546571731567383, 0.014496326446533203, 0.019130468368530273 
69, -2.0978684425354004, 0.03559088706970215, 0.014624595642089844, 0.019115686416625977 
70, -2.109062671661377, 0.03586435317993164, 0.014642715454101562, 0.019388437271118164 
71, -2.1200060844421387, 0.03556466102600098, 0.014498472213745117, 0.019211292266845703 
72, -2.1306939125061035, 0.03530263900756836, 0.01451730728149414, 0.018978357315063477 
73, -2.14113187789917, 0.03574109077453613, 0.014565706253051758, 0.01926422119140625 
74, -2.151329517364502, 0.03552675247192383, 0.014616727828979492, 0.019112348556518555 
75, -2.1613025665283203, 0.03607630729675293, 0.01459956169128418, 0.019492387771606445 
76, -2.1710658073425293, 0.03577542304992676, 0.01470494270324707, 0.019225120544433594 
77, -2.1806294918060303, 0.03568434715270996, 0.01460576057434082, 0.01920461654663086 
78, -2.1900014877319336, 0.035646677017211914, 0.014530181884765625, 0.019258499145507812 
79, -2.1991868019104004, 0.03556108474731445, 0.01463174819946289, 0.019101381301879883 
80, -2.2081875801086426, 0.03523421287536621, 0.014394760131835938, 0.018915414810180664 
81, -2.217005729675293, 0.034822940826416016, 0.014250993728637695, 0.018753528594970703 
82, -2.225645065307617, 0.03446650505065918, 0.014191865921020508, 0.0186917781829834 
83, -2.234105110168457, 0.03495669364929199, 0.014097452163696289, 0.019073963165283203 
84, -2.2423887252807617, 0.03533196449279785, 0.014648675918579102, 0.019043445587158203 
85, -2.250502586364746, 0.035246849060058594, 0.014277458190917969, 0.019200801849365234 
86, -2.2584481239318848, 0.034822940826416016, 0.014194488525390625, 0.018732070922851562 
87, -2.2662246227264404, 0.034279823303222656, 0.014194726943969727, 0.0184781551361084 
88, -2.273834705352783, 0.034758567810058594, 0.014039278030395508, 0.018988370895385742 
89, -2.281285285949707, 0.03451943397521973, 0.014356851577758789, 0.018560171127319336 
90, -2.2885804176330566, 0.03415417671203613, 0.014046192169189453, 0.018350839614868164 
91, -2.295729160308838, 0.03457069396972656, 0.014237165451049805, 0.01861405372619629 
92, -2.302733898162842, 0.0347592830657959, 0.014169454574584961, 0.018858671188354492 
93, -2.3095974922180176, 0.035103559494018555, 0.01443791389465332, 0.018910646438598633 
94, -2.3163208961486816, 0.035146236419677734, 0.014406442642211914, 0.018950223922729492 
95, -2.322904586791992, 0.03503131866455078, 0.014452934265136719, 0.018744707107543945 
96, -2.329348087310791, 0.034613609313964844, 0.014187335968017578, 0.01859140396118164 
97, -2.3356547355651855, 0.03469109535217285, 0.014246940612792969, 0.0188138484954834 
98, -2.3418283462524414, 0.03423666954040527, 0.014010190963745117, 0.01846623420715332 
99, -2.3478686809539795, 0.03450322151184082, 0.01413416862487793, 0.018746376037597656 
100, -2.3537774085998535, 0.035585880279541016, 0.01455378532409668, 0.01929330825805664 
101, -2.3595521450042725, 0.03650712966918945, 0.014867782592773438, 0.01965928077697754 
102, -2.365194797515869, 0.03650093078613281, 0.015054941177368164, 0.019715070724487305 
103, -2.3707032203674316, 0.03654789924621582, 0.015167236328125, 0.01950359344482422 
104, -2.376077175140381, 0.03564763069152832, 0.014647722244262695, 0.019150972366333008 
105, -2.381317138671875, 0.0351104736328125, 0.014496803283691406, 0.0189363956451416 
106, -2.3864190578460693, 0.03473997116088867, 0.014234781265258789, 0.018720388412475586 
107, -2.3913912773132324, 0.0350346565246582, 0.014415979385375977, 0.018897056579589844 
108, -2.3963308334350586, 0.03502392768859863, 0.014342069625854492, 0.018999338150024414 
109, -2.401318311691284, 0.03519773483276367, 0.014405965805053711, 0.018940210342407227 
110, -2.40626859664917, 0.035422563552856445, 0.014368295669555664, 0.01912713050842285 
111, -2.411146640777588, 0.03596186637878418, 0.014643430709838867, 0.019376039505004883 
112, -2.4159140586853027, 0.03560662269592285, 0.014663934707641602, 0.019088268280029297 
113, -2.420531749725342, 0.035973548889160156, 0.014659643173217773, 0.019323348999023438 
114, -2.424976348876953, 0.035733699798583984, 0.014656305313110352, 0.019202470779418945 
115, -2.4292397499084473, 0.03563380241394043, 0.014592647552490234, 0.019226789474487305 
116, -2.4333415031433105, 0.03565216064453125, 0.014587640762329102, 0.019213438034057617 
117, -2.4373133182525635, 0.03544473648071289, 0.014618158340454102, 0.01909947395324707 
118, -2.4411778450012207, 0.03558802604675293, 0.01450490951538086, 0.0192413330078125 
119, -2.4449477195739746, 0.03525185585021973, 0.014483928680419922, 0.018912315368652344 
120, -2.4486284255981445, 0.03543877601623535, 0.014481544494628906, 0.019281625747680664 
121, -2.452224016189575, 0.0357208251953125, 0.014827489852905273, 0.019069671630859375 
122, -2.4557411670684814, 0.034960269927978516, 0.014434099197387695, 0.018736839294433594 
123, -2.459181308746338, 0.034845590591430664, 0.014207124710083008, 0.018854856491088867 
124, -2.4625444412231445, 0.034741878509521484, 0.01430821418762207, 0.01867532730102539 
125, -2.465829610824585, 0.03500103950500488, 0.01437830924987793, 0.01885986328125 
126, -2.4690299034118652, 0.03439784049987793, 0.014272928237915039, 0.01855635643005371 
127, -2.4721384048461914, 0.03447079658508301, 0.014177799224853516, 0.01862335205078125 
128, -2.4751455783843994, 0.03511357307434082, 0.01438450813293457, 0.018901586532592773 
129, -2.4780492782592773, 0.03438067436218262, 0.014269590377807617, 0.0184786319732666 
130, -2.480863571166992, 0.033338069915771484, 0.013636112213134766, 0.018160581588745117 
131, -2.4836044311523438, 0.034523725509643555, 0.014006614685058594, 0.01864767074584961 
132, -2.4862756729125977, 0.03459286689758301, 0.014114618301391602, 0.018673181533813477 
133, -2.4888663291931152, 0.03506731986999512, 0.01445627212524414, 0.018846511840820312 
134, -2.4913671016693115, 0.03511548042297363, 0.014406681060791016, 0.018897533416748047 
135, -2.493781089782715, 0.034912824630737305, 0.014293432235717773, 0.018820762634277344 
136, -2.49611234664917, 0.0353388786315918, 0.01454472541809082, 0.0191195011138916 
137, -2.4983716011047363, 0.035302162170410156, 0.014404535293579102, 0.019103288650512695 
138, -2.500570774078369, 0.034929513931274414, 0.014476537704467773, 0.018645048141479492 
139, -2.502713680267334, 0.034537315368652344, 0.014138936996459961, 0.018707990646362305 
140, -2.5047965049743652, 0.035733699798583984, 0.014499187469482422, 0.01932215690612793 
141, -2.5068182945251465, 0.03603792190551758, 0.01460886001586914, 0.019517183303833008 
142, -2.5087809562683105, 0.03620147705078125, 0.01472926139831543, 0.019600868225097656 
143, -2.510692596435547, 0.03623676300048828, 0.014851808547973633, 0.01952362060546875 
144, -2.512556552886963, 0.036345481872558594, 0.014969587326049805, 0.019536495208740234 
145, -2.514364004135132, 0.03603172302246094, 0.01497793197631836, 0.019254446029663086 
146, -2.516113758087158, 0.03573036193847656, 0.014623403549194336, 0.019178152084350586 
147, -2.517812967300415, 0.035526275634765625, 0.014590978622436523, 0.019066810607910156 
148, -2.519467830657959, 0.035317420959472656, 0.014434099197387695, 0.019025087356567383 
149, -2.521084785461426, 0.03525042533874512, 0.014458417892456055, 0.018974781036376953 
150, -2.5226693153381348, 0.03542518615722656, 0.014434099197387695, 0.019140005111694336 
151, -2.5242233276367188, 0.035192012786865234, 0.014425039291381836, 0.018980979919433594 
152, -2.525750160217285, 0.035396575927734375, 0.014624834060668945, 0.01898932456970215 
153, -2.527247905731201, 0.03523969650268555, 0.014481067657470703, 0.018931150436401367 
154, -2.5287041664123535, 0.03528165817260742, 0.01458430290222168, 0.018924951553344727 
155, -2.530111312866211, 0.035147905349731445, 0.014383077621459961, 0.01896953582763672 
156, -2.531477928161621, 0.035013675689697266, 0.014342546463012695, 0.018861055374145508 
157, -2.5328216552734375, 0.034723758697509766, 0.014430761337280273, 0.018636703491210938 
158, -2.5341532230377197, 0.03486371040344238, 0.014132022857666016, 0.018930912017822266 
159, -2.5354666709899902, 0.035131216049194336, 0.014429330825805664, 0.018921852111816406 
160, -2.536741256713867, 0.03537249565124512, 0.014404535293579102, 0.019037485122680664 
161, -2.5379762649536133, 0.03621411323547363, 0.014872074127197266, 0.019651412963867188 
162, -2.5391898155212402, 0.036572933197021484, 0.014879226684570312, 0.01983022689819336 
163, -2.5403976440429688, 0.03669238090515137, 0.015063762664794922, 0.019649744033813477 
164, -2.5415990352630615, 0.03614020347595215, 0.015025854110717773, 0.01934528350830078 
165, -2.5427751541137695, 0.03549814224243164, 0.014591455459594727, 0.01906418800354004 
166, -2.5439183712005615, 0.03539228439331055, 0.014537811279296875, 0.019031524658203125 
167, -2.545039176940918, 0.035552978515625, 0.014667510986328125, 0.019276857376098633 
168, -2.546145439147949, 0.03585338592529297, 0.014739513397216797, 0.019222736358642578 
169, -2.5472214221954346, 0.0356442928314209, 0.014668941497802734, 0.019065380096435547 
170, -2.548253059387207, 0.03529500961303711, 0.014505386352539062, 0.01900458335876465 
171, -2.5492546558380127, 0.034978389739990234, 0.014374732971191406, 0.01878976821899414 
172, -2.550243377685547, 0.034850120544433594, 0.014277219772338867, 0.018723011016845703 
173, -2.5512208938598633, 0.0353395938873291, 0.014461278915405273, 0.01905512809753418 
174, -2.5521740913391113, 0.035294294357299805, 0.0144500732421875, 0.01901721954345703 
175, -2.553091526031494, 0.03576087951660156, 0.014612674713134766, 0.019225120544433594 
176, -2.5539896488189697, 0.035674333572387695, 0.014735221862792969, 0.019151926040649414 
177, -2.5548782348632812, 0.03559517860412598, 0.014549016952514648, 0.019167423248291016 
178, -2.5557518005371094, 0.03557276725769043, 0.014600992202758789, 0.019118070602416992 
179, -2.5565967559814453, 0.03550410270690918, 0.014528751373291016, 0.019144296646118164 
180, -2.557419776916504, 0.03579306602478027, 0.014659881591796875, 0.019279956817626953 
181, -2.558230400085449, 0.035241127014160156, 0.014453411102294922, 0.018963336944580078 
182, -2.559027910232544, 0.03473258018493652, 0.01436471939086914, 0.01869797706604004 
183, -2.5598044395446777, 0.03567624092102051, 0.014556646347045898, 0.0192568302154541 
184, -2.5605592727661133, 0.03559517860412598, 0.014670133590698242, 0.01900458335876465 
185, -2.5613019466400146, 0.0352933406829834, 0.014567136764526367, 0.019089937210083008 
186, -2.5620272159576416, 0.034465789794921875, 0.014221429824829102, 0.01849079132080078 
187, -2.5627188682556152, 0.03482484817504883, 0.014264583587646484, 0.018781185150146484 
188, -2.5633819103240967, 0.03552842140197754, 0.014575481414794922, 0.019226789474487305 
189, -2.5640435218811035, 0.0360560417175293, 0.01467442512512207, 0.019336938858032227 
190, -2.5647149085998535, 0.0350799560546875, 0.014575958251953125, 0.018823623657226562 
191, -2.5653820037841797, 0.034416913986206055, 0.01403665542602539, 0.01869654655456543 
192, -2.566007614135742, 0.0346989631652832, 0.014228343963623047, 0.018678903579711914 
193, -2.566589832305908, 0.03476428985595703, 0.014180421829223633, 0.018839120864868164 
194, -2.5671706199645996, 0.03457212448120117, 0.014253377914428711, 0.018670082092285156 
195, -2.56776762008667, 0.03410530090332031, 0.013855457305908203, 0.01843714714050293 
196, -2.5683586597442627, 0.03470802307128906, 0.014147043228149414, 0.018819570541381836 
197, -2.5689234733581543, 0.03536868095397949, 0.014403581619262695, 0.01915287971496582 
198, -2.5694732666015625, 0.03539228439331055, 0.014467716217041016, 0.019107818603515625 
199, -2.5700316429138184, 0.035288095474243164, 0.014602899551391602, 0.01886129379272461 
200, -2.570596218109131, 0.03466343879699707, 0.014272928237915039, 0.018671035766601562 
201, -2.5711429119110107, 0.034612178802490234, 0.014249324798583984, 0.018626928329467773 
202, -2.5716676712036133, 0.03491044044494629, 0.014256000518798828, 0.018830537796020508 
203, -2.572190523147583, 0.03490781784057617, 0.014371871948242188, 0.018715858459472656 
204, -2.572721481323242, 0.034595489501953125, 0.01417088508605957, 0.018677234649658203 
205, -2.5732421875, 0.03520631790161133, 0.01439523696899414, 0.01894855499267578 
206, -2.573727607727051, 0.035375356674194336, 0.014456510543823242, 0.019145965576171875 
207, -2.5741934776306152, 0.03528022766113281, 0.014435768127441406, 0.019076108932495117 
208, -2.574666976928711, 0.03479576110839844, 0.014365673065185547, 0.018784761428833008 
209, -2.5751614570617676, 0.03527069091796875, 0.014352083206176758, 0.019046545028686523 
210, -2.5756587982177734, 0.035727500915527344, 0.014602184295654297, 0.019286632537841797 
211, -2.576120615005493, 0.0359797477722168, 0.014908075332641602, 0.019301414489746094 
212, -2.576561450958252, 0.03553199768066406, 0.01451563835144043, 0.01916980743408203 
213, -2.577014207839966, 0.03586983680725098, 0.014647245407104492, 0.01938796043395996 
214, -2.577486515045166, 0.03507113456726074, 0.014545202255249023, 0.018723487854003906 
215, -2.577951431274414, 0.03483843803405762, 0.014414787292480469, 0.018689870834350586 
216, -2.5783896446228027, 0.03508448600769043, 0.014332294464111328, 0.01892542839050293 
217, -2.578821897506714, 0.03532886505126953, 0.014455318450927734, 0.018995046615600586 
218, -2.579265594482422, 0.035614967346191406, 0.014512300491333008, 0.019214391708374023 
219, -2.57971453666687, 0.0353090763092041, 0.01442718505859375, 0.019012928009033203 
220, -2.5801424980163574, 0.03562521934509277, 0.014597654342651367, 0.019173145294189453 
221, -2.5805513858795166, 0.0357511043548584, 0.014638185501098633, 0.019266605377197266 
222, -2.5809688568115234, 0.03586077690124512, 0.01461338996887207, 0.019361019134521484 
223, -2.58139705657959, 0.03596186637878418, 0.014725208282470703, 0.019236087799072266 
224, -2.5818135738372803, 0.03607583045959473, 0.014585733413696289, 0.01933121681213379 
225, -2.5821943283081055, 0.03507518768310547, 0.014551877975463867, 0.01881575584411621 
226, -2.58256459236145, 0.035443782806396484, 0.01436758041381836, 0.01922154426574707 
227, -2.5829575061798096, 0.035919904708862305, 0.014804363250732422, 0.019210100173950195 
228, -2.583376169204712, 0.0355377197265625, 0.014517545700073242, 0.019109487533569336 
229, -2.583787202835083, 0.03565478324890137, 0.014593362808227539, 0.019205331802368164 
230, -2.5841550827026367, 0.03525257110595703, 0.014545679092407227, 0.01895904541015625 
231, -2.584500312805176, 0.03473377227783203, 0.014112472534179688, 0.018819808959960938 
232, -2.584867477416992, 0.03551840782165527, 0.014521360397338867, 0.019054889678955078 
233, -2.585254430770874, 0.03496241569519043, 0.014380216598510742, 0.0187380313873291 
234, -2.5856270790100098, 0.03470015525817871, 0.014409303665161133, 0.01861715316772461 
235, -2.5859663486480713, 0.03398704528808594, 0.014016866683959961, 0.018286943435668945 
236, -2.5863029956817627, 0.03413105010986328, 0.013984441757202148, 0.01853489875793457 
237, -2.5866544246673584, 0.03363776206970215, 0.013921022415161133, 0.017999649047851562 
238, -2.587010622024536, 0.03390097618103027, 0.014027833938598633, 0.01835322380065918 
239, -2.587348461151123, 0.03425884246826172, 0.013926982879638672, 0.01852869987487793 
240, -2.5876753330230713, 0.03501272201538086, 0.014369726181030273, 0.018744945526123047 
241, -2.5880045890808105, 0.03471183776855469, 0.014330625534057617, 0.018787384033203125 
242, -2.5883402824401855, 0.034606218338012695, 0.014142751693725586, 0.018675565719604492 
243, -2.588667392730713, 0.034893035888671875, 0.014315605163574219, 0.018795013427734375 
244, -2.5889716148376465, 0.03461933135986328, 0.014132022857666016, 0.01881551742553711 
245, -2.589268207550049, 0.03484225273132324, 0.014184713363647461, 0.018817424774169922 
246, -2.5895767211914062, 0.03538155555725098, 0.014362573623657227, 0.01919078826904297 
247, -2.589890956878662, 0.03572273254394531, 0.014673709869384766, 0.019237518310546875 
248, -2.590188503265381, 0.03577113151550293, 0.014522075653076172, 0.019392967224121094 
249, -2.5904698371887207, 0.035968780517578125, 0.01488184928894043, 0.019270658493041992 
250, -2.5907506942749023, 0.03621649742126465, 0.014867067337036133, 0.0195004940032959 
251, -2.5910415649414062, 0.03635048866271973, 0.015066146850585938, 0.01944565773010254 
252, -2.5913281440734863, 0.03655409812927246, 0.015042304992675781, 0.019645214080810547 
253, -2.591597080230713, 0.03590559959411621, 0.0146484375, 0.01937413215637207 
254, -2.5918450355529785, 0.03670954704284668, 0.014653205871582031, 0.020115375518798828 
255, -2.5920979976654053, 0.03590679168701172, 0.014541149139404297, 0.019454002380371094 
256, -2.5923705101013184, 0.036099910736083984, 0.014836788177490234, 0.01940011978149414 
257, -2.592646598815918, 0.035643815994262695, 0.014672040939331055, 0.01910877227783203 
258, -2.592904567718506, 0.03527545928955078, 0.014547586441040039, 0.01887345314025879 
259, -2.5931448936462402, 0.03522539138793945, 0.014497518539428711, 0.018913745880126953 
260, -2.5933914184570312, 0.03516101837158203, 0.014400720596313477, 0.01893472671508789 
261, -2.5936546325683594, 0.035645484924316406, 0.014696836471557617, 0.019121646881103516 
262, -2.5939090251922607, 0.03500986099243164, 0.014394044876098633, 0.018817424774169922 
263, -2.5941457748413086, 0.03514838218688965, 0.014382600784301758, 0.01892995834350586 
264, -2.5943775177001953, 0.034776926040649414, 0.014392852783203125, 0.01861405372619629 
265, -2.594623327255249, 0.03512001037597656, 0.014402627944946289, 0.018828630447387695 
266, -2.594881057739258, 0.03531837463378906, 0.014420747756958008, 0.019066810607910156 
267, -2.5951294898986816, 0.03598594665527344, 0.014799833297729492, 0.0192716121673584 
268, -2.5953588485717773, 0.03574037551879883, 0.014846324920654297, 0.01910686492919922 
269, -2.595578670501709, 0.0360105037689209, 0.014789581298828125, 0.019414186477661133 
270, -2.5958142280578613, 0.03555178642272949, 0.01488184928894043, 0.01898503303527832 
271, -2.596055507659912, 0.0352025032043457, 0.014406442642211914, 0.01894521713256836 
272, -2.5962753295898438, 0.035242319107055664, 0.014483451843261719, 0.01900625228881836 
273, -2.5964746475219727, 0.035782814025878906, 0.014548778533935547, 0.019356727600097656 
274, -2.5966806411743164, 0.03600740432739258, 0.01478266716003418, 0.019392013549804688 
275, -2.5969085693359375, 0.03557229042053223, 0.01465463638305664, 0.019243717193603516 
276, -2.597146511077881, 0.03568220138549805, 0.01458287239074707, 0.019262313842773438 
277, -2.597360610961914, 0.03575611114501953, 0.014725208282470703, 0.019190549850463867 
278, -2.59755277633667, 0.035826921463012695, 0.014711380004882812, 0.019257307052612305 
279, -2.5977566242218018, 0.0354313850402832, 0.014548540115356445, 0.0189666748046875 
280, -2.5979814529418945, 0.035321950912475586, 0.014487743377685547, 0.01900768280029297 
281, -2.598202705383301, 0.03519558906555176, 0.014401435852050781, 0.018968820571899414 
282, -2.59838604927063, 0.03541898727416992, 0.014257431030273438, 0.01923847198486328 
283, -2.598548173904419, 0.03558635711669922, 0.014535903930664062, 0.019226789474487305 
284, -2.5987367630004883, 0.03572726249694824, 0.014623403549194336, 0.019249439239501953 
285, -2.5989584922790527, 0.03585338592529297, 0.01465153694152832, 0.019292116165161133 
286, -2.5991878509521484, 0.035752296447753906, 0.01460123062133789, 0.019263744354248047 
287, -2.599381923675537, 0.03563737869262695, 0.01460576057434082, 0.01914238929748535 
288, -2.5995473861694336, 0.03541231155395508, 0.014567375183105469, 0.018978595733642578 
289, -2.5997262001037598, 0.03547525405883789, 0.01448678970336914, 0.019089221954345703 
290, -2.599931478500366, 0.03568434715270996, 0.014488697052001953, 0.01931142807006836 
291, -2.60013484954834, 0.03540205955505371, 0.014490365982055664, 0.019097089767456055 
292, -2.6002960205078125, 0.0352778434753418, 0.014422416687011719, 0.019049882888793945 
293, -2.600440740585327, 0.03476095199584961, 0.01435995101928711, 0.018716096878051758 
294, -2.6006124019622803, 0.03461956977844238, 0.014133214950561523, 0.01863265037536621 
295, -2.600811719894409, 0.03506350517272949, 0.014235973358154297, 0.018998146057128906 
296, -2.601006031036377, 0.03529977798461914, 0.014500617980957031, 0.019074201583862305 
297, -2.6011528968811035, 0.034828901290893555, 0.01427602767944336, 0.018785953521728516 
298, -2.601285696029663, 0.03408384323120117, 0.014156103134155273, 0.01832723617553711 
299, -2.6014490127563477, 0.034203529357910156, 0.013899087905883789, 0.018513917922973633 
300, -2.6016387939453125, 0.0345761775970459, 0.01413869857788086, 0.018807411193847656 
301, -2.601814031600952, 0.034252166748046875, 0.014178276062011719, 0.01831984519958496 
302, -2.601938009262085, 0.034830570220947266, 0.014275312423706055, 0.018782377243041992 
303, -2.602055788040161, 0.03495645523071289, 0.01429891586303711, 0.01896047592163086 
304, -2.602207899093628, 0.03481411933898926, 0.014268636703491211, 0.01874685287475586 
305, -2.6023917198181152, 0.03529477119445801, 0.014447212219238281, 0.018979549407958984 
306, -2.602567672729492, 0.03461742401123047, 0.014243841171264648, 0.018599748611450195 
307, -2.602689743041992, 0.034737586975097656, 0.014343738555908203, 0.018752336502075195 
308, -2.602794647216797, 0.03447413444519043, 0.014117717742919922, 0.0185701847076416 
309, -2.6029343605041504, 0.0350496768951416, 0.014356374740600586, 0.01889801025390625 
310, -2.60310435295105, 0.034990787506103516, 0.014432430267333984, 0.01868891716003418 
311, -2.6032633781433105, 0.03538012504577637, 0.014399051666259766, 0.01909923553466797 
312, -2.603367328643799, 0.03607583045959473, 0.014948844909667969, 0.019298315048217773 
313, -2.6034529209136963, 0.035935401916503906, 0.014811277389526367, 0.019284725189208984 
314, -2.6035726070404053, 0.035565853118896484, 0.014615058898925781, 0.01912379264831543 
315, -2.603728771209717, 0.03516244888305664, 0.014441490173339844, 0.018979549407958984 
316, -2.6038918495178223, 0.03535771369934082, 0.01439523696899414, 0.019060611724853516 
317, -2.6040143966674805, 0.03562569618225098, 0.014536142349243164, 0.019269943237304688 
318, -2.604102611541748, 0.0355684757232666, 0.014558553695678711, 0.019112586975097656 
319, -2.6042051315307617, 0.035124778747558594, 0.014511823654174805, 0.0187075138092041 
320, -2.6043343544006348, 0.0358271598815918, 0.014861106872558594, 0.01914215087890625 
321, -2.6044669151306152, 0.0354917049407959, 0.014461994171142578, 0.0192568302154541 
322, -2.6045641899108887, 0.03563356399536133, 0.014658212661743164, 0.01912713050842285 
323, -2.6046433448791504, 0.03522896766662598, 0.014574289321899414, 0.018919944763183594 
324, -2.604743480682373, 0.03488874435424805, 0.01428985595703125, 0.018805503845214844 
325, -2.604867935180664, 0.03506731986999512, 0.014370203018188477, 0.018811702728271484 
326, -2.6049890518188477, 0.03480720520019531, 0.014340639114379883, 0.018725872039794922 
327, -2.6050775051116943, 0.03482556343078613, 0.014395952224731445, 0.018654346466064453 
328, -2.605151653289795, 0.03511977195739746, 0.014196634292602539, 0.019072771072387695 
329, -2.6052467823028564, 0.03556966781616211, 0.01454782485961914, 0.019165754318237305 
330, -2.6053569316864014, 0.03560280799865723, 0.014673709869384766, 0.0191648006439209 
331, -2.605454921722412, 0.03543496131896973, 0.014582157135009766, 0.01907801628112793 
332, -2.6055116653442383, 0.03486347198486328, 0.014365911483764648, 0.018667936325073242 
333, -2.605562686920166, 0.03560304641723633, 0.014447689056396484, 0.019202709197998047 
334, -2.6056437492370605, 0.03567075729370117, 0.014511585235595703, 0.019245147705078125 
335, -2.605752944946289, 0.03569912910461426, 0.014625310897827148, 0.019152164459228516 
336, -2.6058573722839355, 0.035521507263183594, 0.014425992965698242, 0.019129514694213867 
337, -2.605921745300293, 0.03523969650268555, 0.014561891555786133, 0.018892765045166016 
338, -2.6059646606445312, 0.03505516052246094, 0.014613151550292969, 0.018657207489013672 
339, -2.606034517288208, 0.03474307060241699, 0.014202117919921875, 0.018709421157836914 
340, -2.606127977371216, 0.03509926795959473, 0.014351129531860352, 0.018920421600341797 
341, -2.6062095165252686, 0.034990549087524414, 0.014328956604003906, 0.018895864486694336 
342, -2.6062440872192383, 0.03514671325683594, 0.01436758041381836, 0.018850088119506836 
343, -2.6062755584716797, 0.03434157371520996, 0.014483928680419922, 0.018339157104492188 
344, -2.606337308883667, 0.03459739685058594, 0.014094829559326172, 0.018697023391723633 
345, -2.6064224243164062, 0.034088850021362305, 0.014328241348266602, 0.018176555633544922 
346, -2.6064977645874023, 0.03407025337219238, 0.013794898986816406, 0.01861572265625 
347, -2.606536388397217, 0.0342404842376709, 0.013942956924438477, 0.018499374389648438 
348, -2.6065635681152344, 0.03438234329223633, 0.014100313186645508, 0.018615245819091797 
349, -2.6066102981567383, 0.03476834297180176, 0.014290809631347656, 0.018726110458374023 
350, -2.6066713333129883, 0.03451418876647949, 0.014182567596435547, 0.018630027770996094 
351, -2.606714963912964, 0.03419804573059082, 0.014069318771362305, 0.018430233001708984 
352, -2.606731414794922, 0.03429675102233887, 0.013914108276367188, 0.01857280731201172 
353, -2.606753349304199, 0.03497505187988281, 0.014225482940673828, 0.01892852783203125 
354, -2.6068005561828613, 0.03518486022949219, 0.014472246170043945, 0.0188753604888916 
355, -2.606853485107422, 0.03542065620422363, 0.014616250991821289, 0.018957853317260742 
356, -2.60688853263855, 0.0363314151763916, 0.01486968994140625, 0.019572019577026367 
357, -2.606903314590454, 0.03670811653137207, 0.015110492706298828, 0.019649028778076172 
358, -2.6069250106811523, 0.036313772201538086, 0.01484537124633789, 0.019582748413085938 
359, -2.6069648265838623, 0.036041259765625, 0.015090227127075195, 0.019311189651489258 
360, -2.606997489929199, 0.03512096405029297, 0.014394521713256836, 0.018876314163208008 
361, -2.6070034503936768, 0.03558659553527832, 0.014509201049804688, 0.01919865608215332 
362, -2.606994390487671, 0.035921335220336914, 0.014611244201660156, 0.01941394805908203 
363, -2.607004165649414, 0.03626203536987305, 0.014926671981811523, 0.019443511962890625 
364, -2.6070377826690674, 0.03548693656921387, 0.014477729797363281, 0.019180774688720703 
365, -2.6070668697357178, 0.03586149215698242, 0.014670848846435547, 0.019352197647094727 
366, -2.6070666313171387, 0.03636288642883301, 0.015056848526000977, 0.0194547176361084 
367, -2.6070518493652344, 0.03631925582885742, 0.014872074127197266, 0.019503116607666016 
368, -2.607053518295288, 0.03549003601074219, 0.01480412483215332, 0.01885247230529785 
369, -2.6070759296417236, 0.03500556945800781, 0.014373064041137695, 0.018776655197143555 
370, -2.6070804595947266, 0.03480029106140137, 0.014386415481567383, 0.018600940704345703 
371, -2.6070570945739746, 0.035088539123535156, 0.014370918273925781, 0.01886606216430664 
372, -2.6070358753204346, 0.03526759147644043, 0.014465808868408203, 0.01898026466369629 
373, -2.6070401668548584, 0.035538673400878906, 0.014565229415893555, 0.019120216369628906 
374, -2.607057571411133, 0.03557181358337402, 0.014513254165649414, 0.01906585693359375 
375, -2.6070570945739746, 0.035956382751464844, 0.014521360397338867, 0.019482135772705078 
376, -2.6070327758789062, 0.035138845443725586, 0.014442682266235352, 0.01900339126586914 
377, -2.6070175170898438, 0.035463571548461914, 0.014534235000610352, 0.019155502319335938 
378, -2.6070261001586914, 0.03529024124145508, 0.014397621154785156, 0.01898050308227539 
379, -2.607041358947754, 0.03585457801818848, 0.014462709426879883, 0.018945932388305664 
380, -2.6070380210876465, 0.03609800338745117, 0.014745950698852539, 0.019410371780395508 
381, -2.607017755508423, 0.03586435317993164, 0.014842987060546875, 0.019171476364135742 
382, -2.60701322555542, 0.03564453125, 0.014585256576538086, 0.01920175552368164 
383, -2.607034683227539, 0.03560376167297363, 0.014669656753540039, 0.019106388092041016 
384, -2.6070609092712402, 0.035483360290527344, 0.01451253890991211, 0.019176721572875977 
385, -2.6070613861083984, 0.035623788833618164, 0.014572620391845703, 0.019190311431884766 
386, -2.6070456504821777, 0.035570383071899414, 0.014577627182006836, 0.019160985946655273 
387, -2.607043743133545, 0.03552675247192383, 0.01460886001586914, 0.01902031898498535 
388, -2.6070635318756104, 0.03528857231140137, 0.014585494995117188, 0.018791913986206055 
389, -2.6070754528045654, 0.035102128982543945, 0.014269590377807617, 0.018914461135864258 
390, -2.607058525085449, 0.03617358207702637, 0.0148468017578125, 0.019411563873291016 
391, -2.6070356369018555, 0.03617501258850098, 0.014772176742553711, 0.01944112777709961 
392, -2.60703444480896, 0.03562116622924805, 0.01457357406616211, 0.019133567810058594 
393, -2.607056140899658, 0.036020755767822266, 0.014686107635498047, 0.019434690475463867 
394, -2.607072353363037, 0.03537940979003906, 0.014596700668334961, 0.01897883415222168 
395, -2.6070592403411865, 0.03570151329040527, 0.014461040496826172, 0.019170761108398438 
396, -2.6070404052734375, 0.0356602668762207, 0.014613151550292969, 0.01915597915649414 
397, -2.6070501804351807, 0.03566694259643555, 0.01461482048034668, 0.019191503524780273 
398, -2.6070759296417236, 0.03566694259643555, 0.014622688293457031, 0.019191503524780273 
399, -2.607084274291992, 0.03535628318786621, 0.01456594467163086, 0.019046783447265625 
400, -2.6070570945739746, 0.034728288650512695, 0.014293670654296875, 0.018728256225585938 
401, -2.60703182220459, 0.03480052947998047, 0.014107942581176758, 0.0188143253326416 
402, -2.607044219970703, 0.03508162498474121, 0.014416694641113281, 0.01882147789001465 
403, -2.6070761680603027, 0.03505206108093262, 0.01446986198425293, 0.01884293556213379 
404, -2.6070871353149414, 0.034151554107666016, 0.01406097412109375, 0.018407106399536133 
405, -2.607062816619873, 0.034072160720825195, 0.013967037200927734, 0.018340110778808594 
406, -2.607043504714966, 0.03426098823547363, 0.01396942138671875, 0.01849055290222168 
407, -2.607056140899658, 0.03454184532165527, 0.014130115509033203, 0.018567800521850586 
408, -2.607085704803467, 0.034476518630981445, 0.014259099960327148, 0.01844930648803711 
409, -2.607084274291992, 0.034838199615478516, 0.014416694641113281, 0.018683433532714844 
410, -2.6070494651794434, 0.034430503845214844, 0.014181137084960938, 0.01863884925842285 
411, -2.6070313453674316, 0.034193992614746094, 0.014050960540771484, 0.018448352813720703 
412, -2.607053279876709, 0.03479337692260742, 0.014302492141723633, 0.018802404403686523 
413, -2.6070852279663086, 0.03498435020446777, 0.014601469039916992, 0.01866936683654785 
414, -2.607081413269043, 0.034956932067871094, 0.014311075210571289, 0.01887345314025879 
415, -2.607048511505127, 0.03515028953552246, 0.014465808868408203, 0.018962383270263672 
416, -2.6070337295532227, 0.034960031509399414, 0.014312744140625, 0.018839359283447266 
417, -2.607057571411133, 0.034848690032958984, 0.014407634735107422, 0.018692731857299805 
418, -2.6070868968963623, 0.03488469123840332, 0.014267921447753906, 0.018797636032104492 
419, -2.6070733070373535, 0.035897254943847656, 0.014529943466186523, 0.01953434944152832 
420, -2.6070356369018555, 0.03552508354187012, 0.014604330062866211, 0.019246816635131836 
421, -2.607022762298584, 0.03634953498840332, 0.014848947525024414, 0.019626617431640625 
422, -2.6070473194122314, 0.03561663627624512, 0.014746665954589844, 0.019054174423217773 
423, -2.607083320617676, 0.03577280044555664, 0.014517784118652344, 0.01932239532470703 
424, -2.6070775985717773, 0.03590846061706543, 0.014467239379882812, 0.019558191299438477 
425, -2.607041597366333, 0.036321401596069336, 0.01500844955444336, 0.01951909065246582 
426, -2.607025146484375, 0.03562521934509277, 0.014625787734985352, 0.019222021102905273 
427, -2.607048749923706, 0.03562593460083008, 0.014616727828979492, 0.019142866134643555 
428, -2.607086181640625, 0.035614013671875, 0.014470338821411133, 0.019281864166259766 
429, -2.607084274291992, 0.0354459285736084, 0.014544010162353516, 0.019083023071289062 
430, -2.6070446968078613, 0.03526592254638672, 0.014285564422607422, 0.019071578979492188 
431, -2.6070218086242676, 0.035382986068725586, 0.014486312866210938, 0.01910257339477539 
432, -2.607034683227539, 0.035482168197631836, 0.01449441909790039, 0.01911449432373047 
433, -2.607069253921509, 0.03543281555175781, 0.014585494995117188, 0.019000768661499023 
434, -2.6070737838745117, 0.03474926948547363, 0.014400959014892578, 0.018543004989624023 
435, -2.6070542335510254, 0.03548574447631836, 0.014464616775512695, 0.019134044647216797 
436, -2.607046604156494, 0.035593509674072266, 0.014657258987426758, 0.019072532653808594 
437, -2.6070621013641357, 0.03553891181945801, 0.014634847640991211, 0.019179582595825195 
438, -2.60707950592041, 0.03564167022705078, 0.014571905136108398, 0.019216299057006836 
439, -2.6070637702941895, 0.035115957260131836, 0.01459956169128418, 0.018780231475830078 
440, -2.607034206390381, 0.03527665138244629, 0.014351367950439453, 0.0190887451171875 
441, -2.607032060623169, 0.03545427322387695, 0.014456748962402344, 0.019054889678955078 
442, -2.607059955596924, 0.03576254844665527, 0.014615297317504883, 0.01908707618713379 
443, -2.607085704803467, 0.035620689392089844, 0.014473915100097656, 0.019413471221923828 
444, -2.6070690155029297, 0.03521275520324707, 0.014277219772338867, 0.01908135414123535 
445, -2.6070356369018555, 0.034929513931274414, 0.014480352401733398, 0.01859426498413086 
446, -2.607034921646118, 0.0347442626953125, 0.014168977737426758, 0.01884603500366211 
447, -2.6070656776428223, 0.035336971282958984, 0.014426708221435547, 0.019060134887695312 
448, -2.6070902347564697, 0.03557181358337402, 0.014509439468383789, 0.019170761108398438 
449, -2.607060194015503, 0.03497433662414551, 0.014354467391967773, 0.01882457733154297 
450, -2.607013463973999, 0.03437447547912598, 0.01406240463256836, 0.018607139587402344 
451, -2.607006549835205, 0.03480696678161621, 0.014214038848876953, 0.01871490478515625 
452, -2.6070444583892822, 0.03403162956237793, 0.014224529266357422, 0.018236875534057617 
453, -2.607086181640625, 0.03420424461364746, 0.013987302780151367, 0.01844000816345215 
454, -2.6070752143859863, 0.034639835357666016, 0.014060735702514648, 0.018791675567626953 
455, -2.6070303916931152, 0.03492403030395508, 0.014302253723144531, 0.018731355667114258 
456, -2.607015609741211, 0.03456878662109375, 0.014212608337402344, 0.018616437911987305 
457, -2.607044219970703, 0.034832000732421875, 0.01446223258972168, 0.01864337921142578 
458, -2.6070845127105713, 0.034160614013671875, 0.01422119140625, 0.018271446228027344 
459, -2.6070775985717773, 0.0341641902923584, 0.013988733291625977, 0.018540143966674805 
460, -2.6070361137390137, 0.03485512733459473, 0.014456987380981445, 0.0187528133392334 
461, -2.607015609741211, 0.03520798683166504, 0.014495849609375, 0.01882648468017578 
462, -2.60703706741333, 0.03552579879760742, 0.014571905136108398, 0.01918649673461914 
463, -2.6070761680603027, 0.035686492919921875, 0.014576435089111328, 0.019222259521484375 
464, -2.6070804595947266, 0.035523176193237305, 0.014634847640991211, 0.019084692001342773 
465, -2.6070539951324463, 0.0358273983001709, 0.014646053314208984, 0.019411325454711914 
466, -2.6070432662963867, 0.035950422286987305, 0.01476740837097168, 0.019287109375 
467, -2.6070642471313477, 0.03531169891357422, 0.014437675476074219, 0.019010066986083984 
468, -2.6070897579193115, 0.0354771614074707, 0.014664649963378906, 0.01889348030090332 
469, -2.607074499130249, 0.03590655326843262, 0.014595985412597656, 0.0194089412689209 
470, -2.6070404052734375, 0.03621244430541992, 0.014756441116333008, 0.019558429718017578 
471, -2.607034206390381, 0.036113739013671875, 0.014809131622314453, 0.019438982009887695 
472, -2.607062339782715, 0.0363621711730957, 0.01489710807800293, 0.019598722457885742 
473, -2.6070899963378906, 0.035918235778808594, 0.014841079711914062, 0.01923847198486328 
474, -2.6070761680603027, 0.03593730926513672, 0.014898061752319336, 0.0191500186920166 
475, -2.6070475578308105, 0.0350344181060791, 0.014505624771118164, 0.01886582374572754 
476, -2.6070456504821777, 0.03502154350280762, 0.01443624496459961, 0.018770694732666016 
477, -2.607072353363037, 0.03492164611816406, 0.014322519302368164, 0.018840789794921875 
478, -2.6070899963378906, 0.035817861557006836, 0.014541387557983398, 0.0193939208984375 
479, -2.607069492340088, 0.03650641441345215, 0.014947175979614258, 0.019647836685180664 
480, -2.607043743133545, 0.03712177276611328, 0.015108346939086914, 0.020098209381103516 
481, -2.6070449352264404, 0.03695178031921387, 0.015183210372924805, 0.019870758056640625 
482, -2.607067108154297, 0.03650665283203125, 0.014975309371948242, 0.019654512405395508 
483, -2.607081174850464, 0.035735130310058594, 0.014737844467163086, 0.019191980361938477 
484, -2.6070656776428223, 0.03567194938659668, 0.014622688293457031, 0.019164562225341797 
485, -2.607051134109497, 0.03586077690124512, 0.014719247817993164, 0.019266605377197266 
486, -2.6070632934570312, 0.03563261032104492, 0.014591455459594727, 0.019138336181640625 
487, -2.607084274291992, 0.03553581237792969, 0.014611005783081055, 0.019117116928100586 
488, -2.6070799827575684, 0.035721540451049805, 0.014631271362304688, 0.0192415714263916 
489, -2.6070547103881836, 0.03546643257141113, 0.014616966247558594, 0.01898050308227539 
490, -2.607048988342285, 0.03533172607421875, 0.014562129974365234, 0.01900506019592285 
491, -2.6070733070373535, 0.035578250885009766, 0.014376401901245117, 0.019377946853637695 
492, -2.60709547996521, 0.03559231758117676, 0.014601469039916992, 0.01905655860900879 
493, -2.6070756912231445, 0.03551030158996582, 0.014544486999511719, 0.01914238929748535 
494, -2.6070451736450195, 0.03530073165893555, 0.014613151550292969, 0.018887758255004883 
495, -2.6070470809936523, 0.03534102439880371, 0.014413118362426758, 0.019069194793701172 
496, -2.607079029083252, 0.0351412296295166, 0.014655828475952148, 0.01864933967590332 
497, -2.607095718383789, 0.034941911697387695, 0.014262676239013672, 0.018852949142456055 
498, -2.6070690155029297, 0.035590410232543945, 0.014466524124145508, 0.01921868324279785 
499, -2.607043743133545, 0.03571200370788574, 0.014595985412597656, 0.019197463989257812 
500, -2.607053279876709, 0.0352482795715332, 0.014494895935058594, 0.01889514923095703 
501, -2.6070804595947266, 0.035860300064086914, 0.014698505401611328, 0.019280433654785156 
502, -2.6070852279663086, 0.0356593132019043, 0.014644861221313477, 0.01915740966796875 
503, -2.6070618629455566, 0.03555011749267578, 0.014521121978759766, 0.019198179244995117 
504, -2.6070475578308105, 0.0358734130859375, 0.014611959457397461, 0.019354820251464844 
505, -2.6070613861083984, 0.03549551963806152, 0.014699935913085938, 0.01902174949645996 
506, -2.607081413269043, 0.034920454025268555, 0.01424264907836914, 0.01885223388671875 
507, -2.607074737548828, 0.035056114196777344, 0.014492511749267578, 0.01885366439819336 
508, -2.6070468425750732, 0.03466534614562988, 0.014229059219360352, 0.018640756607055664 
509, -2.607034683227539, 0.03524065017700195, 0.014661312103271484, 0.018781185150146484 
510, -2.607048988342285, 0.03510093688964844, 0.014541149139404297, 0.018909931182861328 
511, -2.6070716381073, 0.035108089447021484, 0.01417398452758789, 0.018988609313964844 
512, -2.6070752143859863, 0.03460836410522461, 0.014386415481567383, 0.01855301856994629 
513, -2.607062816619873, 0.03462958335876465, 0.01422262191772461, 0.01866626739501953 
514, -2.6070590019226074, 0.03428983688354492, 0.013969898223876953, 0.018451690673828125 
515, -2.6070661544799805, 0.0346217155456543, 0.014291048049926758, 0.01864147186279297 
516, -2.607069730758667, 0.034395694732666016, 0.014122962951660156, 0.018526554107666016 
517, -2.607062339782715, 0.03424668312072754, 0.01404118537902832, 0.01846933364868164 
518, -2.6070542335510254, 0.03422975540161133, 0.01401972770690918, 0.018532514572143555 
519, -2.6070609092712402, 0.034770965576171875, 0.014336347579956055, 0.01856374740600586 
520, -2.6070709228515625, 0.03444170951843262, 0.014070510864257812, 0.01857161521911621 
521, -2.6070680618286133, 0.03452730178833008, 0.014183282852172852, 0.018552064895629883 
522, -2.607057571411133, 0.03488945960998535, 0.01435708999633789, 0.018801212310791016 
523, -2.6070556640625, 0.03434252738952637, 0.014047384262084961, 0.018636703491210938 
524, -2.607069492340088, 0.03502225875854492, 0.01439046859741211, 0.018820762634277344 
525, -2.6070804595947266, 0.03506803512573242, 0.014365434646606445, 0.018927335739135742 
526, -2.6070666313171387, 0.036310672760009766, 0.014667749404907227, 0.01970672607421875 
527, -2.607041597366333, 0.0367121696472168, 0.015135049819946289, 0.01970362663269043 
528, -2.60703706741333, 0.03585505485534668, 0.014718770980834961, 0.019287109375 
529, -2.6070570945739746, 0.03548765182495117, 0.014489889144897461, 0.019150972366333008 
530, -2.6070761680603027, 0.03542327880859375, 0.014305830001831055, 0.01920795440673828 
531, -2.607074737548828, 0.03585171699523926, 0.014589548110961914, 0.01933121681213379 
532, -2.6070597171783447, 0.0357515811920166, 0.014583110809326172, 0.019289016723632812 
533, -2.607058525085449, 0.03627729415893555, 0.014744997024536133, 0.019661903381347656 
534, -2.6070733070373535, 0.0355992317199707, 0.014579296112060547, 0.019287824630737305 
535, -2.6070780754089355, 0.03640866279602051, 0.014956235885620117, 0.0195767879486084 
536, -2.6070611476898193, 0.03616976737976074, 0.014844417572021484, 0.019472599029541016 
537, -2.6070456504821777, 0.03585457801818848, 0.01478433609008789, 0.019192218780517578 
538, -2.6070523262023926, 0.03569817543029785, 0.014567852020263672, 0.019281625747680664 
539, -2.607071876525879, 0.035561561584472656, 0.014583349227905273, 0.019124746322631836 
540, -2.6070704460144043, 0.03505110740661621, 0.014305830001831055, 0.018961429595947266 
541, -2.607050895690918, 0.03530168533325195, 0.014248371124267578, 0.019078731536865234 
542, -2.607046127319336, 0.035544633865356445, 0.014461278915405273, 0.01922011375427246 
543, -2.6070659160614014, 0.03593754768371582, 0.01473855972290039, 0.019320249557495117 
544, -2.607088327407837, 0.03585004806518555, 0.014592647552490234, 0.019273757934570312 
545, -2.607071876525879, 0.03519940376281738, 0.014535903930664062, 0.018900394439697266 
546, -2.6070327758789062, 0.03542470932006836, 0.01449728012084961, 0.019067764282226562 
547, -2.607020378112793, 0.03563189506530762, 0.014597892761230469, 0.01915597915649414 
548, -2.6070456504821777, 0.03571796417236328, 0.014602899551391602, 0.019188642501831055 
549, -2.6070828437805176, 0.03552556037902832, 0.01451253890991211, 0.019045591354370117 
550, -2.6070849895477295, 0.03510904312133789, 0.014607429504394531, 0.018755435943603516 
551, -2.607055425643921, 0.03496098518371582, 0.014409780502319336, 0.01879429817199707 
552, -2.6070446968078613, 0.03456258773803711, 0.014371156692504883, 0.01843428611755371 
553, -2.6070644855499268, 0.03432941436767578, 0.01413869857788086, 0.018473386764526367 
554, -2.607089042663574, 0.0347752571105957, 0.014117717742919922, 0.01885199546813965 
555, -2.607069253921509, 0.034813642501831055, 0.014129877090454102, 0.018869876861572266 
556, -2.607027530670166, 0.03449606895446777, 0.014411687850952148, 0.01844167709350586 
557, -2.607015609741211, 0.03460240364074707, 0.014146566390991211, 0.018667221069335938 
558, -2.6070423126220703, 0.03452157974243164, 0.014389991760253906, 0.018536806106567383 
559, -2.6070773601531982, 0.03406810760498047, 0.01394796371459961, 0.018434524536132812 
560, -2.6070802211761475, 0.03429603576660156, 0.014023303985595703, 0.01869487762451172 
561, -2.607048988342285, 0.03506779670715332, 0.014374256134033203, 0.018968820571899414 
562, -2.607032299041748, 0.03497314453125, 0.01450967788696289, 0.018675804138183594 
563, -2.6070480346679688, 0.03506135940551758, 0.014445066452026367, 0.018746614456176758 
564, -2.6070733070373535, 0.03442716598510742, 0.014210224151611328, 0.018462419509887695 
565, -2.6070680618286133, 0.034235477447509766, 0.013874292373657227, 0.018517017364501953 
566, -2.607034206390381, 0.0349729061126709, 0.014278173446655273, 0.018820524215698242 
567, -2.607016086578369, 0.035400390625, 0.014548063278198242, 0.019017696380615234 
568, -2.6070327758789062, 0.03556942939758301, 0.014643669128417969, 0.019040346145629883 
569, -2.6070644855499268, 0.03538846969604492, 0.014522314071655273, 0.01900172233581543 
570, -2.6070780754089355, 0.03566718101501465, 0.014725208282470703, 0.019100189208984375 
571, -2.6070661544799805, 0.03499794006347656, 0.014414787292480469, 0.01881861686706543 
572, -2.607053756713867, 0.03527259826660156, 0.01445913314819336, 0.018988847732543945 
573, -2.607059955596924, 0.03526568412780762, 0.014461755752563477, 0.018982648849487305 
574, -2.607072353363037, 0.03522992134094238, 0.014354944229125977, 0.018998146057128906 
575, -2.607069492340088, 0.035527706146240234, 0.014488935470581055, 0.0193026065826416 
576, -2.6070504188537598, 0.03566598892211914, 0.014733552932739258, 0.019040346145629883 
577, -2.6070423126220703, 0.035681962966918945, 0.014649152755737305, 0.01921844482421875 
578, -2.607053279876709, 0.035744667053222656, 0.014611959457397461, 0.019270896911621094 
579, -2.6070666313171387, 0.03587007522583008, 0.014720678329467773, 0.019299983978271484 
580, -2.6070656776428223, 0.03614091873168945, 0.014812231063842773, 0.019475698471069336 
581, -2.6070539951324463, 0.0351259708404541, 0.014675617218017578, 0.018711090087890625 
582, -2.6070549488067627, 0.03494691848754883, 0.014203786849975586, 0.01887822151184082 
583, -2.6070713996887207, 0.03502345085144043, 0.014370918273925781, 0.018800020217895508 
584, -2.6070780754089355, 0.03626370429992676, 0.014837026596069336, 0.019527196884155273 
585, -2.6070594787597656, 0.036556243896484375, 0.014921903610229492, 0.01972794532775879 
586, -2.6070361137390137, 0.036984920501708984, 0.015170812606811523, 0.019972562789916992 
587, -2.6070375442504883, 0.03687143325805664, 0.015245199203491211, 0.019748926162719727 
588, -2.6070590019226074, 0.03634238243103027, 0.015003204345703125, 0.019465923309326172 
589, -2.607072353363037, 0.03617215156555176, 0.014879941940307617, 0.019383668899536133 
590, -2.607060194015503, 0.03562808036804199, 0.014640331268310547, 0.019080400466918945 
591, -2.6070408821105957, 0.035265445709228516, 0.014433145523071289, 0.019006967544555664 
592, -2.6070456504821777, 0.03573274612426758, 0.014514923095703125, 0.0193634033203125 
593, -2.607067584991455, 0.0364985466003418, 0.01496744155883789, 0.01956915855407715 
594, -2.6070778369903564, 0.036280155181884766, 0.01488804817199707, 0.019596576690673828 
595, -2.6070592403411865, 0.035860300064086914, 0.014647960662841797, 0.019357919692993164 
596, -2.607034683227539, 0.037583351135253906, 0.01647472381591797, 0.01923394203186035 
597, -2.6070399284362793, 0.03562164306640625, 0.014621496200561523, 0.019197940826416016 
598, -2.607067584991455, 0.03588056564331055, 0.014565467834472656, 0.019457340240478516 
599, -2.607083320617676, 0.03596186637878418, 0.014750957489013672, 0.019350051879882812 
600, -2.6070663928985596, 0.0359194278717041, 0.014651060104370117, 0.019356489181518555 
601, -2.6070456504821777, 0.036057472229003906, 0.014669418334960938, 0.019298315048217773 
602, -2.6070547103881836, 0.035291433334350586, 0.014541387557983398, 0.01893138885498047 
603, -2.6070823669433594, 0.036673545837402344, 0.014548063278198242, 0.020270347595214844 
604, -2.607088327407837, 0.03606915473937988, 0.014835834503173828, 0.01923394203186035 
605, -2.6070594787597656, 0.03606414794921875, 0.014696598052978516, 0.01947784423828125 
606, -2.6070361137390137, 0.03614068031311035, 0.014787912368774414, 0.019316434860229492 
607, -2.607046604156494, 0.03516507148742676, 0.014610767364501953, 0.0188901424407959 
608, -2.6070754528045654, 0.04741501808166504, 0.014287471771240234, 0.031225919723510742 
609, -2.6070878505706787, 0.03592491149902344, 0.014732122421264648, 0.019295215606689453 
610, -2.6070735454559326, 0.03618812561035156, 0.014613151550292969, 0.019530057907104492 
611, -2.607060432434082, 0.03543543815612793, 0.014681100845336914, 0.01885676383972168 
612, -2.607069969177246, 0.035066843032836914, 0.014480113983154297, 0.01891326904296875 
613, -2.607086181640625, 0.035280466079711914, 0.014504671096801758, 0.018967390060424805 
614, -2.607074499130249, 0.0356144905090332, 0.014692068099975586, 0.019201040267944336 
615, -2.6070456504821777, 0.03479743003845215, 0.014250040054321289, 0.018789052963256836 
616, -2.607038974761963, 0.034696340560913086, 0.014305830001831055, 0.01860809326171875 
617, -2.607062578201294, 0.03537583351135254, 0.014425516128540039, 0.01906132698059082 
618, -2.6070897579193115, 0.03432130813598633, 0.014225482940673828, 0.018423795700073242 
619, -2.607081890106201, 0.034540653228759766, 0.014328241348266602, 0.01847052574157715 
620, -2.6070542335510254, 0.03467583656311035, 0.014179706573486328, 0.01870131492614746 
621, -2.6070446968078613, 0.03507661819458008, 0.014276742935180664, 0.019133329391479492 
622, -2.607062816619873, 0.03384208679199219, 0.013795137405395508, 0.018201828002929688 
623, -2.607079029083252, 0.03457307815551758, 0.014131546020507812, 0.018683910369873047 
624, -2.6070690155029297, 0.034964799880981445, 0.014296293258666992, 0.01889181137084961 
625, -2.6070432662963867, 0.03524327278137207, 0.014374494552612305, 0.019071340560913086 
626, -2.6070361137390137, 0.034697532653808594, 0.01419210433959961, 0.018650531768798828 
627, -2.607051372528076, 0.03516983985900879, 0.01458287239074707, 0.018785476684570312 
628, -2.607069253921509, 0.034786224365234375, 0.014542818069458008, 0.018450021743774414 
629, -2.607064723968506, 0.03462100028991699, 0.014072179794311523, 0.018841028213500977 
630, -2.607053518295288, 0.0345149040222168, 0.014025688171386719, 0.018670320510864258 
631, -2.6070566177368164, 0.035857439041137695, 0.014537334442138672, 0.01959085464477539 
632, -2.607070207595825, 0.03597140312194824, 0.014787435531616211, 0.019387006759643555 
633, -2.607072353363037, 0.03619813919067383, 0.014971733093261719, 0.019417762756347656 
634, -2.607053518295288, 0.03538322448730469, 0.014534473419189453, 0.018977642059326172 
635, -2.6070404052734375, 0.035677194595336914, 0.014432668685913086, 0.019107341766357422 
636, -2.6070523262023926, 0.03513932228088379, 0.014194488525390625, 0.019171714782714844 
637, -2.6070775985717773, 0.0354769229888916, 0.014629125595092773, 0.018953800201416016 
638, -2.6070809364318848, 0.03603219985961914, 0.014619588851928711, 0.019565343856811523 
639, -2.607060432434082, 0.037268877029418945, 0.015401840209960938, 0.020006895065307617 
640, -2.6070523262023926, 0.03736591339111328, 0.015181303024291992, 0.02029561996459961 
641, -2.6070685386657715, 0.03641057014465332, 0.014947891235351562, 0.019579648971557617 
642, -2.607088327407837, 0.03594684600830078, 0.014803886413574219, 0.019324064254760742 
643, -2.607072353363037, 0.035445213317871094, 0.014463186264038086, 0.019120454788208008 
644, -2.6070380210876465, 0.03555440902709961, 0.014485359191894531, 0.019229650497436523 
645, -2.607029438018799, 0.03545355796813965, 0.014544010162353516, 0.018984556198120117 
646, -2.607058048248291, 0.035095930099487305, 0.014510393142700195, 0.0188448429107666 
647, -2.607088327407837, 0.035002708435058594, 0.014166116714477539, 0.01898646354675293 
648, -2.6070783138275146, 0.036714792251586914, 0.015048027038574219, 0.019645214080810547 
649, -2.6070470809936523, 0.03687477111816406, 0.01529383659362793, 0.01971721649169922 
650, -2.6070430278778076, 0.03661775588989258, 0.014931201934814453, 0.01972055435180664 
651, -2.6070728302001953, 0.03644514083862305, 0.015002727508544922, 0.019542217254638672 
652, -2.6070961952209473, 0.03634285926818848, 0.014864206314086914, 0.019606351852416992 
653, -2.607069730758667, 0.03620314598083496, 0.014771699905395508, 0.019579648971557617 
654, -2.6070265769958496, 0.035991668701171875, 0.014823198318481445, 0.019397258758544922 
655, -2.6070215702056885, 0.0355229377746582, 0.01457524299621582, 0.019089937210083008 
656, -2.6070556640625, 0.03595709800720215, 0.014815330505371094, 0.019295215606689453 
657, -2.60709285736084, 0.03522610664367676, 0.014661312103271484, 0.01884603500366211 
658, -2.6070806980133057, 0.03445792198181152, 0.014200925827026367, 0.018407344818115234 
659, -2.607043981552124, 0.03573465347290039, 0.014517784118652344, 0.019308805465698242 
660, -2.607039451599121, 0.0354304313659668, 0.014625787734985352, 0.01893925666809082 
661, -2.6070690155029297, 0.035012006759643555, 0.014510154724121094, 0.018685340881347656 
662, -2.6070947647094727, 0.03465080261230469, 0.01431131362915039, 0.01855635643005371 
663, -2.6070690155029297, 0.03425002098083496, 0.014211177825927734, 0.018299579620361328 
664, -2.6070237159729004, 0.034355878829956055, 0.014090538024902344, 0.018552303314208984 
665, -2.6070146560668945, 0.034494876861572266, 0.014075756072998047, 0.018593788146972656 
666, -2.607044219970703, 0.0345768928527832, 0.014087915420532227, 0.018656253814697266 
667, -2.607079029083252, 0.03483700752258301, 0.014273405075073242, 0.01872396469116211 
668, -2.6070737838745117, 0.03468441963195801, 0.01444554328918457, 0.0185391902923584 
669, -2.607043743133545, 0.03441619873046875, 0.014080524444580078, 0.01854705810546875 
670, -2.6070408821105957, 0.03393197059631348, 0.01405787467956543, 0.018195629119873047 
671, -2.6070656776428223, 0.034628868103027344, 0.014190435409545898, 0.018801212310791016 
672, -2.607084274291992, 0.035094261169433594, 0.014121294021606445, 0.019175052642822266 
673, -2.6070656776428223, 0.036908626556396484, 0.015032291412353516, 0.019989728927612305 
674, -2.6070384979248047, 0.0380396842956543, 0.015852928161621094, 0.02036452293395996 
675, -2.6070351600646973, 0.03750109672546387, 0.015066146850585938, 0.02058100700378418 
676, -2.6070592403411865, 0.036516427993774414, 0.015375375747680664, 0.0193939208984375 
677, -2.6070804595947266, 0.035471439361572266, 0.014625310897827148, 0.019008398056030273 
678, -2.6070704460144043, 0.03618049621582031, 0.01474761962890625, 0.019524574279785156 
679, -2.6070492267608643, 0.03614616394042969, 0.014795064926147461, 0.019476652145385742 
680, -2.6070475578308105, 0.036013126373291016, 0.014842987060546875, 0.019345998764038086 
681, -2.6070632934570312, 0.03630828857421875, 0.014896631240844727, 0.01954340934753418 
682, -2.6070728302001953, 0.036710500717163086, 0.0147552490234375, 0.020015478134155273 
683, -2.6070609092712402, 0.03626823425292969, 0.014862298965454102, 0.019503116607666016 
684, -2.607044219970703, 0.03662109375, 0.014906644821166992, 0.019857168197631836 
685, -2.6070423126220703, 0.03655838966369629, 0.015042543411254883, 0.019610166549682617 
686, -2.607055187225342, 0.035750627517700195, 0.014644861221313477, 0.019304513931274414 
687, -2.607059955596924, 0.035413265228271484, 0.014551639556884766, 0.019095420837402344 
688, -2.6070523262023926, 0.03588271141052246, 0.014724493026733398, 0.01935887336730957 
689, -2.607051134109497, 0.03510928153991699, 0.014335393905639648, 0.018909692764282227 
690, -2.6070613861083984, 0.03539872169494629, 0.01445317268371582, 0.01911783218383789 
691, -2.6070713996887207, 0.0356297492980957, 0.014642953872680664, 0.019141197204589844 
692, -2.6070637702941895, 0.036427974700927734, 0.01490640640258789, 0.019636869430541992 
693, -2.607048511505127, 0.03601336479187012, 0.014761686325073242, 0.01936173439025879 
694, -2.6070504188537598, 0.03525137901306152, 0.014444589614868164, 0.018969297409057617 
695, -2.6070685386657715, 0.036699771881103516, 0.014801025390625, 0.01994943618774414 
696, -2.6070783138275146, 0.036846160888671875, 0.014961004257202148, 0.019979238510131836 
697, -2.6070666313171387, 0.037444353103637695, 0.01549983024597168, 0.020046472549438477 
698, -2.6070547103881836, 0.03689169883728027, 0.015214681625366211, 0.01982903480529785 
699, -2.6070642471313477, 0.036687612533569336, 0.014934778213500977, 0.019896745681762695 
700, -2.607084274291992, 0.03746318817138672, 0.01587390899658203, 0.019714832305908203 
701, -2.6070823669433594, 0.03634214401245117, 0.014876365661621094, 0.019589662551879883 
702, -2.6070556640625, 0.03624749183654785, 0.014958858489990234, 0.019411087036132812 
703, -2.607038974761963, 0.03560590744018555, 0.01464390754699707, 0.01915907859802246 
704, -2.607055187225342, 0.03583574295043945, 0.014717340469360352, 0.019322633743286133 
705, -2.6070847511291504, 0.03607439994812012, 0.014819145202636719, 0.01942753791809082 
706, -2.6070899963378906, 0.03634333610534668, 0.01501607894897461, 0.019489526748657227 
707, -2.607069492340088, 0.035437583923339844, 0.014792919158935547, 0.018872976303100586 
708, -2.607058525085449, 0.034776926040649414, 0.014228343963623047, 0.01884770393371582 
709, -2.607071876525879, 0.035521745681762695, 0.014436721801757812, 0.0192415714263916 
710, -2.6070876121520996, 0.03594517707824707, 0.014712095260620117, 0.01935553550720215 
711, -2.6070752143859863, 0.0353543758392334, 0.014781475067138672, 0.018846511840820312 
712, -2.6070432662963867, 0.035180091857910156, 0.014238119125366211, 0.01910233497619629 
713, -2.607034683227539, 0.035395145416259766, 0.01450347900390625, 0.019069433212280273 
714, -2.607060432434082, 0.034921884536743164, 0.014326095581054688, 0.0188138484954834 
715, -2.607089042663574, 0.03615117073059082, 0.015122413635253906, 0.01917552947998047 
716, -2.6070828437805176, 0.03529930114746094, 0.014362335205078125, 0.01909923553466797 
717, -2.607053756713867, 0.035509586334228516, 0.014549732208251953, 0.019156217575073242 
718, -2.607043981552124, 0.03522515296936035, 0.014430046081542969, 0.019007205963134766 
719, -2.607064723968506, 0.035376787185668945, 0.014519929885864258, 0.019020557403564453 
720, -2.607086181640625, 0.03489947319030762, 0.014327049255371094, 0.018781185150146484 
721, -2.6070737838745117, 0.0345306396484375, 0.014136791229248047, 0.018305540084838867 
722, -2.607043743133545, 0.03450465202331543, 0.013892412185668945, 0.018520355224609375 
723, -2.607034683227539, 0.035028696060180664, 0.014369010925292969, 0.018861770629882812 
724, -2.6070556640625, 0.036141395568847656, 0.014759302139282227, 0.019597530364990234 
725, -2.6070799827575684, 0.036623477935791016, 0.014986038208007812, 0.019831418991088867 
726, -2.6070735454559326, 0.03618216514587402, 0.01536107063293457, 0.01904463768005371 
727, -2.607053279876709, 0.03552961349487305, 0.014647960662841797, 0.019135236740112305 
728, -2.607052803039551, 0.03524327278137207, 0.014384269714355469, 0.019039630889892578 
729, -2.6070709228515625, 0.034983158111572266, 0.014486551284790039, 0.018657207489013672 
730, -2.607074737548828, 0.03480267524719238, 0.014381170272827148, 0.018627166748046875 
731, -2.6070518493652344, 0.034827470779418945, 0.014392852783203125, 0.018710851669311523 
732, -2.6070289611816406, 0.03479909896850586, 0.014183521270751953, 0.0188291072845459 
733, -2.6070337295532227, 0.03554344177246094, 0.014504432678222656, 0.019201993942260742 
734, -2.607060432434082, 0.036119937896728516, 0.014808416366577148, 0.01944446563720703 
735, -2.607074737548828, 0.035933732986450195, 0.014723777770996094, 0.019389629364013672 
736, -2.6070644855499268, 0.036202192306518555, 0.01501321792602539, 0.01935744285583496 
737, -2.607056140899658, 0.03567838668823242, 0.014739990234375, 0.019124507904052734 
738, -2.607064723968506, 0.03532099723815918, 0.01445150375366211, 0.019031524658203125 
739, -2.60707950592041, 0.03523111343383789, 0.014388084411621094, 0.01905226707458496 
740, -2.6070775985717773, 0.03534746170043945, 0.014451742172241211, 0.019080400466918945 
741, -2.6070566177368164, 0.035173654556274414, 0.014250516891479492, 0.019112348556518555 
742, -2.6070475578308105, 0.036406517028808594, 0.014838218688964844, 0.01970505714416504 
743, -2.607062339782715, 0.0361323356628418, 0.014790058135986328, 0.019489049911499023 
744, -2.607078790664673, 0.03605461120605469, 0.014751434326171875, 0.019449949264526367 
745, -2.6070752143859863, 0.03521251678466797, 0.014466047286987305, 0.018984556198120117 
746, -2.6070618629455566, 0.034714460372924805, 0.014137506484985352, 0.018786191940307617 
747, -2.607060432434082, 0.03486800193786621, 0.014446496963500977, 0.01861572265625 
748, -2.6070730686187744, 0.035042762756347656, 0.014325618743896484, 0.018932342529296875 
749, -2.6070759296417236, 0.0344233512878418, 0.01408076286315918, 0.018619060516357422 
750, -2.607059955596924, 0.03544783592224121, 0.014080047607421875, 0.018927335739135742 
751, -2.607048511505127, 0.03605031967163086, 0.014898538589477539, 0.019308805465698242 
752, -2.6070597171783447, 0.03605079650878906, 0.014825105667114258, 0.019393444061279297 
753, -2.6070780754089355, 0.0359194278717041, 0.014868974685668945, 0.019288063049316406 
754, -2.6070728302001953, 0.035848379135131836, 0.014695882797241211, 0.01934194564819336 
755, -2.6070518493652344, 0.03570055961608887, 0.014594554901123047, 0.019284725189208984 
756, -2.6070492267608643, 0.035874128341674805, 0.01460123062133789, 0.019367456436157227 
757, -2.6070713996887207, 0.035726070404052734, 0.014688253402709961, 0.019210100173950195 
758, -2.607089042663574, 0.03541278839111328, 0.014471292495727539, 0.01906108856201172 
759, -2.607067823410034, 0.03572511672973633, 0.014677762985229492, 0.019231081008911133 
760, -2.60703706741333, 0.036179542541503906, 0.01445770263671875, 0.01983332633972168 
761, -2.6070351600646973, 0.03735184669494629, 0.01555323600769043, 0.01989603042602539 
762, -2.607062339782715, 0.03741741180419922, 0.015511274337768555, 0.019986391067504883 
763, -2.6070849895477295, 0.03631424903869629, 0.014848709106445312, 0.019596338272094727 
764, -2.607069969177246, 0.03525137901306152, 0.01449728012084961, 0.018903017044067383 
765, -2.6070470809936523, 0.03575730323791504, 0.014715433120727539, 0.019197702407836914 
766, -2.607051134109497, 0.0352780818939209, 0.014603376388549805, 0.018851757049560547 
767, -2.6070780754089355, 0.03493070602416992, 0.014441967010498047, 0.018672466278076172 
768, -2.6070899963378906, 0.03559517860412598, 0.014594793319702148, 0.019158601760864258 
769, -2.6070656776428223, 0.03638267517089844, 0.014600753784179688, 0.01990365982055664 
770, -2.6070427894592285, 0.03500509262084961, 0.01436305046081543, 0.01881718635559082 
771, -2.607050895690918, 0.03533530235290527, 0.01448202133178711, 0.01898956298828125 
772, -2.6070761680603027, 0.03458976745605469, 0.014210700988769531, 0.018686294555664062 
773, -2.6070785522460938, 0.03504610061645508, 0.014338493347167969, 0.01890397071838379 
774, -2.6070547103881836, 0.03537631034851074, 0.014522552490234375, 0.019048690795898438 
775, -2.6070504188537598, 0.035243988037109375, 0.01442265510559082, 0.019014358520507812 
776, -2.60707426071167, 0.03575754165649414, 0.014837265014648438, 0.019091367721557617 
777, -2.607090950012207, 0.035950422286987305, 0.015050649642944336, 0.019063234329223633 
778, -2.607064723968506, 0.03486180305480957, 0.014434576034545898, 0.018657207489013672 
779, -2.607027530670166, 0.03546571731567383, 0.014358997344970703, 0.018809080123901367 
780, -2.6070284843444824, 0.036147356033325195, 0.014804601669311523, 0.0195157527923584 
781, -2.6070632934570312, 0.03634500503540039, 0.014782428741455078, 0.019642114639282227 
782, -2.6070895195007324, 0.03681206703186035, 0.0149078369140625, 0.019313812255859375 
783, -2.6070690155029297, 0.03847646713256836, 0.014757394790649414, 0.020300626754760742 
784, -2.607038974761963, 0.036928653717041016, 0.015369892120361328, 0.019670963287353516 
785, -2.6070432662963867, 0.036507606506347656, 0.014893531799316406, 0.01972818374633789 
786, -2.607077121734619, 0.036031246185302734, 0.014799118041992188, 0.019315242767333984 
787, -2.6070971488952637, 0.036167144775390625, 0.014884471893310547, 0.0195620059967041 
788, -2.6070618629455566, 0.03575539588928223, 0.014822721481323242, 0.01911449432373047 
789, -2.607024669647217, 0.036138296127319336, 0.014723062515258789, 0.01953291893005371 
790, -2.607029438018799, 0.03595137596130371, 0.014667034149169922, 0.019426822662353516 
791, -2.6070690155029297, 0.036101341247558594, 0.014768600463867188, 0.019505977630615234 
792, -2.6070938110351562, 0.03583884239196777, 0.014732599258422852, 0.01932692527770996 
793, -2.6070666313171387, 0.035188913345336914, 0.0143890380859375, 0.018999576568603516 
794, -2.6070353984832764, 0.035260915756225586, 0.014464855194091797, 0.018950462341308594 
795, -2.6070423126220703, 0.0354914665222168, 0.01444554328918457, 0.01924443244934082 
796, -2.607076644897461, 0.035323143005371094, 0.01473236083984375, 0.01883244514465332 
797, -2.6070942878723145, 0.03344011306762695, 0.01404428482055664, 0.017716646194458008 
798, -2.607064723968506, 0.033710479736328125, 0.013524055480957031, 0.018370389938354492 
799, -2.607032537460327, 0.034682512283325195, 0.014344453811645508, 0.018561840057373047 
800, -2.6070332527160645, 0.0357508659362793, 0.01458287239074707, 0.019359350204467773 
801, -2.6070637702941895, 0.035129547119140625, 0.014099359512329102, 0.019145488739013672 
802, -2.6070809364318848, 0.03557538986206055, 0.014565467834472656, 0.01911020278930664 
803, -2.6070618629455566, 0.03751993179321289, 0.015689373016357422, 0.019968509674072266 
804, -2.6070382595062256, 0.03708696365356445, 0.01519155502319336, 0.0201113224029541 
805, -2.607041835784912, 0.03588509559631348, 0.014833927154541016, 0.01919412612915039 
806, -2.6070680618286133, 0.03549003601074219, 0.014510869979858398, 0.0191190242767334 
807, -2.6070749759674072, 0.03582620620727539, 0.014669656753540039, 0.019298076629638672 
808, -2.6070547103881836, 0.03630495071411133, 0.014826059341430664, 0.019670724868774414 
809, -2.607038974761963, 0.03566169738769531, 0.014773845672607422, 0.019015073776245117 
810, -2.607046127319336, 0.03532671928405762, 0.014525651931762695, 0.01900649070739746 
811, -2.6070690155029297, 0.03600573539733887, 0.014699935913085938, 0.01945781707763672 
812, -2.60707426071167, 0.03658342361450195, 0.014803886413574219, 0.01991415023803711 
813, -2.607060432434082, 0.037200927734375, 0.015474081039428711, 0.019809484481811523 
814, -2.6070523262023926, 0.03643536567687988, 0.014906883239746094, 0.019651412963867188 
815, -2.6070618629455566, 0.03645801544189453, 0.014882326126098633, 0.019691944122314453 
816, -2.6070737838745117, 0.0365900993347168, 0.014930248260498047, 0.019748926162719727 
817, -2.607069492340088, 0.03662562370300293, 0.015093326568603516, 0.019705533981323242 
818, -2.607055425643921, 0.03590226173400879, 0.014730453491210938, 0.019356250762939453 
819, -2.6070539951324463, 0.03535771369934082, 0.014607906341552734, 0.018984079360961914 
820, -2.607069969177246, 0.03534436225891113, 0.014450550079345703, 0.019066333770751953 
821, -2.607079029083252, 0.0357511043548584, 0.014636039733886719, 0.019298791885375977 
822, -2.6070637702941895, 0.035933494567871094, 0.014606475830078125, 0.019474267959594727 
823, -2.607043743133545, 0.03648829460144043, 0.015039205551147461, 0.0195772647857666 
824, -2.607046127319336, 0.03545570373535156, 0.014586925506591797, 0.01906442642211914 
825, -2.6070685386657715, 0.035132408142089844, 0.014458656311035156, 0.01883697509765625 
826, -2.607081651687622, 0.03530073165893555, 0.014475345611572266, 0.018993377685546875 
827, -2.607060432434082, 0.03556561470031738, 0.01460886001586914, 0.019089460372924805 
828, -2.6070289611816406, 0.03466200828552246, 0.014168262481689453, 0.01873040199279785 
829, -2.607022762298584, 0.03462839126586914, 0.014082908630371094, 0.018732309341430664 
830, -2.6070480346679688, 0.034717559814453125, 0.014290094375610352, 0.018646717071533203 
831, -2.6070728302001953, 0.034529685974121094, 0.014072895050048828, 0.018646717071533203 
832, -2.6070661544799805, 0.03433370590209961, 0.014373302459716797, 0.01833629608154297 
833, -2.6070456504821777, 0.034391164779663086, 0.01402735710144043, 0.018605709075927734 
834, -2.6070401668548584, 0.03484940528869629, 0.01430654525756836, 0.01877903938293457 
835, -2.607052803039551, 0.03410482406616211, 0.014005184173583984, 0.018279075622558594 
836, -2.6070632934570312, 0.035533905029296875, 0.01438593864440918, 0.018914461135864258 
837, -2.607044219970703, 0.03539419174194336, 0.01471400260925293, 0.018868207931518555 
838, -2.6070215702056885, 0.03504371643066406, 0.014540910720825195, 0.018748760223388672 
839, -2.6070284843444824, 0.035694122314453125, 0.01410984992980957, 0.019731998443603516 
840, -2.607058048248291, 0.03513073921203613, 0.01448202133178711, 0.018799543380737305 
841, -2.607079267501831, 0.034456491470336914, 0.014308691024780273, 0.018354177474975586 
842, -2.6070632934570312, 0.03427720069885254, 0.013881444931030273, 0.018560409545898438 
843, -2.607043743133545, 0.035093069076538086, 0.014535903930664062, 0.018810272216796875 
844, -2.6070520877838135, 0.035291433334350586, 0.01438140869140625, 0.018992900848388672 
845, -2.6070785522460938, 0.036963462829589844, 0.015746116638183594, 0.01938176155090332 
846, -2.607085704803467, 0.03609490394592285, 0.014745473861694336, 0.019530057907104492 
847, -2.607058525085449, 0.03615736961364746, 0.014765501022338867, 0.019555330276489258 
848, -2.6070423126220703, 0.03596329689025879, 0.014893770217895508, 0.019282102584838867 
849, -2.6070563793182373, 0.0346066951751709, 0.014279842376708984, 0.018488407135009766 
850, -2.6070823669433594, 0.03492307662963867, 0.01424860954284668, 0.01889634132385254 
851, -2.6070852279663086, 0.0351865291595459, 0.014534235000610352, 0.018825769424438477 
852, -2.6070642471313477, 0.035340309143066406, 0.014519214630126953, 0.019054412841796875 
853, -2.6070566177368164, 0.03510904312133789, 0.014317750930786133, 0.018985986709594727 
854, -2.607072114944458, 0.03625035285949707, 0.014800310134887695, 0.01958608627319336 
855, -2.607090711593628, 0.03615617752075195, 0.015088081359863281, 0.019259929656982422 
856, -2.6070761680603027, 0.03606700897216797, 0.014660120010375977, 0.019557952880859375 
857, -2.6070475578308105, 0.03583335876464844, 0.014581918716430664, 0.01943802833557129 
858, -2.607043981552124, 0.036123037338256836, 0.014776945114135742, 0.019459247589111328 
859, -2.607067823410034, 0.03601360321044922, 0.014714956283569336, 0.019444942474365234 
860, -2.607089042663574, 0.03592658042907715, 0.014797210693359375, 0.019331693649291992 
861, -2.607072353363037, 0.035418033599853516, 0.014505386352539062, 0.0190889835357666 
862, -2.6070475578308105, 0.0359501838684082, 0.014522314071655273, 0.019611597061157227 
863, -2.60705304145813, 0.03701138496398926, 0.015112161636352539, 0.020015716552734375 
864, -2.607077121734619, 0.03682851791381836, 0.01514577865600586, 0.019812345504760742 
865, -2.607088565826416, 0.03643679618835449, 0.01495051383972168, 0.019655704498291016 
866, -2.6070594787597656, 0.03573870658874512, 0.014777898788452148, 0.019140243530273438 
867, -2.6070308685302734, 0.035112857818603516, 0.014491796493530273, 0.018834590911865234 
868, -2.607036590576172, 0.03548431396484375, 0.014318466186523438, 0.019416332244873047 
869, -2.607067108154297, 0.035283803939819336, 0.014669179916381836, 0.018933534622192383 
870, -2.607083797454834, 0.03472757339477539, 0.01399374008178711, 0.01897740364074707 
871, -2.6070616245269775, 0.03760862350463867, 0.015142440795898438, 0.020619630813598633 
872, -2.6070404052734375, 0.03822016716003418, 0.01592540740966797, 0.020494461059570312 
873, -2.6070480346679688, 0.037679433822631836, 0.015384197235107422, 0.020341157913208008 
874, -2.607072591781616, 0.0360875129699707, 0.015054941177368164, 0.019185781478881836 
875, -2.6070730686187744, 0.03553581237792969, 0.014436483383178711, 0.019266366958618164 
876, -2.6070408821105957, 0.035599470138549805, 0.014480829238891602, 0.019315004348754883 
877, -2.607023239135742, 0.03557181358337402, 0.014592170715332031, 0.0191957950592041 
878, -2.6070399284362793, 0.03518509864807129, 0.014470577239990234, 0.018951416015625 
879, -2.607069730758667, 0.03504776954650879, 0.014418840408325195, 0.01883077621459961 
880, -2.60707426071167, 0.03467726707458496, 0.014411211013793945, 0.01853466033935547 
881, -2.607048511505127, 0.03545117378234863, 0.01450800895690918, 0.019119977951049805 
882, -2.607034683227539, 0.03586220741271973, 0.01472616195678711, 0.019322872161865234 
883, -2.607053518295288, 0.03586077690124512, 0.01470947265625, 0.019310712814331055 
884, -2.6070780754089355, 0.03620195388793945, 0.014859437942504883, 0.019507408142089844 
885, -2.6070680618286133, 0.035729408264160156, 0.014711141586303711, 0.01918506622314453 
886, -2.607034683227539, 0.035928964614868164, 0.014810800552368164, 0.01925802230834961 
887, -2.607030153274536, 0.0356755256652832, 0.01466822624206543, 0.019206762313842773 
888, -2.6070609092712402, 0.03568124771118164, 0.014547109603881836, 0.019256591796875 
889, -2.607089042663574, 0.035653114318847656, 0.014727354049682617, 0.019182205200195312 
890, -2.6070733070373535, 0.037113189697265625, 0.01548910140991211, 0.019747495651245117 
891, -2.607041835784912, 0.0361175537109375, 0.014763832092285156, 0.019496440887451172 
892, -2.607046365737915, 0.035775184631347656, 0.014693260192871094, 0.019261837005615234 
893, -2.6070780754089355, 0.03547978401184082, 0.01465296745300293, 0.019031763076782227 
894, -2.6070914268493652, 0.03534650802612305, 0.014395475387573242, 0.019182682037353516 
895, -2.6070494651794434, 0.03610539436340332, 0.014586448669433594, 0.019693851470947266 
896, -2.6070079803466797, 0.03601360321044922, 0.014707326889038086, 0.019530057907104492 
897, -2.6070151329040527, 0.036009788513183594, 0.014830589294433594, 0.0194244384765625 
898, -2.607060432434082, 0.035819053649902344, 0.01500248908996582, 0.019049406051635742 
899, -2.6070923805236816, 0.034374237060546875, 0.014001846313476562, 0.01861405372619629 
900, -2.607067108154297, 0.0347132682800293, 0.014365673065185547, 0.018569469451904297 
901, -2.607029914855957, 0.03565573692321777, 0.014494180679321289, 0.019431352615356445 
902, -2.6070308685302734, 0.03478240966796875, 0.014192581176757812, 0.018737316131591797 
903, -2.6070644855499268, 0.03560996055603027, 0.014745235443115234, 0.01903700828552246 
904, -2.6070847511291504, 0.03552603721618652, 0.014700889587402344, 0.019083261489868164 
905, -2.6070556640625, 0.03546023368835449, 0.014375686645507812, 0.019251585006713867 
906, -2.6070127487182617, 0.035989999771118164, 0.014714956283569336, 0.01940441131591797 
907, -2.607008457183838, 0.03678131103515625, 0.014969348907470703, 0.02002739906311035 
908, -2.607041120529175, 0.03604722023010254, 0.014941215515136719, 0.01927042007446289 
909, -2.6070735454559326, 0.03526449203491211, 0.014403104782104492, 0.019089937210083008 
910, -2.607067584991455, 0.034787893295288086, 0.014365434646606445, 0.018636703491210938 
911, -2.6070456504821777, 0.03433704376220703, 0.014288663864135742, 0.01835179328918457 
912, -2.6070404052734375, 0.03506636619567871, 0.014450550079345703, 0.01886606216430664 
913, -2.6070501804351807, 0.03637886047363281, 0.01477360725402832, 0.019785642623901367 
914, -2.6070518493652344, 0.03665447235107422, 0.015056848526000977, 0.01977229118347168 
915, -2.6070408821105957, 0.036568641662597656, 0.015114545822143555, 0.019608020782470703 
916, -2.6070361137390137, 0.03676009178161621, 0.015010356903076172, 0.019919395446777344 
917, -2.607048273086548, 0.036382436752319336, 0.01497340202331543, 0.0194547176361084 
918, -2.607062816619873, 0.0366058349609375, 0.01508331298828125, 0.019669532775878906 
919, -2.6070611476898193, 0.03602886199951172, 0.014716148376464844, 0.019429445266723633 
920, -2.60705304145813, 0.03572845458984375, 0.014755725860595703, 0.019162416458129883 
921, -2.6070568561553955, 0.03551959991455078, 0.014739036560058594, 0.01897454261779785 
922, -2.6070756912231445, 0.03560948371887207, 0.014530181884765625, 0.01920318603515625 
923, -2.6070826053619385, 0.03833627700805664, 0.014637231826782227, 0.021851778030395508 
924, -2.6070609092712402, 0.03695178031921387, 0.015649795532226562, 0.019484996795654297 
925, -2.6070361137390137, 0.03643226623535156, 0.014950990676879883, 0.019626379013061523 
926, -2.607042074203491, 0.036041975021362305, 0.014832496643066406, 0.01938462257385254 
927, -2.6070716381073, 0.035748958587646484, 0.014712095260620117, 0.01922893524169922 
928, -2.607088804244995, 0.035980939865112305, 0.014878273010253906, 0.01926279067993164 
929, -2.6070706844329834, 0.035567522048950195, 0.014615058898925781, 0.01915740966796875 
930, -2.607050895690918, 0.03484821319580078, 0.014430761337280273, 0.01864480972290039 
931, -2.6070609092712402, 0.03491997718811035, 0.014420270919799805, 0.018739700317382812 
932, -2.607086658477783, 0.03462076187133789, 0.014371156692504883, 0.018502235412597656 
933, -2.607088088989258, 0.03538370132446289, 0.014307260513305664, 0.019289731979370117 
934, -2.607059955596924, 0.03560996055603027, 0.014732837677001953, 0.01911306381225586 
935, -2.607043504714966, 0.03499412536621094, 0.014340877532958984, 0.018813610076904297 
936, -2.6070609092712402, 0.03526735305786133, 0.014487743377685547, 0.01905512809753418 
937, -2.6070895195007324, 0.034265756607055664, 0.014137506484985352, 0.018398284912109375 
938, -2.6070828437805176, 0.03483939170837402, 0.01420903205871582, 0.018826723098754883 
939, -2.607053279876709, 0.03460240364074707, 0.01429295539855957, 0.01856827735900879 
940, -2.6070449352264404, 0.03413748741149902, 0.014040708541870117, 0.018329620361328125 
941, -2.607069492340088, 0.03514409065246582, 0.014406204223632812, 0.01895904541015625 
942, -2.6070923805236816, 0.0354001522064209, 0.014695882797241211, 0.018972158432006836 
943, -2.607072353363037, 0.03405308723449707, 0.013971805572509766, 0.018343687057495117 
944, -2.6070303916931152, 0.03417634963989258, 0.013871192932128906, 0.0185549259185791 
945, -2.6070194244384766, 0.03465104103088379, 0.014075994491577148, 0.018790006637573242 
946, -2.6070499420166016, 0.036023855209350586, 0.014763832092285156, 0.019467830657958984 
947, -2.6070847511291504, 0.035813331604003906, 0.014780759811401367, 0.01922750473022461 
948, -2.607072114944458, 0.03703141212463379, 0.015335559844970703, 0.019885778427124023 
949, -2.6070330142974854, 0.03820943832397461, 0.015568256378173828, 0.020732402801513672 
950, -2.6070239543914795, 0.0375208854675293, 0.015718698501586914, 0.019968032836914062 
951, -2.6070523262023926, 0.03483724594116211, 0.014484167098999023, 0.018587827682495117 
952, -2.6070876121520996, 0.03493046760559082, 0.014308452606201172, 0.018945932388305664 
953, -2.607076644897461, 0.0351557731628418, 0.01448678970336914, 0.01886749267578125 
954, -2.6070375442504883, 0.03534531593322754, 0.014465570449829102, 0.019090890884399414 
955, -2.6070261001586914, 0.035657644271850586, 0.01446843147277832, 0.01933574676513672 
956, -2.607050895690918, 0.03599071502685547, 0.014808893203735352, 0.019345998764038086 
957, -2.6070828437805176, 0.036513566970825195, 0.014904022216796875, 0.01975536346435547 
958, -2.6070775985717773, 0.03587150573730469, 0.014774322509765625, 0.019258499145507812 
959, -2.6070523262023926, 0.03622078895568848, 0.014847278594970703, 0.019497394561767578 
960, -2.607045888900757, 0.03593635559082031, 0.014877080917358398, 0.019240856170654297 
961, -2.607069969177246, 0.03602933883666992, 0.014719724655151367, 0.019464492797851562 
962, -2.6070871353149414, 0.035642147064208984, 0.014615297317504883, 0.01920175552368164 
963, -2.607062578201294, 0.03533530235290527, 0.014502525329589844, 0.01901412010192871 
964, -2.6070289611816406, 0.035071372985839844, 0.014590740203857422, 0.018711328506469727 
965, -2.6070265769958496, 0.03522992134094238, 0.014301061630249023, 0.019120454788208008 
966, -2.6070566177368164, 0.035706281661987305, 0.014630556106567383, 0.019227981567382812 
967, -2.607085943222046, 0.03621196746826172, 0.014868974685668945, 0.01952338218688965 
968, -2.607074022293091, 0.03596758842468262, 0.014812707901000977, 0.019356727600097656 
969, -2.6070446968078613, 0.035088300704956055, 0.014552593231201172, 0.018801212310791016 
970, -2.6070423126220703, 0.03527021408081055, 0.014479875564575195, 0.018959760665893555 
971, -2.607069969177246, 0.03474140167236328, 0.014320135116577148, 0.018667936325073242 
972, -2.607095241546631, 0.03491473197937012, 0.014420270919799805, 0.01871967315673828 
973, -2.607072353363037, 0.035939931869506836, 0.0147247314453125, 0.019414186477661133 
974, -2.6070313453674316, 0.03586387634277344, 0.014714717864990234, 0.019330501556396484 
975, -2.607020378112793, 0.03559994697570801, 0.014574766159057617, 0.019188642501831055 
976, -2.6070470809936523, 0.0356290340423584, 0.014483451843261719, 0.019308805465698242 
977, -2.607077121734619, 0.03553271293640137, 0.014594554901123047, 0.01915121078491211 
978, -2.607064723968506, 0.03521442413330078, 0.014642477035522461, 0.0188143253326416 
979, -2.60703706741333, 0.036330461502075195, 0.014597177505493164, 0.019434213638305664 
980, -2.6070399284362793, 0.04009699821472168, 0.018660545349121094, 0.019577503204345703 
981, -2.607069730758667, 0.0361783504486084, 0.014641523361206055, 0.01961374282836914 
982, -2.607088565826416, 0.036168813705444336, 0.014906167984008789, 0.0194091796875 
983, -2.607067584991455, 0.03530621528625488, 0.014639854431152344, 0.01889491081237793 
984, -2.607041835784912, 0.035444021224975586, 0.014456033706665039, 0.019179821014404297 
985, -2.6070473194122314, 0.03559756278991699, 0.014713287353515625, 0.019072771072387695 
986, -2.6070756912231445, 0.035498619079589844, 0.014434337615966797, 0.019156455993652344 
987, -2.607090950012207, 0.03550863265991211, 0.014617919921875, 0.01905536651611328 
988, -2.6070663928985596, 0.035744428634643555, 0.014656543731689453, 0.019308805465698242 
989, -2.607038974761963, 0.03528237342834473, 0.01434183120727539, 0.019177675247192383 
990, -2.607044219970703, 0.03506922721862793, 0.014339923858642578, 0.01889348030090332 
991, -2.6070735454559326, 0.03530597686767578, 0.014476537704467773, 0.019075870513916016 
992, -2.607083797454834, 0.03648233413696289, 0.014890193939208984, 0.01970958709716797 
993, -2.607053756713867, 0.035849571228027344, 0.014844179153442383, 0.01924920082092285 
994, -2.607029676437378, 0.03512120246887207, 0.014489173889160156, 0.01885223388671875 
995, -2.6070384979248047, 0.03452038764953613, 0.014219522476196289, 0.018579959869384766 
996, -2.607067584991455, 0.03482460975646973, 0.014217138290405273, 0.018843889236450195 
997, -2.6070737838745117, 0.03486275672912598, 0.014176130294799805, 0.01888108253479004 
998, -2.607051372528076, 0.03530740737915039, 0.014652013778686523, 0.018841028213500977 
999, -2.6070404052734375, 0.0356900691986084, 0.014751434326171875, 0.019110679626464844 
