Iteration, loss, time 
0, 0.863726794719696, 0.15927362442016602, 0.09636926651000977, 0.03069019317626953 
1, 0.8067572116851807, 0.05857419967651367, 0.02420973777770996, 0.030536890029907227 
2, 0.7515648603439331, 0.05742955207824707, 0.02389979362487793, 0.030511856079101562 
3, 0.6975816488265991, 0.057825565338134766, 0.023589372634887695, 0.031099557876586914 
4, 0.6448029279708862, 0.058171749114990234, 0.023533344268798828, 0.03154444694519043 
5, 0.5934271812438965, 0.05696702003479004, 0.023639202117919922, 0.03016495704650879 
6, 0.544230580329895, 0.056989192962646484, 0.023703813552856445, 0.0300900936126709 
7, 0.49607688188552856, 0.05709505081176758, 0.02357006072998047, 0.030315637588500977 
8, 0.4490363299846649, 0.05782914161682129, 0.024029254913330078, 0.0305631160736084 
9, 0.4031483829021454, 0.057642221450805664, 0.023947715759277344, 0.030557632446289062 
