Iteration, loss, time 
0, 1.0437359809875488, 0.6004867553710938, 0.299757719039917, 0.28928256034851074 
1, 0.9873685836791992, 0.574042797088623, 0.2816047668457031, 0.28197669982910156 
2, 0.9328320622444153, 0.5710475444793701, 0.2819082736968994, 0.27968668937683105 
3, 0.8800930380821228, 0.5755844116210938, 0.2810051441192627, 0.2848024368286133 
4, 0.8291347026824951, 0.5781569480895996, 0.2830848693847656, 0.28520822525024414 
5, 0.7799274325370789, 0.5750637054443359, 0.2844662666320801, 0.28045105934143066 
6, 0.7324385643005371, 0.5644736289978027, 0.2789037227630615, 0.2753424644470215 
7, 0.686628520488739, 0.5773987770080566, 0.2819204330444336, 0.2854487895965576 
8, 0.6424670815467834, 0.5754077434539795, 0.2815861701965332, 0.28359556198120117 
9, 0.5999087691307068, 0.5735173225402832, 0.282543420791626, 0.2810177803039551 
