Iteration, loss, time 
0, 1.5038793087005615, 0.6482336521148682, 0.36524248123168945, 0.2687499523162842 
1, 1.4551596641540527, 0.5479166507720947, 0.2660386562347412, 0.26846909523010254 
2, 1.4074556827545166, 0.5514612197875977, 0.2680237293243408, 0.2700917720794678 
3, 1.360801100730896, 0.5411951541900635, 0.26470136642456055, 0.2632899284362793 
4, 1.3152334690093994, 0.5460021495819092, 0.2664928436279297, 0.2664449214935303 
5, 1.2707810401916504, 0.5398426055908203, 0.2628021240234375, 0.26433372497558594 
6, 1.2274718284606934, 0.5454738140106201, 0.2651095390319824, 0.26748013496398926 
7, 1.1853327751159668, 0.5472714900970459, 0.2662394046783447, 0.2683281898498535 
8, 1.1443802118301392, 0.5515563488006592, 0.2689800262451172, 0.2698087692260742 
9, 1.1046335697174072, 0.5519237518310547, 0.26819777488708496, 0.27092480659484863 
