Iteration, loss, time 
0, 0.8697996139526367, 11.787818431854248, 5.587715148925781, 6.1926209926605225 
1, 0.8371551036834717, 11.19835090637207, 5.294564485549927, 5.8981359004974365 
2, 0.8057324886322021, 11.883828401565552, 5.546633958816528, 6.3267762660980225 
3, 0.7752996683120728, 11.493738889694214, 5.282948732376099, 6.113439083099365 
4, 0.7454145550727844, 11.708610534667969, 5.642955541610718, 6.060397148132324 
5, 0.7157785892486572, 11.521098852157593, 5.168352842330933, 6.225789785385132 
6, 0.6884334087371826, 11.474443674087524, 5.307722091674805, 6.157193183898926 
7, 0.6618579626083374, 11.80835247039795, 5.3527538776397705, 6.4504618644714355 
8, 0.6359801292419434, 11.004909753799438, 5.069085359573364, 5.8065009117126465 
9, 0.6106101870536804, 10.873478412628174, 4.971327543258667, 5.896597862243652 
