Iteration, loss, time 
0, 1.0838457345962524, 12.14426875114441, 5.685729742050171, 6.440242290496826 
1, 1.0569000244140625, 11.861838817596436, 5.554595947265625, 6.298584699630737 
2, 1.0294756889343262, 11.881505727767944, 5.504834413528442, 6.369499683380127 
3, 0.9994592666625977, 12.089431762695312, 5.647239685058594, 6.419088840484619 
4, 0.9708077907562256, 11.805001020431519, 5.437715530395508, 6.360959053039551 
5, 0.9418073892593384, 11.79043173789978, 5.479670763015747, 6.153566598892212 
6, 0.9126673936843872, 12.091942071914673, 5.5931501388549805, 6.4934914112091064 
7, 0.8840864896774292, 12.16459584236145, 5.7676355838775635, 6.387037515640259 
8, 0.8560154438018799, 12.000866651535034, 5.696446895599365, 6.282432556152344 
9, 0.8286040425300598, 11.910080671310425, 5.419906139373779, 6.443143129348755 
