Iteration, loss, time 
0, 1.7364933490753174, 0.2495889663696289 
1, 1.6735970973968506, 0.17688679695129395 
2, 1.5949742794036865, 0.1741807460784912 
3, 1.5269798040390015, 0.17421483993530273 
4, 1.4549450874328613, 0.17474007606506348 
5, 1.366652250289917, 0.17418646812438965 
6, 1.3195809125900269, 0.17267155647277832 
7, 1.2168071269989014, 0.17224955558776855 
8, 1.1858409643173218, 0.17237210273742676 
9, 1.1196048259735107, 0.1737518310546875 
10, 1.0604243278503418, 0.17492032051086426 
11, 1.0082371234893799, 0.17322444915771484 
12, 0.9333586096763611, 0.17328786849975586 
13, 0.8780332803726196, 0.17274904251098633 
14, 0.8261975049972534, 0.1731114387512207 
15, 0.7761603593826294, 0.17212247848510742 
16, 0.7110031843185425, 0.1733996868133545 
17, 0.6436337232589722, 0.17249464988708496 
18, 0.5940259695053101, 0.17383050918579102 
19, 0.5643163919448853, 0.1742868423461914 
20, 0.4985516667366028, 0.17457818984985352 
21, 0.44893065094947815, 0.17482733726501465 
22, 0.41902071237564087, 0.17565011978149414 
23, 0.37563082575798035, 0.1756143569946289 
24, 0.3290646970272064, 0.17485713958740234 
25, 0.2717772424221039, 0.17578434944152832 
26, 0.22714117169380188, 0.17540788650512695 
27, 0.18479132652282715, 0.1726527214050293 
28, 0.14032450318336487, 0.1721811294555664 
29, 0.1097612977027893, 0.17269229888916016 
30, 0.06878584623336792, 0.17282867431640625 
31, 0.0301131010055542, 0.1723322868347168 
32, -0.005995452404022217, 0.17275404930114746 
33, -0.03661555051803589, 0.17166948318481445 
34, -0.084461510181427, 0.1726512908935547 
35, -0.12187701463699341, 0.16791820526123047 
36, -0.1574442982673645, 0.17286467552185059 
37, -0.18802565336227417, 0.16640329360961914 
38, -0.21468430757522583, 0.16754579544067383 
39, -0.2473161816596985, 0.17555928230285645 
40, -0.29543113708496094, 0.1740114688873291 
41, -0.3213382959365845, 0.16853785514831543 
42, -0.3493763208389282, 0.1739358901977539 
43, -0.37908875942230225, 0.16794323921203613 
44, -0.4100205898284912, 0.16672492027282715 
45, -0.4365231990814209, 0.16707491874694824 
46, -0.47854024171829224, 0.1664571762084961 
47, -0.5074046850204468, 0.16728615760803223 
48, -0.5346608757972717, 0.16654086112976074 
49, -0.5523951649665833, 0.1654951572418213 
50, -0.5829777717590332, 0.1673142910003662 
51, -0.6053237318992615, 0.1667344570159912 
52, -0.6332970261573792, 0.18114852905273438 
53, -0.6451289057731628, 0.16622138023376465 
54, -0.6782740354537964, 0.16564083099365234 
55, -0.701094925403595, 0.16499638557434082 
56, -0.7174732685089111, 0.16525721549987793 
57, -0.7499614953994751, 0.16630840301513672 
58, -0.7621700167655945, 0.16670465469360352 
59, -0.793375551700592, 0.16508221626281738 
60, -0.8083520531654358, 0.1668708324432373 
61, -0.838243305683136, 0.16809582710266113 
62, -0.8559553623199463, 0.16621804237365723 
63, -0.8727303147315979, 0.17874717712402344 
64, -0.8963860869407654, 0.16821861267089844 
65, -0.9186781644821167, 0.16828489303588867 
66, -0.9423654079437256, 0.1672840118408203 
67, -0.9625536799430847, 0.16832756996154785 
68, -0.9714950323104858, 0.16667938232421875 
69, -0.9878759384155273, 0.16560029983520508 
70, -1.008862018585205, 0.16620278358459473 
71, -1.031186580657959, 0.16612482070922852 
72, -1.0437960624694824, 0.1660933494567871 
73, -1.057424545288086, 0.16520404815673828 
74, -1.0757315158843994, 0.16727995872497559 
75, -1.0962982177734375, 0.16501951217651367 
76, -1.112576961517334, 0.1652231216430664 
77, -1.1219685077667236, 0.16587162017822266 
78, -1.1363940238952637, 0.16556930541992188 
79, -1.1573765277862549, 0.17440295219421387 
80, -1.1697850227355957, 0.17127060890197754 
81, -1.1806179285049438, 0.16559982299804688 
82, -1.199167251586914, 0.1675112247467041 
83, -1.2107073068618774, 0.16497230529785156 
84, -1.2309523820877075, 0.16531991958618164 
85, -1.2394062280654907, 0.17106103897094727 
86, -1.250890851020813, 0.16723394393920898 
87, -1.269596815109253, 0.167022705078125 
88, -1.2834442853927612, 0.1738111972808838 
89, -1.2958984375, 0.16819405555725098 
90, -1.3087201118469238, 0.1661522388458252 
91, -1.3206899166107178, 0.16530728340148926 
92, -1.3236255645751953, 0.1665799617767334 
93, -1.3383501768112183, 0.16554474830627441 
94, -1.356574535369873, 0.16656780242919922 
95, -1.3657455444335938, 0.16740798950195312 
96, -1.370439052581787, 0.16744756698608398 
97, -1.3898754119873047, 0.16765952110290527 
98, -1.3974910974502563, 0.16903400421142578 
99, -1.40825617313385, 0.1653423309326172 
100, -1.4225581884384155, 0.16764116287231445 
101, -1.4369159936904907, 0.16553187370300293 
102, -1.438014268875122, 0.16527318954467773 
103, -1.4508910179138184, 0.16527271270751953 
104, -1.4670512676239014, 0.17410063743591309 
105, -1.4677269458770752, 0.16496038436889648 
106, -1.4776575565338135, 0.16521811485290527 
107, -1.4926173686981201, 0.16482210159301758 
108, -1.5033903121948242, 0.1673426628112793 
109, -1.5129740238189697, 0.16521430015563965 
110, -1.5174678564071655, 0.16588807106018066 
111, -1.527764081954956, 0.16514253616333008 
112, -1.5392334461212158, 0.16547894477844238 
113, -1.551992654800415, 0.17731976509094238 
114, -1.5538091659545898, 0.17245888710021973 
115, -1.5635607242584229, 0.165238618850708 
116, -1.5722804069519043, 0.16634392738342285 
117, -1.5782074928283691, 0.17131304740905762 
118, -1.59160578250885, 0.16617393493652344 
119, -1.5989501476287842, 0.16670870780944824 
120, -1.60636305809021, 0.16792941093444824 
121, -1.6141854524612427, 0.17171263694763184 
122, -1.6226084232330322, 0.16866397857666016 
123, -1.6311092376708984, 0.1661062240600586 
124, -1.634826421737671, 0.16658258438110352 
125, -1.6404186487197876, 0.16593503952026367 
126, -1.6506402492523193, 0.16792583465576172 
127, -1.6597929000854492, 0.17845630645751953 
128, -1.6646443605422974, 0.168731689453125 
129, -1.668867826461792, 0.16975069046020508 
130, -1.6816260814666748, 0.16701817512512207 
131, -1.6870859861373901, 0.16527605056762695 
132, -1.6884833574295044, 0.16538524627685547 
133, -1.6929268836975098, 0.1654665470123291 
134, -1.7060272693634033, 0.16582632064819336 
135, -1.7058751583099365, 0.1702442169189453 
136, -1.7182247638702393, 0.16716670989990234 
137, -1.7219616174697876, 0.17107200622558594 
138, -1.7270243167877197, 0.16721606254577637 
139, -1.7304611206054688, 0.16632366180419922 
140, -1.7462559938430786, 0.16600728034973145 
141, -1.7486355304718018, 0.16769671440124512 
142, -1.7556500434875488, 0.16617178916931152 
143, -1.7611136436462402, 0.16817212104797363 
144, -1.7635328769683838, 0.16630077362060547 
145, -1.7746013402938843, 0.1744379997253418 
146, -1.773444414138794, 0.16946005821228027 
147, -1.7849112749099731, 0.16663169860839844 
148, -1.7851736545562744, 0.16734671592712402 
149, -1.788969874382019, 0.16686797142028809 
150, -1.7976815700531006, 0.17143034934997559 
151, -1.8027973175048828, 0.1648540496826172 
152, -1.8101264238357544, 0.17319583892822266 
153, -1.8122986555099487, 0.16857504844665527 
154, -1.819850206375122, 0.16854262351989746 
155, -1.8275014162063599, 0.16799306869506836 
156, -1.8293423652648926, 0.1652679443359375 
157, -1.834460973739624, 0.1644449234008789 
158, -1.8403189182281494, 0.16524720191955566 
159, -1.8464090824127197, 0.16626286506652832 
160, -1.848347544670105, 0.16902565956115723 
161, -1.8527570962905884, 0.16672086715698242 
162, -1.861028790473938, 0.1693871021270752 
163, -1.8638397455215454, 0.1694202423095703 
164, -1.869215726852417, 0.16756820678710938 
165, -1.8724117279052734, 0.1674046516418457 
166, -1.876282811164856, 0.17279410362243652 
167, -1.8821394443511963, 0.16683030128479004 
168, -1.8853095769882202, 0.17207717895507812 
169, -1.887789011001587, 0.16651415824890137 
170, -1.8947348594665527, 0.17132043838500977 
171, -1.8982948064804077, 0.16722393035888672 
172, -1.8993829488754272, 0.16745686531066895 
173, -1.9039437770843506, 0.1649913787841797 
174, -1.9120880365371704, 0.1658039093017578 
175, -1.9135655164718628, 0.16485238075256348 
176, -1.9177476167678833, 0.17812752723693848 
177, -1.9210624694824219, 0.16733217239379883 
178, -1.9274675846099854, 0.16535615921020508 
179, -1.927968978881836, 0.1692829132080078 
180, -1.9299805164337158, 0.17316865921020508 
181, -1.9379005432128906, 0.16852092742919922 
182, -1.941009283065796, 0.17521214485168457 
183, -1.9455910921096802, 0.17184090614318848 
184, -1.9488999843597412, 0.16732215881347656 
185, -1.953644871711731, 0.17159605026245117 
186, -1.9525911808013916, 0.16843390464782715 
187, -1.9598770141601562, 0.16498947143554688 
188, -1.960410475730896, 0.17028570175170898 
189, -1.9676612615585327, 0.1672959327697754 
190, -1.9687225818634033, 0.17339634895324707 
191, -1.9723702669143677, 0.16696929931640625 
192, -1.9748674631118774, 0.16714835166931152 
193, -1.9783198833465576, 0.17815637588500977 
194, -1.9795457124710083, 0.1678311824798584 
195, -1.9826204776763916, 0.16469907760620117 
196, -1.9874851703643799, 0.16770577430725098 
197, -1.9897395372390747, 0.16604113578796387 
198, -1.9943102598190308, 0.1665647029876709 
199, -1.9961599111557007, 0.1657404899597168 
200, -2.0010242462158203, 0.1662893295288086 
201, -2.0026180744171143, 0.17441415786743164 
202, -2.005506992340088, 0.1661231517791748 
203, -2.008798122406006, 0.1658344268798828 
204, -2.009495735168457, 0.1696031093597412 
205, -2.0141875743865967, 0.1700286865234375 
206, -2.020578145980835, 0.16460037231445312 
207, -2.021548271179199, 0.16400837898254395 
208, -2.0237598419189453, 0.16698575019836426 
209, -2.025362014770508, 0.16790986061096191 
210, -2.0302541255950928, 0.16560721397399902 
211, -2.034580707550049, 0.1674823760986328 
212, -2.037278652191162, 0.1685500144958496 
213, -2.040242910385132, 0.16585135459899902 
214, -2.041414737701416, 0.16707992553710938 
215, -2.0455260276794434, 0.16602587699890137 
216, -2.0480566024780273, 0.1665346622467041 
217, -2.0499863624572754, 0.1654965877532959 
218, -2.0512325763702393, 0.1713731288909912 
219, -2.053405284881592, 0.1692805290222168 
220, -2.057323932647705, 0.1652994155883789 
221, -2.059614419937134, 0.1680893898010254 
222, -2.060539722442627, 0.16487431526184082 
223, -2.0634961128234863, 0.16776537895202637 
224, -2.0638513565063477, 0.16846466064453125 
225, -2.0667200088500977, 0.16411352157592773 
226, -2.069516181945801, 0.17013192176818848 
227, -2.0719504356384277, 0.1646878719329834 
228, -2.0699729919433594, 0.16550731658935547 
229, -2.0740199089050293, 0.16769814491271973 
230, -2.0744900703430176, 0.16911911964416504 
231, -2.078221321105957, 0.16708159446716309 
232, -2.077700138092041, 0.16421246528625488 
233, -2.0786643028259277, 0.16506147384643555 
234, -2.0822887420654297, 0.16608119010925293 
235, -2.082789421081543, 0.1668846607208252 
236, -2.086524248123169, 0.16563677787780762 
237, -2.087435722351074, 0.1647956371307373 
238, -2.0860848426818848, 0.1670551300048828 
239, -2.0876858234405518, 0.1644282341003418 
240, -2.0917625427246094, 0.16485953330993652 
241, -2.091010332107544, 0.16721487045288086 
242, -2.0923006534576416, 0.16730690002441406 
243, -2.093085289001465, 0.16488289833068848 
244, -2.0967440605163574, 0.16520118713378906 
245, -2.09775447845459, 0.16510987281799316 
246, -2.099794387817383, 0.16508746147155762 
247, -2.1007981300354004, 0.16767621040344238 
248, -2.1066131591796875, 0.1652817726135254 
249, -2.106456756591797, 0.16759371757507324 
250, -2.1079583168029785, 0.16560149192810059 
251, -2.10690975189209, 0.16454553604125977 
252, -2.1093387603759766, 0.16658711433410645 
253, -2.1125125885009766, 0.16430258750915527 
254, -2.1135060787200928, 0.16459131240844727 
255, -2.1177260875701904, 0.16568565368652344 
256, -2.1170992851257324, 0.1669301986694336 
257, -2.120516777038574, 0.16466307640075684 
258, -2.120460033416748, 0.16519427299499512 
259, -2.1202802658081055, 0.16477727890014648 
260, -2.120279312133789, 0.16551423072814941 
261, -2.1247384548187256, 0.16429758071899414 
262, -2.1268980503082275, 0.16520166397094727 
263, -2.1270461082458496, 0.16776418685913086 
264, -2.1260170936584473, 0.16739225387573242 
265, -2.1278793811798096, 0.1706099510192871 
266, -2.1271514892578125, 0.16807889938354492 
267, -2.120899200439453, 0.16296792030334473 
268, -2.1288843154907227, 0.16668963432312012 
269, -2.1305899620056152, 0.16420507431030273 
270, -2.130599021911621, 0.16804981231689453 
271, -2.1328020095825195, 0.16510272026062012 
272, -2.1328353881835938, 0.16528582572937012 
273, -2.137338161468506, 0.167771577835083 
274, -2.136873722076416, 0.16643190383911133 
275, -2.141493797302246, 0.16443562507629395 
276, -2.1418466567993164, 0.16680622100830078 
277, -2.142218828201294, 0.16425776481628418 
278, -2.147343635559082, 0.16652488708496094 
279, -2.1486456394195557, 0.1642749309539795 
280, -2.1495466232299805, 0.1665019989013672 
281, -2.1543307304382324, 0.16608309745788574 
282, -2.1565680503845215, 0.16572260856628418 
283, -2.1598362922668457, 0.1658470630645752 
284, -2.160446882247925, 0.16709017753601074 
285, -2.1601741313934326, 0.16875123977661133 
286, -2.165003776550293, 0.1679685115814209 
287, -2.163341522216797, 0.16964054107666016 
288, -2.167466640472412, 0.16746878623962402 
289, -2.171135187149048, 0.1676464080810547 
290, -2.1720023155212402, 0.16951656341552734 
291, -2.17620849609375, 0.16774296760559082 
292, -2.1740353107452393, 0.16995882987976074 
293, -2.1802968978881836, 0.16922283172607422 
294, -2.18033504486084, 0.17004656791687012 
295, -2.184062957763672, 0.16609859466552734 
296, -2.186471462249756, 0.1710195541381836 
297, -2.1880478858947754, 0.1706690788269043 
298, -2.1913909912109375, 0.17205119132995605 
299, -2.1946303844451904, 0.1658799648284912 
300, -2.1934943199157715, 0.16679787635803223 
301, -2.199617385864258, 0.16414546966552734 
302, -2.2000339031219482, 0.17104363441467285 
303, -2.202383518218994, 0.16775751113891602 
304, -2.2075748443603516, 0.1700599193572998 
305, -2.207576274871826, 0.16608357429504395 
306, -2.210954427719116, 0.1693885326385498 
307, -2.210130214691162, 0.1693105697631836 
308, -2.215925693511963, 0.16615962982177734 
309, -2.218770742416382, 0.16690707206726074 
310, -2.2207374572753906, 0.17833542823791504 
311, -2.2251877784729004, 0.1666569709777832 
312, -2.2265655994415283, 0.24575090408325195 
313, -2.2270255088806152, 0.17699170112609863 
314, -2.226653814315796, 0.16918182373046875 
315, -2.232059955596924, 0.16672825813293457 
316, -2.235121250152588, 0.16473937034606934 
317, -2.2389512062072754, 0.16371726989746094 
318, -2.239121913909912, 0.16327714920043945 
319, -2.242868423461914, 0.16287493705749512 
320, -2.243283748626709, 0.16472315788269043 
321, -2.2464632987976074, 0.1629638671875 
322, -2.2506916522979736, 0.16193175315856934 
323, -2.2524166107177734, 0.16345930099487305 
324, -2.253993272781372, 0.1630566120147705 
325, -2.2583484649658203, 0.16506290435791016 
326, -2.2561120986938477, 0.163177490234375 
327, -2.258945941925049, 0.1625206470489502 
328, -2.261530876159668, 0.15976810455322266 
329, -2.2648582458496094, 0.16241693496704102 
330, -2.2673025131225586, 0.17061424255371094 
331, -2.2699382305145264, 0.16548705101013184 
332, -2.2711267471313477, 0.1635420322418213 
333, -2.273273468017578, 0.1664447784423828 
334, -2.275158166885376, 0.16415166854858398 
335, -2.276890754699707, 0.16845297813415527 
336, -2.280496120452881, 0.16431427001953125 
337, -2.2826271057128906, 0.1651926040649414 
338, -2.2869505882263184, 0.17274212837219238 
339, -2.2890419960021973, 0.16298437118530273 
340, -2.2896366119384766, 0.16178035736083984 
341, -2.2943053245544434, 0.16368317604064941 
342, -2.293290853500366, 0.16323590278625488 
343, -2.2974250316619873, 0.16101598739624023 
344, -2.3031649589538574, 0.16307950019836426 
345, -2.3049182891845703, 0.16431069374084473 
346, -2.3054466247558594, 0.16315436363220215 
347, -2.3077712059020996, 0.17935895919799805 
348, -2.3121514320373535, 0.16316628456115723 
349, -2.3143441677093506, 0.16362833976745605 
350, -2.3170461654663086, 0.16171908378601074 
351, -2.3174586296081543, 0.16245222091674805 
352, -2.3227744102478027, 0.16333651542663574 
353, -2.324530601501465, 0.16469025611877441 
354, -2.327993392944336, 0.16312146186828613 
355, -2.330925464630127, 0.16123175621032715 
356, -2.3311729431152344, 0.1632835865020752 
357, -2.3349437713623047, 0.16445040702819824 
358, -2.3360071182250977, 0.16315817832946777 
359, -2.3388538360595703, 0.16277861595153809 
360, -2.3404312133789062, 0.1630570888519287 
361, -2.3416271209716797, 0.16117191314697266 
362, -2.3451290130615234, 0.1640639305114746 
363, -2.350858688354492, 0.1620492935180664 
364, -2.3541226387023926, 0.2874321937561035 
365, -2.3549118041992188, 0.18162226676940918 
366, -2.3592591285705566, 0.17060065269470215 
367, -2.361794948577881, 0.16940045356750488 
368, -2.3676137924194336, 0.16510462760925293 
369, -2.368420124053955, 0.16617989540100098 
370, -2.367249011993408, 0.164947509765625 
371, -2.3724374771118164, 0.1659684181213379 
372, -2.374966621398926, 0.16976404190063477 
373, -2.3761162757873535, 0.17177367210388184 
374, -2.380232810974121, 0.16945910453796387 
375, -2.384977340698242, 0.18506717681884766 
376, -2.3881425857543945, 0.21512365341186523 
377, -2.3911352157592773, 0.16418981552124023 
378, -2.3912570476531982, 0.16308069229125977 
379, -2.395857810974121, 0.1665036678314209 
380, -2.3991270065307617, 0.16649913787841797 
381, -2.400826930999756, 0.1661357879638672 
382, -2.4038174152374268, 0.16718387603759766 
383, -2.404693603515625, 0.16978693008422852 
384, -2.40944504737854, 0.16437816619873047 
385, -2.411151647567749, 0.16527581214904785 
386, -2.4135918617248535, 0.16930437088012695 
387, -2.4151196479797363, 0.16781067848205566 
388, -2.4175658226013184, 0.16406846046447754 
389, -2.420947790145874, 0.16365528106689453 
390, -2.4208984375, 0.1683802604675293 
391, -2.4254050254821777, 0.16894221305847168 
392, -2.426661491394043, 0.16382217407226562 
393, -2.429006338119507, 0.16618776321411133 
394, -2.432569980621338, 0.166365385055542 
395, -2.4341254234313965, 0.16639471054077148 
396, -2.4365925788879395, 0.16774940490722656 
397, -2.440286159515381, 0.1629946231842041 
398, -2.4421398639678955, 0.16470909118652344 
399, -2.4457850456237793, 0.1671140193939209 
400, -2.445448637008667, 0.16768121719360352 
401, -2.4487521648406982, 0.16584396362304688 
402, -2.450746774673462, 0.16431593894958496 
403, -2.452986717224121, 0.1646590232849121 
404, -2.4548823833465576, 0.16313862800598145 
405, -2.459167957305908, 0.16242456436157227 
406, -2.4616329669952393, 0.1631014347076416 
407, -2.464866876602173, 0.16268014907836914 
408, -2.4686150550842285, 0.16452383995056152 
409, -2.4689645767211914, 0.16294622421264648 
410, -2.47180438041687, 0.16558384895324707 
411, -2.47383713722229, 0.16416716575622559 
412, -2.478778123855591, 0.16535258293151855 
413, -2.4814839363098145, 0.16315960884094238 
414, -2.481567859649658, 0.16808247566223145 
415, -2.4848289489746094, 0.16481232643127441 
416, -2.484724998474121, 0.16946697235107422 
417, -2.4860825538635254, 0.1627347469329834 
418, -2.490304946899414, 0.16511130332946777 
419, -2.49235200881958, 0.16308975219726562 
420, -2.493757724761963, 0.16338658332824707 
421, -2.4970321655273438, 0.16461873054504395 
422, -2.4988930225372314, 0.16325116157531738 
423, -2.4996066093444824, 0.17042326927185059 
424, -2.501814842224121, 0.17203044891357422 
425, -2.503627300262451, 0.16301846504211426 
426, -2.506287097930908, 0.1632852554321289 
427, -2.5081543922424316, 0.16283202171325684 
428, -2.5115044116973877, 0.16314125061035156 
429, -2.512824535369873, 0.16231679916381836 
430, -2.514651298522949, 0.16344308853149414 
431, -2.5166780948638916, 0.16272449493408203 
432, -2.5176353454589844, 0.16310834884643555 
433, -2.5216405391693115, 0.16580843925476074 
434, -2.5235495567321777, 0.1677703857421875 
435, -2.5234766006469727, 0.16746187210083008 
436, -2.526433229446411, 0.16402769088745117 
437, -2.525648593902588, 0.16325998306274414 
438, -2.5251080989837646, 0.16834568977355957 
439, -2.530172824859619, 0.16286873817443848 
440, -2.530827045440674, 0.16366291046142578 
441, -2.5349864959716797, 0.16447830200195312 
442, -2.535188674926758, 0.16346120834350586 
443, -2.535346269607544, 0.16327476501464844 
444, -2.5369114875793457, 0.1648852825164795 
445, -2.5394716262817383, 0.16285443305969238 
446, -2.5429372787475586, 0.16492152214050293 
447, -2.543799638748169, 0.16267156600952148 
448, -2.5426201820373535, 0.21620535850524902 
449, -2.544787883758545, 0.1717221736907959 
450, -2.548586368560791, 0.16570401191711426 
451, -2.548529624938965, 0.16407227516174316 
452, -2.5494132041931152, 0.16431021690368652 
453, -2.5508522987365723, 0.1622021198272705 
454, -2.5516557693481445, 0.16365361213684082 
455, -2.5539536476135254, 0.1625974178314209 
456, -2.552438259124756, 0.16625714302062988 
457, -2.5552239418029785, 0.16234803199768066 
458, -2.556116819381714, 0.16510248184204102 
459, -2.557487964630127, 0.16347169876098633 
460, -2.5591673851013184, 0.16393065452575684 
461, -2.558872699737549, 0.16337895393371582 
462, -2.5604944229125977, 0.1622910499572754 
463, -2.562800645828247, 0.16344404220581055 
464, -2.564119338989258, 0.16211986541748047 
465, -2.5672006607055664, 0.1629471778869629 
466, -2.5667662620544434, 0.1643078327178955 
467, -2.5674445629119873, 0.16336989402770996 
468, -2.567803144454956, 0.16337823867797852 
469, -2.571237564086914, 0.1629469394683838 
470, -2.572357177734375, 0.16031503677368164 
471, -2.5715713500976562, 0.16171002388000488 
472, -2.573993682861328, 0.16185951232910156 
473, -2.5755016803741455, 0.16277670860290527 
474, -2.576542854309082, 0.1636810302734375 
475, -2.5745692253112793, 0.16174101829528809 
476, -2.57365345954895, 0.16163158416748047 
477, -2.577279806137085, 0.16129589080810547 
478, -2.579012393951416, 0.16480326652526855 
479, -2.5815515518188477, 0.16117358207702637 
480, -2.5804309844970703, 0.1632676124572754 
481, -2.58292818069458, 0.16287016868591309 
482, -2.583055257797241, 0.16478848457336426 
483, -2.583834171295166, 0.1647646427154541 
484, -2.5849194526672363, 0.16463589668273926 
485, -2.5860366821289062, 0.1629936695098877 
486, -2.5871996879577637, 0.16336941719055176 
487, -2.5884757041931152, 0.16189217567443848 
488, -2.590141773223877, 0.16183137893676758 
489, -2.5910048484802246, 0.1613609790802002 
490, -2.5901803970336914, 0.16530442237854004 
491, -2.591205596923828, 0.16460800170898438 
492, -2.59260892868042, 0.16457724571228027 
493, -2.594963788986206, 0.16138172149658203 
494, -2.593751907348633, 0.16175317764282227 
495, -2.5956358909606934, 0.1613309383392334 
496, -2.5964856147766113, 0.24660038948059082 
497, -2.5945611000061035, 0.2849109172821045 
498, -2.5976083278656006, 0.16651701927185059 
499, -2.599074363708496, 0.16150164604187012 
500, -2.599745035171509, 0.1613175868988037 
501, -2.600080966949463, 0.16411232948303223 
502, -2.601691246032715, 0.1632397174835205 
503, -2.6018311977386475, 0.16127324104309082 
504, -2.602766990661621, 0.1647024154663086 
505, -2.6031627655029297, 0.1645033359527588 
506, -2.6023149490356445, 0.16435527801513672 
507, -2.60626220703125, 0.16278886795043945 
508, -2.6055898666381836, 0.1644432544708252 
509, -2.607102394104004, 0.16202044486999512 
510, -2.6071128845214844, 0.16222715377807617 
511, -2.6087422370910645, 0.1849682331085205 
512, -2.608140707015991, 0.1623549461364746 
513, -2.608842372894287, 0.164747953414917 
514, -2.6101534366607666, 0.16203069686889648 
515, -2.6107568740844727, 0.16437482833862305 
516, -2.611604690551758, 0.16566705703735352 
517, -2.6133570671081543, 0.16117429733276367 
518, -2.6114330291748047, 0.1631777286529541 
519, -2.613539695739746, 0.16470575332641602 
520, -2.614713191986084, 0.16455984115600586 
521, -2.6146321296691895, 0.16454720497131348 
522, -2.6162593364715576, 0.16470074653625488 
523, -2.6169605255126953, 0.1613304615020752 
524, -2.6166062355041504, 0.16198372840881348 
525, -2.6172828674316406, 0.16309571266174316 
526, -2.6186280250549316, 0.16627120971679688 
527, -2.6202335357666016, 0.16136598587036133 
528, -2.619147777557373, 0.16498684883117676 
529, -2.618521213531494, 0.16809821128845215 
530, -2.6204781532287598, 0.16748046875 
531, -2.6200900077819824, 0.16278696060180664 
532, -2.6208221912384033, 0.16528725624084473 
533, -2.6222267150878906, 0.1634066104888916 
534, -2.6224122047424316, 0.16211462020874023 
535, -2.6224188804626465, 0.16216063499450684 
536, -2.622809410095215, 0.16556477546691895 
537, -2.6240074634552, 0.16483306884765625 
538, -2.623582601547241, 0.1653141975402832 
539, -2.625478744506836, 0.1629774570465088 
540, -2.6265478134155273, 0.16214752197265625 
541, -2.6266121864318848, 0.1615769863128662 
542, -2.6257238388061523, 0.16668248176574707 
543, -2.6271893978118896, 0.16315340995788574 
544, -2.6271395683288574, 0.16429591178894043 
545, -2.6286046504974365, 0.16295981407165527 
546, -2.629059314727783, 0.16242241859436035 
547, -2.628920555114746, 0.1625678539276123 
548, -2.6301536560058594, 0.16332483291625977 
549, -2.631319046020508, 0.16630792617797852 
550, -2.6319446563720703, 0.16656780242919922 
551, -2.631152629852295, 0.1617138385772705 
552, -2.6327526569366455, 0.1631314754486084 
553, -2.632351875305176, 0.16126680374145508 
554, -2.6335177421569824, 0.16347694396972656 
555, -2.6345746517181396, 0.16299748420715332 
556, -2.6341240406036377, 0.1811375617980957 
557, -2.6347994804382324, 0.1666707992553711 
558, -2.633845329284668, 0.1654512882232666 
559, -2.634901285171509, 0.1640160083770752 
560, -2.634549140930176, 0.16534876823425293 
561, -2.637079954147339, 0.1627347469329834 
562, -2.6359901428222656, 0.16375374794006348 
563, -2.6376311779022217, 0.16167831420898438 
564, -2.6375651359558105, 0.1678919792175293 
565, -2.63913893699646, 0.16653966903686523 
566, -2.6370034217834473, 0.1660165786743164 
567, -2.638338565826416, 0.16471052169799805 
568, -2.638400077819824, 0.16654181480407715 
569, -2.637294292449951, 0.16468000411987305 
570, -2.639832019805908, 0.1667613983154297 
571, -2.638625144958496, 0.1669166088104248 
572, -2.6392712593078613, 0.1656043529510498 
573, -2.6396536827087402, 0.16460919380187988 
574, -2.640179395675659, 0.16386008262634277 
575, -2.6401309967041016, 0.1650683879852295 
576, -2.6412758827209473, 0.16344761848449707 
577, -2.641784906387329, 0.16567063331604004 
578, -2.642990827560425, 0.16413235664367676 
579, -2.64237117767334, 0.16585540771484375 
580, -2.643188953399658, 0.16265010833740234 
581, -2.6425704956054688, 0.16613030433654785 
582, -2.64353084564209, 0.1670076847076416 
583, -2.643968105316162, 0.16378378868103027 
584, -2.643968105316162, 0.16698789596557617 
585, -2.6446661949157715, 0.1682910919189453 
586, -2.643927812576294, 0.16814589500427246 
587, -2.645900249481201, 0.16156744956970215 
588, -2.6460578441619873, 0.16382122039794922 
589, -2.6459856033325195, 0.16637587547302246 
590, -2.6458587646484375, 0.16345810890197754 
591, -2.645850419998169, 0.1652824878692627 
592, -2.646700859069824, 0.16413235664367676 
593, -2.646568775177002, 0.1631913185119629 
594, -2.646334171295166, 0.16308331489562988 
595, -2.6472959518432617, 0.16918492317199707 
596, -2.647242307662964, 0.1693708896636963 
597, -2.6477718353271484, 0.16885828971862793 
598, -2.6482906341552734, 0.16812944412231445 
599, -2.6492960453033447, 0.1661818027496338 
600, -2.6484830379486084, 0.16184258460998535 
601, -2.648447036743164, 0.1658954620361328 
602, -2.6493091583251953, 0.17134976387023926 
603, -2.649578094482422, 0.17028498649597168 
604, -2.6506619453430176, 0.17003417015075684 
605, -2.6499176025390625, 0.2850675582885742 
606, -2.6506800651550293, 0.17237091064453125 
607, -2.6497302055358887, 0.16942191123962402 
608, -2.650017738342285, 0.1698143482208252 
609, -2.651365041732788, 0.16938543319702148 
610, -2.6519241333007812, 0.1701967716217041 
611, -2.650442600250244, 0.16825628280639648 
612, -2.6514811515808105, 0.17011022567749023 
613, -2.6514101028442383, 0.16949105262756348 
614, -2.651815176010132, 0.16983652114868164 
615, -2.65216064453125, 0.16918110847473145 
616, -2.651844024658203, 0.16693568229675293 
617, -2.652672052383423, 0.16784238815307617 
618, -2.6518301963806152, 0.16975164413452148 
619, -2.6529414653778076, 0.16923165321350098 
620, -2.6532230377197266, 0.1699051856994629 
621, -2.653184175491333, 0.1693267822265625 
622, -2.6531147956848145, 0.16810345649719238 
623, -2.6542766094207764, 0.1706552505493164 
624, -2.653740167617798, 0.16646385192871094 
625, -2.6532645225524902, 0.1691117286682129 
626, -2.65484881401062, 0.17313051223754883 
627, -2.6540253162384033, 0.16385102272033691 
628, -2.6549534797668457, 0.17070484161376953 
629, -2.6551990509033203, 0.17048120498657227 
630, -2.6557207107543945, 0.16985678672790527 
631, -2.656036853790283, 0.16340231895446777 
632, -2.655726194381714, 0.16841888427734375 
633, -2.655705451965332, 0.16974377632141113 
634, -2.656270980834961, 0.17021441459655762 
635, -2.6570167541503906, 0.16926360130310059 
636, -2.6560163497924805, 0.16979742050170898 
637, -2.6561529636383057, 0.16927409172058105 
638, -2.657865047454834, 0.1636965274810791 
639, -2.6571311950683594, 0.1694960594177246 
640, -2.656418561935425, 0.1665821075439453 
641, -2.658276319503784, 0.16974258422851562 
642, -2.658053159713745, 0.16368746757507324 
643, -2.658205986022949, 0.16613984107971191 
644, -2.6588122844696045, 0.16516542434692383 
645, -2.6590332984924316, 0.1651604175567627 
646, -2.6585230827331543, 0.16416096687316895 
647, -2.6582813262939453, 0.16471385955810547 
648, -2.659140110015869, 0.16214346885681152 
649, -2.658662796020508, 0.163377046585083 
650, -2.658588409423828, 0.16640639305114746 
651, -2.659311294555664, 0.16972088813781738 
652, -2.660066604614258, 0.1643662452697754 
653, -2.658475399017334, 0.16716718673706055 
654, -2.6596124172210693, 0.1653296947479248 
655, -2.6591291427612305, 0.1635723114013672 
656, -2.659508466720581, 0.16395092010498047 
657, -2.6578640937805176, 0.1641082763671875 
658, -2.6608176231384277, 0.16380691528320312 
659, -2.660304546356201, 0.16330337524414062 
660, -2.660510778427124, 0.16362547874450684 
661, -2.6605029106140137, 0.1664729118347168 
662, -2.661909580230713, 0.1666550636291504 
663, -2.6613903045654297, 0.16362595558166504 
664, -2.66156005859375, 0.16591978073120117 
665, -2.661083221435547, 0.1620633602142334 
666, -2.6614274978637695, 0.16545486450195312 
667, -2.661348342895508, 0.16466259956359863 
668, -2.6624770164489746, 0.1651303768157959 
669, -2.663553237915039, 0.16619181632995605 
670, -2.660872459411621, 0.16365599632263184 
671, -2.662435293197632, 0.16356706619262695 
672, -2.6627135276794434, 0.16354107856750488 
673, -2.6629669666290283, 0.16360688209533691 
674, -2.661734104156494, 0.16608023643493652 
675, -2.6613333225250244, 0.16475391387939453 
676, -2.6629021167755127, 0.16392016410827637 
677, -2.663403034210205, 0.16350221633911133 
678, -2.66361141204834, 0.1655442714691162 
679, -2.6641008853912354, 0.16366362571716309 
680, -2.6641430854797363, 0.16392779350280762 
681, -2.6646323204040527, 0.16403913497924805 
682, -2.6640677452087402, 0.16400599479675293 
683, -2.664497137069702, 0.1631925106048584 
684, -2.664628505706787, 0.16657662391662598 
685, -2.6642518043518066, 0.16335272789001465 
686, -2.6640968322753906, 0.1636505126953125 
687, -2.6649227142333984, 0.16309285163879395 
688, -2.664736032485962, 0.3315904140472412 
689, -2.6654562950134277, 0.18389320373535156 
690, -2.665846347808838, 0.1642003059387207 
691, -2.6660690307617188, 0.265056848526001 
692, -2.6658926010131836, 0.16699481010437012 
693, -2.6649961471557617, 0.16356158256530762 
694, -2.6653389930725098, 0.163923978805542 
695, -2.6676406860351562, 0.16311001777648926 
696, -2.666907787322998, 0.16695690155029297 
697, -2.667724609375, 0.1647627353668213 
698, -2.6673145294189453, 0.16504573822021484 
699, -2.6670260429382324, 0.16451764106750488 
700, -2.666585683822632, 0.1677708625793457 
701, -2.668705463409424, 0.1637275218963623 
702, -2.668224334716797, 0.16599583625793457 
703, -2.66725492477417, 0.16514301300048828 
704, -2.667245864868164, 0.1644895076751709 
705, -2.668560266494751, 0.16547346115112305 
706, -2.6679728031158447, 0.16375327110290527 
707, -2.6691975593566895, 0.1640636920928955 
708, -2.6685898303985596, 0.16530752182006836 
709, -2.6682534217834473, 0.1635453701019287 
710, -2.668977737426758, 0.16379928588867188 
711, -2.668285369873047, 0.16384148597717285 
712, -2.669351100921631, 0.16408753395080566 
713, -2.670103073120117, 0.16347551345825195 
714, -2.6686081886291504, 0.1638050079345703 
715, -2.6704673767089844, 0.16321873664855957 
716, -2.6695775985717773, 0.16695642471313477 
717, -2.668361186981201, 0.1634817123413086 
718, -2.6700985431671143, 0.16564178466796875 
719, -2.6695139408111572, 0.1632065773010254 
720, -2.6696505546569824, 0.16550326347351074 
721, -2.6706552505493164, 0.16642332077026367 
722, -2.6706066131591797, 0.16603469848632812 
723, -2.6714859008789062, 0.1647937297821045 
724, -2.6716666221618652, 0.16402673721313477 
725, -2.6717398166656494, 0.1684732437133789 
726, -2.6722729206085205, 0.16411733627319336 
727, -2.672451972961426, 0.16386127471923828 
728, -2.670257568359375, 0.16418719291687012 
729, -2.6707651615142822, 0.1645066738128662 
730, -2.671332597732544, 0.1640913486480713 
731, -2.6731863021850586, 0.1654491424560547 
732, -2.672450542449951, 0.16393780708312988 
733, -2.6731672286987305, 0.16376256942749023 
734, -2.6732101440429688, 0.16371560096740723 
735, -2.6718661785125732, 0.20460152626037598 
736, -2.6737608909606934, 0.2158970832824707 
737, -2.6736583709716797, 0.16659331321716309 
738, -2.673778533935547, 0.16838693618774414 
739, -2.6742889881134033, 0.1629350185394287 
740, -2.674607753753662, 0.16382741928100586 
741, -2.6744508743286133, 0.16661500930786133 
742, -2.6745829582214355, 0.16365909576416016 
743, -2.6757805347442627, 0.16491293907165527 
744, -2.6749820709228516, 0.16373276710510254 
745, -2.6757946014404297, 0.1644423007965088 
746, -2.6762590408325195, 0.16915678977966309 
747, -2.676176071166992, 0.16614961624145508 
748, -2.6755411624908447, 0.16389751434326172 
749, -2.675682306289673, 0.16843795776367188 
750, -2.6756198406219482, 0.1673729419708252 
751, -2.6747236251831055, 0.16695713996887207 
752, -2.674374580383301, 0.16478419303894043 
753, -2.6759791374206543, 0.16404271125793457 
754, -2.6764466762542725, 0.1673285961151123 
755, -2.67653751373291, 0.16553997993469238 
756, -2.676701307296753, 0.16690278053283691 
757, -2.676823139190674, 0.16508817672729492 
758, -2.677731990814209, 0.16370773315429688 
759, -2.677887439727783, 0.16356706619262695 
760, -2.6785898208618164, 0.1685793399810791 
761, -2.6794538497924805, 0.16700363159179688 
762, -2.677652359008789, 0.16540193557739258 
763, -2.679391384124756, 0.16953516006469727 
764, -2.6785669326782227, 0.16847562789916992 
765, -2.679356336593628, 0.1667943000793457 
766, -2.6802096366882324, 0.16404938697814941 
767, -2.680056571960449, 0.16477417945861816 
768, -2.6809659004211426, 0.16679883003234863 
769, -2.6801977157592773, 0.1662614345550537 
770, -2.681079387664795, 0.1650698184967041 
771, -2.680380344390869, 0.1638634204864502 
772, -2.6802845001220703, 0.16627025604248047 
773, -2.6803760528564453, 0.1660776138305664 
774, -2.6799283027648926, 0.16492891311645508 
775, -2.6793010234832764, 0.16425490379333496 
776, -2.6803698539733887, 0.1659853458404541 
777, -2.6809754371643066, 0.16874337196350098 
778, -2.681248426437378, 0.1700763702392578 
779, -2.6824936866760254, 0.16381096839904785 
780, -2.682438850402832, 0.16563725471496582 
781, -2.682762384414673, 0.16535496711730957 
782, -2.682386875152588, 0.1644301414489746 
783, -2.6826093196868896, 0.27523016929626465 
784, -2.6837263107299805, 0.18003106117248535 
785, -2.6842379570007324, 0.16658353805541992 
786, -2.684586524963379, 0.16381359100341797 
787, -2.685279607772827, 0.16357159614562988 
788, -2.683277130126953, 0.16834521293640137 
789, -2.6837944984436035, 0.16448354721069336 
790, -2.6832070350646973, 0.16445469856262207 
791, -2.6844654083251953, 0.1634511947631836 
792, -2.6841349601745605, 0.16356635093688965 
793, -2.6848037242889404, 0.16321325302124023 
794, -2.684206008911133, 0.16608214378356934 
795, -2.6863183975219727, 0.16982603073120117 
796, -2.68424654006958, 0.16398024559020996 
797, -2.6856467723846436, 0.1644287109375 
798, -2.687465190887451, 0.16424155235290527 
799, -2.687509059906006, 0.16400575637817383 
800, -2.687189817428589, 0.1685347557067871 
801, -2.6883294582366943, 0.17000818252563477 
802, -2.687013864517212, 0.17018699645996094 
803, -2.686458110809326, 0.16389250755310059 
804, -2.6871044635772705, 0.16442394256591797 
805, -2.688728094100952, 0.16978669166564941 
806, -2.687410831451416, 0.17169833183288574 
807, -2.6868982315063477, 0.16507697105407715 
808, -2.687986373901367, 0.1684870719909668 
809, -2.6871843338012695, 0.16966772079467773 
810, -2.688317060470581, 0.1702132225036621 
811, -2.6888153553009033, 0.1667940616607666 
812, -2.688906192779541, 0.17287302017211914 
813, -2.6892476081848145, 0.17124605178833008 
814, -2.6897950172424316, 0.16470670700073242 
815, -2.6903398036956787, 0.16397619247436523 
816, -2.6897945404052734, 0.1701340675354004 
817, -2.689138889312744, 0.16635823249816895 
818, -2.691349983215332, 0.16595149040222168 
819, -2.6909890174865723, 0.16863012313842773 
820, -2.68992018699646, 0.16549301147460938 
821, -2.689741611480713, 0.16778302192687988 
822, -2.690753698348999, 0.1696476936340332 
823, -2.6913580894470215, 0.16557049751281738 
824, -2.6909191608428955, 0.16417145729064941 
825, -2.6910018920898438, 0.1643822193145752 
826, -2.691326141357422, 0.1671767234802246 
827, -2.6899619102478027, 0.16704154014587402 
828, -2.690650463104248, 0.1653754711151123 
829, -2.6885833740234375, 0.16530895233154297 
830, -2.6880555152893066, 0.16382431983947754 
831, -2.691248655319214, 0.16988897323608398 
832, -2.6911520957946777, 0.16558241844177246 
833, -2.690548896789551, 0.1685335636138916 
834, -2.6912336349487305, 0.16391634941101074 
835, -2.691601276397705, 0.16656899452209473 
836, -2.6922497749328613, 0.1681385040283203 
837, -2.692237377166748, 0.16334176063537598 
838, -2.6920127868652344, 0.1654038429260254 
839, -2.6922402381896973, 0.16360211372375488 
840, -2.6920130252838135, 0.16371393203735352 
841, -2.6921653747558594, 0.1653738021850586 
842, -2.6927809715270996, 0.169952392578125 
843, -2.6923906803131104, 0.16510486602783203 
844, -2.692714214324951, 0.16588830947875977 
845, -2.6928951740264893, 0.16382217407226562 
846, -2.693203926086426, 0.16402244567871094 
847, -2.6922645568847656, 0.16400718688964844 
848, -2.6936049461364746, 0.16413116455078125 
849, -2.693577289581299, 0.16483759880065918 
850, -2.6933138370513916, 0.16629385948181152 
851, -2.6931371688842773, 0.16381549835205078 
852, -2.694794178009033, 0.1671915054321289 
853, -2.6941280364990234, 0.16417312622070312 
854, -2.6939783096313477, 0.16419196128845215 
855, -2.693894147872925, 0.16376328468322754 
856, -2.6934547424316406, 0.16435933113098145 
857, -2.693549156188965, 0.16429996490478516 
858, -2.6938419342041016, 0.16420650482177734 
859, -2.693896770477295, 0.1638779640197754 
860, -2.6945743560791016, 0.16440105438232422 
861, -2.6934642791748047, 0.16361665725708008 
862, -2.694619655609131, 0.16451263427734375 
863, -2.693983316421509, 0.16385459899902344 
864, -2.69387149810791, 0.16376423835754395 
865, -2.692915916442871, 0.1638929843902588 
866, -2.693671226501465, 0.1653449535369873 
867, -2.6948652267456055, 0.16380071640014648 
868, -2.6940526962280273, 0.16603851318359375 
869, -2.695575714111328, 0.1651935577392578 
870, -2.694145917892456, 0.16552448272705078 
871, -2.69545841217041, 0.1879889965057373 
872, -2.6952524185180664, 0.16629624366760254 
873, -2.694582939147949, 0.16362476348876953 
874, -2.695988178253174, 0.1644744873046875 
875, -2.6940808296203613, 0.16371870040893555 
876, -2.694613456726074, 0.16413092613220215 
877, -2.696143865585327, 0.16394567489624023 
878, -2.6952264308929443, 0.16436171531677246 
879, -2.69612193107605, 0.16395187377929688 
880, -2.6960291862487793, 0.16459178924560547 
881, -2.6960067749023438, 0.16383624076843262 
882, -2.694161891937256, 0.16440224647521973 
883, -2.6946444511413574, 0.1637279987335205 
884, -2.696362018585205, 0.16384506225585938 
885, -2.69447922706604, 0.16360998153686523 
886, -2.696481704711914, 0.16398191452026367 
887, -2.697378635406494, 0.16445660591125488 
888, -2.696300983428955, 0.16637301445007324 
889, -2.696627378463745, 0.16387581825256348 
890, -2.696707248687744, 0.16625618934631348 
891, -2.697798728942871, 0.16490888595581055 
892, -2.6975197792053223, 0.16443228721618652 
893, -2.696896553039551, 0.1644420623779297 
894, -2.69749116897583, 0.16458892822265625 
895, -2.697783946990967, 0.1639726161956787 
896, -2.6964869499206543, 0.16636347770690918 
897, -2.6978096961975098, 0.1645524501800537 
898, -2.6956787109375, 0.164353609085083 
899, -2.6973605155944824, 0.16443896293640137 
900, -2.6969079971313477, 0.1638319492340088 
901, -2.6971564292907715, 0.1639411449432373 
902, -2.698146104812622, 0.163865327835083 
903, -2.698338508605957, 0.16361451148986816 
904, -2.697805404663086, 0.16484713554382324 
905, -2.69968843460083, 0.16388368606567383 
906, -2.697070837020874, 0.16402196884155273 
907, -2.6986494064331055, 0.16393494606018066 
908, -2.6983609199523926, 0.16435813903808594 
909, -2.6988096237182617, 0.16402506828308105 
910, -2.6978468894958496, 0.16399025917053223 
911, -2.697502613067627, 0.16389989852905273 
912, -2.6984877586364746, 0.16418671607971191 
913, -2.6986582279205322, 0.16385579109191895 
914, -2.6986522674560547, 0.16613030433654785 
915, -2.6996116638183594, 0.16753363609313965 
916, -2.7003324031829834, 0.1913151741027832 
917, -2.699483871459961, 0.16415023803710938 
918, -2.7005605697631836, 0.162916898727417 
919, -2.697779655456543, 0.1643354892730713 
920, -2.6998074054718018, 0.16546010971069336 
921, -2.7010927200317383, 0.16252923011779785 
922, -2.7007017135620117, 0.16457605361938477 
923, -2.7013673782348633, 0.1642777919769287 
924, -2.7003042697906494, 0.16422462463378906 
925, -2.7013721466064453, 0.1641254425048828 
926, -2.7018985748291016, 0.1641075611114502 
927, -2.701432466506958, 0.2567138671875 
928, -2.7010796070098877, 0.1925811767578125 
929, -2.7018377780914307, 0.16409945487976074 
930, -2.701253890991211, 0.164109468460083 
931, -2.701744556427002, 0.16281676292419434 
932, -2.7015202045440674, 0.16437983512878418 
933, -2.7007265090942383, 0.16384100914001465 
934, -2.7010717391967773, 0.16429638862609863 
935, -2.701512336730957, 0.16695070266723633 
936, -2.701355457305908, 0.16434144973754883 
937, -2.7023539543151855, 0.16194629669189453 
938, -2.703502655029297, 0.16527915000915527 
939, -2.7020277976989746, 0.16436481475830078 
940, -2.7032761573791504, 0.16455936431884766 
941, -2.7033135890960693, 0.16498517990112305 
942, -2.702922821044922, 0.1660315990447998 
943, -2.7031900882720947, 0.16424322128295898 
944, -2.7037341594696045, 0.16661620140075684 
945, -2.70167875289917, 0.16277861595153809 
946, -2.7016186714172363, 0.16459202766418457 
947, -2.7003862857818604, 0.16625213623046875 
948, -2.7031335830688477, 0.1646585464477539 
949, -2.701514720916748, 0.16566109657287598 
950, -2.7019827365875244, 0.1645658016204834 
951, -2.7040328979492188, 0.1624894142150879 
952, -2.7046098709106445, 0.16447901725769043 
953, -2.703923463821411, 0.16481709480285645 
954, -2.7036995887756348, 0.16676044464111328 
955, -2.7048726081848145, 0.16329360008239746 
956, -2.7047042846679688, 0.16457629203796387 
957, -2.7043581008911133, 0.1642773151397705 
958, -2.7042834758758545, 0.16704559326171875 
959, -2.704939842224121, 0.16675019264221191 
960, -2.7038040161132812, 0.16463565826416016 
961, -2.705172538757324, 0.1625823974609375 
962, -2.7045819759368896, 0.16571831703186035 
963, -2.702605724334717, 0.1642305850982666 
964, -2.7036538124084473, 0.16390395164489746 
965, -2.704876184463501, 0.16420531272888184 
966, -2.704453468322754, 0.16497254371643066 
967, -2.705597400665283, 0.16433382034301758 
968, -2.705653667449951, 0.16453886032104492 
969, -2.704744338989258, 0.1655263900756836 
970, -2.7055246829986572, 0.1644272804260254 
971, -2.7040882110595703, 0.16436505317687988 
972, -2.7048683166503906, 0.16615533828735352 
973, -2.705028772354126, 0.16250181198120117 
974, -2.7035036087036133, 0.16549015045166016 
975, -2.704378366470337, 0.19715595245361328 
976, -2.7034554481506348, 0.18580317497253418 
977, -2.704214572906494, 0.16442632675170898 
978, -2.7035770416259766, 0.16486382484436035 
979, -2.7044873237609863, 0.1622486114501953 
980, -2.705019474029541, 0.16570162773132324 
981, -2.7054085731506348, 0.16287875175476074 
982, -2.7052230834960938, 0.16404247283935547 
983, -2.7062344551086426, 0.16289138793945312 
984, -2.7043914794921875, 0.1625044345855713 
985, -2.70582914352417, 0.1637115478515625 
986, -2.70623517036438, 0.16643977165222168 
987, -2.706423759460449, 0.1655416488647461 
988, -2.706184148788452, 0.16478586196899414 
989, -2.7073240280151367, 0.16315507888793945 
990, -2.7048046588897705, 0.1645500659942627 
991, -2.704587459564209, 0.16451334953308105 
992, -2.7046236991882324, 0.16445422172546387 
993, -2.703333854675293, 0.16579818725585938 
994, -2.7051539421081543, 0.16612815856933594 
995, -2.705005407333374, 0.1638495922088623 
996, -2.7064576148986816, 0.1650547981262207 
997, -2.7055277824401855, 0.16305327415466309 
998, -2.7062180042266846, 0.16442370414733887 
999, -2.7058639526367188, 0.16387128829956055 
