Iteration, loss, time 
0, 0.9687347412109375, 0.19271135330200195 
1, 0.904151201248169, 0.18371176719665527 
2, 0.8514836430549622, 0.17930984497070312 
3, 0.8126152753829956, 0.18787193298339844 
4, 0.7545294165611267, 0.18493413925170898 
5, 0.702006459236145, 0.1706392765045166 
6, 0.6386154890060425, 0.17787671089172363 
7, 0.6039667725563049, 0.17791223526000977 
8, 0.5606129169464111, 0.17807960510253906 
9, 0.48590409755706787, 0.17941927909851074 
10, 0.43809762597084045, 0.18279504776000977 
11, 0.38191482424736023, 0.17928504943847656 
12, 0.3393169045448303, 0.18144893646240234 
13, 0.30011963844299316, 0.1859292984008789 
14, 0.24591633677482605, 0.1848452091217041 
15, 0.2080383002758026, 0.18597149848937988 
16, 0.16790664196014404, 0.19232392311096191 
17, 0.13426709175109863, 0.1925818920135498 
18, 0.08779162168502808, 0.18541216850280762 
19, 0.04925960302352905, 0.18685245513916016 
20, 0.004369080066680908, 0.18440651893615723 
21, -0.030173897743225098, 0.18818068504333496 
22, -0.06463092565536499, 0.1806340217590332 
23, -0.10729074478149414, 0.18270015716552734 
24, -0.14028054475784302, 0.18249130249023438 
25, -0.17432236671447754, 0.18416762351989746 
26, -0.20499616861343384, 0.1866617202758789 
27, -0.22737574577331543, 0.17270588874816895 
28, -0.25860512256622314, 0.1765120029449463 
29, -0.29506444931030273, 0.1792621612548828 
30, -0.32266557216644287, 0.17666316032409668 
31, -0.3545682430267334, 0.18082714080810547 
32, -0.3758624792098999, 0.17175579071044922 
33, -0.41490107774734497, 0.17539334297180176 
34, -0.4443358778953552, 0.1732487678527832 
35, -0.46383339166641235, 0.17317724227905273 
36, -0.49882692098617554, 0.17200803756713867 
37, -0.5180323719978333, 0.1695106029510498 
38, -0.5426945090293884, 0.1708054542541504 
39, -0.5693846940994263, 0.17233610153198242 
40, -0.5980826616287231, 0.17294073104858398 
41, -0.6225296854972839, 0.17313337326049805 
42, -0.6486796736717224, 0.17103123664855957 
43, -0.676906406879425, 0.16983413696289062 
44, -0.6940842270851135, 0.17123842239379883 
45, -0.7097029089927673, 0.17690157890319824 
46, -0.7402135133743286, 0.17205476760864258 
47, -0.7610487341880798, 0.16958856582641602 
48, -0.7754963636398315, 0.1747417449951172 
49, -0.7988664507865906, 0.17878460884094238 
50, -0.8205492496490479, 0.17979931831359863 
51, -0.8355032801628113, 0.18101263046264648 
52, -0.8577877283096313, 0.1872389316558838 
53, -0.8785367608070374, 0.18375515937805176 
54, -0.9063316583633423, 0.18771767616271973 
55, -0.9234503507614136, 0.18718552589416504 
56, -0.9362735748291016, 0.1837301254272461 
57, -0.9498664140701294, 0.1823287010192871 
58, -0.9652823209762573, 0.17743539810180664 
59, -0.9743666648864746, 0.18234825134277344 
60, -0.9946603178977966, 0.1813671588897705 
61, -1.0142343044281006, 0.17871737480163574 
62, -1.0200016498565674, 0.1826159954071045 
63, -1.0360496044158936, 0.1744077205657959 
64, -1.054689645767212, 0.17216253280639648 
65, -1.0641740560531616, 0.17052578926086426 
66, -1.0813546180725098, 0.17345118522644043 
67, -1.091160774230957, 0.1839299201965332 
68, -1.1054636240005493, 0.1787562370300293 
69, -1.120110273361206, 0.17710232734680176 
70, -1.1279933452606201, 0.17862749099731445 
71, -1.1371151208877563, 0.1794588565826416 
72, -1.1519231796264648, 0.17343568801879883 
73, -1.1574857234954834, 0.17961835861206055 
74, -1.1774970293045044, 0.17879366874694824 
75, -1.183069109916687, 0.16862034797668457 
76, -1.1928869485855103, 0.1774446964263916 
77, -1.2080583572387695, 0.17787599563598633 
78, -1.217673420906067, 0.17931032180786133 
79, -1.2153904438018799, 0.17244458198547363 
80, -1.231123685836792, 0.1808938980102539 
81, -1.2340320348739624, 0.17359375953674316 
82, -1.2447930574417114, 0.1730942726135254 
83, -1.2551580667495728, 0.17510104179382324 
84, -1.2684295177459717, 0.17648100852966309 
85, -1.27693772315979, 0.18227815628051758 
86, -1.2835501432418823, 0.18158864974975586 
87, -1.2846190929412842, 0.19273710250854492 
88, -1.299292802810669, 0.19238781929016113 
89, -1.305853009223938, 0.195389986038208 
90, -1.3069185018539429, 0.19499731063842773 
91, -1.3111112117767334, 0.19936609268188477 
92, -1.322619080543518, 0.19476771354675293 
93, -1.3326698541641235, 0.1953136920928955 
94, -1.3309409618377686, 0.1825089454650879 
95, -1.348299264907837, 0.18380165100097656 
96, -1.3475030660629272, 0.1893768310546875 
97, -1.3535270690917969, 0.1875903606414795 
98, -1.361991286277771, 0.19003558158874512 
99, -1.3610323667526245, 0.18259525299072266 
100, -1.3757315874099731, 0.18475770950317383 
101, -1.380433201789856, 0.17693305015563965 
102, -1.3753249645233154, 0.17100000381469727 
103, -1.3844566345214844, 0.1708519458770752 
104, -1.394472360610962, 0.18116497993469238 
105, -1.396250605583191, 0.18210673332214355 
106, -1.4094436168670654, 0.18722319602966309 
107, -1.4099560976028442, 0.18433046340942383 
108, -1.4138792753219604, 0.17796611785888672 
109, -1.4283912181854248, 0.1799466609954834 
110, -1.4275760650634766, 0.18619561195373535 
111, -1.4333382844924927, 0.18519043922424316 
112, -1.4359921216964722, 0.19189763069152832 
113, -1.4420286417007446, 0.19364619255065918 
114, -1.448470950126648, 0.1805710792541504 
115, -1.4547683000564575, 0.19728708267211914 
116, -1.458221673965454, 0.19133329391479492 
117, -1.464307188987732, 0.18360638618469238 
118, -1.4634425640106201, 0.18175721168518066 
119, -1.4693069458007812, 0.19755125045776367 
120, -1.4645702838897705, 0.19524168968200684 
121, -1.4800353050231934, 0.18848347663879395 
122, -1.4846656322479248, 0.19800734519958496 
123, -1.4898829460144043, 0.19904494285583496 
124, -1.4883060455322266, 0.20699763298034668 
125, -1.4946534633636475, 0.18970489501953125 
126, -1.4983495473861694, 0.18605995178222656 
127, -1.500312328338623, 0.18756604194641113 
128, -1.5138410329818726, 0.18664789199829102 
129, -1.5156792402267456, 0.18144631385803223 
130, -1.5148768424987793, 0.18482422828674316 
131, -1.5214221477508545, 0.18754100799560547 
132, -1.5265380144119263, 0.17854952812194824 
133, -1.5335017442703247, 0.18020844459533691 
134, -1.5317575931549072, 0.1718435287475586 
135, -1.540933609008789, 0.17906475067138672 
136, -1.5475735664367676, 0.17530488967895508 
137, -1.5489163398742676, 0.1744065284729004 
138, -1.5604497194290161, 0.17120122909545898 
139, -1.5624637603759766, 0.16989850997924805 
140, -1.5675835609436035, 0.17160820960998535 
141, -1.5751277208328247, 0.1785295009613037 
142, -1.5812315940856934, 0.17881226539611816 
143, -1.5828707218170166, 0.1729905605316162 
144, -1.5858432054519653, 0.17908310890197754 
145, -1.5855549573898315, 0.17142724990844727 
146, -1.5942054986953735, 0.17275643348693848 
147, -1.5989071130752563, 0.17396020889282227 
148, -1.5984671115875244, 0.17525339126586914 
149, -1.6044914722442627, 0.17064666748046875 
150, -1.6049935817718506, 0.17219209671020508 
151, -1.608688473701477, 0.17947649955749512 
152, -1.614356517791748, 0.17682528495788574 
153, -1.6176137924194336, 0.17442989349365234 
154, -1.6171199083328247, 0.18378639221191406 
155, -1.6197482347488403, 0.18554186820983887 
156, -1.6298446655273438, 0.1845109462738037 
157, -1.6370646953582764, 0.1903986930847168 
158, -1.6403895616531372, 0.19132447242736816 
159, -1.6425737142562866, 0.189436674118042 
160, -1.6435744762420654, 0.19528436660766602 
161, -1.6529427766799927, 0.1904618740081787 
162, -1.6496199369430542, 0.1879880428314209 
163, -1.6683690547943115, 0.18210434913635254 
164, -1.6682343482971191, 0.1847844123840332 
165, -1.6845645904541016, 0.1856689453125 
166, -1.6939682960510254, 0.19112777709960938 
167, -1.7054412364959717, 0.18213438987731934 
168, -1.7141389846801758, 0.18000435829162598 
169, -1.7275609970092773, 0.1784956455230713 
170, -1.7340083122253418, 0.18562531471252441 
171, -1.7469226121902466, 0.17447924613952637 
172, -1.7510099411010742, 0.17190313339233398 
173, -1.7617473602294922, 0.17346882820129395 
174, -1.7699426412582397, 0.1733531951904297 
175, -1.7815494537353516, 0.17207098007202148 
176, -1.7870192527770996, 0.17050743103027344 
177, -1.7959508895874023, 0.17424750328063965 
178, -1.8021800518035889, 0.17107844352722168 
179, -1.8099493980407715, 0.173630952835083 
180, -1.8201783895492554, 0.17251276969909668 
181, -1.8265049457550049, 0.17011022567749023 
182, -1.8357409238815308, 0.17861342430114746 
183, -1.8427324295043945, 0.17654109001159668 
184, -1.8527013063430786, 0.17163419723510742 
185, -1.859795331954956, 0.16880583763122559 
186, -1.8690444231033325, 0.17502427101135254 
187, -1.8722193241119385, 0.17322087287902832 
188, -1.8838499784469604, 0.1722877025604248 
189, -1.8871480226516724, 0.18489718437194824 
190, -1.892785668373108, 0.1871490478515625 
191, -1.9030907154083252, 0.18428921699523926 
192, -1.9109357595443726, 0.1894075870513916 
193, -1.9194419384002686, 0.19058465957641602 
194, -1.922983169555664, 0.18979668617248535 
195, -1.9267916679382324, 0.1856520175933838 
196, -1.9371237754821777, 0.1879134178161621 
197, -1.944333553314209, 0.18157315254211426 
198, -1.9495066404342651, 0.1802074909210205 
199, -1.9588563442230225, 0.18283486366271973 
200, -1.9629995822906494, 0.18086767196655273 
201, -1.9680471420288086, 0.18365979194641113 
202, -1.9743212461471558, 0.1731550693511963 
203, -1.98380708694458, 0.16898727416992188 
204, -1.9871604442596436, 0.1681196689605713 
205, -1.9974552392959595, 0.17131519317626953 
206, -2.0049962997436523, 0.17693328857421875 
207, -2.010284900665283, 0.17119860649108887 
208, -2.0178475379943848, 0.17168617248535156 
209, -2.0248425006866455, 0.1701955795288086 
210, -2.0274038314819336, 0.17384600639343262 
211, -2.035317897796631, 0.17027568817138672 
212, -2.041944980621338, 0.17159080505371094 
213, -2.0465879440307617, 0.1688368320465088 
214, -2.0501632690429688, 0.17248797416687012 
215, -2.0575757026672363, 0.17124652862548828 
216, -2.063349723815918, 0.17179608345031738 
217, -2.067718982696533, 0.17017555236816406 
218, -2.0737075805664062, 0.1730937957763672 
219, -2.077476978302002, 0.17076873779296875 
220, -2.0816054344177246, 0.17522239685058594 
221, -2.083787441253662, 0.1758723258972168 
222, -2.0909509658813477, 0.1730811595916748 
223, -2.094135284423828, 0.1724870204925537 
224, -2.100271224975586, 0.1774914264678955 
225, -2.1030306816101074, 0.17958521842956543 
226, -2.1045360565185547, 0.1836991310119629 
227, -2.108192205429077, 0.19088244438171387 
228, -2.1120071411132812, 0.18621373176574707 
229, -2.113814353942871, 0.18404269218444824 
230, -2.115940809249878, 0.18786835670471191 
231, -2.119844675064087, 0.18600201606750488 
232, -2.122134208679199, 0.18271994590759277 
233, -2.1248035430908203, 0.17834210395812988 
234, -2.126655101776123, 0.17989182472229004 
235, -2.1291632652282715, 0.18413186073303223 
236, -2.1301116943359375, 0.18248915672302246 
237, -2.130981922149658, 0.18243694305419922 
238, -2.1357882022857666, 0.17319536209106445 
239, -2.1348485946655273, 0.17295551300048828 
240, -2.139420986175537, 0.1719663143157959 
241, -2.141944408416748, 0.17397093772888184 
242, -2.1437830924987793, 0.1746690273284912 
243, -2.1469736099243164, 0.17083740234375 
244, -2.1492958068847656, 0.16943812370300293 
245, -2.1509032249450684, 0.16765928268432617 
246, -2.1528944969177246, 0.16898584365844727 
247, -2.154399871826172, 0.17494916915893555 
248, -2.156459331512451, 0.17242717742919922 
249, -2.1580748558044434, 0.1785750389099121 
250, -2.161351442337036, 0.17778682708740234 
251, -2.160557746887207, 0.17442893981933594 
252, -2.16371488571167, 0.17356014251708984 
253, -2.166588306427002, 0.1708362102508545 
254, -2.167099714279175, 0.1704082489013672 
255, -2.1670689582824707, 0.17445707321166992 
256, -2.1699938774108887, 0.17662405967712402 
257, -2.172267436981201, 0.17819499969482422 
258, -2.174053192138672, 0.17360186576843262 
259, -2.1732895374298096, 0.17630505561828613 
260, -2.1781115531921387, 0.18186283111572266 
261, -2.179454803466797, 0.18160200119018555 
262, -2.1813604831695557, 0.1894667148590088 
263, -2.181417942047119, 0.18755364418029785 
264, -2.1842141151428223, 0.18939900398254395 
265, -2.186662197113037, 0.18935275077819824 
266, -2.188997268676758, 0.1930997371673584 
267, -2.1910693645477295, 0.18724274635314941 
268, -2.1918869018554688, 0.1817312240600586 
269, -2.1938540935516357, 0.17843294143676758 
270, -2.1965160369873047, 0.17947673797607422 
271, -2.199373960494995, 0.1849982738494873 
272, -2.2008352279663086, 0.17950963973999023 
273, -2.2034316062927246, 0.16926813125610352 
274, -2.2069547176361084, 0.16901636123657227 
275, -2.206350803375244, 0.17067456245422363 
276, -2.20920991897583, 0.17393279075622559 
277, -2.2120065689086914, 0.17235946655273438 
278, -2.2131361961364746, 0.1729435920715332 
279, -2.2142715454101562, 0.16868925094604492 
280, -2.216665744781494, 0.16981768608093262 
281, -2.216977119445801, 0.17348384857177734 
282, -2.2197556495666504, 0.17033171653747559 
283, -2.220600128173828, 0.1699364185333252 
284, -2.2232065200805664, 0.16806912422180176 
285, -2.2249755859375, 0.16922783851623535 
286, -2.227104663848877, 0.170485258102417 
287, -2.2284812927246094, 0.1726524829864502 
288, -2.230351448059082, 0.17239689826965332 
289, -2.230733871459961, 0.17043685913085938 
290, -2.2340662479400635, 0.17514729499816895 
291, -2.2367773056030273, 0.17540264129638672 
292, -2.2391529083251953, 0.1753244400024414 
293, -2.238964080810547, 0.1713261604309082 
294, -2.241321563720703, 0.1726229190826416 
295, -2.243626594543457, 0.1791982650756836 
296, -2.2454519271850586, 0.17928099632263184 
297, -2.247884750366211, 0.17958688735961914 
298, -2.249159336090088, 0.1881554126739502 
299, -2.249563217163086, 0.183074951171875 
300, -2.2518715858459473, 0.1853809356689453 
301, -2.2528722286224365, 0.1875934600830078 
302, -2.2541050910949707, 0.18713641166687012 
303, -2.25565242767334, 0.18079137802124023 
304, -2.256641387939453, 0.174454927444458 
305, -2.258706569671631, 0.17903661727905273 
306, -2.2614316940307617, 0.18134403228759766 
307, -2.2606897354125977, 0.18036460876464844 
308, -2.2638959884643555, 0.17760086059570312 
309, -2.2659265995025635, 0.16808223724365234 
310, -2.266287326812744, 0.1662755012512207 
311, -2.2683844566345215, 0.16896605491638184 
312, -2.2692794799804688, 0.17382192611694336 
313, -2.2707653045654297, 0.17281484603881836 
314, -2.271946907043457, 0.1701064109802246 
315, -2.2735791206359863, 0.168196439743042 
316, -2.2736449241638184, 0.16718268394470215 
317, -2.2753708362579346, 0.1659080982208252 
318, -2.2765214443206787, 0.16765952110290527 
319, -2.2783432006835938, 0.16688823699951172 
320, -2.28073787689209, 0.16674065589904785 
321, -2.2808079719543457, 0.16975021362304688 
322, -2.2830018997192383, 0.17198872566223145 
323, -2.2846622467041016, 0.1705942153930664 
324, -2.284304141998291, 0.16987967491149902 
325, -2.2869362831115723, 0.17045974731445312 
326, -2.287515163421631, 0.17272639274597168 
327, -2.2900547981262207, 0.17490720748901367 
328, -2.2895593643188477, 0.17637252807617188 
329, -2.2923526763916016, 0.17485451698303223 
330, -2.2919654846191406, 0.17654919624328613 
331, -2.293565273284912, 0.18092966079711914 
332, -2.2962288856506348, 0.18295884132385254 
333, -2.2965903282165527, 0.18289566040039062 
334, -2.2971014976501465, 0.18552637100219727 
335, -2.2978055477142334, 0.1815030574798584 
336, -2.299442768096924, 0.18369245529174805 
337, -2.300851821899414, 0.1875605583190918 
338, -2.303884744644165, 0.18579459190368652 
339, -2.3034284114837646, 0.1751115322113037 
340, -2.302189588546753, 0.17308998107910156 
341, -2.304586887359619, 0.18137121200561523 
342, -2.3034491539001465, 0.18324613571166992 
343, -2.3060879707336426, 0.1802661418914795 
344, -2.3088467121124268, 0.1697547435760498 
345, -2.3090617656707764, 0.16689181327819824 
346, -2.311357259750366, 0.16472172737121582 
347, -2.312514305114746, 0.16930389404296875 
348, -2.311882972717285, 0.17308282852172852 
349, -2.313080310821533, 0.17092633247375488 
350, -2.314448356628418, 0.16657733917236328 
351, -2.3146371841430664, 0.16752123832702637 
352, -2.3137521743774414, 0.16750550270080566 
353, -2.3172402381896973, 0.16758990287780762 
354, -2.3167991638183594, 0.16833186149597168 
355, -2.3198630809783936, 0.16779708862304688 
356, -2.320375442504883, 0.16769075393676758 
357, -2.320492744445801, 0.16790437698364258 
358, -2.321016788482666, 0.16865849494934082 
359, -2.3214735984802246, 0.16805386543273926 
360, -2.323587656021118, 0.1714315414428711 
361, -2.323714256286621, 0.1729106903076172 
362, -2.324491500854492, 0.1749730110168457 
363, -2.3255696296691895, 0.17460918426513672 
364, -2.323765754699707, 0.18616390228271484 
365, -2.326427459716797, 0.17118263244628906 
366, -2.328982353210449, 0.1748976707458496 
367, -2.329422950744629, 0.17876410484313965 
368, -2.329568862915039, 0.18867230415344238 
369, -2.328685760498047, 0.18289613723754883 
370, -2.331446647644043, 0.18325448036193848 
371, -2.3321712017059326, 0.18459677696228027 
372, -2.330254316329956, 0.18431615829467773 
373, -2.333346366882324, 0.18174219131469727 
374, -2.3318557739257812, 0.17700624465942383 
375, -2.3339829444885254, 0.17005062103271484 
376, -2.3355090618133545, 0.17773914337158203 
377, -2.3353304862976074, 0.18071651458740234 
378, -2.3376410007476807, 0.18459081649780273 
379, -2.335893154144287, 0.17933249473571777 
380, -2.3383212089538574, 0.17095065116882324 
381, -2.3393964767456055, 0.16931843757629395 
382, -2.3406429290771484, 0.16950464248657227 
383, -2.3400070667266846, 0.1780409812927246 
384, -2.340419292449951, 0.1724991798400879 
385, -2.341604709625244, 0.1734471321105957 
386, -2.3435726165771484, 0.17061638832092285 
387, -2.3422350883483887, 0.1670527458190918 
388, -2.3425750732421875, 0.16911816596984863 
389, -2.344879627227783, 0.16967082023620605 
390, -2.344587802886963, 0.16930150985717773 
391, -2.3458452224731445, 0.169081449508667 
392, -2.34567928314209, 0.17104125022888184 
393, -2.3450570106506348, 0.16943001747131348 
394, -2.3447723388671875, 0.1682422161102295 
395, -2.345785140991211, 0.17020058631896973 
396, -2.344985008239746, 0.1753523349761963 
397, -2.3475341796875, 0.17270660400390625 
398, -2.347170829772949, 0.17560887336730957 
399, -2.3474340438842773, 0.1772627830505371 
400, -2.3495702743530273, 0.17066359519958496 
401, -2.349241256713867, 0.17453432083129883 
402, -2.349015712738037, 0.17933201789855957 
403, -2.3503496646881104, 0.18083596229553223 
404, -2.350076913833618, 0.18336224555969238 
405, -2.351447343826294, 0.18074917793273926 
406, -2.351116180419922, 0.18474769592285156 
407, -2.3523077964782715, 0.18983745574951172 
408, -2.3511300086975098, 0.189070463180542 
409, -2.3514339923858643, 0.18286633491516113 
410, -2.3548007011413574, 0.1810309886932373 
411, -2.3548502922058105, 0.17882895469665527 
412, -2.3543102741241455, 0.18674349784851074 
413, -2.354647636413574, 0.18248748779296875 
414, -2.35654354095459, 0.18357038497924805 
415, -2.3578944206237793, 0.1759958267211914 
416, -2.3561277389526367, 0.17183780670166016 
417, -2.3585124015808105, 0.17035770416259766 
418, -2.3571019172668457, 0.17707014083862305 
419, -2.358905792236328, 0.17329049110412598 
420, -2.3581748008728027, 0.17602324485778809 
421, -2.357624053955078, 0.1712660789489746 
422, -2.357790231704712, 0.17223048210144043 
423, -2.3591413497924805, 0.1682276725769043 
424, -2.3592333793640137, 0.17127513885498047 
425, -2.360381841659546, 0.16797900199890137 
426, -2.359839916229248, 0.17041468620300293 
427, -2.3613052368164062, 0.1734912395477295 
428, -2.360607147216797, 0.17254233360290527 
429, -2.3599300384521484, 0.17217612266540527 
430, -2.3621840476989746, 0.17109966278076172 
431, -2.361210823059082, 0.17201852798461914 
432, -2.3611488342285156, 0.17219948768615723 
433, -2.362269639968872, 0.1724553108215332 
434, -2.3636815547943115, 0.17856216430664062 
435, -2.3646678924560547, 0.17389321327209473 
436, -2.364825487136841, 0.17635536193847656 
437, -2.365701675415039, 0.18034124374389648 
438, -2.3667397499084473, 0.18120670318603516 
439, -2.365790367126465, 0.18108272552490234 
440, -2.366093635559082, 0.20719075202941895 
441, -2.367710590362549, 0.18560123443603516 
442, -2.3665175437927246, 0.18581819534301758 
443, -2.3666882514953613, 0.1840226650238037 
444, -2.3675103187561035, 0.18195128440856934 
445, -2.366166591644287, 0.17832326889038086 
446, -2.368189811706543, 0.1786024570465088 
447, -2.36832332611084, 0.18447041511535645 
448, -2.3694372177124023, 0.18225312232971191 
449, -2.368704080581665, 0.18082261085510254 
450, -2.3695406913757324, 0.1749880313873291 
451, -2.3692030906677246, 0.17151761054992676 
452, -2.3696560859680176, 0.17070388793945312 
453, -2.369718313217163, 0.17525577545166016 
454, -2.371504783630371, 0.1739058494567871 
455, -2.371896266937256, 0.1713416576385498 
456, -2.3709661960601807, 0.17156744003295898 
457, -2.371574640274048, 0.16869521141052246 
458, -2.3720040321350098, 0.17266130447387695 
459, -2.3740158081054688, 0.173370361328125 
460, -2.372683048248291, 0.17003631591796875 
461, -2.373786449432373, 0.17055463790893555 
462, -2.3726229667663574, 0.1757068634033203 
463, -2.3734564781188965, 0.17303800582885742 
464, -2.3723394870758057, 0.173095703125 
465, -2.3731212615966797, 0.17420411109924316 
466, -2.3736796379089355, 0.17658019065856934 
467, -2.3755455017089844, 0.17442893981933594 
468, -2.3756370544433594, 0.17566657066345215 
469, -2.3740859031677246, 0.17960739135742188 
470, -2.375492572784424, 0.17841529846191406 
471, -2.3751296997070312, 0.17799663543701172 
472, -2.3762547969818115, 0.1840829849243164 
473, -2.3766589164733887, 0.18186116218566895 
474, -2.3771560192108154, 0.1834716796875 
475, -2.3774285316467285, 0.18647289276123047 
476, -2.3757710456848145, 0.18715620040893555 
477, -2.3770699501037598, 0.18641209602355957 
478, -2.377619743347168, 0.18805336952209473 
479, -2.376725673675537, 0.18381381034851074 
480, -2.379232406616211, 0.1859571933746338 
481, -2.378605604171753, 0.18413639068603516 
482, -2.3790931701660156, 0.18763160705566406 
483, -2.3803296089172363, 0.1862926483154297 
484, -2.379977226257324, 0.1998291015625 
485, -2.3806004524230957, 0.1883544921875 
486, -2.3803086280822754, 0.18023204803466797 
487, -2.381560802459717, 0.1719675064086914 
488, -2.379267692565918, 0.1719801425933838 
489, -2.3812432289123535, 0.17476677894592285 
490, -2.381089448928833, 0.17528557777404785 
491, -2.38201904296875, 0.17795157432556152 
492, -2.3826589584350586, 0.17391037940979004 
493, -2.381321430206299, 0.17792606353759766 
494, -2.383089542388916, 0.175126314163208 
495, -2.3822622299194336, 0.17942333221435547 
496, -2.3822994232177734, 0.1745293140411377 
497, -2.383530855178833, 0.1751117706298828 
498, -2.3825736045837402, 0.18006062507629395 
499, -2.383552074432373, 0.177109956741333 
500, -2.3852009773254395, 0.17884111404418945 
501, -2.385439395904541, 0.17804336547851562 
502, -2.384916305541992, 0.17651057243347168 
503, -2.3850903511047363, 0.17770171165466309 
504, -2.3842926025390625, 0.18045783042907715 
505, -2.3846333026885986, 0.18056082725524902 
506, -2.3852248191833496, 0.17939329147338867 
507, -2.3855223655700684, 0.18319916725158691 
508, -2.3856208324432373, 0.1828019618988037 
509, -2.38663911819458, 0.18519210815429688 
510, -2.3872151374816895, 0.18735599517822266 
511, -2.388003349304199, 0.18736934661865234 
512, -2.384652614593506, 0.1864771842956543 
513, -2.3883259296417236, 0.18383049964904785 
514, -2.388371467590332, 0.1851036548614502 
515, -2.388917922973633, 0.18199563026428223 
516, -2.389798164367676, 0.17714428901672363 
517, -2.3888134956359863, 0.17958402633666992 
518, -2.3899478912353516, 0.182342529296875 
519, -2.390739679336548, 0.18193697929382324 
520, -2.390143632888794, 0.18068647384643555 
521, -2.3889620304107666, 0.17311620712280273 
522, -2.3911595344543457, 0.17205524444580078 
523, -2.391411066055298, 0.17496466636657715 
524, -2.390458822250366, 0.17557072639465332 
525, -2.3904480934143066, 0.17187786102294922 
526, -2.38840389251709, 0.16962647438049316 
527, -2.391115665435791, 0.17003631591796875 
528, -2.391812324523926, 0.16927194595336914 
529, -2.3917531967163086, 0.1735703945159912 
530, -2.3915414810180664, 0.17444825172424316 
531, -2.3913092613220215, 0.17012667655944824 
532, -2.3926568031311035, 0.17206358909606934 
533, -2.3935647010803223, 0.18092060089111328 
534, -2.391120433807373, 0.17543959617614746 
535, -2.3920247554779053, 0.17429065704345703 
536, -2.393258571624756, 0.17669248580932617 
537, -2.392691135406494, 0.18265819549560547 
538, -2.391822576522827, 0.1761934757232666 
539, -2.3925180435180664, 0.18272900581359863 
540, -2.394042491912842, 0.1760420799255371 
541, -2.3941166400909424, 0.17384886741638184 
542, -2.393720865249634, 0.17613911628723145 
543, -2.3950724601745605, 0.17893242835998535 
544, -2.3946645259857178, 0.18299102783203125 
545, -2.3945565223693848, 0.18619203567504883 
546, -2.394855260848999, 0.18606853485107422 
547, -2.3954601287841797, 0.18603277206420898 
548, -2.3963558673858643, 0.18408632278442383 
549, -2.395875930786133, 0.185957670211792 
550, -2.395028829574585, 0.18303322792053223 
551, -2.395111560821533, 0.17776083946228027 
552, -2.395382881164551, 0.18328070640563965 
553, -2.3959898948669434, 0.18153905868530273 
554, -2.394935369491577, 0.18372774124145508 
555, -2.3947155475616455, 0.17839431762695312 
556, -2.394948720932007, 0.1723794937133789 
557, -2.395811080932617, 0.16979765892028809 
558, -2.396897792816162, 0.17157673835754395 
559, -2.397082567214966, 0.17610430717468262 
560, -2.3970322608947754, 0.17081022262573242 
561, -2.396821975708008, 0.16778278350830078 
562, -2.3954005241394043, 0.17177987098693848 
563, -2.3956212997436523, 0.16904997825622559 
564, -2.3960158824920654, 0.1694655418395996 
565, -2.3971707820892334, 0.1705775260925293 
566, -2.3964643478393555, 0.17092108726501465 
567, -2.3964991569519043, 0.1691422462463379 
568, -2.396152973175049, 0.16920709609985352 
569, -2.3938510417938232, 0.17210674285888672 
570, -2.395986318588257, 0.175736665725708 
571, -2.3943939208984375, 0.1756432056427002 
572, -2.398191452026367, 0.17893671989440918 
573, -2.3975141048431396, 0.17728614807128906 
574, -2.3967533111572266, 0.17887258529663086 
575, -2.3973917961120605, 0.1771245002746582 
576, -2.397822618484497, 0.1779158115386963 
577, -2.3977651596069336, 0.17683935165405273 
578, -2.397336959838867, 0.18157410621643066 
579, -2.3974711894989014, 0.18273019790649414 
580, -2.3979086875915527, 0.18472886085510254 
581, -2.3981118202209473, 0.18471288681030273 
582, -2.3969359397888184, 0.1843404769897461 
583, -2.3983170986175537, 0.18181371688842773 
584, -2.3987441062927246, 0.1875302791595459 
585, -2.39654541015625, 0.1865222454071045 
586, -2.3967785835266113, 0.18218278884887695 
587, -2.3989856243133545, 0.17757225036621094 
588, -2.3967936038970947, 0.18274188041687012 
589, -2.398709774017334, 0.18358802795410156 
590, -2.398195743560791, 0.18510174751281738 
591, -2.399256706237793, 0.18043112754821777 
592, -2.3986825942993164, 0.1753389835357666 
593, -2.3978984355926514, 0.17420601844787598 
594, -2.398219585418701, 0.17940282821655273 
595, -2.399200916290283, 0.17869138717651367 
596, -2.3981409072875977, 0.1759476661682129 
597, -2.397077798843384, 0.1748521327972412 
598, -2.3997035026550293, 0.17700934410095215 
599, -2.3972179889678955, 0.1744701862335205 
600, -2.3995988368988037, 0.17791318893432617 
601, -2.3992886543273926, 0.17753219604492188 
602, -2.400099277496338, 0.17752504348754883 
603, -2.3994927406311035, 0.17920327186584473 
604, -2.398972272872925, 0.18027925491333008 
605, -2.3982534408569336, 0.1772019863128662 
606, -2.3988494873046875, 0.18063616752624512 
607, -2.3995752334594727, 0.17871308326721191 
608, -2.3992981910705566, 0.17949438095092773 
609, -2.3998351097106934, 0.18405914306640625 
610, -2.396507740020752, 0.18059039115905762 
611, -2.3982982635498047, 0.17764925956726074 
612, -2.3981990814208984, 0.1763312816619873 
613, -2.3994760513305664, 0.1821916103363037 
614, -2.399143695831299, 0.1839454174041748 
615, -2.4004249572753906, 0.18408989906311035 
616, -2.399199962615967, 0.18693017959594727 
617, -2.3991525173187256, 0.1841738224029541 
618, -2.398858070373535, 0.1859745979309082 
619, -2.3990964889526367, 0.18663501739501953 
620, -2.3994340896606445, 0.18641352653503418 
621, -2.400582790374756, 0.18301868438720703 
622, -2.4005849361419678, 0.17811965942382812 
623, -2.399394989013672, 0.18210744857788086 
624, -2.3997976779937744, 0.18247604370117188 
625, -2.4002323150634766, 0.18190741539001465 
626, -2.4006800651550293, 0.1817305088043213 
627, -2.4009339809417725, 0.17528891563415527 
628, -2.400175094604492, 0.1754283905029297 
629, -2.4004268646240234, 0.1783430576324463 
630, -2.400296211242676, 0.1782519817352295 
631, -2.3980531692504883, 0.1744847297668457 
632, -2.3996028900146484, 0.1743919849395752 
633, -2.3998007774353027, 0.17336726188659668 
634, -2.3996057510375977, 0.17350149154663086 
635, -2.4001362323760986, 0.17796921730041504 
636, -2.4001026153564453, 0.17438864707946777 
637, -2.3998608589172363, 0.1728527545928955 
638, -2.3989548683166504, 0.17777562141418457 
639, -2.400670289993286, 0.1792738437652588 
640, -2.4005908966064453, 0.17833280563354492 
641, -2.4005608558654785, 0.1787583827972412 
642, -2.400611400604248, 0.1797325611114502 
643, -2.4005539417266846, 0.17604780197143555 
644, -2.400458812713623, 0.17982816696166992 
645, -2.3997225761413574, 0.1829843521118164 
646, -2.4004440307617188, 0.17942285537719727 
647, -2.4002199172973633, 0.17967534065246582 
648, -2.400754928588867, 0.1871352195739746 
649, -2.4007694721221924, 0.1824963092803955 
650, -2.400115728378296, 0.1851341724395752 
651, -2.399855375289917, 0.18637943267822266 
652, -2.3986921310424805, 0.19774460792541504 
653, -2.4006152153015137, 0.19200921058654785 
654, -2.40079402923584, 0.18590950965881348 
655, -2.401076555252075, 0.18408536911010742 
656, -2.4008679389953613, 0.18391966819763184 
657, -2.4009132385253906, 0.17768049240112305 
658, -2.401455879211426, 0.184096097946167 
659, -2.401369094848633, 0.18451452255249023 
660, -2.3996663093566895, 0.18448615074157715 
661, -2.400869369506836, 0.18070006370544434 
662, -2.400735378265381, 0.17751622200012207 
663, -2.4001331329345703, 0.1752328872680664 
664, -2.4003982543945312, 0.17859244346618652 
665, -2.4008069038391113, 0.17927122116088867 
666, -2.400949478149414, 0.1799764633178711 
667, -2.3997135162353516, 0.17422747611999512 
668, -2.4011173248291016, 0.17549610137939453 
669, -2.40134334564209, 0.17636537551879883 
670, -2.401216506958008, 0.17920422554016113 
671, -2.402115821838379, 0.17075324058532715 
672, -2.4020628929138184, 0.18017816543579102 
673, -2.4015512466430664, 0.17957091331481934 
674, -2.4016849994659424, 0.18262600898742676 
675, -2.4013466835021973, 0.18233489990234375 
676, -2.401066780090332, 0.18055295944213867 
677, -2.401092052459717, 0.17995643615722656 
678, -2.401193618774414, 0.1813805103302002 
679, -2.4004640579223633, 0.18556475639343262 
680, -2.4011807441711426, 0.1858665943145752 
681, -2.4008870124816895, 0.18146228790283203 
682, -2.400913715362549, 0.18404388427734375 
683, -2.4019904136657715, 0.18621563911437988 
684, -2.4022796154022217, 0.18152737617492676 
685, -2.40086030960083, 0.18251681327819824 
686, -2.4016480445861816, 0.19037175178527832 
687, -2.400575876235962, 0.18911218643188477 
688, -2.401928663253784, 0.18685102462768555 
689, -2.401400089263916, 0.18590831756591797 
690, -2.3994197845458984, 0.18616461753845215 
691, -2.4008426666259766, 0.18086719512939453 
692, -2.4014532566070557, 0.18127131462097168 
693, -2.401221752166748, 0.18648290634155273 
694, -2.40164852142334, 0.18625593185424805 
695, -2.402255058288574, 0.18582653999328613 
696, -2.4007568359375, 0.18029046058654785 
697, -2.4009451866149902, 0.17195367813110352 
698, -2.401167869567871, 0.1799168586730957 
699, -2.4011292457580566, 0.17864394187927246 
700, -2.401183605194092, 0.17831850051879883 
701, -2.4014995098114014, 0.17611432075500488 
702, -2.4009079933166504, 0.17626476287841797 
703, -2.4014477729797363, 0.17647480964660645 
704, -2.401493549346924, 0.17551350593566895 
705, -2.401304006576538, 0.18051624298095703 
706, -2.402080535888672, 0.18143844604492188 
707, -2.40167236328125, 0.18101048469543457 
708, -2.4021120071411133, 0.18297243118286133 
709, -2.4019622802734375, 0.1780691146850586 
710, -2.401632785797119, 0.18586039543151855 
711, -2.4014925956726074, 0.18277788162231445 
712, -2.4005727767944336, 0.18085980415344238 
713, -2.401573657989502, 0.1786344051361084 
714, -2.4015932083129883, 0.18207740783691406 
715, -2.4003405570983887, 0.18146204948425293 
716, -2.401122570037842, 0.18202781677246094 
717, -2.4018373489379883, 0.18237090110778809 
718, -2.40183687210083, 0.18384647369384766 
719, -2.4006075859069824, 0.1817336082458496 
720, -2.4015800952911377, 0.18497633934020996 
721, -2.4025983810424805, 0.18507790565490723 
722, -2.4008255004882812, 0.1867198944091797 
723, -2.400949478149414, 0.18835663795471191 
724, -2.4007728099823, 0.1872100830078125 
725, -2.401975631713867, 0.1841740608215332 
726, -2.4011988639831543, 0.1832129955291748 
727, -2.4020872116088867, 0.17958664894104004 
728, -2.4022417068481445, 0.18648838996887207 
729, -2.4018402099609375, 0.18298649787902832 
730, -2.401510238647461, 0.18491125106811523 
731, -2.4018287658691406, 0.18046331405639648 
732, -2.401282787322998, 0.17686080932617188 
733, -2.4001946449279785, 0.17223644256591797 
734, -2.400517463684082, 0.17841672897338867 
735, -2.4004788398742676, 0.17655110359191895 
736, -2.4007925987243652, 0.1758866310119629 
737, -2.4006667137145996, 0.1730043888092041 
738, -2.4022438526153564, 0.173997163772583 
739, -2.4016904830932617, 0.1730668544769287 
740, -2.400615692138672, 0.17833948135375977 
741, -2.4018332958221436, 0.17696166038513184 
742, -2.4022469520568848, 0.17690110206604004 
743, -2.401442050933838, 0.17862582206726074 
744, -2.4020934104919434, 0.17983102798461914 
745, -2.402036666870117, 0.17756938934326172 
746, -2.4011616706848145, 0.18023443222045898 
747, -2.401505947113037, 0.1782362461090088 
748, -2.401958465576172, 0.17902922630310059 
749, -2.4013094902038574, 0.18567132949829102 
750, -2.4016289710998535, 0.18266677856445312 
751, -2.402083396911621, 0.18258452415466309 
752, -2.400424003601074, 0.17572832107543945 
753, -2.4011905193328857, 0.17791175842285156 
754, -2.402125358581543, 0.17902731895446777 
755, -2.4008054733276367, 0.18287944793701172 
756, -2.402189254760742, 0.18578028678894043 
757, -2.402182102203369, 0.18451905250549316 
758, -2.4020724296569824, 0.18607687950134277 
759, -2.4007890224456787, 0.185225248336792 
760, -2.402083396911621, 0.18831896781921387 
761, -2.402071475982666, 0.18485546112060547 
762, -2.4016993045806885, 0.1835472583770752 
763, -2.4022464752197266, 0.18423080444335938 
764, -2.4019622802734375, 0.18490171432495117 
765, -2.4019477367401123, 0.18884801864624023 
766, -2.4008021354675293, 0.21145153045654297 
767, -2.4009366035461426, 0.29237937927246094 
768, -2.4000773429870605, 0.18091678619384766 
769, -2.3992667198181152, 0.1778552532196045 
770, -2.4017233848571777, 0.1765427589416504 
771, -2.4026598930358887, 0.17254304885864258 
772, -2.4013772010803223, 0.17723393440246582 
773, -2.402073383331299, 0.17752623558044434 
774, -2.4027676582336426, 0.17958498001098633 
775, -2.400878429412842, 0.17702078819274902 
776, -2.4016895294189453, 0.180372953414917 
777, -2.4018807411193848, 0.1794605255126953 
778, -2.401423931121826, 0.1784534454345703 
779, -2.401484966278076, 0.17728233337402344 
780, -2.401337146759033, 0.17911314964294434 
781, -2.4019079208374023, 0.17550325393676758 
782, -2.401264190673828, 0.18215560913085938 
783, -2.4007866382598877, 0.18058228492736816 
784, -2.4015450477600098, 0.18200993537902832 
785, -2.400811195373535, 0.17290258407592773 
786, -2.4017114639282227, 0.17242121696472168 
787, -2.400280475616455, 0.18069195747375488 
788, -2.4021754264831543, 0.18305397033691406 
789, -2.401705265045166, 0.1822047233581543 
790, -2.402165412902832, 0.18491148948669434 
791, -2.4020707607269287, 0.1838831901550293 
792, -2.4021942615509033, 0.18286871910095215 
793, -2.4017527103424072, 0.18346881866455078 
794, -2.4014415740966797, 0.18675661087036133 
795, -2.4027013778686523, 0.1863853931427002 
796, -2.4011998176574707, 0.18410229682922363 
797, -2.4027481079101562, 0.18438482284545898 
798, -2.4015750885009766, 0.1841721534729004 
799, -2.4024429321289062, 0.18558859825134277 
800, -2.40200138092041, 0.18479323387145996 
801, -2.4023900032043457, 0.18246126174926758 
802, -2.402329206466675, 0.18042540550231934 
803, -2.4013662338256836, 0.1782677173614502 
804, -2.401386260986328, 0.17666029930114746 
805, -2.401913642883301, 0.1753990650177002 
806, -2.4023523330688477, 0.1790473461151123 
807, -2.4012374877929688, 0.17562437057495117 
808, -2.40217924118042, 0.17545318603515625 
809, -2.4013867378234863, 0.17918777465820312 
810, -2.4014594554901123, 0.17807221412658691 
811, -2.4016895294189453, 0.17861509323120117 
812, -2.4019737243652344, 0.18015408515930176 
813, -2.400683879852295, 0.1805434226989746 
814, -2.401153802871704, 0.18149018287658691 
815, -2.402050495147705, 0.17804288864135742 
816, -2.402158260345459, 0.18819618225097656 
817, -2.4025635719299316, 0.2021036148071289 
818, -2.401697874069214, 0.20310568809509277 
819, -2.400968551635742, 0.17657470703125 
820, -2.401764392852783, 0.17739582061767578 
821, -2.4013466835021973, 0.1735076904296875 
822, -2.40163516998291, 0.17997503280639648 
823, -2.400904655456543, 0.17990684509277344 
824, -2.4024386405944824, 0.18091702461242676 
825, -2.4016189575195312, 0.18141961097717285 
826, -2.4019198417663574, 0.1871485710144043 
827, -2.4033327102661133, 0.18398189544677734 
828, -2.4016788005828857, 0.18558669090270996 
829, -2.4030542373657227, 0.1852736473083496 
830, -2.398138999938965, 0.18568825721740723 
831, -2.401562213897705, 0.18230986595153809 
832, -2.401446580886841, 0.18776512145996094 
833, -2.401393175125122, 0.1864614486694336 
834, -2.4011037349700928, 0.18303966522216797 
835, -2.4021053314208984, 0.18092870712280273 
836, -2.4005634784698486, 0.1831653118133545 
837, -2.4023663997650146, 0.1823570728302002 
838, -2.4019277095794678, 0.17908263206481934 
839, -2.402834892272949, 0.17765116691589355 
840, -2.4017810821533203, 0.17879891395568848 
841, -2.4027154445648193, 0.17723298072814941 
842, -2.4017930030822754, 0.18038630485534668 
843, -2.401418924331665, 0.18482542037963867 
844, -2.4007585048675537, 0.18747901916503906 
845, -2.402086019515991, 0.18373870849609375 
846, -2.400646924972534, 0.18249201774597168 
847, -2.4027445316314697, 0.1827559471130371 
848, -2.40170955657959, 0.18137907981872559 
849, -2.4014153480529785, 0.1851954460144043 
850, -2.4016599655151367, 0.18323898315429688 
851, -2.4012250900268555, 0.1813819408416748 
852, -2.4016361236572266, 0.1765291690826416 
853, -2.4019429683685303, 0.1771531105041504 
854, -2.4017295837402344, 0.17497777938842773 
855, -2.4006333351135254, 0.17780518531799316 
856, -2.401984691619873, 0.1819767951965332 
857, -2.401355028152466, 0.1809234619140625 
858, -2.402456283569336, 0.17998003959655762 
859, -2.400726556777954, 0.18724417686462402 
860, -2.401820659637451, 0.18669438362121582 
861, -2.4008891582489014, 0.18718886375427246 
862, -2.4022598266601562, 0.1867692470550537 
863, -2.4021410942077637, 0.1859455108642578 
864, -2.40264892578125, 0.1842339038848877 
865, -2.4022021293640137, 0.18518924713134766 
866, -2.400873899459839, 0.18697690963745117 
867, -2.402195453643799, 0.18894290924072266 
868, -2.4015824794769287, 0.1856999397277832 
869, -2.4013521671295166, 0.18154406547546387 
870, -2.4017152786254883, 0.1799004077911377 
871, -2.4020705223083496, 0.18384337425231934 
872, -2.4013829231262207, 0.18987107276916504 
873, -2.4006266593933105, 0.18860960006713867 
874, -2.4017343521118164, 0.1813066005706787 
875, -2.401258707046509, 0.17934894561767578 
876, -2.401439666748047, 0.18786191940307617 
877, -2.3993561267852783, 0.18599772453308105 
878, -2.400238513946533, 0.18405508995056152 
879, -2.4033970832824707, 0.18309783935546875 
880, -2.4009785652160645, 0.18306732177734375 
881, -2.3996691703796387, 0.17844486236572266 
882, -2.400905132293701, 0.18014955520629883 
883, -2.402451276779175, 0.18279528617858887 
884, -2.4019007682800293, 0.1838850975036621 
885, -2.4028658866882324, 0.17829012870788574 
886, -2.4010586738586426, 0.17773103713989258 
887, -2.401944637298584, 0.1797487735748291 
888, -2.4014577865600586, 0.1757678985595703 
889, -2.401766777038574, 0.1764388084411621 
890, -2.4030754566192627, 0.17929983139038086 
891, -2.4011223316192627, 0.17812180519104004 
892, -2.4020352363586426, 0.1811809539794922 
893, -2.4011030197143555, 0.17889618873596191 
894, -2.398998260498047, 0.18278932571411133 
895, -2.4011988639831543, 0.18596744537353516 
896, -2.401431083679199, 0.18349194526672363 
897, -2.4014244079589844, 0.18305397033691406 
898, -2.4014594554901123, 0.1825392246246338 
899, -2.401675224304199, 0.18539166450500488 
900, -2.4004831314086914, 0.18513107299804688 
901, -2.4009289741516113, 0.18804669380187988 
902, -2.401562213897705, 0.18968510627746582 
903, -2.401686668395996, 0.18556833267211914 
904, -2.4013357162475586, 0.18451166152954102 
905, -2.399629592895508, 0.1827399730682373 
906, -2.402726888656616, 0.18785309791564941 
907, -2.4024405479431152, 0.1859884262084961 
908, -2.4015040397644043, 0.18271875381469727 
909, -2.4026122093200684, 0.1847367286682129 
910, -2.3997879028320312, 0.186875581741333 
911, -2.40169358253479, 0.18639278411865234 
912, -2.400622844696045, 0.18653464317321777 
913, -2.4000115394592285, 0.19132542610168457 
914, -2.401186943054199, 0.19188976287841797 
915, -2.400101661682129, 0.1976485252380371 
916, -2.40080189704895, 0.18728351593017578 
917, -2.401832342147827, 0.1817471981048584 
918, -2.4022622108459473, 0.2051258087158203 
919, -2.401519536972046, 0.21277093887329102 
920, -2.4019527435302734, 0.20485472679138184 
921, -2.4015722274780273, 0.19933700561523438 
922, -2.4023501873016357, 0.1873157024383545 
923, -2.4012374877929688, 0.18328166007995605 
924, -2.4016242027282715, 0.18722963333129883 
925, -2.40225887298584, 0.19542431831359863 
926, -2.402164936065674, 0.2017061710357666 
927, -2.4022741317749023, 0.19140887260437012 
928, -2.4017791748046875, 0.19487524032592773 
929, -2.402346611022949, 0.1909627914428711 
930, -2.4027233123779297, 0.19904804229736328 
931, -2.4015822410583496, 0.3048241138458252 
932, -2.401081085205078, 0.2330784797668457 
933, -2.4011893272399902, 0.20799803733825684 
934, -2.401920795440674, 0.1914372444152832 
935, -2.4005086421966553, 0.19015836715698242 
936, -2.4014999866485596, 0.20125675201416016 
937, -2.4022645950317383, 0.19081544876098633 
938, -2.401637077331543, 0.1895308494567871 
939, -2.4026474952697754, 0.187941312789917 
940, -2.4019083976745605, 0.1859874725341797 
941, -2.402042865753174, 0.18448734283447266 
942, -2.401271343231201, 0.18384385108947754 
943, -2.400704860687256, 0.18262672424316406 
944, -2.402200698852539, 0.19006776809692383 
945, -2.4027504920959473, 0.18736553192138672 
946, -2.4022703170776367, 0.18451285362243652 
947, -2.401456594467163, 0.18546605110168457 
948, -2.403135299682617, 0.19120192527770996 
949, -2.4027633666992188, 0.19796156883239746 
950, -2.402102470397949, 0.30221033096313477 
951, -2.401935338973999, 0.18529868125915527 
952, -2.4014387130737305, 0.17955327033996582 
953, -2.402122735977173, 0.18305277824401855 
954, -2.4028406143188477, 0.18443536758422852 
955, -2.4014945030212402, 0.17903399467468262 
956, -2.4023871421813965, 0.18501639366149902 
957, -2.4022998809814453, 0.18489313125610352 
958, -2.4017605781555176, 0.18301892280578613 
959, -2.4019522666931152, 0.18340325355529785 
960, -2.4012818336486816, 0.18494963645935059 
961, -2.401416778564453, 0.18632936477661133 
962, -2.4011924266815186, 0.18866181373596191 
963, -2.4008493423461914, 0.19483375549316406 
964, -2.401301383972168, 0.1908092498779297 
965, -2.4009652137756348, 0.19107270240783691 
966, -2.402348041534424, 0.18659090995788574 
967, -2.40193510055542, 0.18527889251708984 
968, -2.4022223949432373, 0.18643999099731445 
969, -2.401597738265991, 0.18525099754333496 
970, -2.402299404144287, 0.18799686431884766 
971, -2.4014906883239746, 0.19213414192199707 
972, -2.4009850025177, 0.18551301956176758 
973, -2.401730537414551, 0.18206477165222168 
974, -2.402477264404297, 0.18664073944091797 
975, -2.400552272796631, 0.18425607681274414 
976, -2.39971923828125, 0.18737196922302246 
977, -2.402348041534424, 0.1996324062347412 
978, -2.4031472206115723, 0.19190526008605957 
979, -2.402395725250244, 0.20985102653503418 
980, -2.4027187824249268, 0.180908203125 
981, -2.399906635284424, 0.18863177299499512 
982, -2.4020442962646484, 0.18661737442016602 
983, -2.4016599655151367, 0.18213891983032227 
984, -2.4019994735717773, 0.182539701461792 
985, -2.4017481803894043, 0.1790328025817871 
986, -2.4028074741363525, 0.1810159683227539 
987, -2.401778221130371, 0.183027982711792 
988, -2.401283025741577, 0.18118643760681152 
989, -2.401733875274658, 0.17720818519592285 
990, -2.4017510414123535, 0.18141889572143555 
991, -2.401069402694702, 0.1808779239654541 
992, -2.401918411254883, 0.179581880569458 
993, -2.400663375854492, 0.18081450462341309 
994, -2.400839328765869, 0.18401479721069336 
995, -2.400923728942871, 0.18335199356079102 
996, -2.4012579917907715, 0.18502283096313477 
997, -2.4014506340026855, 0.18501853942871094 
998, -2.3995347023010254, 0.18955039978027344 
999, -2.401183605194092, 0.18482112884521484 
