Iteration, loss, time 
0, -8.208874702453613, 0.13512825965881348 
1, -8.316025733947754, 0.017560958862304688 
2, -8.441484451293945, 0.016515493392944336 
3, -8.580659866333008, 0.017574787139892578 
4, -8.713555335998535, 0.01637578010559082 
5, -8.829160690307617, 0.01661086082458496 
6, -8.988417625427246, 0.016317367553710938 
7, -9.072519302368164, 0.016510725021362305 
8, -9.22182559967041, 0.016382217407226562 
9, -9.337306022644043, 0.016537904739379883 
10, -9.478343963623047, 0.01649641990661621 
11, -9.614278793334961, 0.016368627548217773 
12, -9.721484184265137, 0.016488313674926758 
13, -9.846492767333984, 0.016328811645507812 
14, -9.955001831054688, 0.01645064353942871 
15, -10.08831787109375, 0.016228199005126953 
16, -10.178181648254395, 0.016431570053100586 
17, -10.242841720581055, 0.016330480575561523 
18, -10.41686725616455, 0.016434907913208008 
19, -10.52505874633789, 0.016269445419311523 
20, -10.645927429199219, 0.016436100006103516 
21, -10.757438659667969, 0.016308307647705078 
22, -10.854303359985352, 0.016388416290283203 
23, -10.95475959777832, 0.0162811279296875 
24, -11.063587188720703, 0.01640009880065918 
25, -11.195728302001953, 0.01631617546081543 
26, -11.279911994934082, 0.0175933837890625 
27, -11.387580871582031, 0.016214370727539062 
28, -11.484453201293945, 0.016342878341674805 
29, -11.58389949798584, 0.016177892684936523 
30, -11.681580543518066, 0.01634073257446289 
31, -11.781026840209961, 0.016310453414916992 
32, -11.858772277832031, 0.01637554168701172 
33, -11.977293968200684, 0.01628732681274414 
34, -12.018464088439941, 0.016398191452026367 
35, -12.121082305908203, 0.016286134719848633 
36, -12.216079711914062, 0.01645374298095703 
37, -12.327932357788086, 0.016225576400756836 
38, -12.416899681091309, 0.0164339542388916 
39, -12.511472702026367, 0.016303539276123047 
40, -12.596363067626953, 0.016368627548217773 
41, -12.630888938903809, 0.016271591186523438 
42, -12.757318496704102, 0.016470909118652344 
43, -12.831557273864746, 0.016276836395263672 
44, -12.90003490447998, 0.01646137237548828 
45, -13.015087127685547, 0.016236066818237305 
46, -13.087369918823242, 0.016492128372192383 
47, -13.165257453918457, 0.01639699935913086 
48, -13.228631973266602, 0.016438007354736328 
49, -13.310525894165039, 0.016240358352661133 
50, -13.383551597595215, 0.01778721809387207 
51, -13.441425323486328, 0.016119003295898438 
52, -13.546323776245117, 0.016345739364624023 
53, -13.615942001342773, 0.016254425048828125 
54, -13.672674179077148, 0.01621222496032715 
55, -13.764396667480469, 0.016205310821533203 
56, -13.830373764038086, 0.016527652740478516 
57, -13.918355941772461, 0.016499042510986328 
58, -13.94291877746582, 0.01657557487487793 
59, -14.033552169799805, 0.01642298698425293 
60, -14.088111877441406, 0.016588687896728516 
61, -14.166733741760254, 0.0164642333984375 
62, -14.231197357177734, 0.016593456268310547 
63, -14.29818344116211, 0.016814231872558594 
64, -14.369721412658691, 0.016541481018066406 
65, -14.416508674621582, 0.016417503356933594 
66, -14.470239639282227, 0.01652240753173828 
67, -14.535405158996582, 0.016423463821411133 
68, -14.603261947631836, 0.016564607620239258 
69, -14.653599739074707, 0.016436100006103516 
70, -14.710044860839844, 0.01653575897216797 
71, -14.782276153564453, 0.01642131805419922 
72, -14.834859848022461, 0.016573429107666016 
73, -14.89240837097168, 0.016462087631225586 
74, -14.954869270324707, 0.018030643463134766 
75, -14.993358612060547, 0.01634836196899414 
76, -15.044830322265625, 0.016455411911010742 
77, -15.114761352539062, 0.016390085220336914 
78, -15.136478424072266, 0.01655721664428711 
79, -15.223294258117676, 0.016448020935058594 
80, -15.248046875, 0.01649951934814453 
81, -15.30312442779541, 0.01639246940612793 
82, -15.365275382995605, 0.016584396362304688 
83, -15.417329788208008, 0.016500234603881836 
84, -15.46596908569336, 0.016620635986328125 
85, -15.515378952026367, 0.01642465591430664 
86, -15.558841705322266, 0.016551971435546875 
87, -15.612282752990723, 0.016381502151489258 
88, -15.651585578918457, 0.016582250595092773 
89, -15.703733444213867, 0.016451120376586914 
90, -15.76126480102539, 0.01659107208251953 
91, -15.793169975280762, 0.016463279724121094 
92, -15.836441040039062, 0.016532182693481445 
93, -15.880626678466797, 0.016443729400634766 
94, -15.924522399902344, 0.016590356826782227 
95, -15.962669372558594, 0.016498804092407227 
96, -16.00583839416504, 0.016593456268310547 
97, -16.036027908325195, 0.016455411911010742 
98, -16.07431411743164, 0.018052339553833008 
99, -16.138652801513672, 0.01635122299194336 
100, -16.17266273498535, 0.016549348831176758 
101, -16.195344924926758, 0.016410112380981445 
102, -16.23843765258789, 0.016549348831176758 
103, -16.27462387084961, 0.016378402709960938 
104, -16.315364837646484, 0.01655888557434082 
105, -16.336200714111328, 0.01648402214050293 
106, -16.39688491821289, 0.016672372817993164 
107, -16.43063735961914, 0.016487598419189453 
108, -16.46976089477539, 0.016689300537109375 
109, -16.49159812927246, 0.016529321670532227 
110, -16.530532836914062, 0.01663661003112793 
111, -16.567245483398438, 0.016556501388549805 
112, -16.58924674987793, 0.016559600830078125 
113, -16.625883102416992, 0.016438722610473633 
114, -16.665935516357422, 0.016659021377563477 
115, -16.6915225982666, 0.016477108001708984 
116, -16.732271194458008, 0.01661229133605957 
117, -16.76105308532715, 0.016427993774414062 
118, -16.794055938720703, 0.0165860652923584 
119, -16.824565887451172, 0.01647639274597168 
120, -16.84836769104004, 0.01670980453491211 
121, -16.885826110839844, 0.01649165153503418 
122, -16.920251846313477, 0.018230438232421875 
123, -16.949085235595703, 0.01645207405090332 
124, -16.972644805908203, 0.01654362678527832 
125, -17.004005432128906, 0.016796350479125977 
126, -17.022937774658203, 0.016621112823486328 
127, -17.044151306152344, 0.016527652740478516 
128, -17.078845977783203, 0.016610383987426758 
129, -17.103450775146484, 0.016471385955810547 
130, -17.126651763916016, 0.01660013198852539 
131, -17.14773178100586, 0.016556739807128906 
132, -17.182519912719727, 0.016668319702148438 
133, -17.21073341369629, 0.016555070877075195 
134, -17.23267364501953, 0.016702651977539062 
135, -17.245441436767578, 0.016501426696777344 
136, -17.270130157470703, 0.01668071746826172 
137, -17.302776336669922, 0.01653885841369629 
138, -17.324485778808594, 0.016721487045288086 
139, -17.35476303100586, 0.016491413116455078 
140, -17.37804412841797, 0.016693592071533203 
141, -17.392314910888672, 0.016525983810424805 
142, -17.40276336669922, 0.016618013381958008 
143, -17.43413734436035, 0.016546964645385742 
144, -17.465391159057617, 0.016708850860595703 
145, -17.469608306884766, 0.016533851623535156 
146, -17.48798370361328, 0.018158435821533203 
147, -17.515518188476562, 0.016382694244384766 
148, -17.542171478271484, 0.01657843589782715 
149, -17.562545776367188, 0.016457796096801758 
150, -17.581985473632812, 0.01658177375793457 
151, -17.59949493408203, 0.01650714874267578 
152, -17.626144409179688, 0.016663789749145508 
153, -17.645336151123047, 0.016557931900024414 
154, -17.65511703491211, 0.01668858528137207 
155, -17.671897888183594, 0.016512632369995117 
156, -17.687671661376953, 0.01668262481689453 
157, -17.712207794189453, 0.016523122787475586 
158, -17.73185920715332, 0.016668319702148438 
159, -17.75052261352539, 0.016539573669433594 
160, -17.765987396240234, 0.016661643981933594 
161, -17.780508041381836, 0.0165255069732666 
162, -17.787067413330078, 0.016648054122924805 
163, -17.819091796875, 0.016493558883666992 
164, -17.823139190673828, 0.016637802124023438 
165, -17.84252166748047, 0.016470670700073242 
166, -17.86330223083496, 0.016616344451904297 
167, -17.879104614257812, 0.016574621200561523 
168, -17.89349365234375, 0.01664257049560547 
169, -17.90337371826172, 0.01648092269897461 
170, -17.921680450439453, 0.018154144287109375 
171, -17.936193466186523, 0.01643657684326172 
172, -17.949886322021484, 0.01653146743774414 
173, -17.957874298095703, 0.01645374298095703 
174, -17.980178833007812, 0.016564369201660156 
175, -17.994853973388672, 0.016447067260742188 
176, -18.008438110351562, 0.016539812088012695 
177, -18.01947784423828, 0.016434669494628906 
178, -18.035625457763672, 0.016579151153564453 
179, -18.044754028320312, 0.01645636558532715 
180, -18.054866790771484, 0.016577959060668945 
181, -18.059185028076172, 0.016478538513183594 
182, -18.084569931030273, 0.016579151153564453 
183, -18.089309692382812, 0.016509532928466797 
184, -18.116655349731445, 0.016570091247558594 
185, -18.119354248046875, 0.016497373580932617 
186, -18.12957191467285, 0.01669168472290039 
187, -18.140819549560547, 0.016797780990600586 
188, -18.151344299316406, 0.016654253005981445 
189, -18.163909912109375, 0.016475915908813477 
190, -18.17898941040039, 0.01658177375793457 
191, -18.183452606201172, 0.016561031341552734 
192, -18.195552825927734, 0.016615629196166992 
193, -18.20437240600586, 0.016475915908813477 
194, -18.214027404785156, 0.018175125122070312 
195, -18.22235107421875, 0.01639080047607422 
196, -18.235675811767578, 0.016518592834472656 
197, -18.248252868652344, 0.016463756561279297 
198, -18.258291244506836, 0.016538143157958984 
199, -18.26880645751953, 0.01642632484436035 
200, -18.272933959960938, 0.01651620864868164 
201, -18.285343170166016, 0.016449928283691406 
202, -18.296466827392578, 0.016619205474853516 
203, -18.3029842376709, 0.01645517349243164 
204, -18.312150955200195, 0.016647815704345703 
205, -18.318424224853516, 0.016460657119750977 
206, -18.32781219482422, 0.016577720642089844 
207, -18.334047317504883, 0.016533613204956055 
208, -18.351360321044922, 0.016603469848632812 
209, -18.35141372680664, 0.016525745391845703 
210, -18.359439849853516, 0.016617774963378906 
211, -18.369354248046875, 0.016432762145996094 
212, -18.379196166992188, 0.01660609245300293 
213, -18.382522583007812, 0.016457319259643555 
214, -18.401992797851562, 0.017401456832885742 
215, -18.40155029296875, 0.016497373580932617 
216, -18.411537170410156, 0.01663374900817871 
217, -18.423023223876953, 0.01648116111755371 
218, -18.427902221679688, 0.018218278884887695 
219, -18.435562133789062, 0.016384363174438477 
220, -18.43750762939453, 0.016561031341552734 
221, -18.450477600097656, 0.01641392707824707 
222, -18.446884155273438, 0.01657581329345703 
223, -18.46040916442871, 0.01651906967163086 
224, -18.463716506958008, 0.0166168212890625 
225, -18.47482681274414, 0.016499757766723633 
226, -18.47934913635254, 0.016639232635498047 
227, -18.488842010498047, 0.016502857208251953 
228, -18.496253967285156, 0.016637325286865234 
229, -18.503551483154297, 0.016524314880371094 
230, -18.509498596191406, 0.01664257049560547 
231, -18.51396369934082, 0.016551733016967773 
232, -18.522205352783203, 0.01656341552734375 
233, -18.53070068359375, 0.016435623168945312 
234, -18.533058166503906, 0.016643285751342773 
235, -18.534725189208984, 0.01647806167602539 
236, -18.545513153076172, 0.016673564910888672 
237, -18.549530029296875, 0.016484737396240234 
238, -18.55780029296875, 0.016644954681396484 
239, -18.56230926513672, 0.016571044921875 
240, -18.57140350341797, 0.016715049743652344 
241, -18.570049285888672, 0.01653146743774414 
242, -18.575763702392578, 0.018141984939575195 
243, -18.577186584472656, 0.016459941864013672 
244, -18.58843231201172, 0.01661992073059082 
245, -18.597240447998047, 0.01642918586730957 
246, -18.59455108642578, 0.016668319702148438 
247, -18.603944778442383, 0.01650404930114746 
248, -18.608625411987305, 0.016596078872680664 
249, -18.61195945739746, 0.016913890838623047 
250, -18.614585876464844, 0.0167081356048584 
251, -18.620328903198242, 0.016559123992919922 
252, -18.626617431640625, 0.016611337661743164 
253, -18.630950927734375, 0.01647186279296875 
254, -18.635692596435547, 0.016626834869384766 
255, -18.64168930053711, 0.016520023345947266 
256, -18.64284896850586, 0.01670074462890625 
257, -18.650667190551758, 0.016525745391845703 
258, -18.65457534790039, 0.016640424728393555 
259, -18.656143188476562, 0.016511201858520508 
260, -18.66124725341797, 0.016660213470458984 
261, -18.663482666015625, 0.016517162322998047 
262, -18.67108154296875, 0.016672611236572266 
263, -18.6749324798584, 0.016505718231201172 
264, -18.677452087402344, 0.016680240631103516 
265, -18.680526733398438, 0.01651930809020996 
266, -18.68347930908203, 0.018238067626953125 
267, -18.691755294799805, 0.016396760940551758 
268, -18.695083618164062, 0.016602516174316406 
269, -18.69765853881836, 0.016405344009399414 
270, -18.69879722595215, 0.01657867431640625 
271, -18.701854705810547, 0.016489744186401367 
272, -18.709716796875, 0.016664981842041016 
273, -18.71044921875, 0.016479015350341797 
274, -18.711538314819336, 0.01661968231201172 
275, -18.71817398071289, 0.01646733283996582 
276, -18.722740173339844, 0.01666569709777832 
277, -18.731082916259766, 0.0165102481842041 
278, -18.728702545166016, 0.016643285751342773 
279, -18.73070526123047, 0.016460418701171875 
280, -18.733562469482422, 0.016613245010375977 
281, -18.740074157714844, 0.016473770141601562 
282, -18.74211883544922, 0.016688823699951172 
283, -18.743900299072266, 0.016463518142700195 
284, -18.74615478515625, 0.016605615615844727 
285, -18.755775451660156, 0.016530990600585938 
286, -18.756759643554688, 0.016752243041992188 
287, -18.760906219482422, 0.016610383987426758 
288, -18.766460418701172, 0.016726255416870117 
289, -18.77113151550293, 0.016547203063964844 
290, -18.77022933959961, 0.018215179443359375 
291, -18.777576446533203, 0.01645493507385254 
292, -18.778499603271484, 0.01666545867919922 
293, -18.774311065673828, 0.016508102416992188 
294, -18.781673431396484, 0.01663684844970703 
295, -18.780405044555664, 0.016441822052001953 
296, -18.782258987426758, 0.016646623611450195 
297, -18.78656578063965, 0.016515731811523438 
298, -18.788497924804688, 0.016688108444213867 
299, -18.78955078125, 0.016503572463989258 
300, -18.79623031616211, 0.016637563705444336 
301, -18.797168731689453, 0.01645517349243164 
302, -18.80276870727539, 0.016617536544799805 
303, -18.807601928710938, 0.016527414321899414 
304, -18.804058074951172, 0.016675710678100586 
305, -18.815174102783203, 0.016538143157958984 
306, -18.820220947265625, 0.01669621467590332 
307, -18.820194244384766, 0.016523122787475586 
308, -18.816104888916016, 0.016696453094482422 
309, -18.82213592529297, 0.0165407657623291 
310, -18.819992065429688, 0.016609668731689453 
311, -18.821691513061523, 0.016855955123901367 
312, -18.82241439819336, 0.016675710678100586 
313, -18.82557487487793, 0.01651620864868164 
314, -18.8272762298584, 0.01827263832092285 
315, -18.82972526550293, 0.016410350799560547 
316, -18.83079719543457, 0.016520977020263672 
317, -18.84410285949707, 0.016427278518676758 
318, -18.84351348876953, 0.01661968231201172 
319, -18.842727661132812, 0.01651310920715332 
320, -18.84281349182129, 0.016629457473754883 
321, -18.84587287902832, 0.016504287719726562 
322, -18.847030639648438, 0.01663827896118164 
323, -18.844802856445312, 0.016489744186401367 
324, -18.848886489868164, 0.016676902770996094 
325, -18.850521087646484, 0.016582250595092773 
326, -18.851858139038086, 0.016602277755737305 
327, -18.863597869873047, 0.016516685485839844 
328, -18.866474151611328, 0.016609668731689453 
329, -18.86709213256836, 0.016514062881469727 
330, -18.866413116455078, 0.016724109649658203 
331, -18.862369537353516, 0.016520261764526367 
332, -18.862926483154297, 0.016600608825683594 
333, -18.863792419433594, 0.01650381088256836 
334, -18.86450958251953, 0.016637325286865234 
335, -18.86854362487793, 0.01659703254699707 
336, -18.86959457397461, 0.016695022583007812 
337, -18.87407684326172, 0.016536235809326172 
338, -18.87350845336914, 0.01818704605102539 
339, -18.876060485839844, 0.016434431076049805 
340, -18.875362396240234, 0.016670942306518555 
341, -18.877025604248047, 0.016553640365600586 
342, -18.880142211914062, 0.016618728637695312 
343, -18.881668090820312, 0.01645517349243164 
344, -18.88176727294922, 0.016585588455200195 
345, -18.884416580200195, 0.016491174697875977 
346, -18.887130737304688, 0.016681909561157227 
347, -18.888797760009766, 0.016440153121948242 
348, -18.889217376708984, 0.016560077667236328 
349, -18.889965057373047, 0.016534805297851562 
350, -18.890117645263672, 0.016646862030029297 
351, -18.902332305908203, 0.016606807708740234 
352, -18.90088653564453, 0.016684293746948242 
353, -18.905656814575195, 0.01656055450439453 
354, -18.906452178955078, 0.016705989837646484 
355, -18.909645080566406, 0.016538381576538086 
356, -18.909282684326172, 0.016712427139282227 
357, -18.911230087280273, 0.016501188278198242 
358, -18.91177749633789, 0.016643524169921875 
359, -18.917232513427734, 0.01650381088256836 
360, -18.908397674560547, 0.016671419143676758 
361, -18.91437339782715, 0.016589641571044922 
362, -18.9107666015625, 0.01837921142578125 
363, -18.910921096801758, 0.016419410705566406 
364, -18.912818908691406, 0.016572952270507812 
365, -18.91323471069336, 0.016368865966796875 
366, -18.915802001953125, 0.016625165939331055 
367, -18.917003631591797, 0.016526460647583008 
368, -18.919071197509766, 0.016595125198364258 
369, -18.919517517089844, 0.01646900177001953 
370, -18.919898986816406, 0.016622543334960938 
371, -18.922027587890625, 0.016454696655273438 
372, -18.923446655273438, 0.017008304595947266 
373, -18.9234619140625, 0.01651597023010254 
374, -18.926362991333008, 0.016668319702148438 
375, -18.927959442138672, 0.016470909118652344 
376, -18.928150177001953, 0.016633033752441406 
377, -18.928260803222656, 0.01651906967163086 
378, -18.93203353881836, 0.016669034957885742 
379, -18.93231964111328, 0.01650857925415039 
380, -18.93212127685547, 0.01665639877319336 
381, -18.93436050415039, 0.016534805297851562 
382, -18.934673309326172, 0.016735553741455078 
383, -18.938222885131836, 0.016649246215820312 
384, -18.93976593017578, 0.01673746109008789 
385, -18.939720153808594, 0.016500234603881836 
386, -18.939090728759766, 0.01819586753845215 
387, -18.94033432006836, 0.01643085479736328 
388, -18.943145751953125, 0.016626358032226562 
389, -18.943696975708008, 0.01648545265197754 
390, -18.943496704101562, 0.016587495803833008 
391, -18.944129943847656, 0.016452789306640625 
392, -18.943851470947266, 0.016614675521850586 
393, -18.94796371459961, 0.016519784927368164 
394, -18.947368621826172, 0.016643285751342773 
395, -18.949745178222656, 0.016502857208251953 
396, -18.95094108581543, 0.016633987426757812 
397, -18.9501895904541, 0.016464710235595703 
398, -18.95265769958496, 0.016664743423461914 
399, -18.952716827392578, 0.01651930809020996 
400, -18.954967498779297, 0.016669750213623047 
401, -18.96009635925293, 0.01654529571533203 
402, -18.957229614257812, 0.016627073287963867 
403, -18.957368850708008, 0.016548871994018555 
404, -18.962860107421875, 0.016743183135986328 
405, -18.959083557128906, 0.01653432846069336 
406, -18.966259002685547, 0.01665353775024414 
407, -18.96026611328125, 0.016515731811523438 
408, -18.967029571533203, 0.016698837280273438 
409, -18.9635066986084, 0.016566753387451172 
410, -18.971111297607422, 0.018227815628051758 
411, -18.96523666381836, 0.016400575637817383 
412, -18.965652465820312, 0.016593217849731445 
413, -18.966459274291992, 0.016432762145996094 
414, -18.96854591369629, 0.016649961471557617 
415, -18.968338012695312, 0.016513347625732422 
416, -18.96967124938965, 0.016607999801635742 
417, -18.969188690185547, 0.01644611358642578 
418, -18.97022247314453, 0.016592979431152344 
419, -18.972034454345703, 0.016495227813720703 
420, -18.972797393798828, 0.01669931411743164 
421, -18.97440528869629, 0.016519784927368164 
422, -18.973834991455078, 0.016637325286865234 
423, -18.975662231445312, 0.01646113395690918 
424, -18.97734832763672, 0.01666092872619629 
425, -18.977367401123047, 0.016498327255249023 
426, -18.977783203125, 0.016726255416870117 
427, -18.977222442626953, 0.01648116111755371 
428, -18.978252410888672, 0.016648530960083008 
429, -18.980175018310547, 0.01650714874267578 
430, -18.981548309326172, 0.01667189598083496 
431, -18.981281280517578, 0.016579151153564453 
432, -18.98077392578125, 0.016706228256225586 
433, -18.983949661254883, 0.016515016555786133 
434, -18.983402252197266, 0.018579483032226562 
435, -18.985618591308594, 0.016529321670532227 
436, -18.984893798828125, 0.016674041748046875 
437, -18.986202239990234, 0.016472339630126953 
438, -18.987045288085938, 0.016580820083618164 
439, -18.98743438720703, 0.016438007354736328 
440, -18.990995407104492, 0.016611576080322266 
441, -18.989669799804688, 0.016510009765625 
442, -18.989898681640625, 0.01663517951965332 
443, -18.98923110961914, 0.01648736000061035 
444, -18.991670608520508, 0.01674365997314453 
445, -18.992992401123047, 0.016561031341552734 
446, -18.991188049316406, 0.016639232635498047 
447, -18.993745803833008, 0.01656031608581543 
448, -18.993724822998047, 0.016672611236572266 
449, -18.994327545166016, 0.016565799713134766 
450, -18.994691848754883, 0.01668524742126465 
451, -18.997398376464844, 0.016559839248657227 
452, -18.995595932006836, 0.01666879653930664 
453, -18.99645233154297, 0.016545772552490234 
454, -18.99789047241211, 0.016647815704345703 
455, -18.9991455078125, 0.016502857208251953 
456, -18.998491287231445, 0.016675472259521484 
457, -18.999740600585938, 0.01655435562133789 
458, -19.000141143798828, 0.018242359161376953 
459, -19.00146484375, 0.016408920288085938 
460, -19.002662658691406, 0.016561269760131836 
461, -19.003379821777344, 0.01645493507385254 
462, -19.002483367919922, 0.016646385192871094 
463, -19.003128051757812, 0.016510009765625 
464, -19.003440856933594, 0.016624927520751953 
465, -19.004371643066406, 0.016469955444335938 
466, -19.004566192626953, 0.016686439514160156 
467, -19.004993438720703, 0.01648116111755371 
468, -19.00655746459961, 0.016669034957885742 
469, -19.008150100708008, 0.016539335250854492 
470, -19.006608963012695, 0.016674518585205078 
471, -19.009124755859375, 0.016625404357910156 
472, -19.015344619750977, 0.01664137840270996 
473, -19.01518440246582, 0.016544103622436523 
474, -19.01152801513672, 0.016698837280273438 
475, -19.01042938232422, 0.01648402214050293 
476, -19.018898010253906, 0.01664423942565918 
477, -19.011226654052734, 0.016545534133911133 
478, -19.011829376220703, 0.01668572425842285 
479, -19.02056121826172, 0.01662302017211914 
480, -19.018810272216797, 0.01671123504638672 
481, -19.019474029541016, 0.01653766632080078 
482, -19.02141761779785, 0.018297672271728516 
483, -19.019886016845703, 0.016524553298950195 
484, -19.023338317871094, 0.016730308532714844 
485, -19.0172176361084, 0.016487598419189453 
486, -19.016109466552734, 0.016650915145874023 
487, -19.017349243164062, 0.016490697860717773 
488, -19.017505645751953, 0.01665329933166504 
489, -19.017333984375, 0.01653909683227539 
490, -19.017498016357422, 0.01668405532836914 
491, -19.01968002319336, 0.01649761199951172 
492, -19.019344329833984, 0.016650676727294922 
493, -19.02092742919922, 0.016568422317504883 
494, -19.02008628845215, 0.016618967056274414 
495, -19.021076202392578, 0.01694488525390625 
496, -19.02175521850586, 0.01667499542236328 
497, -19.02096939086914, 0.01650834083557129 
498, -19.022918701171875, 0.016721487045288086 
499, -19.025070190429688, 0.016521453857421875 
500, -19.023704528808594, 0.01668572425842285 
501, -19.024188995361328, 0.01653766632080078 
502, -19.025367736816406, 0.016661882400512695 
503, -19.024276733398438, 0.016536951065063477 
504, -19.025405883789062, 0.016737937927246094 
505, -19.02560806274414, 0.01653289794921875 
506, -19.02554702758789, 0.01830148696899414 
507, -19.026458740234375, 0.016403913497924805 
508, -19.02701187133789, 0.016576766967773438 
509, -19.029434204101562, 0.016472578048706055 
510, -19.027896881103516, 0.016634702682495117 
511, -19.02968978881836, 0.016562700271606445 
512, -19.02947425842285, 0.016661882400512695 
513, -19.02852439880371, 0.01655721664428711 
514, -19.03125, 0.016617774963378906 
515, -19.031997680664062, 0.01656055450439453 
516, -19.032180786132812, 0.01665782928466797 
517, -19.03152084350586, 0.016497373580932617 
518, -19.03189468383789, 0.016651153564453125 
519, -19.032699584960938, 0.016548633575439453 
520, -19.033977508544922, 0.01662302017211914 
521, -19.03183364868164, 0.016490697860717773 
522, -19.03505516052246, 0.016790390014648438 
523, -19.03278350830078, 0.016566991806030273 
524, -19.03546905517578, 0.016768693923950195 
525, -19.035503387451172, 0.016554594039916992 
526, -19.035640716552734, 0.016767263412475586 
527, -19.035602569580078, 0.01661825180053711 
528, -19.037569046020508, 0.016687393188476562 
529, -19.03758430480957, 0.016543149948120117 
530, -19.036136627197266, 0.01823258399963379 
531, -19.037410736083984, 0.016527414321899414 
532, -19.037925720214844, 0.01664137840270996 
533, -19.039045333862305, 0.016534805297851562 
534, -19.039031982421875, 0.016681432723999023 
535, -19.038799285888672, 0.01651310920715332 
536, -19.03974151611328, 0.016637802124023438 
537, -19.040374755859375, 0.016518831253051758 
538, -19.039968490600586, 0.01670384407043457 
539, -19.0408935546875, 0.01651620864868164 
540, -19.041175842285156, 0.016650676727294922 
541, -19.04117202758789, 0.016538143157958984 
542, -19.041683197021484, 0.016661643981933594 
543, -19.042280197143555, 0.016562700271606445 
544, -19.042024612426758, 0.016704082489013672 
545, -19.042583465576172, 0.016548633575439453 
546, -19.04339599609375, 0.016727447509765625 
547, -19.044466018676758, 0.01655745506286621 
548, -19.044530868530273, 0.01668715476989746 
549, -19.044918060302734, 0.01651763916015625 
550, -19.043994903564453, 0.016698598861694336 
551, -19.044700622558594, 0.016559362411499023 
552, -19.04479217529297, 0.016657590866088867 
553, -19.044788360595703, 0.016614198684692383 
554, -19.045909881591797, 0.0183258056640625 
555, -19.045574188232422, 0.01645636558532715 
556, -19.04610252380371, 0.016948223114013672 
557, -19.046844482421875, 0.016460180282592773 
558, -19.047950744628906, 0.016617298126220703 
559, -19.047203063964844, 0.016592979431152344 
560, -19.04684066772461, 0.016692399978637695 
561, -19.047548294067383, 0.016592741012573242 
562, -19.048934936523438, 0.016638994216918945 
563, -19.04955291748047, 0.01650834083557129 
564, -19.049278259277344, 0.0167236328125 
565, -19.04869842529297, 0.01654529571533203 
566, -19.048927307128906, 0.016680479049682617 
567, -19.049667358398438, 0.01648259162902832 
568, -19.051250457763672, 0.016660213470458984 
569, -19.05066680908203, 0.016681671142578125 
570, -19.050609588623047, 0.01680302619934082 
571, -19.05115509033203, 0.01659870147705078 
572, -19.051992416381836, 0.016750812530517578 
573, -19.051889419555664, 0.01662421226501465 
574, -19.051464080810547, 0.016714096069335938 
575, -19.05215835571289, 0.01666545867919922 
576, -19.052471160888672, 0.01677083969116211 
577, -19.053544998168945, 0.016560792922973633 
578, -19.053442001342773, 0.01848459243774414 
579, -19.053007125854492, 0.016506433486938477 
580, -19.053993225097656, 0.016695022583007812 
581, -19.05435562133789, 0.01653456687927246 
582, -19.053712844848633, 0.016684770584106445 
583, -19.053415298461914, 0.016520977020263672 
584, -19.053932189941406, 0.01664257049560547 
585, -19.055204391479492, 0.01652979850769043 
586, -19.05562400817871, 0.016717910766601562 
587, -19.055652618408203, 0.016529083251953125 
588, -19.05556869506836, 0.016644954681396484 
589, -19.056514739990234, 0.01649785041809082 
590, -19.056020736694336, 0.016709327697753906 
591, -19.05660629272461, 0.01656198501586914 
592, -19.05650520324707, 0.016730785369873047 
593, -19.056854248046875, 0.016532421112060547 
594, -19.057634353637695, 0.016710281372070312 
595, -19.057079315185547, 0.01655435562133789 
596, -19.057933807373047, 0.01682877540588379 
597, -19.05843734741211, 0.01667332649230957 
598, -19.058046340942383, 0.016798973083496094 
599, -19.058210372924805, 0.016674041748046875 
600, -19.059139251708984, 0.0167849063873291 
601, -19.058677673339844, 0.016599416732788086 
602, -19.059125900268555, 0.0187685489654541 
603, -19.059356689453125, 0.016530752182006836 
604, -19.059600830078125, 0.016602039337158203 
605, -19.06061363220215, 0.016513824462890625 
606, -19.060462951660156, 0.016628265380859375 
607, -19.060291290283203, 0.0165708065032959 
608, -19.061220169067383, 0.016742706298828125 
609, -19.06029510498047, 0.01653742790222168 
610, -19.060659408569336, 0.016687631607055664 
611, -19.061439514160156, 0.0165252685546875 
612, -19.06224250793457, 0.016775846481323242 
613, -19.062456130981445, 0.016579151153564453 
614, -19.061630249023438, 0.016725778579711914 
615, -19.06175994873047, 0.016589879989624023 
616, -19.06235122680664, 0.016701221466064453 
617, -19.062389373779297, 0.016878366470336914 
618, -19.06143569946289, 0.016762733459472656 
619, -19.063732147216797, 0.016626358032226562 
620, -19.0632266998291, 0.016669511795043945 
621, -19.063596725463867, 0.016563892364501953 
622, -19.062843322753906, 0.016692638397216797 
623, -19.064241409301758, 0.016666889190673828 
624, -19.063655853271484, 0.01723933219909668 
625, -19.063968658447266, 0.016530752182006836 
626, -19.06418228149414, 0.018265247344970703 
627, -19.064178466796875, 0.016510963439941406 
628, -19.06496238708496, 0.016703128814697266 
629, -19.064929962158203, 0.016588449478149414 
630, -19.065841674804688, 0.016651153564453125 
631, -19.06535530090332, 0.01651930809020996 
632, -19.06603240966797, 0.01665806770324707 
633, -19.064687728881836, 0.016527891159057617 
634, -19.066190719604492, 0.01673150062561035 
635, -19.066574096679688, 0.016547441482543945 
636, -19.066734313964844, 0.01667618751525879 
637, -19.065574645996094, 0.016514301300048828 
638, -19.065505981445312, 0.016652822494506836 
639, -19.066709518432617, 0.01654815673828125 
640, -19.065406799316406, 0.016707181930541992 
641, -19.066226959228516, 0.016519784927368164 
642, -19.06597900390625, 0.016662120819091797 
643, -19.065444946289062, 0.01648402214050293 
644, -19.066696166992188, 0.0167081356048584 
645, -19.066730499267578, 0.016595840454101562 
646, -19.06805419921875, 0.01666736602783203 
647, -19.066864013671875, 0.016550064086914062 
648, -19.067520141601562, 0.016673803329467773 
649, -19.067550659179688, 0.016508817672729492 
650, -19.06781578063965, 0.018335580825805664 
651, -19.067352294921875, 0.016441822052001953 
652, -19.06814193725586, 0.016605854034423828 
653, -19.069347381591797, 0.01649308204650879 
654, -19.06827163696289, 0.0166318416595459 
655, -19.068714141845703, 0.016552448272705078 
656, -19.06999969482422, 0.016664981842041016 
657, -19.069286346435547, 0.01652812957763672 
658, -19.069677352905273, 0.016606569290161133 
659, -19.070594787597656, 0.016561508178710938 
660, -19.069503784179688, 0.016716957092285156 
661, -19.071060180664062, 0.016594886779785156 
662, -19.0695858001709, 0.01666736602783203 
663, -19.071239471435547, 0.01647186279296875 
664, -19.069982528686523, 0.016675949096679688 
665, -19.07028579711914, 0.016570329666137695 
666, -19.070411682128906, 0.016727924346923828 
667, -19.069965362548828, 0.016552448272705078 
668, -19.07239532470703, 0.016665935516357422 
669, -19.07073211669922, 0.016527652740478516 
670, -19.07067108154297, 0.016679048538208008 
671, -19.070999145507812, 0.016640186309814453 
672, -19.071090698242188, 0.016730070114135742 
673, -19.071121215820312, 0.01655864715576172 
674, -19.0721492767334, 0.01827716827392578 
675, -19.071060180664062, 0.01649785041809082 
676, -19.071910858154297, 0.016747474670410156 
677, -19.072303771972656, 0.016544818878173828 
678, -19.072511672973633, 0.01703786849975586 
679, -19.072376251220703, 0.016576290130615234 
680, -19.072406768798828, 0.016629695892333984 
681, -19.072755813598633, 0.01652240753173828 
682, -19.072261810302734, 0.016733646392822266 
683, -19.07294464111328, 0.016528606414794922 
684, -19.073123931884766, 0.01669764518737793 
685, -19.07333755493164, 0.016514062881469727 
686, -19.07354736328125, 0.01671433448791504 
687, -19.073760986328125, 0.01659679412841797 
688, -19.07513427734375, 0.016734600067138672 
689, -19.07424545288086, 0.016583681106567383 
690, -19.074138641357422, 0.016657352447509766 
691, -19.075429916381836, 0.016531944274902344 
692, -19.075244903564453, 0.016747713088989258 
693, -19.074382781982422, 0.016533851623535156 
694, -19.07471466064453, 0.016651153564453125 
695, -19.074604034423828, 0.01664113998413086 
696, -19.07465934753418, 0.016762971878051758 
697, -19.074960708618164, 0.016604900360107422 
698, -19.074628829956055, 0.018431425094604492 
699, -19.076435089111328, 0.016492128372192383 
700, -19.076602935791016, 0.01665043830871582 
701, -19.07551383972168, 0.016510009765625 
702, -19.075557708740234, 0.016660213470458984 
703, -19.077295303344727, 0.016559123992919922 
704, -19.077037811279297, 0.016643285751342773 
705, -19.076934814453125, 0.016525983810424805 
706, -19.077255249023438, 0.01666092872619629 
707, -19.077260971069336, 0.01652216911315918 
708, -19.077648162841797, 0.016720056533813477 
709, -19.07608413696289, 0.016559123992919922 
710, -19.076175689697266, 0.01667189598083496 
711, -19.076488494873047, 0.016518592834472656 
712, -19.077957153320312, 0.016666412353515625 
713, -19.07699966430664, 0.01656174659729004 
714, -19.07853126525879, 0.0167388916015625 
715, -19.077041625976562, 0.01652240753173828 
716, -19.078596115112305, 0.016721248626708984 
717, -19.07849884033203, 0.016596078872680664 
718, -19.078828811645508, 0.016754627227783203 
719, -19.078927993774414, 0.016657114028930664 
720, -19.07755470275879, 0.016695261001586914 
721, -19.078956604003906, 0.016546010971069336 
722, -19.079208374023438, 0.018232345581054688 
723, -19.079586029052734, 0.016542673110961914 
724, -19.078271865844727, 0.016761064529418945 
725, -19.08021354675293, 0.01662898063659668 
726, -19.07879638671875, 0.01668572425842285 
727, -19.079795837402344, 0.01650214195251465 
728, -19.079051971435547, 0.01664566993713379 
729, -19.079565048217773, 0.016576290130615234 
730, -19.07988739013672, 0.016742706298828125 
731, -19.08045196533203, 0.01653122901916504 
732, -19.080337524414062, 0.01667308807373047 
733, -19.080341339111328, 0.016534090042114258 
734, -19.08116340637207, 0.0166623592376709 
735, -19.08055305480957, 0.01662302017211914 
736, -19.08097267150879, 0.01662755012512207 
737, -19.081151962280273, 0.01655292510986328 
738, -19.081165313720703, 0.01679086685180664 
739, -19.081146240234375, 0.01692056655883789 
740, -19.081430435180664, 0.0167996883392334 
741, -19.081445693969727, 0.016659975051879883 
742, -19.0814208984375, 0.0167236328125 
743, -19.081493377685547, 0.016612768173217773 
744, -19.081871032714844, 0.016726016998291016 
745, -19.08197021484375, 0.0166015625 
746, -19.081825256347656, 0.01847076416015625 
747, -19.08240509033203, 0.016485214233398438 
748, -19.08169937133789, 0.016634225845336914 
749, -19.081491470336914, 0.01654219627380371 
750, -19.082355499267578, 0.016678571701049805 
751, -19.082313537597656, 0.01662135124206543 
752, -19.082347869873047, 0.016707658767700195 
753, -19.082237243652344, 0.016536712646484375 
754, -19.082195281982422, 0.016681909561157227 
755, -19.082752227783203, 0.016597270965576172 
756, -19.082866668701172, 0.016727447509765625 
757, -19.08285903930664, 0.016593217849731445 
758, -19.08300018310547, 0.016684293746948242 
759, -19.082904815673828, 0.01649618148803711 
760, -19.08279800415039, 0.01669621467590332 
761, -19.082904815673828, 0.01656627655029297 
762, -19.082916259765625, 0.01676177978515625 
763, -19.083003997802734, 0.016566991806030273 
764, -19.083988189697266, 0.016732215881347656 
765, -19.08350372314453, 0.016567230224609375 
766, -19.083786010742188, 0.0167081356048584 
767, -19.08355712890625, 0.016649246215820312 
768, -19.083585739135742, 0.01673269271850586 
769, -19.083980560302734, 0.016581296920776367 
770, -19.08370590209961, 0.018309831619262695 
771, -19.083736419677734, 0.01657700538635254 
772, -19.083620071411133, 0.01671767234802246 
773, -19.0843448638916, 0.016546010971069336 
774, -19.084497451782227, 0.016685009002685547 
775, -19.08428382873535, 0.016588449478149414 
776, -19.083927154541016, 0.016660213470458984 
777, -19.08440399169922, 0.01659393310546875 
778, -19.084266662597656, 0.016683340072631836 
779, -19.08487319946289, 0.016509294509887695 
780, -19.08502769470215, 0.01669001579284668 
781, -19.08452606201172, 0.01663827896118164 
782, -19.084548950195312, 0.01673603057861328 
783, -19.084712982177734, 0.016596317291259766 
784, -19.085140228271484, 0.016701459884643555 
785, -19.08489418029785, 0.01657843589782715 
786, -19.085247039794922, 0.016715288162231445 
787, -19.08499526977539, 0.016580581665039062 
788, -19.08505630493164, 0.016716957092285156 
789, -19.08501625061035, 0.01659250259399414 
790, -19.085556030273438, 0.01668572425842285 
791, -19.085464477539062, 0.016628503799438477 
792, -19.085420608520508, 0.01673150062561035 
793, -19.085704803466797, 0.016592741012573242 
794, -19.0858097076416, 0.018337249755859375 
795, -19.085506439208984, 0.01648545265197754 
796, -19.085914611816406, 0.016628503799438477 
797, -19.086326599121094, 0.016529083251953125 
798, -19.086101531982422, 0.016695737838745117 
799, -19.086244583129883, 0.016581296920776367 
800, -19.086116790771484, 0.017094135284423828 
801, -19.085905075073242, 0.01659226417541504 
802, -19.085786819458008, 0.01670241355895996 
803, -19.08626937866211, 0.01660466194152832 
804, -19.086877822875977, 0.016736268997192383 
805, -19.086589813232422, 0.016548871994018555 
806, -19.086467742919922, 0.01662898063659668 
807, -19.08712387084961, 0.016544580459594727 
808, -19.08665657043457, 0.016736745834350586 
809, -19.0867977142334, 0.016534805297851562 
810, -19.086483001708984, 0.01674342155456543 
811, -19.086772918701172, 0.016508102416992188 
812, -19.086776733398438, 0.016674280166625977 
813, -19.086978912353516, 0.01656937599182129 
814, -19.087318420410156, 0.016710519790649414 
815, -19.087112426757812, 0.016642332077026367 
816, -19.086936950683594, 0.01673269271850586 
817, -19.087173461914062, 0.016555070877075195 
818, -19.08692741394043, 0.01830291748046875 
819, -19.08730697631836, 0.016465425491333008 
820, -19.087303161621094, 0.01670360565185547 
821, -19.087543487548828, 0.01661229133605957 
822, -19.087661743164062, 0.016700029373168945 
823, -19.088098526000977, 0.0165865421295166 
824, -19.087879180908203, 0.016735553741455078 
825, -19.087787628173828, 0.016467571258544922 
826, -19.087383270263672, 0.016698598861694336 
827, -19.08809471130371, 0.016524553298950195 
828, -19.08791732788086, 0.016681671142578125 
829, -19.08755874633789, 0.016603946685791016 
830, -19.087650299072266, 0.016718626022338867 
831, -19.08773422241211, 0.016611099243164062 
832, -19.088062286376953, 0.016701698303222656 
833, -19.08795928955078, 0.016561508178710938 
834, -19.088035583496094, 0.016740083694458008 
835, -19.088520050048828, 0.016564369201660156 
836, -19.088180541992188, 0.0167996883392334 
837, -19.08828353881836, 0.016638517379760742 
838, -19.088424682617188, 0.01676464080810547 
839, -19.08816909790039, 0.01665329933166504 
840, -19.08837890625, 0.016730546951293945 
841, -19.088790893554688, 0.016618013381958008 
842, -19.08880615234375, 0.0186612606048584 
843, -19.088476181030273, 0.016550302505493164 
844, -19.08905792236328, 0.01670980453491211 
845, -19.08853530883789, 0.01656031608581543 
846, -19.088733673095703, 0.016692161560058594 
847, -19.08890151977539, 0.016660213470458984 
848, -19.08913803100586, 0.01673126220703125 
849, -19.088891983032227, 0.01660633087158203 
850, -19.08896255493164, 0.01674342155456543 
851, -19.089065551757812, 0.01657891273498535 
852, -19.08881378173828, 0.016752243041992188 
853, -19.088836669921875, 0.016595840454101562 
854, -19.089200973510742, 0.01679062843322754 
855, -19.089153289794922, 0.016556262969970703 
856, -19.08953285217285, 0.016695261001586914 
857, -19.08956527709961, 0.01653575897216797 
858, -19.089330673217773, 0.01674675941467285 
859, -19.08963966369629, 0.01656317710876465 
860, -19.089426040649414, 0.016741275787353516 
861, -19.08959197998047, 0.01697707176208496 
862, -19.08976173400879, 0.016796588897705078 
863, -19.089813232421875, 0.016669750213623047 
864, -19.089590072631836, 0.016692399978637695 
865, -19.0897216796875, 0.016624927520751953 
866, -19.09008026123047, 0.018476486206054688 
867, -19.089733123779297, 0.01655745506286621 
868, -19.089841842651367, 0.016751527786254883 
869, -19.09001350402832, 0.0166015625 
870, -19.089862823486328, 0.016725778579711914 
871, -19.089929580688477, 0.01659703254699707 
872, -19.090185165405273, 0.01668238639831543 
873, -19.090267181396484, 0.01655268669128418 
874, -19.090349197387695, 0.016675949096679688 
875, -19.09033966064453, 0.016600608825683594 
876, -19.090396881103516, 0.016744375228881836 
877, -19.090408325195312, 0.016553401947021484 
878, -19.090408325195312, 0.01670670509338379 
879, -19.090425491333008, 0.01659870147705078 
880, -19.09048843383789, 0.016726016998291016 
881, -19.09050750732422, 0.016583919525146484 
882, -19.090049743652344, 0.016732215881347656 
883, -19.090635299682617, 0.01657843589782715 
884, -19.090625762939453, 0.016820907592773438 
885, -19.09048843383789, 0.01660895347595215 
886, -19.090633392333984, 0.016764402389526367 
887, -19.090547561645508, 0.01655745506286621 
888, -19.090660095214844, 0.016682147979736328 
889, -19.09070587158203, 0.01661968231201172 
890, -19.090909957885742, 0.01841449737548828 
891, -19.09065055847168, 0.016492366790771484 
892, -19.091115951538086, 0.0166623592376709 
893, -19.090850830078125, 0.016567468643188477 
894, -19.090909957885742, 0.01666879653930664 
895, -19.090923309326172, 0.016605138778686523 
896, -19.090927124023438, 0.016706228256225586 
897, -19.091320037841797, 0.016559123992919922 
898, -19.091184616088867, 0.016700267791748047 
899, -19.09111213684082, 0.016561508178710938 
900, -19.09101104736328, 0.016726970672607422 
901, -19.09115219116211, 0.016633987426757812 
902, -19.091266632080078, 0.0166776180267334 
903, -19.09131622314453, 0.01658773422241211 
904, -19.09145736694336, 0.01667952537536621 
905, -19.091270446777344, 0.016561031341552734 
906, -19.091285705566406, 0.016711950302124023 
907, -19.091398239135742, 0.01657247543334961 
908, -19.09148406982422, 0.01672649383544922 
909, -19.091524124145508, 0.016567230224609375 
910, -19.091495513916016, 0.016715049743652344 
911, -19.091503143310547, 0.01667642593383789 
912, -19.091402053833008, 0.016752004623413086 
913, -19.09162139892578, 0.016637563705444336 
914, -19.091629028320312, 0.018340587615966797 
915, -19.091493606567383, 0.016546010971069336 
916, -19.092037200927734, 0.016736984252929688 
917, -19.091693878173828, 0.01658797264099121 
918, -19.091861724853516, 0.01677107810974121 
919, -19.091934204101562, 0.016539812088012695 
920, -19.091928482055664, 0.016682147979736328 
921, -19.09189796447754, 0.016526222229003906 
922, -19.09194564819336, 0.017104625701904297 
923, -19.09195327758789, 0.016692161560058594 
924, -19.092174530029297, 0.016700267791748047 
925, -19.09217071533203, 0.016550779342651367 
926, -19.091989517211914, 0.01666855812072754 
927, -19.092161178588867, 0.016606569290161133 
928, -19.09197235107422, 0.016725540161132812 
929, -19.092002868652344, 0.016592025756835938 
930, -19.092304229736328, 0.016737699508666992 
931, -19.09243392944336, 0.016559600830078125 
932, -19.09246826171875, 0.01674365997314453 
933, -19.092437744140625, 0.01661539077758789 
934, -19.09222412109375, 0.0167386531829834 
935, -19.09227180480957, 0.016609668731689453 
936, -19.092300415039062, 0.016673803329467773 
937, -19.09246826171875, 0.016565799713134766 
938, -19.092483520507812, 0.018393754959106445 
939, -19.092559814453125, 0.016533613204956055 
940, -19.09264373779297, 0.01670670509338379 
941, -19.092256546020508, 0.016553640365600586 
942, -19.092300415039062, 0.016688108444213867 
943, -19.092723846435547, 0.016622066497802734 
944, -19.092636108398438, 0.01674818992614746 
945, -19.092628479003906, 0.016537904739379883 
946, -19.09259033203125, 0.016687393188476562 
947, -19.09280776977539, 0.01653146743774414 
948, -19.09253692626953, 0.01674199104309082 
949, -19.09280776977539, 0.01664137840270996 
950, -19.092620849609375, 0.016729116439819336 
951, -19.092790603637695, 0.016521692276000977 
952, -19.092815399169922, 0.016722917556762695 
953, -19.09255599975586, 0.016608238220214844 
954, -19.092906951904297, 0.016757965087890625 
955, -19.093006134033203, 0.016621828079223633 
956, -19.092716217041016, 0.01676177978515625 
957, -19.092975616455078, 0.01660919189453125 
958, -19.092864990234375, 0.016748666763305664 
959, -19.09314727783203, 0.016644716262817383 
960, -19.093265533447266, 0.016740083694458008 
961, -19.09280776977539, 0.016590118408203125 
962, -19.093059539794922, 0.018358945846557617 
963, -19.093101501464844, 0.01652216911315918 
964, -19.093135833740234, 0.016768217086791992 
965, -19.09344482421875, 0.016663789749145508 
966, -19.093048095703125, 0.016680002212524414 
967, -19.093036651611328, 0.01651906967163086 
968, -19.093368530273438, 0.016695261001586914 
969, -19.093341827392578, 0.01651787757873535 
970, -19.093120574951172, 0.016741275787353516 
971, -19.09326934814453, 0.016561269760131836 
972, -19.093433380126953, 0.01667165756225586 
973, -19.093372344970703, 0.0165708065032959 
974, -19.09343719482422, 0.016657590866088867 
975, -19.09341049194336, 0.01661396026611328 
976, -19.093536376953125, 0.016735315322875977 
977, -19.093612670898438, 0.016542911529541016 
978, -19.09334945678711, 0.016717910766601562 
979, -19.0936279296875, 0.018302440643310547 
980, -19.093608856201172, 0.016846179962158203 
981, -19.09323501586914, 0.016649246215820312 
982, -19.09351348876953, 0.016768455505371094 
983, -19.09381103515625, 0.017260074615478516 
984, -19.093521118164062, 0.01712965965270996 
985, -19.09377670288086, 0.016861677169799805 
986, -19.09356689453125, 0.019191980361938477 
987, -19.09363555908203, 0.017029285430908203 
988, -19.093664169311523, 0.01705479621887207 
989, -19.093727111816406, 0.016787290573120117 
990, -19.093669891357422, 0.016880273818969727 
991, -19.09387969970703, 0.016876697540283203 
992, -19.093551635742188, 0.016954898834228516 
993, -19.093917846679688, 0.016808271408081055 
994, -19.093875885009766, 0.0169222354888916 
995, -19.093727111816406, 0.01683640480041504 
996, -19.09381866455078, 0.0169370174407959 
997, -19.093717575073242, 0.01697087287902832 
998, -19.09398651123047, 0.016971588134765625 
999, -19.094017028808594, 0.01685929298400879 
