Iteration, loss, time 
0, -6.943425178527832, 0.12339282035827637, 0.07583928108215332, 0.011493444442749023 
1, -7.0789899826049805, 0.03479409217834473, 0.020226001739501953, 0.01090097427368164 
2, -7.232606887817383, 0.020815372467041016, 0.00818634033203125, 0.010781288146972656 
3, -7.35605525970459, 0.02098822593688965, 0.008420705795288086, 0.010663747787475586 
4, -7.542035102844238, 0.020673513412475586, 0.00834035873413086, 0.010520458221435547 
5, -7.5910162925720215, 0.02251434326171875, 0.008290290832519531, 0.01243138313293457 
6, -7.807679653167725, 0.02101731300354004, 0.008419990539550781, 0.010891437530517578 
7, -7.859219551086426, 0.020921707153320312, 0.008290290832519531, 0.01075124740600586 
8, -8.053030014038086, 0.02055525779724121, 0.008365392684936523, 0.010530710220336914 
9, -8.205305099487305, 0.020748615264892578, 0.008242607116699219, 0.010560989379882812 
10, -8.357243537902832, 0.0206606388092041, 0.008238077163696289, 0.010658740997314453 
11, -8.502798080444336, 0.020472049713134766, 0.00814366340637207, 0.010590791702270508 
12, -8.54800796508789, 0.019546031951904297, 0.007878780364990234, 0.010098457336425781 
13, -8.728926658630371, 0.020251035690307617, 0.00796651840209961, 0.010520696640014648 
14, -8.937522888183594, 0.02037978172302246, 0.00808572769165039, 0.010557889938354492 
15, -9.101602554321289, 0.020053386688232422, 0.00817728042602539, 0.010366439819335938 
16, -9.15609073638916, 0.020175933837890625, 0.008009672164916992, 0.010501623153686523 
17, -9.157094955444336, 0.020346403121948242, 0.008075475692749023, 0.010642051696777344 
18, -9.40255355834961, 0.019566059112548828, 0.007815122604370117, 0.010159015655517578 
19, -9.73289680480957, 0.019932031631469727, 0.007989168167114258, 0.010325193405151367 
20, -9.75140380859375, 0.01997542381286621, 0.008002042770385742, 0.010421991348266602 
21, -9.857795715332031, 0.02025294303894043, 0.008074283599853516, 0.010498285293579102 
22, -9.806625366210938, 0.020329713821411133, 0.008149147033691406, 0.01065373420715332 
23, -10.237727165222168, 0.01986217498779297, 0.007894277572631836, 0.010367393493652344 
24, -10.041709899902344, 0.019742727279663086, 0.00792074203491211, 0.01030421257019043 
25, -10.457488059997559, 0.019392013549804688, 0.007815837860107422, 0.009990453720092773 
26, -10.761722564697266, 0.019876956939697266, 0.007840394973754883, 0.010320425033569336 
27, -10.756431579589844, 0.01981949806213379, 0.00794839859008789, 0.010294198989868164 
28, -10.811700820922852, 0.019917011260986328, 0.007961273193359375, 0.010267972946166992 
29, -11.176372528076172, 0.020182371139526367, 0.00796818733215332, 0.010554313659667969 
30, -11.012792587280273, 0.019733428955078125, 0.007967472076416016, 0.010187387466430664 
31, -11.310333251953125, 0.020074844360351562, 0.00795435905456543, 0.010480403900146484 
32, -11.353681564331055, 0.020038127899169922, 0.008148431777954102, 0.01043391227722168 
33, -11.663782119750977, 0.020175457000732422, 0.008073568344116211, 0.010460376739501953 
34, -11.484978675842285, 0.01976919174194336, 0.007827281951904297, 0.010286569595336914 
35, -11.5025053024292, 0.020282268524169922, 0.007925271987915039, 0.01062917709350586 
36, -11.950945854187012, 0.02034139633178711, 0.008291244506835938, 0.010393619537353516 
37, -12.198734283447266, 0.020580768585205078, 0.008139371871948242, 0.010721206665039062 
38, -12.317480087280273, 0.020534515380859375, 0.008332014083862305, 0.010588645935058594 
39, -12.212493896484375, 0.020235300064086914, 0.008159160614013672, 0.010405540466308594 
40, -12.054178237915039, 0.02024674415588379, 0.008061408996582031, 0.010540008544921875 
41, -12.536376953125, 0.02041769027709961, 0.008182525634765625, 0.010642051696777344 
42, -12.554058074951172, 0.020340442657470703, 0.008143901824951172, 0.010562419891357422 
43, -12.757813453674316, 0.02028632164001465, 0.00816798210144043, 0.010491609573364258 
44, -12.843216896057129, 0.019845008850097656, 0.00804591178894043, 0.010291337966918945 
45, -12.924936294555664, 0.020069122314453125, 0.008088111877441406, 0.010343313217163086 
46, -13.06496810913086, 0.020109176635742188, 0.008035659790039062, 0.010456562042236328 
47, -13.013574600219727, 0.02049708366394043, 0.008165359497070312, 0.010578155517578125 
48, -12.936105728149414, 0.02067279815673828, 0.008381366729736328, 0.010656595230102539 
49, -13.524776458740234, 0.020467519760131836, 0.008148908615112305, 0.010544538497924805 
50, -13.48232650756836, 0.020628690719604492, 0.00806570053100586, 0.01069021224975586 
51, -13.52647590637207, 0.020891666412353516, 0.00833749771118164, 0.010780096054077148 
52, -13.745611190795898, 0.020875215530395508, 0.008341550827026367, 0.01073908805847168 
53, -13.633073806762695, 0.021042346954345703, 0.008519411087036133, 0.0107574462890625 
54, -13.631019592285156, 0.020907163619995117, 0.00833439826965332, 0.010750770568847656 
55, -13.927640914916992, 0.020647048950195312, 0.008250713348388672, 0.010742902755737305 
56, -13.958124160766602, 0.020897865295410156, 0.008289337158203125, 0.010770320892333984 
57, -13.889009475708008, 0.02070903778076172, 0.008329391479492188, 0.010701179504394531 
58, -14.036917686462402, 0.02053523063659668, 0.008276939392089844, 0.010596990585327148 
59, -14.246973037719727, 0.020704030990600586, 0.008203983306884766, 0.010776519775390625 
60, -14.578967094421387, 0.020660877227783203, 0.008297920227050781, 0.01072549819946289 
61, -14.663941383361816, 0.02066516876220703, 0.008210897445678711, 0.010717391967773438 
62, -14.324186325073242, 0.020513057708740234, 0.008293867111206055, 0.010598182678222656 
63, -14.533770561218262, 0.020148277282714844, 0.008052825927734375, 0.010436773300170898 
64, -14.652090072631836, 0.02001357078552246, 0.008039474487304688, 0.010514974594116211 
65, -14.727729797363281, 0.020133256912231445, 0.008013725280761719, 0.0106048583984375 
66, -14.637378692626953, 0.02034473419189453, 0.00815892219543457, 0.010407209396362305 
67, -15.04715633392334, 0.020241260528564453, 0.008123159408569336, 0.010433197021484375 
68, -14.919997215270996, 0.020255327224731445, 0.00805521011352539, 0.010479211807250977 
69, -14.937206268310547, 0.020369291305541992, 0.008140802383422852, 0.010614395141601562 
70, -15.107708930969238, 0.02057814598083496, 0.008195877075195312, 0.010706663131713867 
71, -15.301490783691406, 0.02030634880065918, 0.008175849914550781, 0.010474443435668945 
72, -15.266012191772461, 0.02025771141052246, 0.008123397827148438, 0.010438680648803711 
73, -15.476158142089844, 0.02019953727722168, 0.00809335708618164, 0.010469675064086914 
74, -15.542339324951172, 0.019601821899414062, 0.007898092269897461, 0.010015010833740234 
75, -15.564369201660156, 0.01996898651123047, 0.007936954498291016, 0.010434865951538086 
76, -15.4900541305542, 0.020078420639038086, 0.00789785385131836, 0.010478019714355469 
77, -15.393329620361328, 0.020734071731567383, 0.008205175399780273, 0.010719776153564453 
78, -15.573514938354492, 0.020683765411376953, 0.00829005241394043, 0.01065206527709961 
79, -15.80513858795166, 0.020939111709594727, 0.00838613510131836, 0.01079106330871582 
80, -15.87116527557373, 0.02075505256652832, 0.008381366729736328, 0.010629653930664062 
81, -15.910016059875488, 0.02049088478088379, 0.00808405876159668, 0.01068568229675293 
82, -15.92798900604248, 0.020943641662597656, 0.008287906646728516, 0.010925054550170898 
83, -15.792350769042969, 0.021068572998046875, 0.008427143096923828, 0.01088571548461914 
84, -15.883530616760254, 0.02103710174560547, 0.008452653884887695, 0.010887384414672852 
85, -16.037429809570312, 0.021216630935668945, 0.008584022521972656, 0.010918617248535156 
86, -16.069183349609375, 0.02079629898071289, 0.00841665267944336, 0.010748147964477539 
87, -16.035165786743164, 0.020598888397216797, 0.00823831558227539, 0.01062631607055664 
88, -16.046833038330078, 0.020808696746826172, 0.008290767669677734, 0.010752439498901367 
89, -16.089479446411133, 0.020821094512939453, 0.008319377899169922, 0.010772943496704102 
90, -16.205886840820312, 0.02059316635131836, 0.00829625129699707, 0.01066136360168457 
91, -16.11508560180664, 0.020369768142700195, 0.00813913345336914, 0.010564565658569336 
92, -16.09866714477539, 0.020357131958007812, 0.0081787109375, 0.010515213012695312 
93, -16.308338165283203, 0.020254135131835938, 0.00821828842163086, 0.010384798049926758 
94, -16.194896697998047, 0.020209550857543945, 0.008073091506958008, 0.010431766510009766 
95, -16.244491577148438, 0.02028632164001465, 0.008220911026000977, 0.010492801666259766 
96, -16.29995346069336, 0.020389795303344727, 0.008002519607543945, 0.010707378387451172 
97, -16.326114654541016, 0.020679473876953125, 0.008291482925415039, 0.010669231414794922 
98, -16.367433547973633, 0.0210115909576416, 0.008411884307861328, 0.010880231857299805 
99, -16.37902069091797, 0.02100968360900879, 0.00836801528930664, 0.010861396789550781 
100, -16.42013931274414, 0.020767927169799805, 0.008411645889282227, 0.010639667510986328 
101, -16.35248565673828, 0.021209716796875, 0.008458614349365234, 0.011032581329345703 
102, -16.397098541259766, 0.020766735076904297, 0.008247852325439453, 0.010732889175415039 
103, -16.412860870361328, 0.02072429656982422, 0.008296012878417969, 0.010830879211425781 
104, -16.44245147705078, 0.020235776901245117, 0.00806117057800293, 0.01060032844543457 
105, -16.443405151367188, 0.020635604858398438, 0.00820302963256836, 0.010709047317504883 
106, -16.43250846862793, 0.02034926414489746, 0.008136272430419922, 0.010692834854125977 
107, -16.447010040283203, 0.01974964141845703, 0.008000612258911133, 0.010236263275146484 
108, -16.474557876586914, 0.02004861831665039, 0.007811784744262695, 0.010490894317626953 
109, -16.47503662109375, 0.02028489112854004, 0.008162260055541992, 0.010447263717651367 
110, -16.47112274169922, 0.020247220993041992, 0.008124589920043945, 0.010372161865234375 
111, -16.483692169189453, 0.020109891891479492, 0.007937908172607422, 0.010589838027954102 
112, -16.48362159729004, 0.020282268524169922, 0.008059978485107422, 0.010540485382080078 
113, -16.483684539794922, 0.02010321617126465, 0.008186817169189453, 0.010369062423706055 
114, -16.476945877075195, 0.020502090454101562, 0.00809025764465332, 0.010702848434448242 
115, -16.451560974121094, 0.02048945426940918, 0.008110523223876953, 0.010670661926269531 
116, -16.479942321777344, 0.020682573318481445, 0.008374452590942383, 0.010663270950317383 
117, -16.46566390991211, 0.01988840103149414, 0.00804448127746582, 0.01029205322265625 
118, -16.47832489013672, 0.019866228103637695, 0.007949352264404297, 0.010336160659790039 
119, -16.48385238647461, 0.020180225372314453, 0.008131027221679688, 0.010424137115478516 
120, -16.469532012939453, 0.0197145938873291, 0.007791996002197266, 0.010200023651123047 
121, -16.431747436523438, 0.020114660263061523, 0.008078336715698242, 0.010372161865234375 
122, -16.372333526611328, 0.020321369171142578, 0.008143901824951172, 0.010566473007202148 
123, -16.459449768066406, 0.019779205322265625, 0.007934808731079102, 0.010305166244506836 
124, -16.32443618774414, 0.02003002166748047, 0.007853507995605469, 0.01059722900390625 
125, -16.402694702148438, 0.019786596298217773, 0.00798344612121582, 0.01032876968383789 
126, -16.333669662475586, 0.020105838775634766, 0.007973432540893555, 0.010464668273925781 
127, -16.265928268432617, 0.020223617553710938, 0.008127689361572266, 0.010515213012695312 
128, -16.28592300415039, 0.02018594741821289, 0.008119344711303711, 0.010488510131835938 
129, -16.242399215698242, 0.020572900772094727, 0.008110523223876953, 0.010640621185302734 
130, -16.352006912231445, 0.020415067672729492, 0.008232831954956055, 0.010567665100097656 
131, -16.346811294555664, 0.01972675323486328, 0.007861614227294922, 0.010212182998657227 
132, -16.34590721130371, 0.02016901969909668, 0.008024454116821289, 0.010466575622558594 
133, -16.173675537109375, 0.02003169059753418, 0.008104801177978516, 0.010343790054321289 
134, -16.120038986206055, 0.020138025283813477, 0.008147716522216797, 0.010374784469604492 
135, -16.149070739746094, 0.019537687301635742, 0.007776975631713867, 0.010169029235839844 
136, -16.267168045043945, 0.019905567169189453, 0.007923364639282227, 0.010338068008422852 
137, -16.096614837646484, 0.020253658294677734, 0.008031845092773438, 0.010570526123046875 
138, -16.227317810058594, 0.020191431045532227, 0.00811314582824707, 0.010403633117675781 
139, -16.20292854309082, 0.02063751220703125, 0.008241891860961914, 0.010687589645385742 
140, -16.1640567779541, 0.020680665969848633, 0.008203268051147461, 0.010783195495605469 
141, -15.935842514038086, 0.02084064483642578, 0.008340597152709961, 0.010848045349121094 
142, -16.14547348022461, 0.02071666717529297, 0.008347034454345703, 0.010699033737182617 
143, -15.929702758789062, 0.020717382431030273, 0.008337259292602539, 0.010728597640991211 
144, -16.073495864868164, 0.020361661911010742, 0.008223295211791992, 0.010507583618164062 
145, -16.023136138916016, 0.020119667053222656, 0.008143901824951172, 0.010415077209472656 
146, -15.81361198425293, 0.01965498924255371, 0.00802159309387207, 0.010128498077392578 
147, -15.983179092407227, 0.01958298683166504, 0.00787806510925293, 0.010212182998657227 
148, -15.853055953979492, 0.01982569694519043, 0.00785064697265625, 0.010372638702392578 
149, -15.818778991699219, 0.01975250244140625, 0.00798797607421875, 0.010204792022705078 
150, -15.898391723632812, 0.02050948143005371, 0.008192300796508789, 0.010661125183105469 
151, -15.860479354858398, 0.02030324935913086, 0.008183479309082031, 0.01049351692199707 
152, -15.870973587036133, 0.020552396774291992, 0.008115530014038086, 0.010643243789672852 
153, -15.845951080322266, 0.020752906799316406, 0.008217573165893555, 0.010819673538208008 
154, -15.722970962524414, 0.02072310447692871, 0.008393049240112305, 0.010631322860717773 
155, -15.575088500976562, 0.02095770835876465, 0.008362054824829102, 0.010727405548095703 
156, -15.616758346557617, 0.02080678939819336, 0.008343219757080078, 0.010779142379760742 
157, -15.706954956054688, 0.020871877670288086, 0.008344411849975586, 0.010831117630004883 
158, -15.516355514526367, 0.02059030532836914, 0.008167743682861328, 0.010763168334960938 
159, -15.409448623657227, 0.01996302604675293, 0.008036375045776367, 0.010326385498046875 
160, -15.550809860229492, 0.0200040340423584, 0.008014202117919922, 0.010341644287109375 
161, -15.359987258911133, 0.020409345626831055, 0.008190155029296875, 0.010542869567871094 
162, -15.592168807983398, 0.02008652687072754, 0.007992982864379883, 0.010396480560302734 
163, -15.390766143798828, 0.02008819580078125, 0.00807809829711914, 0.010396242141723633 
164, -15.454299926757812, 0.019984960556030273, 0.0079345703125, 0.01041722297668457 
165, -15.431680679321289, 0.020156383514404297, 0.008061885833740234, 0.01051640510559082 
166, -15.461738586425781, 0.01969766616821289, 0.008034706115722656, 0.010097265243530273 
167, -15.202449798583984, 0.0199432373046875, 0.007955551147460938, 0.010420560836791992 
168, -15.375555038452148, 0.020215988159179688, 0.007985830307006836, 0.010527610778808594 
169, -15.32534408569336, 0.020370960235595703, 0.00814056396484375, 0.010598421096801758 
170, -15.194717407226562, 0.0203549861907959, 0.00812983512878418, 0.010494709014892578 
171, -15.140439987182617, 0.020617961883544922, 0.00835871696472168, 0.010532379150390625 
172, -15.335977554321289, 0.02054119110107422, 0.008268356323242188, 0.010660171508789062 
173, -15.145025253295898, 0.02071380615234375, 0.008273601531982422, 0.01072382926940918 
174, -15.045400619506836, 0.02088785171508789, 0.008263111114501953, 0.010887861251831055 
175, -15.08320426940918, 0.020701885223388672, 0.008322954177856445, 0.010721445083618164 
176, -14.989761352539062, 0.02043294906616211, 0.008227109909057617, 0.010417938232421875 
177, -15.116573333740234, 0.020227909088134766, 0.008186817169189453, 0.010394573211669922 
178, -15.017417907714844, 0.020315170288085938, 0.008131980895996094, 0.010500192642211914 
179, -15.16297721862793, 0.0207366943359375, 0.008132457733154297, 0.010849237442016602 
180, -15.01545524597168, 0.0205841064453125, 0.00827789306640625, 0.010635137557983398 
181, -14.871139526367188, 0.019902467727661133, 0.008078575134277344, 0.010262012481689453 
182, -14.885795593261719, 0.02051377296447754, 0.00813436508178711, 0.01059865951538086 
183, -15.05482292175293, 0.020647525787353516, 0.00824284553527832, 0.010715723037719727 
184, -14.959835052490234, 0.020768404006958008, 0.008285999298095703, 0.010759830474853516 
185, -14.79149055480957, 0.020650148391723633, 0.008326292037963867, 0.010677576065063477 
186, -14.773056030273438, 0.020615100860595703, 0.008283376693725586, 0.010658740997314453 
187, -14.873973846435547, 0.020250797271728516, 0.008212566375732422, 0.01047968864440918 
188, -14.784873962402344, 0.019895553588867188, 0.00790548324584961, 0.010303974151611328 
189, -14.892536163330078, 0.020325422286987305, 0.008046150207519531, 0.010566949844360352 
190, -14.730474472045898, 0.02042555809020996, 0.008214950561523438, 0.010521173477172852 
191, -14.894535064697266, 0.01989912986755371, 0.008128643035888672, 0.010323524475097656 
192, -14.735889434814453, 0.019657611846923828, 0.00781393051147461, 0.010228633880615234 
193, -14.79151725769043, 0.019767045974731445, 0.008023738861083984, 0.010138750076293945 
194, -14.706195831298828, 0.01964426040649414, 0.007757902145385742, 0.010286808013916016 
195, -14.635435104370117, 0.02020549774169922, 0.008142948150634766, 0.010439872741699219 
196, -14.673194885253906, 0.019786834716796875, 0.007880210876464844, 0.010348081588745117 
197, -14.703598022460938, 0.02002882957458496, 0.007973432540893555, 0.010374784469604492 
198, -14.765609741210938, 0.019870996475219727, 0.008137226104736328, 0.010207653045654297 
199, -14.72946548461914, 0.0197904109954834, 0.007880210876464844, 0.010371923446655273 
200, -14.579217910766602, 0.020114898681640625, 0.0079498291015625, 0.01046442985534668 
201, -14.72470474243164, 0.020159482955932617, 0.008109092712402344, 0.01042318344116211 
202, -14.71603012084961, 0.01941847801208496, 0.007833242416381836, 0.00996708869934082 
203, -14.697582244873047, 0.01981067657470703, 0.00783681869506836, 0.010288000106811523 
204, -14.626029968261719, 0.020005226135253906, 0.00811147689819336, 0.010293960571289062 
205, -14.66972541809082, 0.019916057586669922, 0.007929801940917969, 0.010344505310058594 
206, -14.610748291015625, 0.01997971534729004, 0.008104085922241211, 0.010302066802978516 
207, -14.65829849243164, 0.019904613494873047, 0.00805807113647461, 0.01035165786743164 
208, -14.572952270507812, 0.020171403884887695, 0.00803995132446289, 0.010515928268432617 
209, -14.539913177490234, 0.02007436752319336, 0.008160114288330078, 0.010373115539550781 
210, -14.610322952270508, 0.02028822898864746, 0.008160114288330078, 0.010455608367919922 
211, -14.538671493530273, 0.02023792266845703, 0.00812673568725586, 0.010499238967895508 
212, -14.563194274902344, 0.020194053649902344, 0.008082151412963867, 0.010480642318725586 
213, -14.522359848022461, 0.0200350284576416, 0.008117437362670898, 0.010284423828125 
214, -14.58415412902832, 0.020173072814941406, 0.008055925369262695, 0.010500192642211914 
215, -14.613258361816406, 0.020069599151611328, 0.00803828239440918, 0.010331392288208008 
216, -14.563909530639648, 0.01991558074951172, 0.007870197296142578, 0.010433435440063477 
217, -14.556873321533203, 0.020717382431030273, 0.008218765258789062, 0.010815620422363281 
218, -14.612043380737305, 0.021025419235229492, 0.00839853286743164, 0.010841846466064453 
219, -14.609893798828125, 0.020844459533691406, 0.00836038589477539, 0.010750055313110352 
220, -14.547859191894531, 0.020910024642944336, 0.008399009704589844, 0.01080942153930664 
221, -14.560121536254883, 0.021020174026489258, 0.00837087631225586, 0.010838985443115234 
222, -14.554540634155273, 0.020988941192626953, 0.00836801528930664, 0.010905265808105469 
223, -14.545026779174805, 0.021064043045043945, 0.008430242538452148, 0.010867595672607422 
224, -14.592277526855469, 0.021124839782714844, 0.00840902328491211, 0.010927438735961914 
225, -14.586807250976562, 0.021118640899658203, 0.008483409881591797, 0.010877609252929688 
226, -14.591644287109375, 0.021113157272338867, 0.008453130722045898, 0.010883092880249023 
227, -14.587158203125, 0.0207674503326416, 0.008321285247802734, 0.010844230651855469 
228, -14.619930267333984, 0.02100348472595215, 0.008448600769042969, 0.010868072509765625 
229, -14.594587326049805, 0.020955324172973633, 0.008406877517700195, 0.010871171951293945 
230, -14.605239868164062, 0.020752906799316406, 0.008440017700195312, 0.010733842849731445 
231, -14.614906311035156, 0.0201718807220459, 0.008022069931030273, 0.010497570037841797 
232, -14.637853622436523, 0.020618200302124023, 0.008177995681762695, 0.010791301727294922 
233, -14.63809585571289, 0.020775794982910156, 0.008268117904663086, 0.010825157165527344 
234, -14.649532318115234, 0.02048349380493164, 0.008154630661010742, 0.010633230209350586 
235, -14.653013229370117, 0.02061915397644043, 0.008304595947265625, 0.01065373420715332 
236, -14.66525650024414, 0.020661592483520508, 0.008270978927612305, 0.010719776153564453 
237, -14.677276611328125, 0.02066659927368164, 0.00825643539428711, 0.010771751403808594 
238, -14.688957214355469, 0.02066493034362793, 0.008281469345092773, 0.010718822479248047 
239, -14.698486328125, 0.020482301712036133, 0.008230209350585938, 0.010535955429077148 
240, -14.710031509399414, 0.02044391632080078, 0.008215188980102539, 0.010545492172241211 
241, -14.71914291381836, 0.020362138748168945, 0.008122682571411133, 0.010532140731811523 
242, -14.734378814697266, 0.020278453826904297, 0.008221626281738281, 0.010452747344970703 
243, -14.741025924682617, 0.02000570297241211, 0.007913351058959961, 0.010465860366821289 
244, -14.746942520141602, 0.020114898681640625, 0.008081197738647461, 0.010482549667358398 
245, -14.770172119140625, 0.020437002182006836, 0.008161544799804688, 0.010651111602783203 
246, -14.786027908325195, 0.02073073387145996, 0.008344411849975586, 0.010728597640991211 
247, -14.78506088256836, 0.020870447158813477, 0.008399724960327148, 0.010799884796142578 
248, -14.808982849121094, 0.02086019515991211, 0.008280038833618164, 0.010899066925048828 
249, -14.796693801879883, 0.020821332931518555, 0.008434295654296875, 0.010821104049682617 
250, -14.819284439086914, 0.020368337631225586, 0.008042573928833008, 0.010598897933959961 
251, -14.82675552368164, 0.020757198333740234, 0.008361577987670898, 0.010710000991821289 
252, -14.847137451171875, 0.020918846130371094, 0.008399486541748047, 0.010738134384155273 
253, -14.876829147338867, 0.020664691925048828, 0.008252143859863281, 0.01074671745300293 
254, -14.850883483886719, 0.02077198028564453, 0.008292198181152344, 0.010820865631103516 
255, -14.906749725341797, 0.020490646362304688, 0.008191108703613281, 0.010639190673828125 
256, -14.901731491088867, 0.020827770233154297, 0.008315563201904297, 0.010719060897827148 
257, -14.893539428710938, 0.02074122428894043, 0.00836491584777832, 0.010756492614746094 
258, -14.909250259399414, 0.02046990394592285, 0.008191347122192383, 0.010643243789672852 
259, -14.942628860473633, 0.02044367790222168, 0.008241653442382812, 0.01052713394165039 
260, -14.96438980102539, 0.02036881446838379, 0.008190631866455078, 0.010541200637817383 
261, -14.964746475219727, 0.020235061645507812, 0.008074760437011719, 0.010554313659667969 
262, -14.955144882202148, 0.020260334014892578, 0.00810694694519043, 0.010377168655395508 
263, -14.969385147094727, 0.02013993263244629, 0.008044958114624023, 0.010420560836791992 
264, -15.016181945800781, 0.01999807357788086, 0.007889032363891602, 0.010474920272827148 
265, -15.026174545288086, 0.01988506317138672, 0.007950782775878906, 0.010314702987670898 
266, -15.038070678710938, 0.020516157150268555, 0.008209466934204102, 0.010733604431152344 
267, -15.05013656616211, 0.020566940307617188, 0.008140087127685547, 0.01063847541809082 
268, -15.040746688842773, 0.02078723907470703, 0.008305072784423828, 0.010770320892333984 
269, -15.069149017333984, 0.020765304565429688, 0.008335590362548828, 0.010640382766723633 
270, -15.069887161254883, 0.020647048950195312, 0.008237600326538086, 0.010685920715332031 
271, -15.06463623046875, 0.020354509353637695, 0.008230209350585938, 0.010546207427978516 
272, -15.070564270019531, 0.020305156707763672, 0.008129119873046875, 0.010611534118652344 
273, -15.06631851196289, 0.020218849182128906, 0.008008241653442383, 0.010449886322021484 
274, -15.087297439575195, 0.02046370506286621, 0.008273124694824219, 0.01051950454711914 
275, -15.110708236694336, 0.020949840545654297, 0.008332967758178711, 0.010824203491210938 
276, -15.106212615966797, 0.021122217178344727, 0.00846099853515625, 0.01094961166381836 
277, -15.123247146606445, 0.020897626876831055, 0.00836038589477539, 0.01082611083984375 
278, -15.142827987670898, 0.020290136337280273, 0.00822305679321289, 0.010395050048828125 
279, -15.146581649780273, 0.020092487335205078, 0.008052349090576172, 0.010369062423706055 
280, -15.157754898071289, 0.020589113235473633, 0.00824594497680664, 0.010719776153564453 
281, -15.129785537719727, 0.020616769790649414, 0.008236885070800781, 0.010644674301147461 
282, -15.161348342895508, 0.020309925079345703, 0.008196830749511719, 0.010434150695800781 
283, -15.176219940185547, 0.020624876022338867, 0.008293867111206055, 0.010679483413696289 
284, -15.160100936889648, 0.020621538162231445, 0.008246898651123047, 0.010728597640991211 
285, -15.177103042602539, 0.02005767822265625, 0.008154153823852539, 0.010347843170166016 
286, -15.165763854980469, 0.019983530044555664, 0.008002519607543945, 0.010429620742797852 
287, -15.194643020629883, 0.01980113983154297, 0.007901430130004883, 0.010293245315551758 
288, -15.174245834350586, 0.020238399505615234, 0.007970809936523438, 0.010564804077148438 
289, -15.195985794067383, 0.020152807235717773, 0.008101940155029297, 0.010400533676147461 
290, -15.185850143432617, 0.020203351974487305, 0.008184671401977539, 0.010518550872802734 
291, -15.196950912475586, 0.019726037979125977, 0.008011817932128906, 0.010263681411743164 
292, -15.203651428222656, 0.019415855407714844, 0.007790565490722656, 0.01021265983581543 
293, -15.195840835571289, 0.019796133041381836, 0.007809638977050781, 0.01037907600402832 
294, -15.196781158447266, 0.019549131393432617, 0.007802724838256836, 0.010132312774658203 
295, -15.203746795654297, 0.01976609230041504, 0.00785684585571289, 0.010264873504638672 
296, -15.201519012451172, 0.020236730575561523, 0.007983684539794922, 0.01050567626953125 
297, -15.202016830444336, 0.019644498825073242, 0.008061647415161133, 0.01011967658996582 
298, -15.200338363647461, 0.020122289657592773, 0.008039474487304688, 0.010460615158081055 
299, -15.201644897460938, 0.019538402557373047, 0.007861852645874023, 0.010005474090576172 
300, -15.19205093383789, 0.019651174545288086, 0.00782012939453125, 0.010291099548339844 
301, -15.197681427001953, 0.01984095573425293, 0.007994890213012695, 0.010238409042358398 
302, -15.18475341796875, 0.019909143447875977, 0.007972478866577148, 0.010400533676147461 
303, -15.196428298950195, 0.019730329513549805, 0.007926225662231445, 0.010170936584472656 
304, -15.192096710205078, 0.019596099853515625, 0.007801532745361328, 0.01017451286315918 
305, -15.189422607421875, 0.020229578018188477, 0.008128643035888672, 0.010600566864013672 
306, -15.172449111938477, 0.02025628089904785, 0.00798654556274414, 0.010551691055297852 
307, -15.186086654663086, 0.0204770565032959, 0.008233070373535156, 0.010664939880371094 
308, -15.177238464355469, 0.020504474639892578, 0.008186101913452148, 0.010597705841064453 
309, -15.155908584594727, 0.02036452293395996, 0.008077383041381836, 0.010570764541625977 
310, -15.136802673339844, 0.02013993263244629, 0.008049726486206055, 0.010469436645507812 
311, -15.136783599853516, 0.02001214027404785, 0.007994413375854492, 0.01043558120727539 
312, -15.148580551147461, 0.02008199691772461, 0.008052349090576172, 0.010411500930786133 
313, -15.120656967163086, 0.020188093185424805, 0.008149385452270508, 0.01053476333618164 
314, -15.114294052124023, 0.020040035247802734, 0.008076906204223633, 0.010372161865234375 
315, -15.118768692016602, 0.02010202407836914, 0.007999897003173828, 0.010448694229125977 
316, -15.094987869262695, 0.02011275291442871, 0.008054018020629883, 0.010367155075073242 
317, -15.124595642089844, 0.020661354064941406, 0.00823521614074707, 0.0106658935546875 
318, -15.09237289428711, 0.021164417266845703, 0.008494138717651367, 0.011003255844116211 
319, -15.085186004638672, 0.020829200744628906, 0.008367300033569336, 0.01079869270324707 
320, -15.096929550170898, 0.020989179611206055, 0.008380889892578125, 0.010818958282470703 
321, -15.035297393798828, 0.021227121353149414, 0.008482217788696289, 0.011009454727172852 
322, -15.054666519165039, 0.021255970001220703, 0.008489847183227539, 0.010924339294433594 
323, -15.053264617919922, 0.021016359329223633, 0.00844120979309082, 0.010796785354614258 
324, -15.00602912902832, 0.020623207092285156, 0.008357048034667969, 0.010674715042114258 
325, -15.036518096923828, 0.02071094512939453, 0.0082244873046875, 0.010832786560058594 
326, -15.014589309692383, 0.019965171813964844, 0.008164405822753906, 0.010258674621582031 
327, -14.965522766113281, 0.019594430923461914, 0.0077207088470458984, 0.010185480117797852 
328, -14.928674697875977, 0.02060866355895996, 0.00826120376586914, 0.010614633560180664 
329, -15.002199172973633, 0.020596742630004883, 0.0082550048828125, 0.010697603225708008 
330, -14.944866180419922, 0.020493507385253906, 0.008152961730957031, 0.010629653930664062 
331, -14.91415023803711, 0.020625591278076172, 0.008303642272949219, 0.010759592056274414 
332, -14.867238998413086, 0.02048015594482422, 0.008214235305786133, 0.010626554489135742 
333, -14.934478759765625, 0.020475387573242188, 0.008333206176757812, 0.010548591613769531 
334, -14.86744499206543, 0.020061254501342773, 0.008012056350708008, 0.010516166687011719 
335, -14.898273468017578, 0.020808696746826172, 0.008314847946166992, 0.010715007781982422 
336, -14.879571914672852, 0.020632266998291016, 0.008383989334106445, 0.010564565658569336 
337, -14.847963333129883, 0.020983219146728516, 0.008399486541748047, 0.010851383209228516 
338, -14.87443733215332, 0.02087688446044922, 0.008389472961425781, 0.01078343391418457 
339, -14.827203750610352, 0.02069687843322754, 0.008297443389892578, 0.010724067687988281 
340, -14.792728424072266, 0.020850658416748047, 0.008399009704589844, 0.010740995407104492 
341, -14.799528121948242, 0.020782947540283203, 0.008354663848876953, 0.010695219039916992 
342, -14.748888969421387, 0.020664691925048828, 0.008341312408447266, 0.010629415512084961 
343, -14.729403495788574, 0.02089071273803711, 0.00838923454284668, 0.010799884796142578 
344, -14.768006324768066, 0.02056145668029785, 0.008240938186645508, 0.010638952255249023 
345, -14.743760108947754, 0.020400047302246094, 0.008116722106933594, 0.010655879974365234 
346, -14.632280349731445, 0.02060675621032715, 0.008186578750610352, 0.010733604431152344 
347, -14.702410697937012, 0.021512508392333984, 0.009011983871459961, 0.010805606842041016 
348, -14.663938522338867, 0.020646095275878906, 0.008453130722045898, 0.010536670684814453 
349, -14.617965698242188, 0.020250797271728516, 0.008137226104736328, 0.010494709014892578 
350, -14.59041690826416, 0.01978754997253418, 0.007913351058959961, 0.010371208190917969 
351, -14.600398063659668, 0.02038431167602539, 0.007997751235961914, 0.010718822479248047 
352, -14.618575096130371, 0.020381927490234375, 0.008226394653320312, 0.010564804077148438 
353, -14.54658317565918, 0.019657611846923828, 0.007922172546386719, 0.010191679000854492 
354, -14.565106391906738, 0.01990222930908203, 0.007803201675415039, 0.010381698608398438 
355, -14.568984985351562, 0.020200729370117188, 0.008041858673095703, 0.0105438232421875 
356, -14.53520393371582, 0.019948482513427734, 0.008125066757202148, 0.01032257080078125 
357, -14.487873077392578, 0.01986241340637207, 0.00791788101196289, 0.010303020477294922 
358, -14.542252540588379, 0.019992351531982422, 0.008031368255615234, 0.010256052017211914 
359, -14.4725980758667, 0.020262956619262695, 0.008127689361572266, 0.010386943817138672 
360, -14.398772239685059, 0.0198671817779541, 0.008128643035888672, 0.010216474533081055 
361, -14.39891242980957, 0.019881486892700195, 0.007941961288452148, 0.01033926010131836 
362, -14.358124732971191, 0.01997828483581543, 0.007951736450195312, 0.010389328002929688 
363, -14.361557960510254, 0.01981520652770996, 0.007993936538696289, 0.0102386474609375 
364, -14.325263023376465, 0.02008795738220215, 0.008029460906982422, 0.010401010513305664 
365, -14.354365348815918, 0.0202329158782959, 0.008081912994384766, 0.010512351989746094 
366, -14.344955444335938, 0.020075559616088867, 0.008080244064331055, 0.01044154167175293 
367, -14.290763854980469, 0.019710779190063477, 0.007962703704833984, 0.010168790817260742 
368, -14.33763599395752, 0.019443511962890625, 0.007730245590209961, 0.010209798812866211 
369, -14.327058792114258, 0.019788026809692383, 0.007873296737670898, 0.010271549224853516 
370, -14.353832244873047, 0.02005624771118164, 0.008032560348510742, 0.010403156280517578 
371, -14.334328651428223, 0.01957869529724121, 0.007858991622924805, 0.010216951370239258 
372, -14.315701484680176, 0.019826412200927734, 0.007861852645874023, 0.010360479354858398 
373, -14.26891040802002, 0.020125389099121094, 0.008105993270874023, 0.010461568832397461 
374, -14.253462791442871, 0.020059823989868164, 0.008056879043579102, 0.010408639907836914 
375, -14.197210311889648, 0.020206689834594727, 0.008143901824951172, 0.010487079620361328 
376, -14.21445083618164, 0.020251750946044922, 0.008041620254516602, 0.010591983795166016 
377, -14.255751609802246, 0.02039933204650879, 0.00815439224243164, 0.01056671142578125 
378, -14.174830436706543, 0.020448684692382812, 0.008184432983398438, 0.010552644729614258 
379, -14.23139476776123, 0.020429372787475586, 0.008157014846801758, 0.010576963424682617 
380, -14.204602241516113, 0.020151138305664062, 0.008077859878540039, 0.01042938232421875 
381, -14.145893096923828, 0.01994180679321289, 0.007986783981323242, 0.010319948196411133 
382, -14.203798294067383, 0.019895076751708984, 0.008117198944091797, 0.01031637191772461 
383, -14.123435020446777, 0.019730329513549805, 0.007831096649169922, 0.0102386474609375 
384, -14.177884101867676, 0.020322799682617188, 0.008115291595458984, 0.010530710220336914 
385, -14.156903266906738, 0.02019476890563965, 0.008153915405273438, 0.010469436645507812 
386, -14.1564359664917, 0.020531415939331055, 0.008135318756103516, 0.010694265365600586 
387, -14.128741264343262, 0.02076101303100586, 0.008199691772460938, 0.010780096054077148 
388, -14.143204689025879, 0.020586729049682617, 0.008278369903564453, 0.01060795783996582 
389, -14.118720054626465, 0.020503997802734375, 0.008273601531982422, 0.010589361190795898 
390, -14.096198081970215, 0.020760297775268555, 0.00822758674621582, 0.010788917541503906 
391, -14.118780136108398, 0.020919322967529297, 0.008369684219360352, 0.010874748229980469 
392, -14.108927726745605, 0.020503997802734375, 0.008202075958251953, 0.010655879974365234 
393, -14.11343002319336, 0.02046370506286621, 0.008290529251098633, 0.010475635528564453 
394, -14.102931022644043, 0.020893335342407227, 0.008389472961425781, 0.010810375213623047 
395, -14.110740661621094, 0.020908594131469727, 0.008380889892578125, 0.010892868041992188 
396, -14.101702690124512, 0.020539045333862305, 0.008127689361572266, 0.010776281356811523 
397, -14.098644256591797, 0.020844221115112305, 0.008277416229248047, 0.010742902755737305 
398, -14.100790023803711, 0.020274639129638672, 0.008322954177856445, 0.010452508926391602 
399, -14.10021686553955, 0.020498275756835938, 0.008066415786743164, 0.010675907135009766 
400, -14.10425090789795, 0.02038264274597168, 0.008059263229370117, 0.010648012161254883 
401, -14.1041259765625, 0.020429134368896484, 0.008240699768066406, 0.010537385940551758 
402, -14.11076545715332, 0.020459890365600586, 0.00819540023803711, 0.010644197463989258 
403, -14.108513832092285, 0.020576000213623047, 0.008310317993164062, 0.01063394546508789 
404, -14.117804527282715, 0.02030491828918457, 0.00829458236694336, 0.010380268096923828 
405, -14.12739086151123, 0.020199298858642578, 0.008167505264282227, 0.010460853576660156 
406, -14.113988876342773, 0.020325422286987305, 0.00813436508178711, 0.010448932647705078 
407, -14.148391723632812, 0.02044963836669922, 0.008163928985595703, 0.010627985000610352 
408, -14.156725883483887, 0.020804405212402344, 0.008240938186645508, 0.010819673538208008 
409, -14.144006729125977, 0.020986318588256836, 0.008487224578857422, 0.010838031768798828 
410, -14.144502639770508, 0.020109891891479492, 0.008038043975830078, 0.01039266586303711 
411, -14.174699783325195, 0.020669937133789062, 0.008324384689331055, 0.010679960250854492 
412, -14.152337074279785, 0.020832300186157227, 0.00823974609375, 0.01083827018737793 
413, -14.185613632202148, 0.02076578140258789, 0.008420467376708984, 0.010691642761230469 
414, -14.198352813720703, 0.020643949508666992, 0.008312225341796875, 0.01067495346069336 
415, -14.216617584228516, 0.02072739601135254, 0.008290290832519531, 0.010736703872680664 
416, -14.197563171386719, 0.020931243896484375, 0.00841832160949707, 0.010756969451904297 
417, -14.250593185424805, 0.020831584930419922, 0.008287906646728516, 0.010831832885742188 
418, -14.219624519348145, 0.021229982376098633, 0.008426904678344727, 0.011030912399291992 
419, -14.285308837890625, 0.021287918090820312, 0.008509635925292969, 0.01096200942993164 
420, -14.307249069213867, 0.02054572105407715, 0.008351802825927734, 0.010523080825805664 
421, -14.315641403198242, 0.02082991600036621, 0.008254528045654297, 0.010851383209228516 
422, -14.306303977966309, 0.021139860153198242, 0.008483409881591797, 0.010955095291137695 
423, -14.28443717956543, 0.021154165267944336, 0.008433103561401367, 0.010989904403686523 
424, -14.305378913879395, 0.021268367767333984, 0.008472919464111328, 0.011048555374145508 
425, -14.395195007324219, 0.021239519119262695, 0.008509397506713867, 0.011003255844116211 
426, -14.38633918762207, 0.021057605743408203, 0.008484125137329102, 0.01089930534362793 
427, -14.439132690429688, 0.02087545394897461, 0.008401632308959961, 0.010804414749145508 
428, -14.442465782165527, 0.020653963088989258, 0.008274316787719727, 0.010697364807128906 
429, -14.4265718460083, 0.020575284957885742, 0.008174896240234375, 0.010611295700073242 
430, -14.491439819335938, 0.020137786865234375, 0.008143901824951172, 0.010397911071777344 
431, -14.42226505279541, 0.02003169059753418, 0.008069276809692383, 0.010421037673950195 
432, -14.498088836669922, 0.02026534080505371, 0.00803375244140625, 0.010509252548217773 
433, -14.533561706542969, 0.0207521915435791, 0.008252620697021484, 0.010782003402709961 
434, -14.518607139587402, 0.02133321762084961, 0.00840616226196289, 0.010799646377563477 
435, -14.552042007446289, 0.020654678344726562, 0.008274078369140625, 0.010727643966674805 
436, -14.62304401397705, 0.020535707473754883, 0.008243560791015625, 0.010610580444335938 
437, -14.567248344421387, 0.020739078521728516, 0.008301734924316406, 0.010698795318603516 
438, -14.69790267944336, 0.020861387252807617, 0.008355140686035156, 0.010808229446411133 
439, -14.621164321899414, 0.020543813705444336, 0.008296489715576172, 0.010615825653076172 
440, -14.616692543029785, 0.020687341690063477, 0.008291482925415039, 0.010694742202758789 
441, -14.768895149230957, 0.02071213722229004, 0.008323431015014648, 0.010653257369995117 
442, -14.746471405029297, 0.020806550979614258, 0.008326530456542969, 0.010782480239868164 
443, -14.753219604492188, 0.020383358001708984, 0.008295536041259766, 0.010508537292480469 
444, -14.816676139831543, 0.020425796508789062, 0.008101701736450195, 0.010624170303344727 
445, -14.74974536895752, 0.020617246627807617, 0.008204460144042969, 0.010569334030151367 
446, -14.841604232788086, 0.020582914352416992, 0.008327007293701172, 0.010669469833374023 
447, -14.946483612060547, 0.019963741302490234, 0.008056163787841797, 0.010347604751586914 
448, -15.014225959777832, 0.019622802734375, 0.008035421371459961, 0.010074615478515625 
449, -14.893731117248535, 0.019963979721069336, 0.007779836654663086, 0.01052093505859375 
450, -15.082839012145996, 0.020125389099121094, 0.007967948913574219, 0.010500431060791016 
451, -14.98133373260498, 0.0204465389251709, 0.008235692977905273, 0.010584592819213867 
452, -14.972662925720215, 0.020325183868408203, 0.008066415786743164, 0.010554790496826172 
453, -15.009779930114746, 0.020337820053100586, 0.008131265640258789, 0.010555505752563477 
454, -15.142375946044922, 0.020121097564697266, 0.008092880249023438, 0.010421514511108398 
455, -15.212507247924805, 0.020088672637939453, 0.007941961288452148, 0.01055145263671875 
456, -15.167231559753418, 0.019960641860961914, 0.007929801940917969, 0.010347127914428711 
457, -15.25357723236084, 0.01994156837463379, 0.008085489273071289, 0.01041412353515625 
458, -15.314809799194336, 0.020171403884887695, 0.008039236068725586, 0.010537385940551758 
459, -15.200090408325195, 0.019865989685058594, 0.007955312728881836, 0.010370492935180664 
460, -15.376058578491211, 0.020112991333007812, 0.00810384750366211, 0.010419845581054688 
461, -15.342961311340332, 0.01980113983154297, 0.008035898208618164, 0.010258913040161133 
462, -15.290421485900879, 0.018992900848388672, 0.007661104202270508, 0.009895801544189453 
463, -15.364481925964355, 0.01949334144592285, 0.007735013961791992, 0.010126590728759766 
464, -15.33636474609375, 0.01991438865661621, 0.007956981658935547, 0.010274887084960938 
465, -15.345094680786133, 0.019771814346313477, 0.007927417755126953, 0.010257959365844727 
466, -15.533150672912598, 0.019943714141845703, 0.00797891616821289, 0.010331392288208008 
467, -15.486425399780273, 0.019716739654541016, 0.007952451705932617, 0.010233402252197266 
468, -15.470954895019531, 0.02039480209350586, 0.008160829544067383, 0.010534048080444336 
469, -15.481128692626953, 0.019813060760498047, 0.00801706314086914, 0.010163545608520508 
470, -15.644553184509277, 0.020026445388793945, 0.007885456085205078, 0.010457515716552734 
471, -15.642074584960938, 0.019956588745117188, 0.008085012435913086, 0.010305166244506836 
472, -15.688860893249512, 0.02016901969909668, 0.00794672966003418, 0.010519027709960938 
473, -15.640490531921387, 0.019989490509033203, 0.008056402206420898, 0.010339021682739258 
474, -15.619550704956055, 0.019552946090698242, 0.007862091064453125, 0.01010751724243164 
475, -15.674908638000488, 0.020119190216064453, 0.007947444915771484, 0.01050567626953125 
476, -15.726105690002441, 0.020091772079467773, 0.007974863052368164, 0.010536670684814453 
477, -15.893628120422363, 0.020391464233398438, 0.008133649826049805, 0.010583162307739258 
478, -15.922321319580078, 0.02021646499633789, 0.008052825927734375, 0.010539770126342773 
479, -15.905786514282227, 0.020179033279418945, 0.008052825927734375, 0.010480165481567383 
480, -15.918389320373535, 0.0201570987701416, 0.008095026016235352, 0.010442018508911133 
481, -15.933552742004395, 0.020074844360351562, 0.008007049560546875, 0.010492324829101562 
482, -16.01410484313965, 0.020390033721923828, 0.00818324089050293, 0.010634899139404297 
483, -15.917987823486328, 0.020200729370117188, 0.00814366340637207, 0.010498285293579102 
484, -16.065229415893555, 0.019897937774658203, 0.007925748825073242, 0.010360002517700195 
485, -15.951199531555176, 0.020066261291503906, 0.008055448532104492, 0.010393381118774414 
486, -16.07205581665039, 0.01952528953552246, 0.007814407348632812, 0.010057926177978516 
487, -16.069307327270508, 0.019536495208740234, 0.007901430130004883, 0.010140419006347656 
488, -16.005422592163086, 0.019835948944091797, 0.007865190505981445, 0.010401487350463867 
489, -16.15393829345703, 0.02019977569580078, 0.008085250854492188, 0.010410308837890625 
490, -16.178260803222656, 0.02002739906311035, 0.008138418197631836, 0.010257482528686523 
491, -16.115028381347656, 0.020099401473999023, 0.008070945739746094, 0.010320425033569336 
492, -16.132158279418945, 0.020362138748168945, 0.008305549621582031, 0.010453224182128906 
493, -16.184326171875, 0.020476579666137695, 0.008047103881835938, 0.010686397552490234 
494, -16.1929931640625, 0.020793437957763672, 0.008274555206298828, 0.010717153549194336 
495, -16.24129295349121, 0.020978689193725586, 0.008336544036865234, 0.010836362838745117 
496, -16.28335952758789, 0.020705699920654297, 0.008409500122070312, 0.010656356811523438 
497, -16.295337677001953, 0.02014946937561035, 0.00800633430480957, 0.010427236557006836 
498, -16.256553649902344, 0.02041792869567871, 0.00823211669921875, 0.010626077651977539 
499, -16.318580627441406, 0.020163774490356445, 0.008075714111328125, 0.010594606399536133 
500, -16.327468872070312, 0.02026653289794922, 0.008049249649047852, 0.010554075241088867 
501, -16.313814163208008, 0.020238876342773438, 0.0081787109375, 0.010491132736206055 
502, -16.344560623168945, 0.0202481746673584, 0.008104562759399414, 0.010529518127441406 
503, -16.337696075439453, 0.020319461822509766, 0.008172750473022461, 0.010628223419189453 
504, -16.32289695739746, 0.020162105560302734, 0.008008241653442383, 0.010419845581054688 
505, -16.360897064208984, 0.0209352970123291, 0.00837564468383789, 0.010841608047485352 
506, -16.36614990234375, 0.0211181640625, 0.00852346420288086, 0.010886669158935547 
507, -16.38463592529297, 0.02083134651184082, 0.008428335189819336, 0.010684967041015625 
508, -16.37554931640625, 0.02097630500793457, 0.008281946182250977, 0.010798454284667969 
509, -16.39568328857422, 0.02068805694580078, 0.008394241333007812, 0.010668039321899414 
510, -16.382659912109375, 0.020682573318481445, 0.008311986923217773, 0.010673046112060547 
511, -16.395191192626953, 0.020655155181884766, 0.008241891860961914, 0.010725736618041992 
512, -16.395631790161133, 0.020800352096557617, 0.008301973342895508, 0.010759353637695312 
513, -16.406082153320312, 0.020754098892211914, 0.008324861526489258, 0.01067042350769043 
514, -16.409683227539062, 0.020697593688964844, 0.008394479751586914, 0.01070404052734375 
515, -16.413707733154297, 0.02012467384338379, 0.008017539978027344, 0.010520458221435547 
516, -16.41539764404297, 0.020690441131591797, 0.008158206939697266, 0.010818243026733398 
517, -16.41524887084961, 0.020883798599243164, 0.008380651473999023, 0.010823249816894531 
518, -16.405685424804688, 0.02101302146911621, 0.008467435836791992, 0.010796546936035156 
519, -16.41635513305664, 0.0202786922454834, 0.008224010467529297, 0.010438919067382812 
520, -16.41647720336914, 0.020714759826660156, 0.008080720901489258, 0.010887861251831055 
521, -16.410785675048828, 0.02101898193359375, 0.008450984954833984, 0.010835409164428711 
522, -16.407875061035156, 0.02097797393798828, 0.00839996337890625, 0.010854721069335938 
523, -16.38812828063965, 0.02060723304748535, 0.00829458236694336, 0.010657310485839844 
524, -16.382904052734375, 0.020657777786254883, 0.008228540420532227, 0.010673046112060547 
525, -16.37343978881836, 0.02058696746826172, 0.008249044418334961, 0.010730504989624023 
526, -16.395214080810547, 0.019950151443481445, 0.007950544357299805, 0.010252237319946289 
527, -16.35360336303711, 0.02007770538330078, 0.008037328720092773, 0.010373115539550781 
528, -16.356304168701172, 0.020289182662963867, 0.008083105087280273, 0.010566473007202148 
529, -16.340715408325195, 0.02037835121154785, 0.008083820343017578, 0.010632514953613281 
530, -16.323238372802734, 0.019469499588012695, 0.007850170135498047, 0.010160684585571289 
531, -16.321380615234375, 0.019670486450195312, 0.007823705673217773, 0.01021265983581543 
532, -16.352630615234375, 0.019513845443725586, 0.007776975631713867, 0.01015329360961914 
533, -16.283159255981445, 0.01976299285888672, 0.007828235626220703, 0.010158538818359375 
534, -16.28479766845703, 0.020123720169067383, 0.008057117462158203, 0.010433197021484375 
535, -16.305208206176758, 0.01975107192993164, 0.007907629013061523, 0.010346412658691406 
536, -16.250812530517578, 0.01984119415283203, 0.008034467697143555, 0.010269880294799805 
537, -16.298606872558594, 0.019582033157348633, 0.007802009582519531, 0.010196685791015625 
538, -16.179882049560547, 0.019797563552856445, 0.007981300354003906, 0.010276079177856445 
539, -16.163524627685547, 0.019921302795410156, 0.007923364639282227, 0.010353565216064453 
540, -16.20180892944336, 0.019562721252441406, 0.007985115051269531, 0.010131597518920898 
541, -16.19495391845703, 0.01954340934753418, 0.007849931716918945, 0.010103940963745117 
542, -16.127635955810547, 0.020014047622680664, 0.008009910583496094, 0.010473012924194336 
543, -16.19369125366211, 0.01996302604675293, 0.007892847061157227, 0.010377645492553711 
544, -16.07488250732422, 0.0198519229888916, 0.007815837860107422, 0.010315418243408203 
545, -16.128450393676758, 0.020046472549438477, 0.008116960525512695, 0.010374307632446289 
546, -16.003599166870117, 0.020382165908813477, 0.00818014144897461, 0.010531902313232422 
547, -16.07028579711914, 0.02002096176147461, 0.008115768432617188, 0.010360956192016602 
548, -15.972640991210938, 0.020235300064086914, 0.008134841918945312, 0.010519266128540039 
549, -16.058347702026367, 0.020226716995239258, 0.008046150207519531, 0.010469913482666016 
550, -15.896202087402344, 0.019873380661010742, 0.008130788803100586, 0.010239839553833008 
551, -15.923196792602539, 0.01985001564025879, 0.007891654968261719, 0.010461568832397461 
552, -15.981136322021484, 0.019553184509277344, 0.00770878791809082, 0.010208606719970703 
553, -15.83492660522461, 0.020081043243408203, 0.008050680160522461, 0.010402441024780273 
554, -15.809835433959961, 0.020119667053222656, 0.00804758071899414, 0.010428905487060547 
555, -15.920303344726562, 0.020661115646362305, 0.008239030838012695, 0.010757684707641602 
556, -15.899173736572266, 0.02055191993713379, 0.008333206176757812, 0.010592937469482422 
557, -15.822917938232422, 0.020232677459716797, 0.008028745651245117, 0.010570049285888672 
558, -15.86404037475586, 0.02022719383239746, 0.008052825927734375, 0.010485172271728516 
559, -15.825471878051758, 0.020645856857299805, 0.008261680603027344, 0.010742664337158203 
560, -15.721757888793945, 0.021053314208984375, 0.008396148681640625, 0.010957002639770508 
561, -15.745540618896484, 0.021261930465698242, 0.008486270904541016, 0.010979413986206055 
562, -15.581865310668945, 0.02080249786376953, 0.008409261703491211, 0.010822772979736328 
563, -15.720878601074219, 0.020760059356689453, 0.008315801620483398, 0.010687828063964844 
564, -15.54249382019043, 0.02102494239807129, 0.008483171463012695, 0.010806560516357422 
565, -15.467235565185547, 0.02082681655883789, 0.008345842361450195, 0.010718345642089844 
566, -15.450735092163086, 0.020635366439819336, 0.00827789306640625, 0.010718584060668945 
567, -15.489847183227539, 0.020661354064941406, 0.008279800415039062, 0.01063394546508789 
568, -15.428659439086914, 0.020611286163330078, 0.008356332778930664, 0.010572671890258789 
569, -15.392398834228516, 0.020352840423583984, 0.00809168815612793, 0.010566234588623047 
570, -15.401815414428711, 0.020305871963500977, 0.008248567581176758, 0.010425329208374023 
571, -15.459707260131836, 0.02038717269897461, 0.008110284805297852, 0.010553359985351562 
572, -15.41595458984375, 0.020378589630126953, 0.008075714111328125, 0.010609626770019531 
573, -15.409265518188477, 0.020539283752441406, 0.0081634521484375, 0.010658979415893555 
574, -15.357549667358398, 0.020390033721923828, 0.008194684982299805, 0.010632038116455078 
575, -15.312253952026367, 0.020589351654052734, 0.008217334747314453, 0.010646581649780273 
576, -15.31436538696289, 0.020438194274902344, 0.008213996887207031, 0.010527849197387695 
577, -15.283723831176758, 0.020533084869384766, 0.008224248886108398, 0.010667085647583008 
578, -15.269163131713867, 0.020532846450805664, 0.008253335952758789, 0.010628700256347656 
579, -15.107421875, 0.020659685134887695, 0.008157968521118164, 0.010816335678100586 
580, -15.15378189086914, 0.02001643180847168, 0.008158445358276367, 0.010311126708984375 
581, -15.183229446411133, 0.019870996475219727, 0.007921695709228516, 0.010355710983276367 
582, -14.956792831420898, 0.019824981689453125, 0.007978439331054688, 0.010301589965820312 
583, -15.063150405883789, 0.019559860229492188, 0.007767200469970703, 0.010287761688232422 
584, -14.99148178100586, 0.019541501998901367, 0.007758378982543945, 0.010206937789916992 
585, -15.019086837768555, 0.02048206329345703, 0.008159160614013672, 0.010626077651977539 
586, -14.956104278564453, 0.020348548889160156, 0.008204936981201172, 0.010606765747070312 
587, -14.826799392700195, 0.020186185836791992, 0.007899999618530273, 0.010565519332885742 
588, -14.79608154296875, 0.020529985427856445, 0.008194446563720703, 0.010637521743774414 
589, -14.858659744262695, 0.02029132843017578, 0.008121967315673828, 0.010423660278320312 
590, -14.79918098449707, 0.020867109298706055, 0.008214712142944336, 0.010930299758911133 
591, -14.752176284790039, 0.0208590030670166, 0.008305788040161133, 0.010847806930541992 
592, -14.800348281860352, 0.020958423614501953, 0.008388042449951172, 0.010874509811401367 
593, -14.681102752685547, 0.02120208740234375, 0.008505582809448242, 0.010953426361083984 
594, -14.808252334594727, 0.02103447914123535, 0.008454561233520508, 0.01089787483215332 
595, -14.680559158325195, 0.020647048950195312, 0.008339166641235352, 0.010594367980957031 
596, -14.723913192749023, 0.02012348175048828, 0.00822591781616211, 0.010401248931884766 
597, -14.603988647460938, 0.020205259323120117, 0.008070945739746094, 0.010483980178833008 
598, -14.623708724975586, 0.02048349380493164, 0.008173704147338867, 0.01061558723449707 
599, -14.632146835327148, 0.020385026931762695, 0.008093595504760742, 0.010614633560180664 
600, -14.622514724731445, 0.020420074462890625, 0.008218526840209961, 0.010668039321899414 
601, -14.518863677978516, 0.020058393478393555, 0.008018016815185547, 0.010452985763549805 
602, -14.496736526489258, 0.02088475227355957, 0.008298397064208984, 0.010765552520751953 
603, -14.501266479492188, 0.021041154861450195, 0.008418560028076172, 0.010900497436523438 
604, -14.531211853027344, 0.02094721794128418, 0.008478641510009766, 0.010815858840942383 
605, -14.491422653198242, 0.0206298828125, 0.00837564468383789, 0.01069021224975586 
606, -14.429370880126953, 0.02074146270751953, 0.008233785629272461, 0.010757923126220703 
607, -14.449234008789062, 0.020912647247314453, 0.008369207382202148, 0.010835886001586914 
608, -14.476619720458984, 0.020750999450683594, 0.008302927017211914, 0.01078033447265625 
609, -14.348716735839844, 0.020788192749023438, 0.008317947387695312, 0.010789155960083008 
610, -14.386007308959961, 0.020887136459350586, 0.008388757705688477, 0.010803937911987305 
611, -14.389602661132812, 0.0202333927154541, 0.008220911026000977, 0.010370492935180664 
612, -14.351659774780273, 0.020389318466186523, 0.008126497268676758, 0.010612249374389648 
613, -14.377607345581055, 0.020566940307617188, 0.008132457733154297, 0.010817527770996094 
614, -14.320808410644531, 0.020792007446289062, 0.008251428604125977, 0.010810375213623047 
615, -14.351804733276367, 0.020939111709594727, 0.008343935012817383, 0.010843992233276367 
616, -14.347972869873047, 0.020786523818969727, 0.008421182632446289, 0.010680913925170898 
617, -14.314416885375977, 0.02015376091003418, 0.008051395416259766, 0.010394096374511719 
618, -14.30085563659668, 0.02082991600036621, 0.008354425430297852, 0.010815858840942383 
619, -14.278366088867188, 0.020670413970947266, 0.008250236511230469, 0.010742902755737305 
620, -14.237621307373047, 0.020827054977416992, 0.008260965347290039, 0.010770082473754883 
621, -14.24081802368164, 0.0203397274017334, 0.00826883316040039, 0.010570049285888672 
622, -14.231197357177734, 0.020563602447509766, 0.008285045623779297, 0.010599613189697266 
623, -14.257469177246094, 0.020410537719726562, 0.00820302963256836, 0.010650634765625 
624, -14.257486343383789, 0.020145177841186523, 0.00805044174194336, 0.01038670539855957 
625, -14.230802536010742, 0.020145893096923828, 0.008059978485107422, 0.010492563247680664 
626, -14.22378158569336, 0.01991868019104004, 0.007920026779174805, 0.010422468185424805 
627, -14.226119995117188, 0.01991558074951172, 0.008019447326660156, 0.01028299331665039 
628, -14.222856521606445, 0.020352840423583984, 0.008105278015136719, 0.010636568069458008 
629, -14.218498229980469, 0.020059585571289062, 0.008045673370361328, 0.01040506362915039 
630, -14.219982147216797, 0.019999265670776367, 0.00794076919555664, 0.010467767715454102 
631, -14.220232009887695, 0.019457340240478516, 0.007846355438232422, 0.010038137435913086 
632, -14.220544815063477, 0.01961994171142578, 0.007914543151855469, 0.010153055191040039 
633, -14.220035552978516, 0.01959538459777832, 0.0078277587890625, 0.010264158248901367 
634, -14.22532844543457, 0.020121097564697266, 0.00795125961303711, 0.010492086410522461 
635, -14.232929229736328, 0.019841432571411133, 0.007987260818481445, 0.010350704193115234 
636, -14.234380722045898, 0.019977569580078125, 0.00787043571472168, 0.010400533676147461 
637, -14.237512588500977, 0.019930362701416016, 0.007944345474243164, 0.010405540466308594 
638, -14.243425369262695, 0.019524335861206055, 0.007900714874267578, 0.010108709335327148 
639, -14.258769989013672, 0.019510269165039062, 0.007805585861206055, 0.01025080680847168 
640, -14.267078399658203, 0.019460201263427734, 0.00771331787109375, 0.010251522064208984 
641, -14.269878387451172, 0.020006895065307617, 0.008018970489501953, 0.010390520095825195 
642, -14.27511215209961, 0.019640207290649414, 0.007806539535522461, 0.010206222534179688 
643, -14.27501106262207, 0.019536495208740234, 0.0077495574951171875, 0.010101795196533203 
644, -14.303558349609375, 0.020052433013916016, 0.008135795593261719, 0.010301589965820312 
645, -14.324295043945312, 0.01981639862060547, 0.007906913757324219, 0.010438680648803711 
646, -14.276470184326172, 0.02001333236694336, 0.00793600082397461, 0.010456085205078125 
647, -14.325822830200195, 0.02012801170349121, 0.008102178573608398, 0.010518074035644531 
648, -14.320581436157227, 0.020145416259765625, 0.00803995132446289, 0.01051473617553711 
649, -14.344804763793945, 0.02036285400390625, 0.008114814758300781, 0.01048588752746582 
650, -14.335672378540039, 0.02035689353942871, 0.00817728042602539, 0.010567188262939453 
651, -14.385065078735352, 0.020589828491210938, 0.008217334747314453, 0.01070547103881836 
652, -14.407144546508789, 0.020062685012817383, 0.008123159408569336, 0.010359764099121094 
653, -14.399202346801758, 0.019811153411865234, 0.007972478866577148, 0.010174751281738281 
654, -14.41807746887207, 0.01956462860107422, 0.00785684585571289, 0.010165214538574219 
655, -14.392776489257812, 0.019728899002075195, 0.007963895797729492, 0.01031947135925293 
656, -14.49319076538086, 0.020326852798461914, 0.008255958557128906, 0.010396480560302734 
657, -14.40823745727539, 0.02021646499633789, 0.008038520812988281, 0.010594606399536133 
658, -14.51234245300293, 0.02023482322692871, 0.008132457733154297, 0.010518789291381836 
659, -14.441246032714844, 0.0202481746673584, 0.007973909378051758, 0.010614871978759766 
660, -14.463724136352539, 0.02061629295349121, 0.008255243301391602, 0.010674476623535156 
661, -14.536270141601562, 0.02094125747680664, 0.008426666259765625, 0.0108642578125 
662, -14.529806137084961, 0.02065253257751465, 0.00822901725769043, 0.01084756851196289 
663, -14.523242950439453, 0.020322799682617188, 0.008181333541870117, 0.010479927062988281 
664, -14.55634880065918, 0.020725488662719727, 0.008288145065307617, 0.010729551315307617 
665, -14.663965225219727, 0.020197153091430664, 0.00829315185546875, 0.010373353958129883 
666, -14.617769241333008, 0.020055055618286133, 0.007991552352905273, 0.010373115539550781 
667, -14.62269401550293, 0.020505905151367188, 0.00814962387084961, 0.010625362396240234 
668, -14.64096450805664, 0.020464658737182617, 0.008217096328735352, 0.010578155517578125 
669, -14.642061233520508, 0.020450115203857422, 0.008167266845703125, 0.01065683364868164 
670, -14.645683288574219, 0.020380496978759766, 0.008164405822753906, 0.010545730590820312 
671, -14.740768432617188, 0.020527362823486328, 0.008230924606323242, 0.01058053970336914 
672, -14.688886642456055, 0.019906282424926758, 0.008045196533203125, 0.010296344757080078 
673, -14.825126647949219, 0.020388126373291016, 0.00799250602722168, 0.010734319686889648 
674, -14.842636108398438, 0.02087569236755371, 0.008255243301391602, 0.01081991195678711 
675, -14.847015380859375, 0.020414113998413086, 0.00836181640625, 0.01047205924987793 
676, -14.78360366821289, 0.020403146743774414, 0.008136272430419922, 0.010569095611572266 
677, -14.855481147766113, 0.02039313316345215, 0.008219718933105469, 0.010602951049804688 
678, -14.821968078613281, 0.019794464111328125, 0.008047819137573242, 0.010209321975708008 
679, -14.906123161315918, 0.01979970932006836, 0.007948160171508789, 0.010338306427001953 
680, -14.909903526306152, 0.02021479606628418, 0.008094549179077148, 0.010523796081542969 
681, -14.93201732635498, 0.0205843448638916, 0.008044004440307617, 0.010686397552490234 
682, -14.910040855407715, 0.02034473419189453, 0.008108139038085938, 0.010441303253173828 
683, -14.977375030517578, 0.020411252975463867, 0.008207321166992188, 0.010561704635620117 
684, -15.01882266998291, 0.019967079162597656, 0.008000850677490234, 0.010368585586547852 
685, -14.946733474731445, 0.020686864852905273, 0.008170843124389648, 0.01083064079284668 
686, -14.95845890045166, 0.02046799659729004, 0.008151531219482422, 0.010671615600585938 
687, -15.011370658874512, 0.020016193389892578, 0.008006095886230469, 0.010307788848876953 
688, -15.021087646484375, 0.02043771743774414, 0.008133649826049805, 0.010625600814819336 
689, -15.020747184753418, 0.02058124542236328, 0.008266210556030273, 0.010631084442138672 
690, -15.124091148376465, 0.02033400535583496, 0.008195877075195312, 0.010472297668457031 
691, -15.14381217956543, 0.020502328872680664, 0.008115291595458984, 0.01067972183227539 
692, -15.098502159118652, 0.02011394500732422, 0.008026838302612305, 0.010391712188720703 
693, -15.078948974609375, 0.020443201065063477, 0.008260250091552734, 0.01051473617553711 
694, -15.11280632019043, 0.019977331161499023, 0.008014202117919922, 0.010343551635742188 
695, -15.164693832397461, 0.02052474021911621, 0.008210182189941406, 0.010609626770019531 
696, -15.20194149017334, 0.02066946029663086, 0.008258581161499023, 0.010751962661743164 
697, -15.158248901367188, 0.020251035690307617, 0.008169412612915039, 0.010589122772216797 
698, -15.236899375915527, 0.01979231834411621, 0.007905006408691406, 0.010373592376708984 
699, -15.232083320617676, 0.019921541213989258, 0.00804448127746582, 0.010294437408447266 
700, -15.23206615447998, 0.01967906951904297, 0.007967472076416016, 0.01024770736694336 
701, -15.196558952331543, 0.020163297653198242, 0.0079193115234375, 0.010522842407226562 
702, -15.272079467773438, 0.020046234130859375, 0.00800633430480957, 0.01040959358215332 
703, -15.265064239501953, 0.020110130310058594, 0.007982969284057617, 0.010353565216064453 
704, -15.277413368225098, 0.02006244659423828, 0.008169174194335938, 0.010312318801879883 
705, -15.26015853881836, 0.01968550682067871, 0.007930517196655273, 0.010187387466430664 
706, -15.257460594177246, 0.019687652587890625, 0.007831811904907227, 0.010230302810668945 
707, -15.26993465423584, 0.020214080810546875, 0.008050203323364258, 0.010580778121948242 
708, -15.296375274658203, 0.01944708824157715, 0.007812738418579102, 0.01012873649597168 
709, -15.29854965209961, 0.020033836364746094, 0.007906675338745117, 0.010480403900146484 
710, -15.31429672241211, 0.02048492431640625, 0.008342742919921875, 0.010523319244384766 
711, -15.289234161376953, 0.020434856414794922, 0.008069992065429688, 0.01058650016784668 
712, -15.320483207702637, 0.020530223846435547, 0.008192777633666992, 0.010715723037719727 
713, -15.318780899047852, 0.020459413528442383, 0.008149385452270508, 0.010712146759033203 
714, -15.324097633361816, 0.02056264877319336, 0.008211135864257812, 0.010663747787475586 
715, -15.32000732421875, 0.02052593231201172, 0.008258819580078125, 0.010527610778808594 
716, -15.326367378234863, 0.020203113555908203, 0.008131027221679688, 0.010500192642211914 
717, -15.324896812438965, 0.020238637924194336, 0.008077144622802734, 0.010549068450927734 
718, -15.32296371459961, 0.019766807556152344, 0.007973432540893555, 0.010303735733032227 
719, -15.323052406311035, 0.019647598266601562, 0.007817745208740234, 0.010313272476196289 
720, -15.320196151733398, 0.019573688507080078, 0.007865428924560547, 0.010232686996459961 
721, -15.315010070800781, 0.020099878311157227, 0.00792241096496582, 0.010495901107788086 
722, -15.314366340637207, 0.02016592025756836, 0.008101940155029297, 0.010346174240112305 
723, -15.308846473693848, 0.020372867584228516, 0.008215188980102539, 0.010560750961303711 
724, -15.311450958251953, 0.0203707218170166, 0.00812220573425293, 0.01060342788696289 
725, -15.301528930664062, 0.020877361297607422, 0.00823521614074707, 0.010819673538208008 
726, -15.29941463470459, 0.02071237564086914, 0.008340120315551758, 0.010714054107666016 
727, -15.286678314208984, 0.020757436752319336, 0.00837254524230957, 0.010656118392944336 
728, -15.281778335571289, 0.0207061767578125, 0.008306741714477539, 0.01073455810546875 
729, -15.278026580810547, 0.020772933959960938, 0.008337259292602539, 0.010654449462890625 
730, -15.260040283203125, 0.020905494689941406, 0.008403539657592773, 0.010851860046386719 
731, -15.25829792022705, 0.020741939544677734, 0.008246421813964844, 0.010780811309814453 
732, -15.264891624450684, 0.0203402042388916, 0.008257150650024414, 0.010471343994140625 
733, -15.209932327270508, 0.020251035690307617, 0.008122920989990234, 0.010536432266235352 
734, -15.2435941696167, 0.0204160213470459, 0.008065462112426758, 0.010658740997314453 
735, -15.229403495788574, 0.020510196685791016, 0.008190393447875977, 0.010688066482543945 
736, -15.207087516784668, 0.02033066749572754, 0.008170843124389648, 0.010590314865112305 
737, -15.196961402893066, 0.020109176635742188, 0.008054256439208984, 0.010410547256469727 
738, -15.199570655822754, 0.020119428634643555, 0.00804281234741211, 0.010485172271728516 
739, -15.17393684387207, 0.020109891891479492, 0.00813150405883789, 0.010376453399658203 
740, -15.158149719238281, 0.020209312438964844, 0.007985591888427734, 0.010457992553710938 
741, -15.11749267578125, 0.020509958267211914, 0.008257150650024414, 0.010558843612670898 
742, -15.099361419677734, 0.020427227020263672, 0.008197307586669922, 0.010601520538330078 
743, -15.1434965133667, 0.020506858825683594, 0.008290529251098633, 0.010629415512084961 
744, -15.053512573242188, 0.020551681518554688, 0.008226394653320312, 0.010615110397338867 
745, -15.097315788269043, 0.02064681053161621, 0.00825810432434082, 0.010719060897827148 
746, -15.087666511535645, 0.0202176570892334, 0.008163690567016602, 0.010408639907836914 
747, -15.046021461486816, 0.01996612548828125, 0.008167505264282227, 0.010339498519897461 
748, -15.053323745727539, 0.019101381301879883, 0.0076520442962646484, 0.009895563125610352 
749, -14.990991592407227, 0.019870758056640625, 0.007948160171508789, 0.01033473014831543 
750, -15.011180877685547, 0.02032947540283203, 0.008100509643554688, 0.010564565658569336 
751, -14.965414047241211, 0.020691394805908203, 0.008331298828125, 0.010751962661743164 
752, -14.993581771850586, 0.020655393600463867, 0.008187532424926758, 0.010780811309814453 
753, -14.89077377319336, 0.02034306526184082, 0.008079290390014648, 0.010620832443237305 
754, -14.859548568725586, 0.02095961570739746, 0.00834345817565918, 0.010901451110839844 
755, -14.83993148803711, 0.02102184295654297, 0.008623838424682617, 0.010863304138183594 
756, -14.877352714538574, 0.020794153213500977, 0.008382081985473633, 0.010757684707641602 
757, -14.885734558105469, 0.0208284854888916, 0.00826883316040039, 0.01080322265625 
758, -14.830343246459961, 0.020786523818969727, 0.008329391479492188, 0.0107269287109375 
759, -14.77602767944336, 0.020656347274780273, 0.008265256881713867, 0.010672807693481445 
760, -14.762935638427734, 0.02074265480041504, 0.008304834365844727, 0.010728597640991211 
761, -14.730966567993164, 0.020562171936035156, 0.008292198181152344, 0.010601043701171875 
762, -14.79677677154541, 0.020815134048461914, 0.008337974548339844, 0.010773181915283203 
763, -14.694581985473633, 0.02072596549987793, 0.008327722549438477, 0.010735511779785156 
764, -14.72050952911377, 0.02065587043762207, 0.00833582878112793, 0.010651826858520508 
765, -14.75090503692627, 0.02048635482788086, 0.00824117660522461, 0.010631084442138672 
766, -14.713445663452148, 0.020490407943725586, 0.008197546005249023, 0.010660886764526367 
767, -14.644231796264648, 0.020322799682617188, 0.008113384246826172, 0.010578155517578125 
768, -14.604024887084961, 0.019887208938598633, 0.00807332992553711, 0.010338544845581055 
769, -14.595722198486328, 0.020218372344970703, 0.008107423782348633, 0.010438680648803711 
770, -14.561614990234375, 0.02004098892211914, 0.008027315139770508, 0.010501384735107422 
771, -14.568038940429688, 0.02024102210998535, 0.008037090301513672, 0.010592937469482422 
772, -14.52810287475586, 0.020056962966918945, 0.007997512817382812, 0.010463476181030273 
773, -14.556565284729004, 0.019941329956054688, 0.007935047149658203, 0.010350227355957031 
774, -14.492621421813965, 0.020427703857421875, 0.008207321166992188, 0.010572433471679688 
775, -14.45691967010498, 0.020373106002807617, 0.00815272331237793, 0.010692358016967773 
776, -14.500495910644531, 0.01981520652770996, 0.007945060729980469, 0.010341644287109375 
777, -14.441461563110352, 0.020216941833496094, 0.008022069931030273, 0.010481834411621094 
778, -14.395551681518555, 0.02005767822265625, 0.008057832717895508, 0.01037907600402832 
779, -14.442171096801758, 0.020552873611450195, 0.008134603500366211, 0.010745048522949219 
780, -14.429825782775879, 0.02062821388244629, 0.00816965103149414, 0.010692358016967773 
781, -14.431907653808594, 0.020540952682495117, 0.008194684982299805, 0.010659217834472656 
782, -14.367284774780273, 0.02047562599182129, 0.00825643539428711, 0.010593175888061523 
783, -14.397295951843262, 0.020713329315185547, 0.008281230926513672, 0.010662317276000977 
784, -14.375478744506836, 0.0203857421875, 0.008359909057617188, 0.010603189468383789 
785, -14.348318099975586, 0.019913196563720703, 0.00804591178894043, 0.010274648666381836 
786, -14.358331680297852, 0.02020120620727539, 0.007963895797729492, 0.010562419891357422 
787, -14.312089920043945, 0.0207974910736084, 0.00829172134399414, 0.010821819305419922 
788, -14.252890586853027, 0.020914077758789062, 0.008316278457641602, 0.010861635208129883 
789, -14.257387161254883, 0.021314620971679688, 0.008594274520874023, 0.010969400405883789 
790, -14.279990196228027, 0.02123236656188965, 0.008556127548217773, 0.010959863662719727 
791, -14.223583221435547, 0.021143198013305664, 0.008390188217163086, 0.010951519012451172 
792, -14.263123512268066, 0.020830631256103516, 0.008482694625854492, 0.010812520980834961 
793, -14.261728286743164, 0.020262718200683594, 0.008020639419555664, 0.010507822036743164 
794, -14.23214340209961, 0.020119667053222656, 0.008044958114624023, 0.01038813591003418 
795, -14.205641746520996, 0.02021312713623047, 0.008108854293823242, 0.010495424270629883 
796, -14.225323677062988, 0.0201568603515625, 0.008033275604248047, 0.010526180267333984 
797, -14.186250686645508, 0.02015233039855957, 0.00797891616821289, 0.010600805282592773 
798, -14.173097610473633, 0.020217418670654297, 0.008092164993286133, 0.010589361190795898 
799, -14.179060935974121, 0.019782066345214844, 0.007951974868774414, 0.010341882705688477 
800, -14.188896179199219, 0.019516944885253906, 0.007859945297241211, 0.010191202163696289 
801, -14.1802978515625, 0.01945209503173828, 0.007742404937744141, 0.010088443756103516 
802, -14.172491073608398, 0.01993417739868164, 0.007978200912475586, 0.010403871536254883 
803, -14.167116165161133, 0.020214080810546875, 0.008044242858886719, 0.010512828826904297 
804, -14.171947479248047, 0.020502090454101562, 0.00812220573425293, 0.010686874389648438 
805, -14.167682647705078, 0.020572423934936523, 0.00815725326538086, 0.010691404342651367 
806, -14.165377616882324, 0.020116090774536133, 0.008272171020507812, 0.010263442993164062 
807, -14.165445327758789, 0.01972055435180664, 0.007831335067749023, 0.010219573974609375 
808, -14.164838790893555, 0.020142078399658203, 0.008049249649047852, 0.010575056076049805 
809, -14.163938522338867, 0.019894838333129883, 0.007833719253540039, 0.010412931442260742 
810, -14.178848266601562, 0.020315170288085938, 0.008156538009643555, 0.010501384735107422 
811, -14.179879188537598, 0.01962876319885254, 0.00785374641418457, 0.010156869888305664 
812, -14.188592910766602, 0.019835710525512695, 0.007846593856811523, 0.010288476943969727 
813, -14.183477401733398, 0.02027583122253418, 0.008157491683959961, 0.010438680648803711 
814, -14.195413589477539, 0.020349979400634766, 0.008061885833740234, 0.010589599609375 
815, -14.1783447265625, 0.020406007766723633, 0.008157968521118164, 0.010509967803955078 
816, -14.213113784790039, 0.0202333927154541, 0.008101940155029297, 0.010555744171142578 
817, -14.188882827758789, 0.020196199417114258, 0.008078336715698242, 0.010478973388671875 
818, -14.220987319946289, 0.020462751388549805, 0.008176326751708984, 0.010624170303344727 
819, -14.23387336730957, 0.020329952239990234, 0.008197546005249023, 0.010576725006103516 
820, -14.218164443969727, 0.020226716995239258, 0.00810861587524414, 0.01055598258972168 
821, -14.245088577270508, 0.020105361938476562, 0.008047103881835938, 0.010420083999633789 
822, -14.310701370239258, 0.019745349884033203, 0.007951021194458008, 0.010137319564819336 
823, -14.251518249511719, 0.019733190536499023, 0.007948160171508789, 0.01021432876586914 
824, -14.284063339233398, 0.01949596405029297, 0.0077741146087646484, 0.010251522064208984 
825, -14.280876159667969, 0.020045995712280273, 0.007924079895019531, 0.010305404663085938 
826, -14.366482734680176, 0.02038884162902832, 0.008255481719970703, 0.01054239273071289 
827, -14.349349021911621, 0.019626140594482422, 0.007794380187988281, 0.010230064392089844 
828, -14.412267684936523, 0.01976323127746582, 0.007888317108154297, 0.010230302810668945 
829, -14.360450744628906, 0.020262956619262695, 0.008077859878540039, 0.010457992553710938 
830, -14.461616516113281, 0.020475149154663086, 0.008157730102539062, 0.0106353759765625 
831, -14.378623962402344, 0.02056407928466797, 0.008352041244506836, 0.010615110397338867 
832, -14.478096961975098, 0.020259618759155273, 0.008115291595458984, 0.010518789291381836 
833, -14.48108959197998, 0.020400047302246094, 0.008071660995483398, 0.01059103012084961 
834, -14.546499252319336, 0.019987106323242188, 0.008255720138549805, 0.010250329971313477 
835, -14.53978443145752, 0.02021646499633789, 0.008059501647949219, 0.01044154167175293 
836, -14.593606948852539, 0.020252227783203125, 0.00804901123046875, 0.010546207427978516 
837, -14.578263282775879, 0.020235061645507812, 0.008102178573608398, 0.01057744026184082 
838, -14.611174583435059, 0.020551681518554688, 0.008204221725463867, 0.010660886764526367 
839, -14.620817184448242, 0.020213603973388672, 0.008199214935302734, 0.010489463806152344 
840, -14.601081848144531, 0.020169734954833984, 0.008152961730957031, 0.010419845581054688 
841, -14.654054641723633, 0.019803762435913086, 0.008009672164916992, 0.010280847549438477 
842, -14.66379165649414, 0.019729137420654297, 0.007780551910400391, 0.010351181030273438 
843, -14.651873588562012, 0.020526885986328125, 0.008143424987792969, 0.010679960250854492 
844, -14.696496963500977, 0.020868301391601562, 0.008398056030273438, 0.010773658752441406 
845, -14.756790161132812, 0.020771265029907227, 0.008403778076171875, 0.010727882385253906 
846, -14.784996032714844, 0.020742177963256836, 0.008247852325439453, 0.010776758193969727 
847, -14.938870429992676, 0.02048039436340332, 0.00819253921508789, 0.010566234588623047 
848, -14.862556457519531, 0.020818471908569336, 0.008299827575683594, 0.010678529739379883 
849, -14.87656021118164, 0.02076125144958496, 0.008294343948364258, 0.010733604431152344 
850, -15.025064468383789, 0.020660400390625, 0.008208751678466797, 0.01075601577758789 
851, -15.047628402709961, 0.020311832427978516, 0.008241891860961914, 0.010430574417114258 
852, -14.937339782714844, 0.02048945426940918, 0.008154869079589844, 0.010587930679321289 
853, -15.051193237304688, 0.02068471908569336, 0.008270740509033203, 0.010719537734985352 
854, -15.116731643676758, 0.020520687103271484, 0.008222579956054688, 0.01058197021484375 
855, -15.127641677856445, 0.02080512046813965, 0.008360147476196289, 0.010741949081420898 
856, -15.1156644821167, 0.020476579666137695, 0.008274555206298828, 0.010406970977783203 
857, -15.229866027832031, 0.02023792266845703, 0.00817418098449707, 0.010515928268432617 
858, -15.185011863708496, 0.020053863525390625, 0.007955789566040039, 0.010497808456420898 
859, -15.216012001037598, 0.0205996036529541, 0.008235931396484375, 0.010694503784179688 
860, -15.28775691986084, 0.02051544189453125, 0.008167505264282227, 0.010610342025756836 
861, -15.413554191589355, 0.02074885368347168, 0.008393287658691406, 0.010728836059570312 
862, -15.434419631958008, 0.02076411247253418, 0.008285284042358398, 0.01073455810546875 
863, -15.390424728393555, 0.020864009857177734, 0.00829768180847168, 0.010906219482421875 
864, -15.47918701171875, 0.020262479782104492, 0.008188962936401367, 0.010443687438964844 
865, -15.379223823547363, 0.02006673812866211, 0.007978677749633789, 0.010442495346069336 
866, -15.478724479675293, 0.01989579200744629, 0.00798940658569336, 0.010267019271850586 
867, -15.474541664123535, 0.019888639450073242, 0.007924795150756836, 0.010285615921020508 
868, -15.614958763122559, 0.019673585891723633, 0.007924795150756836, 0.010178327560424805 
869, -15.58027458190918, 0.01985621452331543, 0.00785374641418457, 0.010338544845581055 
870, -15.617220878601074, 0.0194091796875, 0.007824182510375977, 0.009994029998779297 
871, -15.590533256530762, 0.019610881805419922, 0.007862567901611328, 0.01012730598449707 
872, -15.622854232788086, 0.01964282989501953, 0.007944345474243164, 0.010161399841308594 
873, -15.671158790588379, 0.020218372344970703, 0.007955074310302734, 0.010560274124145508 
874, -15.70240306854248, 0.020074129104614258, 0.008022308349609375, 0.01050114631652832 
875, -15.794816970825195, 0.0197603702545166, 0.008023977279663086, 0.010232210159301758 
876, -15.903120994567871, 0.019893646240234375, 0.007963180541992188, 0.010434627532958984 
877, -15.93820571899414, 0.020119190216064453, 0.0079803466796875, 0.01051473617553711 
878, -15.815648078918457, 0.019918203353881836, 0.00812983512878418, 0.010254621505737305 
879, -15.974687576293945, 0.019460439682006836, 0.007920980453491211, 0.010107994079589844 
880, -16.018205642700195, 0.0198819637298584, 0.00783538818359375, 0.010443449020385742 
881, -15.971363067626953, 0.019871950149536133, 0.007989645004272461, 0.010255575180053711 
882, -15.990007400512695, 0.020312070846557617, 0.007990837097167969, 0.010625839233398438 
883, -16.070337295532227, 0.02034783363342285, 0.008206605911254883, 0.010480642318725586 
884, -16.100788116455078, 0.0205078125, 0.008224964141845703, 0.010596752166748047 
885, -16.053085327148438, 0.02059483528137207, 0.008266925811767578, 0.010755062103271484 
886, -16.141061782836914, 0.02046942710876465, 0.008147716522216797, 0.010642528533935547 
887, -16.143291473388672, 0.020460844039916992, 0.00826573371887207, 0.010531425476074219 
888, -16.222103118896484, 0.020262479782104492, 0.00822305679321289, 0.010435104370117188 
889, -16.203079223632812, 0.020142555236816406, 0.008031606674194336, 0.010471582412719727 
890, -16.225461959838867, 0.020061492919921875, 0.008038520812988281, 0.010482549667358398 
891, -16.291940689086914, 0.020154953002929688, 0.008090496063232422, 0.010501861572265625 
892, -16.212234497070312, 0.020493745803833008, 0.00810694694519043, 0.010696649551391602 
893, -16.309234619140625, 0.020824670791625977, 0.008383035659790039, 0.010796546936035156 
894, -16.322731018066406, 0.020200729370117188, 0.008126974105834961, 0.01042032241821289 
895, -16.282901763916016, 0.020513534545898438, 0.008187294006347656, 0.010625123977661133 
896, -16.308849334716797, 0.02076554298400879, 0.008308649063110352, 0.010724067687988281 
897, -16.35234260559082, 0.02097010612487793, 0.008329153060913086, 0.010844707489013672 
898, -16.35124969482422, 0.020943164825439453, 0.008388996124267578, 0.01087188720703125 
899, -16.346355438232422, 0.021248817443847656, 0.008523702621459961, 0.010992050170898438 
900, -16.38957977294922, 0.020983457565307617, 0.008406400680541992, 0.010849475860595703 
901, -16.419906616210938, 0.020955324172973633, 0.008392810821533203, 0.01084756851196289 
902, -16.418262481689453, 0.021023273468017578, 0.008404016494750977, 0.010921716690063477 
903, -16.414810180664062, 0.020908117294311523, 0.008313417434692383, 0.010829448699951172 
904, -16.457454681396484, 0.02089834213256836, 0.008333444595336914, 0.010718107223510742 
905, -16.4506893157959, 0.020782947540283203, 0.008322954177856445, 0.010744333267211914 
906, -16.459300994873047, 0.02092766761779785, 0.00840616226196289, 0.010773181915283203 
907, -16.471508026123047, 0.020690441131591797, 0.008397102355957031, 0.010643482208251953 
908, -16.476089477539062, 0.020499229431152344, 0.00818777084350586, 0.010599136352539062 
909, -16.471309661865234, 0.02050614356994629, 0.00822901725769043, 0.010628223419189453 
910, -16.460838317871094, 0.020470142364501953, 0.008159637451171875, 0.010564565658569336 
911, -16.465845108032227, 0.020591259002685547, 0.008226394653320312, 0.010586738586425781 
912, -16.469886779785156, 0.02032303810119629, 0.00822138786315918, 0.010582447052001953 
913, -16.476394653320312, 0.020229339599609375, 0.008005857467651367, 0.010532617568969727 
914, -16.474626541137695, 0.020495176315307617, 0.008158683776855469, 0.010668754577636719 
915, -16.474246978759766, 0.02035236358642578, 0.008238077163696289, 0.010547399520874023 
916, -16.473407745361328, 0.02019476890563965, 0.008036136627197266, 0.010483026504516602 
917, -16.47081184387207, 0.020542144775390625, 0.008145332336425781, 0.01080632209777832 
918, -16.46792221069336, 0.0199737548828125, 0.008101701736450195, 0.010366678237915039 
919, -16.44766616821289, 0.020037174224853516, 0.007910013198852539, 0.01051020622253418 
920, -16.43459701538086, 0.019830703735351562, 0.008043050765991211, 0.010246753692626953 
921, -16.451519012451172, 0.01970672607421875, 0.007833242416381836, 0.010277748107910156 
922, -16.43290901184082, 0.019909143447875977, 0.007885932922363281, 0.01031804084777832 
923, -16.39659881591797, 0.02028656005859375, 0.008243083953857422, 0.010508060455322266 
924, -16.427494049072266, 0.02054905891418457, 0.008175134658813477, 0.010660409927368164 
925, -16.406330108642578, 0.019959688186645508, 0.008129119873046875, 0.010328292846679688 
926, -16.39642333984375, 0.020255088806152344, 0.00801539421081543, 0.010523080825805664 
927, -16.3450870513916, 0.020585060119628906, 0.008199453353881836, 0.010703086853027344 
928, -16.372983932495117, 0.0202939510345459, 0.008152008056640625, 0.010437726974487305 
929, -16.32013511657715, 0.02072906494140625, 0.008347272872924805, 0.010723590850830078 
930, -16.328445434570312, 0.020846128463745117, 0.00827646255493164, 0.010829925537109375 
931, -16.30634117126465, 0.020906925201416016, 0.008366823196411133, 0.010792970657348633 
932, -16.30332374572754, 0.02091503143310547, 0.008353233337402344, 0.010882854461669922 
933, -16.291915893554688, 0.020904541015625, 0.008388996124267578, 0.010843515396118164 
934, -16.241466522216797, 0.02089238166809082, 0.008452177047729492, 0.010753393173217773 
935, -16.18351936340332, 0.02024388313293457, 0.008093595504760742, 0.010569334030151367 
936, -16.183950424194336, 0.020505428314208984, 0.008091449737548828, 0.010785818099975586 
937, -16.195409774780273, 0.02019643783569336, 0.00821375846862793, 0.010505437850952148 
938, -16.158071517944336, 0.02016758918762207, 0.008133888244628906, 0.010437250137329102 
939, -16.10740089416504, 0.020172834396362305, 0.008173227310180664, 0.010433673858642578 
940, -16.09685707092285, 0.02022242546081543, 0.007959842681884766, 0.010610818862915039 
941, -16.050508499145508, 0.02036452293395996, 0.008065938949584961, 0.010585546493530273 
942, -15.98777961730957, 0.020814895629882812, 0.00835108757019043, 0.010811090469360352 
943, -15.969242095947266, 0.02054619789123535, 0.008194923400878906, 0.010691165924072266 
944, -16.0023136138916, 0.020542621612548828, 0.008162498474121094, 0.010669231414794922 
945, -15.94418716430664, 0.020443201065063477, 0.008178949356079102, 0.01058816909790039 
946, -15.965118408203125, 0.02065134048461914, 0.008266448974609375, 0.010662078857421875 
947, -15.951066970825195, 0.020542383193969727, 0.0082855224609375, 0.010560750961303711 
948, -15.928230285644531, 0.020566701889038086, 0.00823974609375, 0.010631322860717773 
949, -15.915250778198242, 0.020887136459350586, 0.008344173431396484, 0.010769128799438477 
950, -15.752479553222656, 0.020749330520629883, 0.008352518081665039, 0.010687589645385742 
951, -15.820123672485352, 0.02073955535888672, 0.008329629898071289, 0.01073312759399414 
952, -15.812833786010742, 0.020826339721679688, 0.008276939392089844, 0.010829687118530273 
953, -15.717905044555664, 0.020754337310791016, 0.008387088775634766, 0.010810375213623047 
954, -15.721460342407227, 0.020714521408081055, 0.008291959762573242, 0.010740518569946289 
955, -15.604047775268555, 0.020118236541748047, 0.008136272430419922, 0.010260581970214844 
956, -15.683525085449219, 0.020337581634521484, 0.007938861846923828, 0.010710477828979492 
957, -15.613691329956055, 0.020399808883666992, 0.008298873901367188, 0.010432004928588867 
958, -15.516159057617188, 0.02030634880065918, 0.00814676284790039, 0.010574817657470703 
959, -15.532880783081055, 0.020577430725097656, 0.008274555206298828, 0.010658025741577148 
960, -15.489686965942383, 0.019843578338623047, 0.007909536361694336, 0.010224103927612305 
961, -15.539146423339844, 0.020033597946166992, 0.008072376251220703, 0.010328292846679688 
962, -15.438455581665039, 0.02009439468383789, 0.008072853088378906, 0.010389566421508789 
963, -15.328449249267578, 0.01996612548828125, 0.00796198844909668, 0.01034998893737793 
964, -15.372663497924805, 0.01989603042602539, 0.00789952278137207, 0.010304689407348633 
965, -15.276988983154297, 0.01982259750366211, 0.0079345703125, 0.01022028923034668 
966, -15.337284088134766, 0.02251720428466797, 0.007901668548583984, 0.010721206665039062 
967, -15.274349212646484, 0.020864486694335938, 0.00852656364440918, 0.010634183883666992 
968, -15.296630859375, 0.02008199691772461, 0.008067846298217773, 0.010353803634643555 
969, -15.213987350463867, 0.01992511749267578, 0.008067846298217773, 0.010295629501342773 
970, -15.155166625976562, 0.01971149444580078, 0.007846832275390625, 0.010256290435791016 
971, -15.205892562866211, 0.019557476043701172, 0.00780177116394043, 0.010254621505737305 
972, -15.127220153808594, 0.019969463348388672, 0.00799560546875, 0.010326862335205078 
973, -15.116559982299805, 0.01969456672668457, 0.007973432540893555, 0.010157585144042969 
974, -15.021055221557617, 0.020055770874023438, 0.007871866226196289, 0.010547876358032227 
975, -14.989974975585938, 0.01997232437133789, 0.008156776428222656, 0.010311365127563477 
976, -15.01567268371582, 0.01944708824157715, 0.0077648162841796875, 0.01013636589050293 
977, -14.921039581298828, 0.02039313316345215, 0.008185386657714844, 0.010482549667358398 
978, -14.985515594482422, 0.02020573616027832, 0.008050680160522461, 0.010460853576660156 
979, -14.89549446105957, 0.020636558532714844, 0.008225679397583008, 0.010741472244262695 
980, -14.807594299316406, 0.02009892463684082, 0.008020639419555664, 0.010477542877197266 
981, -14.90179443359375, 0.020001649856567383, 0.00808572769165039, 0.010430335998535156 
982, -14.784156799316406, 0.020497560501098633, 0.008170843124389648, 0.010627985000610352 
983, -14.798925399780273, 0.020328044891357422, 0.008151769638061523, 0.010575056076049805 
984, -14.79129409790039, 0.020529985427856445, 0.008307456970214844, 0.010545730590820312 
985, -14.730546951293945, 0.020508527755737305, 0.008109807968139648, 0.010718107223510742 
986, -14.659029006958008, 0.020443201065063477, 0.008216381072998047, 0.010634660720825195 
987, -14.629280090332031, 0.02030181884765625, 0.00815892219543457, 0.010449886322021484 
988, -14.623542785644531, 0.020238637924194336, 0.008052587509155273, 0.01051473617553711 
989, -14.628669738769531, 0.02044844627380371, 0.008185386657714844, 0.010574102401733398 
990, -14.603446960449219, 0.02041769027709961, 0.008121490478515625, 0.010564565658569336 
991, -14.583934783935547, 0.020000219345092773, 0.008140087127685547, 0.010290145874023438 
992, -14.537214279174805, 0.020159244537353516, 0.008005142211914062, 0.0103607177734375 
993, -14.514106750488281, 0.02075982093811035, 0.008236408233642578, 0.010781526565551758 
994, -14.501508712768555, 0.020861148834228516, 0.008368492126464844, 0.010791778564453125 
995, -14.483224868774414, 0.02064204216003418, 0.008171319961547852, 0.01073598861694336 
996, -14.496894836425781, 0.020961523056030273, 0.008466958999633789, 0.010825395584106445 
997, -14.431501388549805, 0.020875215530395508, 0.008322477340698242, 0.01076197624206543 
998, -14.45028305053711, 0.020785808563232422, 0.008297920227050781, 0.010759115219116211 
999, -14.418460845947266, 0.020827770233154297, 0.008376359939575195, 0.010743856430053711 
