Iteration, loss, time 
0, 1.0097451210021973, 0.3047347068786621, 0.16565775871276855, 0.13360333442687988 
1, 0.9681382775306702, 0.2384183406829834, 0.1033167839050293, 0.13182640075683594 
2, 0.9276223182678223, 0.2291100025177002, 0.09725093841552734, 0.1287367343902588 
3, 0.8879532814025879, 0.2426607608795166, 0.09920692443847656, 0.1403210163116455 
4, 0.8488314151763916, 0.23451709747314453, 0.09632325172424316, 0.1351311206817627 
5, 0.810646653175354, 0.2326977252960205, 0.09842991828918457, 0.13063454627990723 
6, 0.7736684083938599, 0.22847509384155273, 0.09812617301940918, 0.12720394134521484 
7, 0.73798668384552, 0.22974514961242676, 0.09840154647827148, 0.12828373908996582 
8, 0.703416645526886, 0.23031044006347656, 0.09804654121398926, 0.1290426254272461 
9, 0.6699755191802979, 0.23131442070007324, 0.09873056411743164, 0.12947797775268555 
