Iteration, loss, time 
0, -1.5774998664855957, 0.0247037410736084 
1, -1.7225637435913086, 0.02015399932861328 
2, -1.8423161506652832, 0.020185232162475586 
3, -1.9289355278015137, 0.02128911018371582 
4, -2.0388131141662598, 0.019886016845703125 
5, -2.145467758178711, 0.019637584686279297 
6, -2.2397146224975586, 0.019330978393554688 
7, -2.3340630531311035, 0.020316123962402344 
8, -2.442160129547119, 0.020078420639038086 
9, -2.535428047180176, 0.02056121826171875 
10, -2.584813117980957, 0.020190715789794922 
11, -2.671192169189453, 0.02009296417236328 
12, -2.7512240409851074, 0.019826412200927734 
13, -2.8330636024475098, 0.019474506378173828 
14, -2.893306255340576, 0.019437551498413086 
15, -2.948817491531372, 0.020032644271850586 
16, -3.0279691219329834, 0.019513607025146484 
17, -3.0841479301452637, 0.01999497413635254 
18, -3.14811635017395, 0.01934504508972168 
19, -3.204223155975342, 0.01985454559326172 
20, -3.2572648525238037, 0.02027416229248047 
21, -3.318864345550537, 0.019595623016357422 
22, -3.3467459678649902, 0.020601749420166016 
23, -3.4158496856689453, 0.02018284797668457 
24, -3.453951835632324, 0.020290613174438477 
25, -3.505617380142212, 0.022231101989746094 
26, -3.5557608604431152, 0.020395517349243164 
27, -3.6067211627960205, 0.020455360412597656 
28, -3.639514207839966, 0.01947331428527832 
29, -3.690774917602539, 0.020102977752685547 
30, -3.727731943130493, 0.019271135330200195 
31, -3.7613704204559326, 0.019960641860961914 
32, -3.7969119548797607, 0.01965498924255371 
33, -3.8474576473236084, 0.019978761672973633 
34, -3.8855020999908447, 0.019460678100585938 
35, -3.9288363456726074, 0.01975226402282715 
36, -3.9502110481262207, 0.02002239227294922 
37, -3.9937782287597656, 0.020172119140625 
38, -4.028284072875977, 0.019263267517089844 
39, -4.061542510986328, 0.019522905349731445 
40, -4.103875160217285, 0.019188404083251953 
41, -4.130314826965332, 0.02010798454284668 
42, -4.157990455627441, 0.020649194717407227 
43, -4.194011211395264, 0.020190954208374023 
44, -4.22701358795166, 0.019614696502685547 
45, -4.262313365936279, 0.019412517547607422 
46, -4.291168212890625, 0.020269393920898438 
47, -4.319766521453857, 0.020014524459838867 
48, -4.348698616027832, 0.019797801971435547 
49, -4.374958038330078, 0.021458864212036133 
50, -4.4045538902282715, 0.02068614959716797 
51, -4.428125381469727, 0.02058887481689453 
52, -4.452400207519531, 0.020394325256347656 
53, -4.485605716705322, 0.020223140716552734 
54, -4.5121870040893555, 0.019940853118896484 
55, -4.536667823791504, 0.02039027214050293 
56, -4.564922332763672, 0.0197601318359375 
57, -4.595149517059326, 0.019780635833740234 
58, -4.611108779907227, 0.02036571502685547 
59, -4.638193130493164, 0.020782470703125 
60, -4.669238090515137, 0.02031683921813965 
61, -4.692324638366699, 0.01963019371032715 
62, -4.716240882873535, 0.01924729347229004 
63, -4.733327865600586, 0.020092010498046875 
64, -4.763095855712891, 0.019442081451416016 
65, -4.775735378265381, 0.02001476287841797 
66, -4.801881790161133, 0.019351959228515625 
67, -4.83043098449707, 0.01953911781311035 
68, -4.852097034454346, 0.02017831802368164 
69, -4.870550632476807, 0.019782066345214844 
70, -4.888633728027344, 0.0200350284576416 
71, -4.907550811767578, 0.019449472427368164 
72, -4.940973281860352, 0.01973891258239746 
73, -4.948930740356445, 0.021228790283203125 
74, -4.977644920349121, 0.020668983459472656 
75, -5.000365734100342, 0.02166604995727539 
76, -5.0155558586120605, 0.020610570907592773 
77, -5.038359642028809, 0.020794153213500977 
78, -5.051276206970215, 0.019703149795532227 
79, -5.0788679122924805, 0.021113157272338867 
80, -5.093554496765137, 0.019629716873168945 
81, -5.116232395172119, 0.020584583282470703 
82, -5.133227348327637, 0.019443273544311523 
83, -5.154378890991211, 0.019530534744262695 
84, -5.17055606842041, 0.02004241943359375 
85, -5.187234878540039, 0.020167112350463867 
86, -5.208927631378174, 0.019524335861206055 
87, -5.21982479095459, 0.019420146942138672 
88, -5.246565818786621, 0.01914215087890625 
89, -5.263681888580322, 0.020340919494628906 
90, -5.2834882736206055, 0.02056574821472168 
91, -5.2896857261657715, 0.02077484130859375 
92, -5.318645477294922, 0.020217180252075195 
93, -5.342167854309082, 0.01993393898010254 
94, -5.347471237182617, 0.020207643508911133 
95, -5.360365867614746, 0.01970815658569336 
96, -5.385577201843262, 0.0193631649017334 
97, -5.40126895904541, 0.020781993865966797 
98, -5.415615081787109, 0.020367145538330078 
99, -5.433909893035889, 0.019931554794311523 
100, -5.446033000946045, 0.020038127899169922 
101, -5.463032245635986, 0.020488739013671875 
102, -5.481858730316162, 0.0204312801361084 
103, -5.4940948486328125, 0.021076679229736328 
104, -5.514557838439941, 0.019893169403076172 
105, -5.528219223022461, 0.019999265670776367 
106, -5.541258335113525, 0.02067279815673828 
107, -5.559045791625977, 0.021062135696411133 
108, -5.57570743560791, 0.020506620407104492 
109, -5.593103408813477, 0.01981329917907715 
110, -5.602560043334961, 0.019297122955322266 
111, -5.614562034606934, 0.020061969757080078 
112, -5.628162384033203, 0.019558191299438477 
113, -5.643240928649902, 0.020202159881591797 
114, -5.657907485961914, 0.019477367401123047 
115, -5.673390865325928, 0.019426822662353516 
116, -5.691082954406738, 0.01988959312438965 
117, -5.703395843505859, 0.020122528076171875 
118, -5.712975978851318, 0.019899368286132812 
119, -5.727108478546143, 0.019522428512573242 
120, -5.740749835968018, 0.01973891258239746 
121, -5.758068084716797, 0.02108144760131836 
122, -5.769366264343262, 0.020576000213623047 
123, -5.785107612609863, 0.020122051239013672 
124, -5.794506072998047, 0.019908905029296875 
125, -5.8052449226379395, 0.01952981948852539 
126, -5.816886901855469, 0.019658327102661133 
127, -5.8325042724609375, 0.02041172981262207 
128, -5.845890998840332, 0.0203857421875 
129, -5.8622283935546875, 0.020327091217041016 
130, -5.869001865386963, 0.019821882247924805 
131, -5.884183406829834, 0.02030634880065918 
132, -5.895500183105469, 0.020183324813842773 
133, -5.90964412689209, 0.020862579345703125 
134, -5.915403366088867, 0.01958942413330078 
135, -5.934628009796143, 0.020003318786621094 
136, -5.948398113250732, 0.019488811492919922 
137, -5.959092140197754, 0.021119356155395508 
138, -5.965534687042236, 0.020502805709838867 
139, -5.983139991760254, 0.020372390747070312 
140, -5.9915008544921875, 0.019333600997924805 
141, -6.004176139831543, 0.02030348777770996 
142, -6.011071681976318, 0.02005171775817871 
143, -6.024587631225586, 0.019608259201049805 
144, -6.038147926330566, 0.019403934478759766 
145, -6.049893379211426, 0.020522117614746094 
146, -6.057991981506348, 0.019985437393188477 
147, -6.069308280944824, 0.019670963287353516 
148, -6.077471733093262, 0.020093202590942383 
149, -6.088724136352539, 0.019911766052246094 
150, -6.098697662353516, 0.020409345626831055 
151, -6.11191463470459, 0.02020573616027832 
152, -6.120908260345459, 0.01933455467224121 
153, -6.130083084106445, 0.020248889923095703 
154, -6.140373229980469, 0.02079629898071289 
155, -6.148531436920166, 0.021564006805419922 
156, -6.165554046630859, 0.020589351654052734 
157, -6.173149585723877, 0.01991558074951172 
158, -6.183254718780518, 0.02017807960510254 
159, -6.191800117492676, 0.02056884765625 
160, -6.202020645141602, 0.020835399627685547 
161, -6.2034454345703125, 0.020691394805908203 
162, -6.218252182006836, 0.02004694938659668 
163, -6.225473403930664, 0.020363330841064453 
164, -6.237331867218018, 0.01967620849609375 
165, -6.245826721191406, 0.020145416259765625 
166, -6.256516456604004, 0.01963949203491211 
167, -6.266665935516357, 0.01998591423034668 
168, -6.275076866149902, 0.019779205322265625 
169, -6.287806987762451, 0.020557641983032227 
170, -6.294194221496582, 0.0206451416015625 
171, -6.305112838745117, 0.02067422866821289 
172, -6.308600425720215, 0.020409345626831055 
173, -6.315106391906738, 0.0197293758392334 
174, -6.33109188079834, 0.019393444061279297 
175, -6.337435722351074, 0.02023482322692871 
176, -6.344944000244141, 0.019823789596557617 
177, -6.352311611175537, 0.019766807556152344 
178, -6.362593650817871, 0.019647836685180664 
179, -6.3707275390625, 0.02018284797668457 
180, -6.375156402587891, 0.020678997039794922 
181, -6.384781837463379, 0.020952224731445312 
182, -6.395717144012451, 0.02010321617126465 
183, -6.397185325622559, 0.020406246185302734 
184, -6.408977508544922, 0.0200192928314209 
185, -6.416656494140625, 0.02062678337097168 
186, -6.424125671386719, 0.020189523696899414 
187, -6.430489540100098, 0.021549701690673828 
188, -6.436474800109863, 0.020807504653930664 
189, -6.446933746337891, 0.021332740783691406 
190, -6.452519416809082, 0.019660472869873047 
191, -6.46279239654541, 0.019716501235961914 
192, -6.468755722045898, 0.01952385902404785 
193, -6.47456169128418, 0.02130293846130371 
194, -6.479444980621338, 0.02017951011657715 
195, -6.49040412902832, 0.019874095916748047 
196, -6.496826171875, 0.019664525985717773 
197, -6.501542091369629, 0.02020716667175293 
198, -6.512015342712402, 0.020308256149291992 
199, -6.516194820404053, 0.019988059997558594 
200, -6.525193214416504, 0.019213199615478516 
201, -6.530430316925049, 0.019443511962890625 
202, -6.538632392883301, 0.019866228103637695 
203, -6.544578552246094, 0.021094083786010742 
204, -6.551733016967773, 0.020051002502441406 
205, -6.557501316070557, 0.020081043243408203 
206, -6.565991401672363, 0.020268678665161133 
207, -6.567805767059326, 0.020479679107666016 
208, -6.581048965454102, 0.020545244216918945 
209, -6.582488059997559, 0.020216941833496094 
210, -6.587979316711426, 0.019597530364990234 
211, -6.596559524536133, 0.020190954208374023 
212, -6.60147762298584, 0.019776105880737305 
213, -6.608051300048828, 0.020631074905395508 
214, -6.614560127258301, 0.0204470157623291 
215, -6.619160175323486, 0.020594358444213867 
216, -6.625252723693848, 0.019713878631591797 
217, -6.631825923919678, 0.020739316940307617 
218, -6.636471748352051, 0.020099401473999023 
219, -6.641521453857422, 0.02084827423095703 
220, -6.645293712615967, 0.020465612411499023 
221, -6.654129981994629, 0.019679784774780273 
222, -6.659316539764404, 0.019550085067749023 
223, -6.665063381195068, 0.019948482513427734 
224, -6.667029857635498, 0.019834518432617188 
225, -6.676213264465332, 0.019764184951782227 
226, -6.6793012619018555, 0.01941657066345215 
227, -6.6873860359191895, 0.019825220108032227 
228, -6.6931681632995605, 0.020078420639038086 
229, -6.702151298522949, 0.019923686981201172 
230, -6.703840255737305, 0.019672870635986328 
231, -6.707801818847656, 0.01959967613220215 
232, -6.709563255310059, 0.020188331604003906 
233, -6.715163230895996, 0.020494461059570312 
234, -6.725144863128662, 0.020372629165649414 
235, -6.728066444396973, 0.02099132537841797 
236, -6.731402397155762, 0.020494937896728516 
237, -6.738750457763672, 0.0211489200592041 
238, -6.74002742767334, 0.019530296325683594 
239, -6.744635581970215, 0.020419597625732422 
240, -6.751541614532471, 0.019870758056640625 
241, -6.755086898803711, 0.022779464721679688 
242, -6.76253080368042, 0.020136594772338867 
243, -6.764512062072754, 0.01997685432434082 
244, -6.766753196716309, 0.01980733871459961 
245, -6.772587776184082, 0.020152807235717773 
246, -6.77955436706543, 0.020761728286743164 
247, -6.785528182983398, 0.01976490020751953 
248, -6.7864580154418945, 0.01930403709411621 
249, -6.791126728057861, 0.019579410552978516 
250, -6.795807838439941, 0.019793987274169922 
251, -6.8018388748168945, 0.02066659927368164 
252, -6.805616855621338, 0.020486116409301758 
253, -6.809228897094727, 0.020437002182006836 
254, -6.816747188568115, 0.020106077194213867 
255, -6.817089080810547, 0.019925832748413086 
256, -6.81886625289917, 0.020012378692626953 
257, -6.824379920959473, 0.019873857498168945 
258, -6.827574253082275, 0.019829273223876953 
259, -6.833559036254883, 0.0205843448638916 
260, -6.833174228668213, 0.02039933204650879 
261, -6.8397369384765625, 0.020872116088867188 
262, -6.845037937164307, 0.02030777931213379 
263, -6.846814155578613, 0.020560026168823242 
264, -6.851724147796631, 0.019504070281982422 
265, -6.857447624206543, 0.021259784698486328 
266, -6.857550621032715, 0.020163774490356445 
267, -6.860179901123047, 0.02063155174255371 
268, -6.865660190582275, 0.021070480346679688 
269, -6.870800018310547, 0.02069377899169922 
270, -6.867403984069824, 0.020482540130615234 
271, -6.877743721008301, 0.019728660583496094 
272, -6.879641532897949, 0.02010631561279297 
273, -6.887436389923096, 0.01970195770263672 
274, -6.888088226318359, 0.019414901733398438 
275, -6.889900207519531, 0.020383119583129883 
276, -6.895046234130859, 0.019863605499267578 
277, -6.899328231811523, 0.020245075225830078 
278, -6.901338577270508, 0.019890546798706055 
279, -6.9020490646362305, 0.019977569580078125 
280, -6.905204772949219, 0.020099401473999023 
281, -6.909673690795898, 0.02043938636779785 
282, -6.915879249572754, 0.019516468048095703 
283, -6.916681289672852, 0.019800901412963867 
284, -6.921543598175049, 0.020713329315185547 
285, -6.921929359436035, 0.021796703338623047 
286, -6.926844596862793, 0.020293235778808594 
287, -6.929288387298584, 0.02111339569091797 
288, -6.932325839996338, 0.020393848419189453 
289, -6.936558246612549, 0.021953821182250977 
290, -6.937896251678467, 0.02004265785217285 
291, -6.9431562423706055, 0.019815444946289062 
292, -6.9454569816589355, 0.020147323608398438 
293, -6.94903564453125, 0.020053386688232422 
294, -6.948969841003418, 0.021102190017700195 
295, -6.953117370605469, 0.020171642303466797 
296, -6.956192970275879, 0.020235776901245117 
297, -6.9584856033325195, 0.02015542984008789 
298, -6.958475112915039, 0.020020246505737305 
299, -6.963025093078613, 0.020537614822387695 
300, -6.967260360717773, 0.020189523696899414 
301, -6.970507621765137, 0.020857810974121094 
302, -6.97364616394043, 0.02014446258544922 
303, -6.975522518157959, 0.020667314529418945 
304, -6.977513790130615, 0.02005314826965332 
305, -6.981590270996094, 0.019802570343017578 
306, -6.981316566467285, 0.01955437660217285 
307, -6.985739707946777, 0.020367145538330078 
308, -6.989288330078125, 0.019983768463134766 
309, -6.988382339477539, 0.020081043243408203 
310, -6.994358062744141, 0.019511938095092773 
311, -6.994919776916504, 0.020499706268310547 
312, -6.995882987976074, 0.019964933395385742 
313, -7.000701904296875, 0.021985292434692383 
314, -7.004096031188965, 0.019818782806396484 
315, -7.004342555999756, 0.019800662994384766 
316, -7.006804466247559, 0.020372867584228516 
317, -7.009632587432861, 0.020348310470581055 
318, -7.011887550354004, 0.020459651947021484 
319, -7.011926651000977, 0.020176410675048828 
320, -7.016752243041992, 0.020117998123168945 
321, -7.0187883377075195, 0.020802736282348633 
322, -7.020241737365723, 0.019704341888427734 
323, -7.023836612701416, 0.02061009407043457 
324, -7.024851322174072, 0.01952648162841797 
325, -7.027627944946289, 0.02009296417236328 
326, -7.0291748046875, 0.019563674926757812 
327, -7.032270908355713, 0.019834280014038086 
328, -7.0322346687316895, 0.0200042724609375 
329, -7.03548526763916, 0.01990032196044922 
330, -7.036008358001709, 0.019747018814086914 
331, -7.038202285766602, 0.01972818374633789 
332, -7.0424017906188965, 0.019608020782470703 
333, -7.045434474945068, 0.021173954010009766 
334, -7.046980381011963, 0.020733356475830078 
335, -7.049371242523193, 0.020054340362548828 
336, -7.048978805541992, 0.0195009708404541 
337, -7.050723075866699, 0.02167797088623047 
338, -7.05264949798584, 0.020221233367919922 
339, -7.05513858795166, 0.02052617073059082 
340, -7.057328224182129, 0.020226716995239258 
341, -7.058237075805664, 0.020299196243286133 
342, -7.0612406730651855, 0.019913196563720703 
343, -7.062201499938965, 0.020318984985351562 
344, -7.065464019775391, 0.019536495208740234 
345, -7.06642484664917, 0.019665956497192383 
346, -7.068351745605469, 0.0200197696685791 
347, -7.070234298706055, 0.02084183692932129 
348, -7.070977210998535, 0.02039957046508789 
349, -7.064894676208496, 0.021162748336791992 
350, -7.067513942718506, 0.02054619789123535 
351, -7.0779571533203125, 0.021011829376220703 
352, -7.077080726623535, 0.02031731605529785 
353, -7.079990863800049, 0.019716739654541016 
354, -7.0804338455200195, 0.019654273986816406 
355, -7.083451271057129, 0.01968240737915039 
356, -7.084938049316406, 0.020344257354736328 
357, -7.086009502410889, 0.020110607147216797 
358, -7.087850093841553, 0.019366741180419922 
359, -7.088343620300293, 0.0200808048248291 
360, -7.093388557434082, 0.020013093948364258 
361, -7.092986106872559, 0.021918535232543945 
362, -7.093295097351074, 0.01947164535522461 
363, -7.097070217132568, 0.019659996032714844 
364, -7.095394134521484, 0.020067691802978516 
365, -7.098407745361328, 0.020975351333618164 
366, -7.098706245422363, 0.02119755744934082 
367, -7.100541114807129, 0.020691394805908203 
368, -7.103344440460205, 0.020075559616088867 
369, -7.105257987976074, 0.0204315185546875 
370, -7.1062235832214355, 0.019569873809814453 
371, -7.107683181762695, 0.020676374435424805 
372, -7.109501838684082, 0.019955158233642578 
373, -7.109169960021973, 0.021030902862548828 
374, -7.110491752624512, 0.020220279693603516 
375, -7.112085819244385, 0.02118682861328125 
376, -7.113096237182617, 0.020561695098876953 
377, -7.114784240722656, 0.020143985748291016 
378, -7.115915298461914, 0.020267724990844727 
379, -7.117286682128906, 0.019655704498291016 
380, -7.117974281311035, 0.019882917404174805 
381, -7.118951797485352, 0.02020716667175293 
382, -7.122230529785156, 0.020885229110717773 
383, -7.122031211853027, 0.02062821388244629 
384, -7.123900413513184, 0.020041704177856445 
385, -7.127155303955078, 0.02140331268310547 
386, -7.126385688781738, 0.020151138305664062 
387, -7.127735137939453, 0.019817352294921875 
388, -7.127810478210449, 0.019598722457885742 
389, -7.130927562713623, 0.01970529556274414 
390, -7.131422519683838, 0.02043938636779785 
391, -7.132326602935791, 0.020554065704345703 
392, -7.132527828216553, 0.020670652389526367 
393, -7.135213851928711, 0.02059650421142578 
394, -7.136490821838379, 0.020267248153686523 
395, -7.137338638305664, 0.02089071273803711 
396, -7.137975692749023, 0.01963067054748535 
397, -7.138620376586914, 0.019758224487304688 
398, -7.140366554260254, 0.020189523696899414 
399, -7.140974998474121, 0.02185964584350586 
400, -7.143932342529297, 0.020363569259643555 
401, -7.141783714294434, 0.020946264266967773 
402, -7.144708633422852, 0.01999950408935547 
403, -7.143733024597168, 0.0202481746673584 
404, -7.1464715003967285, 0.020681381225585938 
405, -7.14632511138916, 0.01991558074951172 
406, -7.149500370025635, 0.019633769989013672 
407, -7.150901794433594, 0.019946813583374023 
408, -7.150006294250488, 0.020082950592041016 
409, -7.150557518005371, 0.021726608276367188 
410, -7.151613235473633, 0.019591569900512695 
411, -7.15328311920166, 0.0197293758392334 
412, -7.154477119445801, 0.01939558982849121 
413, -7.155082702636719, 0.02032470703125 
414, -7.1539716720581055, 0.02040243148803711 
415, -7.1566972732543945, 0.0208132266998291 
416, -7.154757022857666, 0.020450592041015625 
417, -7.158905029296875, 0.020605802536010742 
418, -7.159768104553223, 0.0211794376373291 
419, -7.161320686340332, 0.020305633544921875 
420, -7.161643028259277, 0.020453691482543945 
421, -7.163298606872559, 0.020596981048583984 
422, -7.160223007202148, 0.019827842712402344 
423, -7.1631903648376465, 0.020312070846557617 
424, -7.163420677185059, 0.0199429988861084 
425, -7.163609027862549, 0.020308971405029297 
426, -7.166342735290527, 0.02069997787475586 
427, -7.1680908203125, 0.019882917404174805 
428, -7.168242454528809, 0.020903587341308594 
429, -7.167595863342285, 0.02001500129699707 
430, -7.1696672439575195, 0.020302534103393555 
431, -7.171411991119385, 0.020900249481201172 
432, -7.17265510559082, 0.02044510841369629 
433, -7.17227840423584, 0.02172565460205078 
434, -7.1730217933654785, 0.019926071166992188 
435, -7.174471378326416, 0.02016139030456543 
436, -7.174932956695557, 0.0194244384765625 
437, -7.175443649291992, 0.020248889923095703 
438, -7.175199508666992, 0.01993846893310547 
439, -7.177157402038574, 0.020401477813720703 
440, -7.176776885986328, 0.019809246063232422 
441, -7.178243160247803, 0.02024388313293457 
442, -7.179006099700928, 0.020386934280395508 
443, -7.1798882484436035, 0.02075672149658203 
444, -7.179213523864746, 0.01994800567626953 
445, -7.182971954345703, 0.021082401275634766 
446, -7.182559967041016, 0.02031397819519043 
447, -7.182377338409424, 0.021895408630371094 
448, -7.183732032775879, 0.020707130432128906 
449, -7.189823150634766, 0.020575523376464844 
450, -7.186484336853027, 0.019733428955078125 
451, -7.183311462402344, 0.020258188247680664 
452, -7.184201240539551, 0.020862579345703125 
453, -7.185137748718262, 0.020226001739501953 
454, -7.186454772949219, 0.02060675621032715 
455, -7.1870574951171875, 0.020399093627929688 
456, -7.187250137329102, 0.020929336547851562 
457, -7.186509132385254, 0.02144932746887207 
458, -7.188423156738281, 0.019800424575805664 
459, -7.1893486976623535, 0.020066261291503906 
460, -7.192154884338379, 0.01984381675720215 
461, -7.190878868103027, 0.020594120025634766 
462, -7.1921772956848145, 0.019403696060180664 
463, -7.1932477951049805, 0.020699739456176758 
464, -7.194831848144531, 0.020855188369750977 
465, -7.193385601043701, 0.02133798599243164 
466, -7.195671558380127, 0.02031993865966797 
467, -7.196131706237793, 0.01980900764465332 
468, -7.196209907531738, 0.019626140594482422 
469, -7.19500732421875, 0.020856618881225586 
470, -7.197056770324707, 0.020351648330688477 
471, -7.198071479797363, 0.020707368850708008 
472, -7.1985321044921875, 0.02023458480834961 
473, -7.194313049316406, 0.02129054069519043 
474, -7.2003021240234375, 0.019891023635864258 
475, -7.2001566886901855, 0.0203857421875 
476, -7.201689720153809, 0.019536733627319336 
477, -7.201717376708984, 0.019688129425048828 
478, -7.200693130493164, 0.02012944221496582 
479, -7.202381134033203, 0.02145528793334961 
480, -7.203053951263428, 0.02092266082763672 
481, -7.204237937927246, 0.022258758544921875 
482, -7.206639766693115, 0.020703792572021484 
483, -7.204107284545898, 0.020116090774536133 
484, -7.205354690551758, 0.020333051681518555 
485, -7.20468282699585, 0.019861221313476562 
486, -7.203825950622559, 0.019990921020507812 
487, -7.202972412109375, 0.019954919815063477 
488, -7.204362869262695, 0.019501447677612305 
489, -7.208510398864746, 0.02064228057861328 
490, -7.207995414733887, 0.019914627075195312 
491, -7.209254264831543, 0.020479917526245117 
492, -7.211565971374512, 0.019591331481933594 
493, -7.210357189178467, 0.01963019371032715 
494, -7.2088212966918945, 0.02014923095703125 
495, -7.210407257080078, 0.021282196044921875 
496, -7.211347579956055, 0.020461559295654297 
497, -7.211329936981201, 0.02117776870727539 
498, -7.211623668670654, 0.020191431045532227 
499, -7.211465835571289, 0.021039247512817383 
500, -7.212464332580566, 0.019724607467651367 
501, -7.2127556800842285, 0.019788026809692383 
502, -7.213582515716553, 0.019477367401123047 
503, -7.21392822265625, 0.020010948181152344 
504, -7.214902877807617, 0.020346641540527344 
505, -7.214415073394775, 0.021462440490722656 
506, -7.21346378326416, 0.020113468170166016 
507, -7.215109825134277, 0.020592451095581055 
508, -7.213954925537109, 0.02086186408996582 
509, -7.213886260986328, 0.020116567611694336 
510, -7.2175445556640625, 0.01952052116394043 
511, -7.217316627502441, 0.020390987396240234 
512, -7.218276500701904, 0.02079319953918457 
513, -7.217922210693359, 0.021103620529174805 
514, -7.218366622924805, 0.019817113876342773 
515, -7.219451904296875, 0.019815444946289062 
516, -7.21968936920166, 0.019490480422973633 
517, -7.218738555908203, 0.02053666114807129 
518, -7.220267295837402, 0.020092487335205078 
519, -7.219287395477295, 0.01981186866760254 
520, -7.221048355102539, 0.01945948600769043 
521, -7.220601558685303, 0.02047896385192871 
522, -7.21982479095459, 0.02019500732421875 
523, -7.219180107116699, 0.020792007446289062 
524, -7.2208380699157715, 0.019850969314575195 
525, -7.2202277183532715, 0.020431041717529297 
526, -7.222672462463379, 0.019937992095947266 
527, -7.223533630371094, 0.020186662673950195 
528, -7.223124027252197, 0.020331144332885742 
529, -7.223855972290039, 0.022042512893676758 
530, -7.223799705505371, 0.020398855209350586 
531, -7.224418640136719, 0.019625186920166016 
532, -7.224769592285156, 0.020660877227783203 
533, -7.22528076171875, 0.020067930221557617 
534, -7.225485801696777, 0.02092766761779785 
535, -7.225690841674805, 0.020176410675048828 
536, -7.226218223571777, 0.020309925079345703 
537, -7.226469993591309, 0.020093679428100586 
538, -7.227225303649902, 0.019913196563720703 
539, -7.22517204284668, 0.020360946655273438 
540, -7.227179050445557, 0.019522905349731445 
541, -7.227541923522949, 0.020132064819335938 
542, -7.227261543273926, 0.019429683685302734 
543, -7.22835636138916, 0.020192384719848633 
544, -7.2291364669799805, 0.02028965950012207 
545, -7.228882789611816, 0.020748615264892578 
546, -7.229829788208008, 0.020708322525024414 
547, -7.228557586669922, 0.020702600479125977 
548, -7.228794097900391, 0.02020716667175293 
549, -7.229996681213379, 0.020601749420166016 
550, -7.229745864868164, 0.02051568031311035 
551, -7.229915618896484, 0.021007061004638672 
552, -7.2310686111450195, 0.02036905288696289 
553, -7.22996711730957, 0.020949602127075195 
554, -7.230706214904785, 0.01958942413330078 
555, -7.229884147644043, 0.020351171493530273 
556, -7.229385852813721, 0.02308368682861328 
557, -7.231725692749023, 0.024218082427978516 
558, -7.232065677642822, 0.0241241455078125 
559, -7.2321648597717285, 0.08007001876831055 
560, -7.233000755310059, 0.03097844123840332 
561, -7.23258113861084, 0.019827604293823242 
562, -7.231747150421143, 0.019147396087646484 
563, -7.233375549316406, 0.020685911178588867 
564, -7.233321666717529, 0.019520282745361328 
565, -7.233908176422119, 0.019809961318969727 
566, -7.234468460083008, 0.019466400146484375 
567, -7.234663963317871, 0.02015399932861328 
568, -7.234999656677246, 0.020287275314331055 
569, -7.235301971435547, 0.01996755599975586 
570, -7.235276222229004, 0.02008819580078125 
571, -7.235324859619141, 0.020453214645385742 
572, -7.2356767654418945, 0.020797252655029297 
573, -7.235406875610352, 0.020769119262695312 
574, -7.236087799072266, 0.020600557327270508 
575, -7.235721588134766, 0.020631790161132812 
576, -7.234694957733154, 0.02016615867614746 
577, -7.236313819885254, 0.021524667739868164 
578, -7.2349324226379395, 0.019380569458007812 
579, -7.237204074859619, 0.019639968872070312 
580, -7.237199783325195, 0.020206928253173828 
581, -7.2347259521484375, 0.0197446346282959 
582, -7.2379069328308105, 0.02060389518737793 
583, -7.238286018371582, 0.02000713348388672 
584, -7.238266468048096, 0.020987987518310547 
585, -7.236508369445801, 0.02042698860168457 
586, -7.2388081550598145, 0.01991128921508789 
587, -7.23891019821167, 0.020396947860717773 
588, -7.238617897033691, 0.019347667694091797 
589, -7.239071369171143, 0.02047586441040039 
590, -7.239779472351074, 0.01981639862060547 
591, -7.239394187927246, 0.021355390548706055 
592, -7.239614963531494, 0.02037501335144043 
593, -7.239660263061523, 0.020522594451904297 
594, -7.239699363708496, 0.019736289978027344 
595, -7.240279674530029, 0.0196990966796875 
596, -7.240232944488525, 0.020497798919677734 
597, -7.24116325378418, 0.020616531372070312 
598, -7.240800857543945, 0.02083730697631836 
599, -7.2409515380859375, 0.020486831665039062 
600, -7.240015506744385, 0.019965171813964844 
601, -7.240879058837891, 0.0219419002532959 
602, -7.240981101989746, 0.020055532455444336 
603, -7.24062442779541, 0.019564390182495117 
604, -7.240329265594482, 0.019411563873291016 
605, -7.240764141082764, 0.01988053321838379 
606, -7.241247653961182, 0.02022552490234375 
607, -7.241783142089844, 0.02070331573486328 
608, -7.241619110107422, 0.02037191390991211 
609, -7.24077033996582, 0.02034139633178711 
610, -7.241584777832031, 0.021067380905151367 
611, -7.241213798522949, 0.020083189010620117 
612, -7.242148399353027, 0.020018339157104492 
613, -7.241864204406738, 0.01988530158996582 
614, -7.242091178894043, 0.019383668899536133 
615, -7.242142200469971, 0.02063465118408203 
616, -7.242033958435059, 0.019294261932373047 
617, -7.241954803466797, 0.01989603042602539 
618, -7.242520332336426, 0.019715547561645508 
619, -7.242203235626221, 0.020394325256347656 
620, -7.241855144500732, 0.02000737190246582 
621, -7.24436616897583, 0.01961493492126465 
622, -7.242475509643555, 0.019607067108154297 
623, -7.245063304901123, 0.020844221115112305 
624, -7.244898319244385, 0.021132946014404297 
625, -7.242810249328613, 0.022414445877075195 
626, -7.24586820602417, 0.020398378372192383 
627, -7.245484828948975, 0.020220041275024414 
628, -7.245490550994873, 0.02004075050354004 
629, -7.2452073097229, 0.020278453826904297 
630, -7.2460737228393555, 0.019802093505859375 
631, -7.246148586273193, 0.01980113983154297 
632, -7.246397972106934, 0.02014946937561035 
633, -7.247117519378662, 0.01993536949157715 
634, -7.246336936950684, 0.02028799057006836 
635, -7.246701717376709, 0.020467281341552734 
636, -7.246090888977051, 0.0202333927154541 
637, -7.247306823730469, 0.02082657814025879 
638, -7.24676513671875, 0.020055770874023438 
639, -7.247107028961182, 0.020943164825439453 
640, -7.246826171875, 0.021062612533569336 
641, -7.249438762664795, 0.020608901977539062 
642, -7.247883319854736, 0.0202939510345459 
643, -7.249851226806641, 0.02030038833618164 
644, -7.2476677894592285, 0.020273923873901367 
645, -7.2480926513671875, 0.02068805694580078 
646, -7.247894287109375, 0.019832849502563477 
647, -7.24808406829834, 0.020053625106811523 
648, -7.247881889343262, 0.02017998695373535 
649, -7.2479963302612305, 0.022150278091430664 
650, -7.248661041259766, 0.020114421844482422 
651, -7.2487897872924805, 0.02099013328552246 
652, -7.248520374298096, 0.020156383514404297 
653, -7.249542236328125, 0.020970821380615234 
654, -7.248869895935059, 0.01973581314086914 
655, -7.2492594718933105, 0.019733190536499023 
656, -7.249299049377441, 0.02003645896911621 
657, -7.249059200286865, 0.021477460861206055 
658, -7.249100685119629, 0.02090311050415039 
659, -7.241087913513184, 0.01993703842163086 
660, -7.249481678009033, 0.019754409790039062 
661, -7.241713523864746, 0.02007770538330078 
662, -7.249360084533691, 0.02088785171508789 
663, -7.247644901275635, 0.020626306533813477 
664, -7.2443671226501465, 0.020273208618164062 
665, -7.250110626220703, 0.02059459686279297 
666, -7.2439446449279785, 0.02055048942565918 
667, -7.245818138122559, 0.02060675621032715 
668, -7.248669624328613, 0.019770145416259766 
669, -7.250938415527344, 0.01978278160095215 
670, -7.250299453735352, 0.019907474517822266 
671, -7.247134208679199, 0.020485639572143555 
672, -7.2520751953125, 0.02028512954711914 
673, -7.250543594360352, 0.022113323211669922 
674, -7.25295877456665, 0.02044820785522461 
675, -7.2544450759887695, 0.02084040641784668 
676, -7.254496097564697, 0.0206146240234375 
677, -7.2549848556518555, 0.021034955978393555 
678, -7.252859592437744, 0.020191431045532227 
679, -7.250634670257568, 0.020778656005859375 
680, -7.252352237701416, 0.0198514461517334 
681, -7.251746654510498, 0.020282506942749023 
682, -7.255468845367432, 0.019980192184448242 
683, -7.252157211303711, 0.02055954933166504 
684, -7.249601364135742, 0.01949143409729004 
685, -7.251567363739014, 0.020062685012817383 
686, -7.252375602722168, 0.019561052322387695 
687, -7.252059459686279, 0.02031421661376953 
688, -7.252044677734375, 0.02112889289855957 
689, -7.252469539642334, 0.020798683166503906 
690, -7.252287864685059, 0.02136397361755371 
691, -7.252073287963867, 0.020420074462890625 
692, -7.25236177444458, 0.020580768585205078 
693, -7.255748748779297, 0.019999980926513672 
694, -7.252627849578857, 0.01971602439880371 
695, -7.252980709075928, 0.020544767379760742 
696, -7.25260066986084, 0.02010631561279297 
697, -7.2522969245910645, 0.02115154266357422 
698, -7.252276420593262, 0.019825458526611328 
699, -7.2528462409973145, 0.020407438278198242 
700, -7.254322052001953, 0.020241498947143555 
701, -7.253044128417969, 0.020252704620361328 
702, -7.253472805023193, 0.020023107528686523 
703, -7.253281116485596, 0.020981311798095703 
704, -7.251532077789307, 0.02140331268310547 
705, -7.2505316734313965, 0.021088600158691406 
706, -7.24987268447876, 0.020242691040039062 
707, -7.2472710609436035, 0.020087003707885742 
708, -7.251944065093994, 0.019597768783569336 
709, -7.251942157745361, 0.020775794982910156 
710, -7.250871658325195, 0.019440174102783203 
711, -7.253136157989502, 0.019718170166015625 
712, -7.248352527618408, 0.01969623565673828 
713, -7.254143238067627, 0.020489215850830078 
714, -7.252286434173584, 0.019841432571411133 
715, -7.2510528564453125, 0.02052450180053711 
716, -7.25388765335083, 0.020129919052124023 
717, -7.252834320068359, 0.02091383934020996 
718, -7.254021644592285, 0.020693302154541016 
719, -7.253626346588135, 0.01996898651123047 
720, -7.254154682159424, 0.020298242568969727 
721, -7.253243923187256, 0.021823644638061523 
722, -7.253944396972656, 0.020386695861816406 
723, -7.255834579467773, 0.02025914192199707 
724, -7.253575801849365, 0.019522905349731445 
725, -7.255781173706055, 0.0197293758392334 
726, -7.2543816566467285, 0.019886016845703125 
727, -7.255551338195801, 0.020307064056396484 
728, -7.255164623260498, 0.020043373107910156 
729, -7.255615711212158, 0.020403623580932617 
730, -7.255902290344238, 0.020691633224487305 
731, -7.255701065063477, 0.020632266998291016 
732, -7.2558698654174805, 0.020057201385498047 
733, -7.256167888641357, 0.019854307174682617 
734, -7.2563042640686035, 0.01921558380126953 
735, -7.255773544311523, 0.020422697067260742 
736, -7.256130218505859, 0.020599842071533203 
737, -7.256525039672852, 0.021274328231811523 
738, -7.255748271942139, 0.020104646682739258 
739, -7.256462097167969, 0.020490169525146484 
740, -7.256378650665283, 0.01959085464477539 
741, -7.257200717926025, 0.020241498947143555 
742, -7.25639533996582, 0.02020716667175293 
743, -7.256735801696777, 0.020970582962036133 
744, -7.2565155029296875, 0.020276308059692383 
745, -7.2574143409729, 0.021454811096191406 
746, -7.256843090057373, 0.02002406120300293 
747, -7.2566070556640625, 0.01997518539428711 
748, -7.25631046295166, 0.020131587982177734 
749, -7.256692886352539, 0.019615650177001953 
750, -7.257387638092041, 0.019269466400146484 
751, -7.2559027671813965, 0.020292043685913086 
752, -7.257176876068115, 0.020852327346801758 
753, -7.2569780349731445, 0.020685672760009766 
754, -7.257588863372803, 0.020500659942626953 
755, -7.256992340087891, 0.020301103591918945 
756, -7.256107807159424, 0.02132391929626465 
757, -7.257634162902832, 0.020971298217773438 
758, -7.256072044372559, 0.02001047134399414 
759, -7.256289005279541, 0.02017045021057129 
760, -7.256006240844727, 0.019889354705810547 
761, -7.2584099769592285, 0.02080821990966797 
762, -7.251749038696289, 0.019847631454467773 
763, -7.25922966003418, 0.020148515701293945 
764, -7.256429195404053, 0.019526243209838867 
765, -7.25806188583374, 0.020508766174316406 
766, -7.2563796043396, 0.019583463668823242 
767, -7.256592273712158, 0.019797086715698242 
768, -7.25659704208374, 0.020671606063842773 
769, -7.256616592407227, 0.022512197494506836 
770, -7.255318641662598, 0.021088123321533203 
771, -7.2608184814453125, 0.020258426666259766 
772, -7.256460666656494, 0.020105600357055664 
773, -7.256657600402832, 0.019959449768066406 
774, -7.255852222442627, 0.02016425132751465 
775, -7.255603313446045, 0.02030348777770996 
776, -7.256077766418457, 0.01956653594970703 
777, -7.2603020668029785, 0.019811630249023438 
778, -7.254117012023926, 0.020091533660888672 
779, -7.255407810211182, 0.02029252052307129 
780, -7.256035327911377, 0.020430564880371094 
781, -7.255731105804443, 0.02005743980407715 
782, -7.2531938552856445, 0.020845890045166016 
783, -7.256200790405273, 0.020543575286865234 
784, -7.256982803344727, 0.021345853805541992 
785, -7.25575065612793, 0.020668983459472656 
786, -7.255669116973877, 0.019913911819458008 
787, -7.25691556930542, 0.020548343658447266 
788, -7.250285625457764, 0.019397497177124023 
789, -7.256846904754639, 0.02046799659729004 
790, -7.257123947143555, 0.019419431686401367 
791, -7.250374794006348, 0.020545482635498047 
792, -7.256961822509766, 0.019601821899414062 
793, -7.256986618041992, 0.020975828170776367 
794, -7.256955146789551, 0.020651578903198242 
795, -7.25694465637207, 0.02091670036315918 
796, -7.2508087158203125, 0.02010035514831543 
797, -7.256355285644531, 0.020573854446411133 
798, -7.257268905639648, 0.020441532135009766 
799, -7.256585121154785, 0.021715402603149414 
800, -7.257514476776123, 0.0204160213470459 
801, -7.257187843322754, 0.020374059677124023 
802, -7.257197856903076, 0.019646167755126953 
803, -7.254822731018066, 0.02016615867614746 
804, -7.257191181182861, 0.020426034927368164 
805, -7.257194519042969, 0.019824743270874023 
806, -7.2510528564453125, 0.02011275291442871 
807, -7.257452964782715, 0.020076751708984375 
808, -7.257475852966309, 0.021167993545532227 
809, -7.257573127746582, 0.020593643188476562 
810, -7.251405239105225, 0.021687984466552734 
811, -7.257384777069092, 0.020281553268432617 
812, -7.251048564910889, 0.019719839096069336 
813, -7.25755500793457, 0.020750999450683594 
814, -7.257607936859131, 0.019382953643798828 
815, -7.251338958740234, 0.020662307739257812 
816, -7.251799583435059, 0.020373106002807617 
817, -7.257630348205566, 0.022484540939331055 
818, -7.257370471954346, 0.019846200942993164 
819, -7.257646560668945, 0.01964855194091797 
820, -7.257422924041748, 0.019709110260009766 
821, -7.257902145385742, 0.020891189575195312 
822, -7.25743293762207, 0.020496368408203125 
823, -7.257971286773682, 0.020964384078979492 
824, -7.257440567016602, 0.020137310028076172 
825, -7.254997730255127, 0.020668745040893555 
826, -7.257699489593506, 0.020524024963378906 
827, -7.254408359527588, 0.020213603973388672 
828, -7.257885456085205, 0.01968669891357422 
829, -7.25592565536499, 0.01971125602722168 
830, -7.255580902099609, 0.019887685775756836 
831, -7.256077766418457, 0.020786046981811523 
832, -7.255395889282227, 0.02094864845275879 
833, -7.257765769958496, 0.02076244354248047 
834, -7.258064270019531, 0.02105116844177246 
835, -7.257812023162842, 0.020477771759033203 
836, -7.2579545974731445, 0.020755290985107422 
837, -7.257807731628418, 0.020089387893676758 
838, -7.2578444480896, 0.01964545249938965 
839, -7.25875997543335, 0.020646095275878906 
840, -7.25802755355835, 0.019479036331176758 
841, -7.2576375007629395, 0.02176666259765625 
842, -7.25600004196167, 0.019735336303710938 
843, -7.259181022644043, 0.02051568031311035 
844, -7.259317398071289, 0.019546031951904297 
845, -7.256049633026123, 0.01967477798461914 
846, -7.258143901824951, 0.02017807960510254 
847, -7.255951404571533, 0.020389556884765625 
848, -7.258866786956787, 0.021251440048217773 
849, -7.258020401000977, 0.021094560623168945 
850, -7.259378910064697, 0.02109241485595703 
851, -7.259310245513916, 0.020549535751342773 
852, -7.259349346160889, 0.02055048942565918 
853, -7.259159088134766, 0.020024538040161133 
854, -7.259250640869141, 0.019502878189086914 
855, -7.259490966796875, 0.02060842514038086 
856, -7.2590413093566895, 0.020096540451049805 
857, -7.259336948394775, 0.020302295684814453 
858, -7.257755279541016, 0.020191669464111328 
859, -7.259114742279053, 0.020589113235473633 
860, -7.259060859680176, 0.021013259887695312 
861, -7.25926399230957, 0.020909786224365234 
862, -7.259525775909424, 0.020121335983276367 
863, -7.259544849395752, 0.021226882934570312 
864, -7.259225845336914, 0.021063804626464844 
865, -7.259205341339111, 0.021940231323242188 
866, -7.259747505187988, 0.01944589614868164 
867, -7.259095668792725, 0.019923925399780273 
868, -7.256728172302246, 0.019433021545410156 
869, -7.259138107299805, 0.020769357681274414 
870, -7.25916862487793, 0.019845008850097656 
871, -7.259232997894287, 0.019909381866455078 
872, -7.25929069519043, 0.019642353057861328 
873, -7.25944185256958, 0.02063751220703125 
874, -7.259284496307373, 0.020895957946777344 
875, -7.259880065917969, 0.020285606384277344 
876, -7.25927209854126, 0.020783185958862305 
877, -7.259237766265869, 0.020288705825805664 
878, -7.259339332580566, 0.02106642723083496 
879, -7.259267330169678, 0.02121114730834961 
880, -7.25938606262207, 0.020534992218017578 
881, -7.259439945220947, 0.02013540267944336 
882, -7.259350776672363, 0.020040035247802734 
883, -7.2601094245910645, 0.02076101303100586 
884, -7.2593607902526855, 0.019774198532104492 
885, -7.259448051452637, 0.020685672760009766 
886, -7.259485244750977, 0.02022075653076172 
887, -7.259363174438477, 0.021626710891723633 
888, -7.259453296661377, 0.020301103591918945 
889, -7.259668827056885, 0.021771907806396484 
890, -7.259344577789307, 0.019797563552856445 
891, -7.259531497955322, 0.020251750946044922 
892, -7.259730815887451, 0.020266056060791016 
893, -7.259568214416504, 0.019738435745239258 
894, -7.2595534324646, 0.02020859718322754 
895, -7.259552478790283, 0.021337032318115234 
896, -7.259591579437256, 0.020625591278076172 
897, -7.259612560272217, 0.020037412643432617 
898, -7.259515285491943, 0.019539594650268555 
899, -7.259610176086426, 0.01990532875061035 
900, -7.259692192077637, 0.02039361000061035 
901, -7.259554862976074, 0.021006107330322266 
902, -7.259681701660156, 0.020364761352539062 
903, -7.259601593017578, 0.020819425582885742 
904, -7.259686470031738, 0.020757436752319336 
905, -7.259684085845947, 0.020804405212402344 
906, -7.25961971282959, 0.019827842712402344 
907, -7.259594440460205, 0.0199434757232666 
908, -7.259593963623047, 0.019865036010742188 
909, -7.259742736816406, 0.020361661911010742 
910, -7.260321617126465, 0.020617961883544922 
911, -7.2597246170043945, 0.0213472843170166 
912, -7.259774208068848, 0.020494937896728516 
913, -7.2596116065979, 0.02255415916442871 
914, -7.260082244873047, 0.020607709884643555 
915, -7.259711265563965, 0.020523548126220703 
916, -7.259770393371582, 0.01968836784362793 
917, -7.259681701660156, 0.020540475845336914 
918, -7.259649753570557, 0.01960611343383789 
919, -7.259772300720215, 0.020409345626831055 
920, -7.25966215133667, 0.020001888275146484 
921, -7.259824275970459, 0.02031421661376953 
922, -7.259861946105957, 0.020243167877197266 
923, -7.259812831878662, 0.0199127197265625 
924, -7.259772777557373, 0.0204010009765625 
925, -7.259738445281982, 0.021105051040649414 
926, -7.259603500366211, 0.02099442481994629 
927, -7.259562015533447, 0.020791292190551758 
928, -7.259692668914795, 0.02037358283996582 
929, -7.259757995605469, 0.021176815032958984 
930, -7.259718418121338, 0.020673274993896484 
931, -7.259820461273193, 0.020379304885864258 
932, -7.259851455688477, 0.01985788345336914 
933, -7.259856700897217, 0.02057051658630371 
934, -7.259819984436035, 0.01998424530029297 
935, -7.259896278381348, 0.02077770233154297 
936, -7.259933948516846, 0.019892215728759766 
937, -7.259844779968262, 0.021999597549438477 
938, -7.259815692901611, 0.02015066146850586 
939, -7.259854793548584, 0.021240234375 
940, -7.2598185539245605, 0.020435571670532227 
941, -7.259720325469971, 0.021222829818725586 
942, -7.259914398193359, 0.020886898040771484 
943, -7.259969711303711, 0.020552873611450195 
944, -7.260009288787842, 0.019851207733154297 
945, -7.259892463684082, 0.01980876922607422 
946, -7.259937286376953, 0.019673824310302734 
947, -7.260584354400635, 0.020615816116333008 
948, -7.260047435760498, 0.0203857421875 
949, -7.259867191314697, 0.019948482513427734 
950, -7.2600016593933105, 0.019827604293823242 
951, -7.259871959686279, 0.020756006240844727 
952, -7.25999116897583, 0.02041769027709961 
953, -7.259899616241455, 0.02031993865966797 
954, -7.259802341461182, 0.020104408264160156 
955, -7.260025978088379, 0.0204925537109375 
956, -7.259821891784668, 0.021659135818481445 
957, -7.260092258453369, 0.021314144134521484 
958, -7.259684085845947, 0.020576000213623047 
959, -7.259913444519043, 0.020366430282592773 
960, -7.260024070739746, 0.019690275192260742 
961, -7.259899616241455, 0.022242069244384766 
962, -7.259908676147461, 0.019426584243774414 
963, -7.260065078735352, 0.020529747009277344 
964, -7.260084629058838, 0.019812345504760742 
965, -7.260005950927734, 0.02147841453552246 
966, -7.2600297927856445, 0.02024674415588379 
967, -7.259910583496094, 0.020407915115356445 
968, -7.259889125823975, 0.020005226135253906 
969, -7.260039329528809, 0.019890785217285156 
970, -7.2600932121276855, 0.02087998390197754 
971, -7.260204792022705, 0.02097153663635254 
972, -7.258818626403809, 0.02065730094909668 
973, -7.260241508483887, 0.0201261043548584 
974, -7.26030969619751, 0.020363807678222656 
975, -7.260117530822754, 0.020455121994018555 
976, -7.260128498077393, 0.019566059112548828 
977, -7.259871959686279, 0.019934415817260742 
978, -7.260237693786621, 0.0200345516204834 
979, -7.260181903839111, 0.02059650421142578 
980, -7.259707927703857, 0.020492076873779297 
981, -7.260242938995361, 0.020682334899902344 
982, -7.260839462280273, 0.020993947982788086 
983, -7.259002208709717, 0.020799875259399414 
984, -7.260146617889404, 0.0203397274017334 
985, -7.260061740875244, 0.021358251571655273 
986, -7.260006427764893, 0.020892620086669922 
987, -7.260162353515625, 0.021277904510498047 
988, -7.26003885269165, 0.020589351654052734 
989, -7.260879993438721, 0.020307540893554688 
990, -7.2598676681518555, 0.019898414611816406 
991, -7.260280609130859, 0.02134871482849121 
992, -7.260148525238037, 0.01999068260192871 
993, -7.260282516479492, 0.020904064178466797 
994, -7.260120391845703, 0.01973557472229004 
995, -7.260117530822754, 0.02005290985107422 
996, -7.260040283203125, 0.020631790161132812 
997, -7.260198593139648, 0.020568370819091797 
998, -7.260267734527588, 0.01981663703918457 
999, -7.260231018066406, 0.019583702087402344 
