Iteration, loss, time 
0, 1.3738694190979004, 7.200673818588257 
1, 1.3572906255722046, 7.079565763473511 
2, 1.3264399766921997, 6.776142597198486 
3, 1.3415850400924683, 6.7765562534332275 
4, 1.33331298828125, 6.739382982254028 
5, 1.3389551639556885, 6.857653379440308 
6, 1.3435330390930176, 6.738606691360474 
7, 1.3520994186401367, 6.794645071029663 
8, 1.3477071523666382, 6.774140119552612 
9, 1.3692872524261475, 6.751028776168823 
10, 1.3742905855178833, 6.741278409957886 
11, 1.3711986541748047, 6.693296670913696 
12, 1.3855422735214233, 6.713068962097168 
13, 1.3810912370681763, 6.751217842102051 
14, 1.414795994758606, 6.730728387832642 
15, 1.4160809516906738, 6.668597459793091 
16, 1.428881049156189, 6.682356119155884 
17, 1.4384204149246216, 6.628559112548828 
18, 1.4434804916381836, 6.601128339767456 
19, 1.439417839050293, 6.579894781112671 
20, 1.4713459014892578, 6.623340845108032 
21, 1.4842861890792847, 6.817882537841797 
22, 1.4969542026519775, 6.7804577350616455 
23, 1.509108304977417, 6.635426759719849 
24, 1.5028455257415771, 6.9483888149261475 
25, 1.52747642993927, 6.852006196975708 
26, 1.5453583002090454, 6.638141393661499 
27, 1.5481699705123901, 6.940267562866211 
28, 1.5622228384017944, 6.4750635623931885 
29, 1.57362961769104, 6.622479677200317 
30, 1.594334602355957, 6.826345920562744 
31, 1.609367847442627, 6.884450674057007 
32, 1.6248759031295776, 6.6811299324035645 
33, 1.64662766456604, 6.271502494812012 
34, 1.6600695848464966, 6.395262956619263 
35, 1.6899594068527222, 6.461712121963501 
36, 1.6865606307983398, 6.4714744091033936 
37, 1.7171087265014648, 6.2828755378723145 
38, 1.7163562774658203, 6.48442816734314 
39, 1.7395668029785156, 6.483174800872803 
40, 1.7259184122085571, 6.346926689147949 
41, 1.7519954442977905, 6.404057502746582 
42, 1.7770887613296509, 6.519058704376221 
43, 1.8030924797058105, 6.518083810806274 
44, 1.8003056049346924, 6.314705848693848 
45, 1.8222190141677856, 6.4749438762664795 
46, 1.8367383480072021, 6.412950754165649 
47, 1.8479671478271484, 6.452876091003418 
48, 1.8768610954284668, 6.6163270473480225 
49, 1.8859899044036865, 6.580009698867798 
50, 1.9059844017028809, 6.383942604064941 
51, 1.9113128185272217, 6.638530969619751 
52, 1.9518663883209229, 6.689014911651611 
53, 1.9682947397232056, 6.5300445556640625 
54, 1.9751195907592773, 6.4480249881744385 
55, 2.0071091651916504, 6.527619123458862 
56, 2.0291147232055664, 6.491182088851929 
57, 2.04425048828125, 6.683319091796875 
58, 2.0784313678741455, 6.425354242324829 
59, 2.077212333679199, 6.607673168182373 
60, 2.093723773956299, 6.898780345916748 
61, 2.131648540496826, 6.430333852767944 
62, 2.151149272918701, 6.560333728790283 
63, 2.181352138519287, 6.594740629196167 
64, 2.1989524364471436, 6.568864345550537 
65, 2.2268612384796143, 6.913507461547852 
66, 2.2533609867095947, 6.6728057861328125 
67, 2.2649741172790527, 6.568518400192261 
68, 2.2911174297332764, 6.5023353099823 
69, 2.3385403156280518, 6.513520002365112 
70, 2.346891164779663, 6.461535930633545 
71, 2.3565921783447266, 6.904505729675293 
72, 2.386084794998169, 6.502940654754639 
73, 2.421809673309326, 6.74125075340271 
74, 2.4448606967926025, 6.513272285461426 
75, 2.470935344696045, 6.6534950733184814 
76, 2.499393939971924, 6.394751310348511 
77, 2.533888578414917, 6.483641147613525 
78, 2.5327746868133545, 6.514595985412598 
79, 2.5771594047546387, 6.537367105484009 
80, 2.592336654663086, 6.509584426879883 
81, 2.6535747051239014, 6.439809083938599 
82, 2.662230968475342, 6.500415086746216 
83, 2.6814684867858887, 6.7806172370910645 
84, 2.7090766429901123, 6.499422311782837 
85, 2.7559075355529785, 6.990116119384766 
86, 2.809640407562256, 6.916704416275024 
87, 2.804920196533203, 6.418856143951416 
88, 2.8499209880828857, 6.76501202583313 
89, 2.8500475883483887, 6.623556137084961 
90, 2.927748203277588, 6.560276031494141 
91, 2.9395477771759033, 6.693785667419434 
92, 2.9625391960144043, 6.786962032318115 
93, 3.0080766677856445, 6.669170618057251 
94, 3.0420162677764893, 6.726043462753296 
95, 3.082646369934082, 6.888753414154053 
96, 3.1142449378967285, 6.689819812774658 
97, 3.133716344833374, 6.715512752532959 
98, 3.190760612487793, 6.57945704460144 
99, 3.1937289237976074, 6.467347145080566 
100, 3.2582507133483887, 6.508053302764893 
101, 3.2965147495269775, 6.518203258514404 
102, 3.338381290435791, 6.606724500656128 
103, 3.3672609329223633, 6.567049980163574 
104, 3.3952572345733643, 6.608097314834595 
105, 3.431640148162842, 6.721958875656128 
106, 3.481963872909546, 6.759737491607666 
107, 3.5185794830322266, 6.594139575958252 
108, 3.547908306121826, 6.596531867980957 
109, 3.5941832065582275, 6.730691432952881 
110, 3.629281520843506, 6.5335893630981445 
111, 3.6678590774536133, 6.543880224227905 
112, 3.7255539894104004, 6.672376394271851 
113, 3.767343759536743, 6.503580570220947 
114, 3.7876529693603516, 6.451353549957275 
115, 3.860785961151123, 6.496991872787476 
116, 3.8751683235168457, 6.551753044128418 
117, 3.9477810859680176, 6.57350492477417 
118, 3.9605154991149902, 6.5077455043792725 
119, 3.975130796432495, 6.6300036907196045 
120, 4.04207706451416, 6.723271369934082 
121, 4.091845989227295, 6.638073921203613 
122, 4.120463848114014, 6.597362279891968 
123, 4.163965225219727, 6.726876258850098 
124, 4.206019878387451, 6.844628810882568 
125, 4.261554718017578, 6.682024955749512 
126, 4.295322418212891, 6.856894016265869 
127, 4.347211837768555, 6.724465847015381 
128, 4.399860382080078, 6.558746576309204 
129, 4.419342994689941, 6.630279064178467 
130, 4.473958969116211, 6.455347299575806 
131, 4.514997482299805, 6.426401853561401 
132, 4.577388286590576, 6.431992053985596 
133, 4.616222858428955, 6.549087285995483 
134, 4.6885504722595215, 6.528409004211426 
135, 4.722695350646973, 6.465832710266113 
136, 4.76142692565918, 6.565422534942627 
137, 4.840893745422363, 6.586151838302612 
138, 4.850813865661621, 6.816952705383301 
139, 4.915249824523926, 6.595705032348633 
140, 4.952692985534668, 6.576188325881958 
141, 4.998878479003906, 6.517575025558472 
142, 5.013962745666504, 6.5229127407073975 
143, 5.077995777130127, 6.552321910858154 
144, 5.156233787536621, 6.599967956542969 
145, 5.209010124206543, 6.667408227920532 
146, 5.254386901855469, 6.577941656112671 
147, 5.310630798339844, 6.939140319824219 
148, 5.371973514556885, 6.5783820152282715 
149, 5.39326810836792, 6.46398138999939 
150, 5.4619669914245605, 6.404546737670898 
151, 5.533485412597656, 6.3916335105896 
152, 5.5848188400268555, 6.3512208461761475 
153, 5.613405704498291, 6.4979352951049805 
154, 5.677586078643799, 6.660598039627075 
155, 5.696991443634033, 6.4174487590789795 
156, 5.771810531616211, 6.367614269256592 
157, 5.835014820098877, 6.493133544921875 
158, 5.890225410461426, 6.755421161651611 
159, 5.936224460601807, 6.706828355789185 
160, 6.020074844360352, 6.441145896911621 
161, 6.037023544311523, 6.418615102767944 
162, 6.126516342163086, 6.479476451873779 
163, 6.163975238800049, 6.4878740310668945 
164, 6.223855495452881, 6.360694885253906 
165, 6.28293514251709, 6.583526134490967 
166, 6.3474836349487305, 6.374582052230835 
167, 6.387474536895752, 6.343735933303833 
168, 6.460947036743164, 6.4688050746917725 
169, 6.5591535568237305, 6.296558380126953 
170, 6.569886207580566, 6.550695896148682 
171, 6.644010066986084, 6.662664413452148 
172, 6.726463317871094, 6.564273118972778 
173, 6.782073020935059, 6.756938695907593 
174, 6.8332953453063965, 6.644486904144287 
175, 6.893235206604004, 6.49656081199646 
176, 6.94827938079834, 6.7333128452301025 
177, 7.028931140899658, 6.68032693862915 
178, 7.083958625793457, 6.665458679199219 
179, 7.185880661010742, 6.590335130691528 
180, 7.219608783721924, 6.468141555786133 
181, 7.290881633758545, 6.646824359893799 
182, 7.368316173553467, 6.521235942840576 
183, 7.466412544250488, 6.4706103801727295 
184, 7.5144548416137695, 6.665466070175171 
185, 7.627700328826904, 6.485217332839966 
186, 7.68287992477417, 6.590989351272583 
187, 7.755826473236084, 6.593229293823242 
188, 7.841307163238525, 6.5255351066589355 
189, 7.920024871826172, 6.551959276199341 
190, 7.9894304275512695, 6.546898126602173 
191, 8.090526580810547, 6.493134021759033 
192, 8.177095413208008, 6.699126243591309 
193, 8.186325073242188, 6.705094337463379 
194, 8.332954406738281, 6.474923610687256 
195, 8.371455192565918, 6.454710245132446 
196, 8.458555221557617, 6.3621838092803955 
197, 8.51872730255127, 6.504903554916382 
198, 8.626627922058105, 6.43979811668396 
199, 8.700523376464844, 6.630767583847046 
200, 8.820441246032715, 6.334271192550659 
201, 8.906307220458984, 6.457418918609619 
202, 8.985173225402832, 6.803617238998413 
203, 9.070769309997559, 6.6090943813323975 
204, 9.18623161315918, 6.707104206085205 
205, 9.285093307495117, 6.657292366027832 
206, 9.380887031555176, 6.891396522521973 
207, 9.517841339111328, 6.801008701324463 
208, 9.62840461730957, 6.7465527057647705 
209, 9.73480224609375, 6.691712856292725 
210, 9.849838256835938, 6.868841886520386 
211, 9.971556663513184, 6.547390460968018 
212, 10.094842910766602, 6.6314544677734375 
213, 10.171639442443848, 6.881436824798584 
214, 10.308399200439453, 6.453211069107056 
215, 10.459392547607422, 6.753774404525757 
216, 10.55246639251709, 6.744375467300415 
217, 10.712690353393555, 6.5157928466796875 
218, 10.779356002807617, 6.849406003952026 
219, 10.920470237731934, 6.519528388977051 
220, 11.051403045654297, 6.889974594116211 
221, 11.204047203063965, 6.98566746711731 
222, 11.292236328125, 6.842256784439087 
223, 11.41357707977295, 7.024738073348999 
224, 11.535927772521973, 7.0353052616119385 
225, 11.63659954071045, 6.88939356803894 
226, 11.794909477233887, 6.809243679046631 
227, 11.89254379272461, 6.9860124588012695 
228, 12.016895294189453, 6.7701191902160645 
229, 12.142508506774902, 7.133563995361328 
230, 12.278276443481445, 7.084829568862915 
231, 12.394489288330078, 7.107831954956055 
232, 12.527593612670898, 7.066055536270142 
233, 12.637733459472656, 7.007202625274658 
234, 12.752294540405273, 7.585086345672607 
235, 12.859885215759277, 6.704180717468262 
236, 12.984543800354004, 6.817615270614624 
237, 13.135828018188477, 6.874736547470093 
238, 13.275198936462402, 7.057720899581909 
239, 13.353367805480957, 7.187234163284302 
240, 13.485575675964355, 6.979583978652954 
241, 13.586355209350586, 7.143545627593994 
242, 13.715991020202637, 7.283987045288086 
243, 13.872467994689941, 6.9219889640808105 
244, 14.023202896118164, 7.075203895568848 
245, 14.103240966796875, 6.684088230133057 
246, 14.24325942993164, 6.767704248428345 
247, 14.402657508850098, 7.179129600524902 
248, 14.511521339416504, 7.067623853683472 
249, 14.677648544311523, 7.168111562728882 
250, 14.768781661987305, 6.734103679656982 
251, 14.940266609191895, 6.821502208709717 
252, 15.09917163848877, 6.632933855056763 
253, 15.159573554992676, 6.927085876464844 
254, 15.340704917907715, 6.842857837677002 
255, 15.480422019958496, 6.756319522857666 
256, 15.634056091308594, 6.929711580276489 
257, 15.821978569030762, 7.115343332290649 
258, 15.913455963134766, 6.770081043243408 
259, 16.09084701538086, 6.897247076034546 
260, 16.22858238220215, 6.706417798995972 
261, 16.38673210144043, 6.633816480636597 
262, 16.61801528930664, 6.879131555557251 
263, 16.709856033325195, 7.36063027381897 
264, 16.842880249023438, 7.279948711395264 
265, 17.046579360961914, 7.140798807144165 
266, 17.20848274230957, 7.117932081222534 
267, 17.372310638427734, 7.06735897064209 
268, 17.46283531188965, 7.2334558963775635 
269, 17.70856285095215, 7.1426239013671875 
270, 17.838712692260742, 7.091766595840454 
271, 17.962013244628906, 7.41964316368103 
272, 18.139408111572266, 6.781164169311523 
273, 18.251956939697266, 7.179872751235962 
274, 18.443431854248047, 6.995559453964233 
275, 18.545883178710938, 7.018998146057129 
276, 18.71183967590332, 6.787988662719727 
277, 18.778114318847656, 7.028533220291138 
278, 18.866535186767578, 7.077500820159912 
279, 19.0357723236084, 7.183034658432007 
280, 19.10840606689453, 6.844013690948486 
281, 19.23133087158203, 7.098616600036621 
282, 19.398794174194336, 7.005596160888672 
283, 19.499238967895508, 7.125011444091797 
284, 19.618486404418945, 6.9309022426605225 
285, 19.70629119873047, 6.977192163467407 
286, 19.822114944458008, 7.110096454620361 
287, 19.94215202331543, 7.4931862354278564 
288, 20.01510238647461, 7.337453603744507 
289, 20.10271644592285, 7.204561710357666 
290, 20.242416381835938, 7.009680271148682 
291, 20.353694915771484, 7.278524160385132 
292, 20.464340209960938, 7.240260362625122 
293, 20.593517303466797, 7.236845970153809 
294, 20.715177536010742, 7.563718318939209 
295, 20.787487030029297, 7.411845445632935 
296, 20.84534454345703, 7.3752665519714355 
297, 20.975189208984375, 7.301280498504639 
298, 21.07500648498535, 7.1515796184539795 
299, 21.1436767578125, 7.539819717407227 
300, 21.286773681640625, 7.14361834526062 
301, 21.31133270263672, 7.120863676071167 
302, 21.367908477783203, 6.843311309814453 
303, 21.474775314331055, 7.350162744522095 
304, 21.495615005493164, 7.003284692764282 
305, 21.6014404296875, 7.349156141281128 
306, 21.67635154724121, 7.124783039093018 
307, 21.68328285217285, 6.9132630825042725 
308, 21.82284927368164, 7.185221910476685 
309, 21.82635498046875, 7.178281545639038 
310, 21.901100158691406, 7.318890571594238 
311, 21.933162689208984, 7.369624137878418 
312, 22.001541137695312, 7.215618133544922 
313, 22.07782554626465, 7.0582664012908936 
314, 22.09241485595703, 7.084646940231323 
315, 22.0666561126709, 7.151691436767578 
316, 22.188758850097656, 7.296971082687378 
317, 22.24166488647461, 7.2235612869262695 
318, 22.213048934936523, 6.953274250030518 
319, 22.29086685180664, 7.343752861022949 
320, 22.259395599365234, 7.316341161727905 
321, 22.38842010498047, 7.607586860656738 
322, 22.379013061523438, 7.627925395965576 
323, 22.38819122314453, 7.470509767532349 
324, 22.405567169189453, 7.975405693054199 
325, 22.510454177856445, 7.3585522174835205 
326, 22.50106430053711, 7.748859167098999 
327, 22.565181732177734, 7.78439998626709 
328, 22.545894622802734, 6.991678953170776 
329, 22.559661865234375, 7.738438606262207 
330, 22.73297882080078, 7.409581184387207 
331, 22.687467575073242, 7.682347774505615 
332, 22.686208724975586, 7.143428802490234 
333, 22.85672378540039, 7.113823890686035 
334, 22.72956657409668, 7.0471696853637695 
335, 22.74334716796875, 7.1640613079071045 
336, 22.791545867919922, 7.419906139373779 
337, 21.901596069335938, 6.859362602233887 
338, 22.802392959594727, 7.593742370605469 
339, 22.814157485961914, 7.280395030975342 
340, 22.796417236328125, 7.2692177295684814 
341, 22.827991485595703, 7.551452398300171 
342, 22.806228637695312, 7.414540767669678 
343, 22.844881057739258, 7.779925346374512 
344, 22.92162322998047, 7.282639980316162 
345, 22.942523956298828, 7.714702129364014 
346, 22.863636016845703, 7.403091907501221 
347, 22.916275024414062, 7.458684206008911 
348, 22.903560638427734, 7.229068756103516 
349, 22.95853042602539, 7.221486806869507 
350, 23.028310775756836, 7.255370140075684 
351, 23.07118034362793, 7.1159138679504395 
352, 23.09596824645996, 7.274035215377808 
353, 23.02796173095703, 7.42213773727417 
354, 23.101703643798828, 7.459881782531738 
355, 23.094676971435547, 7.537757873535156 
356, 23.09637451171875, 7.370270729064941 
357, 23.149112701416016, 7.411620378494263 
358, 23.18423843383789, 7.354929447174072 
359, 23.19244384765625, 7.407839059829712 
360, 23.27130889892578, 7.7957494258880615 
361, 23.360584259033203, 7.521111488342285 
362, 23.32769203186035, 7.704211950302124 
363, 23.38650894165039, 7.091681957244873 
364, 23.38848114013672, 7.233053684234619 
365, 23.482704162597656, 7.45465087890625 
366, 23.465391159057617, 7.593930006027222 
367, 23.49733543395996, 7.6447882652282715 
368, 23.50324821472168, 7.876430034637451 
369, 23.54637908935547, 7.561946153640747 
370, 23.601152420043945, 7.779939413070679 
371, 23.641340255737305, 7.441474676132202 
372, 23.691692352294922, 7.610023498535156 
373, 23.792621612548828, 7.3048670291900635 
374, 23.799217224121094, 7.4506731033325195 
375, 23.801069259643555, 7.4356324672698975 
376, 23.88644027709961, 7.55866003036499 
377, 23.89855194091797, 7.515413284301758 
378, 23.999597549438477, 7.0526347160339355 
379, 24.047874450683594, 7.757019281387329 
380, 24.07680892944336, 7.009604215621948 
381, 24.133644104003906, 7.755895137786865 
382, 24.14727783203125, 7.721893548965454 
383, 24.202571868896484, 7.037731409072876 
384, 24.171096801757812, 7.423921346664429 
385, 24.24639892578125, 7.323049306869507 
386, 24.302303314208984, 7.105065584182739 
387, 24.324159622192383, 7.431593418121338 
388, 24.406200408935547, 7.451891899108887 
389, 24.4302978515625, 7.2135279178619385 
390, 24.472503662109375, 7.396751165390015 
391, 24.460758209228516, 7.251530647277832 
392, 24.561744689941406, 7.793826103210449 
393, 24.57989501953125, 7.5490882396698 
394, 24.63619041442871, 7.726253509521484 
395, 24.670562744140625, 7.165883541107178 
396, 24.750816345214844, 7.781453371047974 
397, 24.808486938476562, 7.243060827255249 
398, 24.783384323120117, 7.364781856536865 
399, 24.7995548248291, 7.269373893737793 
400, 24.84984016418457, 7.753996133804321 
401, 24.899822235107422, 7.220531940460205 
402, 24.976491928100586, 7.571797847747803 
403, 24.884090423583984, 7.563416242599487 
404, 24.964374542236328, 7.696931838989258 
405, 25.015636444091797, 8.567943811416626 
406, 25.100276947021484, 7.625474452972412 
407, 25.100120544433594, 6.986526966094971 
408, 25.119550704956055, 7.002747297286987 
409, 25.154109954833984, 7.666654109954834 
410, 25.273941040039062, 7.219123125076294 
411, 25.2940731048584, 7.072447776794434 
412, 25.374618530273438, 7.80999493598938 
413, 25.447492599487305, 7.881414175033569 
414, 25.49380111694336, 7.614268064498901 
415, 25.516786575317383, 6.978058099746704 
416, 25.584129333496094, 7.180070161819458 
417, 25.599700927734375, 7.504974365234375 
418, 25.68927574157715, 7.53722071647644 
419, 25.762920379638672, 7.204423189163208 
420, 25.814035415649414, 6.988897085189819 
421, 25.846420288085938, 7.393953323364258 
422, 26.00119972229004, 7.6839306354522705 
423, 25.9794864654541, 7.468700885772705 
424, 26.07304573059082, 7.542502164840698 
425, 26.136207580566406, 8.05508279800415 
426, 26.18683624267578, 7.7901928424835205 
427, 26.229209899902344, 7.671899318695068 
428, 26.26906394958496, 7.38471245765686 
429, 26.29698944091797, 7.298948764801025 
430, 26.500606536865234, 7.9663262367248535 
431, 26.649322509765625, 7.816913604736328 
432, 26.732954025268555, 7.247799873352051 
433, 26.740549087524414, 8.03379225730896 
434, 26.818607330322266, 7.695701599121094 
435, 26.896024703979492, 7.588079929351807 
436, 27.036365509033203, 8.052227020263672 
437, 27.189273834228516, 7.59274959564209 
438, 27.193557739257812, 7.930558443069458 
439, 27.25643539428711, 8.246198654174805 
440, 27.2991943359375, 7.8842058181762695 
441, 27.398326873779297, 7.7285239696502686 
442, 27.52204704284668, 7.8858642578125 
443, 27.632720947265625, 7.890435695648193 
444, 27.65004539489746, 7.513588190078735 
445, 27.899030685424805, 7.564113616943359 
446, 28.016498565673828, 7.621130466461182 
447, 28.108062744140625, 7.815715312957764 
448, 28.314390182495117, 7.814847230911255 
449, 28.47840118408203, 7.678404808044434 
450, 28.536949157714844, 7.549647092819214 
451, 28.743789672851562, 7.775975704193115 
452, 28.911357879638672, 7.650007247924805 
453, 29.001306533813477, 7.336132287979126 
454, 29.173839569091797, 7.480825901031494 
455, 29.346256256103516, 7.459692716598511 
456, 29.565263748168945, 7.629751920700073 
457, 29.756343841552734, 7.4980244636535645 
458, 29.887819290161133, 7.3319315910339355 
459, 30.159812927246094, 7.949635982513428 
460, 30.376928329467773, 7.381029844284058 
461, 30.62462615966797, 8.233604907989502 
462, 30.708274841308594, 7.64604926109314 
463, 30.933837890625, 8.209485530853271 
464, 31.097000122070312, 7.132039308547974 
465, 31.229129791259766, 7.201715469360352 
466, 31.317562103271484, 7.321166515350342 
467, 31.531753540039062, 7.211832761764526 
468, 31.658954620361328, 7.271117687225342 
469, 31.78169822692871, 7.30008864402771 
470, 31.810516357421875, 7.447405815124512 
471, 31.869813919067383, 7.680270671844482 
472, 31.964458465576172, 7.364210844039917 
473, 31.915096282958984, 7.761858940124512 
474, 32.01622009277344, 7.526554346084595 
475, 32.03071594238281, 7.526337385177612 
476, 32.11344909667969, 7.445651054382324 
477, 32.148983001708984, 7.621276140213013 
478, 32.2279167175293, 7.779117107391357 
479, 32.22046661376953, 7.914490461349487 
480, 32.30101776123047, 7.185368776321411 
481, 32.33757781982422, 7.881526470184326 
482, 32.33003234863281, 7.489138841629028 
483, 32.401065826416016, 8.160430908203125 
484, 32.41998291015625, 8.341255903244019 
485, 32.417720794677734, 7.610423803329468 
486, 32.47031021118164, 7.211863040924072 
487, 32.64362716674805, 7.519943714141846 
488, 32.5535888671875, 7.25805139541626 
489, 32.594932556152344, 7.302572250366211 
490, 32.53642272949219, 7.355766773223877 
491, 32.542442321777344, 7.36174201965332 
492, 32.622623443603516, 7.4570770263671875 
493, 32.68096923828125, 7.675729274749756 
494, 32.72346878051758, 7.69446873664856 
495, 32.6956787109375, 7.673553466796875 
496, 32.8548469543457, 7.090153694152832 
497, 32.88419723510742, 7.564697265625 
498, 33.004920959472656, 7.340914487838745 
499, 32.995094299316406, 7.688409090042114 
500, 33.19855499267578, 7.263863563537598 
501, 33.225685119628906, 7.413458824157715 
502, 33.31024169921875, 7.4008002281188965 
503, 33.32828903198242, 7.72820520401001 
504, 33.4478645324707, 7.765329360961914 
505, 33.49696731567383, 7.950872182846069 
506, 33.56640625, 7.414463758468628 
507, 33.69169998168945, 7.525697708129883 
508, 33.76846694946289, 7.670374870300293 
509, 33.88280487060547, 7.5298752784729 
510, 33.960899353027344, 7.310258388519287 
511, 34.003360748291016, 7.474744558334351 
512, 33.793739318847656, 7.068185329437256 
513, 34.25336837768555, 7.57574200630188 
514, 34.35315704345703, 7.104106426239014 
515, 34.42570877075195, 7.2534425258636475 
516, 34.44541549682617, 7.978070497512817 
517, 34.712894439697266, 7.165777921676636 
518, 34.63645935058594, 7.74193811416626 
519, 34.72608184814453, 7.55254602432251 
520, 34.8882942199707, 7.326127290725708 
521, 34.997318267822266, 7.315753698348999 
522, 35.00338363647461, 7.655778884887695 
523, 35.14739990234375, 7.608605861663818 
524, 35.179649353027344, 7.767981767654419 
525, 35.27509307861328, 7.596105575561523 
526, 35.29551696777344, 8.184465885162354 
527, 35.4527587890625, 7.439188718795776 
528, 35.49169158935547, 7.432046890258789 
529, 35.571903228759766, 7.271746635437012 
530, 35.68944549560547, 7.19657039642334 
531, 35.79963684082031, 7.45469856262207 
532, 35.76768493652344, 7.32592511177063 
533, 35.88203430175781, 7.308581113815308 
534, 35.963375091552734, 7.20156717300415 
535, 35.97416687011719, 7.471917390823364 
536, 36.136844635009766, 7.2281694412231445 
537, 36.16691589355469, 7.149200677871704 
538, 36.248130798339844, 7.560617446899414 
539, 36.38107681274414, 7.895536422729492 
540, 36.48875045776367, 7.590759515762329 
541, 36.575653076171875, 7.629583120346069 
542, 36.61192321777344, 7.909097194671631 
543, 36.716678619384766, 7.555854558944702 
544, 36.807106018066406, 7.471113443374634 
545, 36.90968322753906, 7.3841352462768555 
546, 36.95543670654297, 7.601782321929932 
547, 37.07395553588867, 7.369258165359497 
548, 36.999786376953125, 7.617668151855469 
549, 37.059234619140625, 7.583650350570679 
550, 37.194557189941406, 7.678372859954834 
551, 37.257354736328125, 7.895014524459839 
552, 37.354976654052734, 7.792968511581421 
553, 37.44397735595703, 120.40294694900513 
554, 37.537288665771484, 7.69435453414917 
555, 37.67240905761719, 8.113322973251343 
556, 37.87580871582031, 7.666704893112183 
557, 38.17156982421875, 7.1389734745025635 
558, 37.881256103515625, 7.239189386367798 
559, 38.49592208862305, 7.365253686904907 
560, 38.312477111816406, 7.877996921539307 
561, 38.374122619628906, 8.185653448104858 
562, 38.543148040771484, 7.813553810119629 
563, 38.53450012207031, 7.692914247512817 
564, 38.734901428222656, 7.844740152359009 
565, 38.82243347167969, 7.932722568511963 
566, 38.98300552368164, 7.819959878921509 
567, 39.03144454956055, 7.893661260604858 
568, 39.110008239746094, 7.78964900970459 
569, 39.27384948730469, 7.783042907714844 
570, 39.37481689453125, 7.8858983516693115 
571, 39.39036560058594, 7.499400854110718 
572, 39.48870849609375, 114.74131417274475 
573, 39.598148345947266, 7.890331268310547 
574, 39.716278076171875, 7.556304931640625 
575, 39.82655334472656, 7.856252908706665 
576, 39.822242736816406, 7.807730197906494 
577, 39.84855651855469, 7.793213367462158 
578, 39.959869384765625, 7.626509189605713 
579, 39.888526916503906, 7.792306661605835 
580, 39.91413497924805, 8.085793495178223 
581, 39.83348083496094, 8.266847848892212 
582, 39.94242858886719, 7.8685219287872314 
583, 39.90010070800781, 7.860989093780518 
584, 39.78282165527344, 7.822710990905762 
585, 39.842254638671875, 7.676382541656494 
586, 39.84637451171875, 7.71616530418396 
587, 39.87818908691406, 7.790478229522705 
588, 39.80828857421875, 7.694119453430176 
589, 39.88542938232422, 8.085287094116211 
590, 39.796112060546875, 7.556739091873169 
591, 39.790313720703125, 7.904064416885376 
592, 39.77515411376953, 103.58054113388062 
593, 39.90520095825195, 7.620906114578247 
594, 40.01436233520508, 7.445526361465454 
595, 40.01982116699219, 8.12462830543518 
596, 40.09956359863281, 7.518500328063965 
597, 40.04780578613281, 7.68720817565918 
598, 40.15010070800781, 7.432757377624512 
599, 40.29091262817383, 7.1330296993255615 
600, 40.343746185302734, 7.502293109893799 
601, 40.41706085205078, 7.758190631866455 
602, 40.48487091064453, 7.534788131713867 
603, 40.60023498535156, 7.687437295913696 
604, 40.70515441894531, 8.03111219406128 
605, 40.74382019042969, 7.6438679695129395 
606, 40.85185241699219, 7.440179824829102 
607, 40.504051208496094, 7.1342267990112305 
608, 41.03691482543945, 7.4274537563323975 
609, 41.07394790649414, 7.384542942047119 
610, 41.10490417480469, 7.513866424560547 
611, 41.25384521484375, 7.3727312088012695 
612, 41.29866409301758, 7.570688724517822 
613, 41.324249267578125, 7.938376426696777 
614, 41.325233459472656, 7.38085675239563 
615, 41.62425231933594, 7.404435157775879 
616, 41.4013671875, 7.930107355117798 
617, 41.345672607421875, 7.759170293807983 
618, 41.4354248046875, 7.832890033721924 
619, 41.39790344238281, 73.95478200912476 
620, 41.40192413330078, 8.351313829421997 
621, 41.35166931152344, 7.868527889251709 
622, 41.34309005737305, 7.825682163238525 
623, 41.38728713989258, 7.316217422485352 
624, 41.39162063598633, 7.92806601524353 
625, 41.2370719909668, 6.892509937286377 
626, 41.375877380371094, 7.486735582351685 
627, 41.299049377441406, 7.636804580688477 
628, 41.33537673950195, 7.609238386154175 
629, 41.131980895996094, 7.3498148918151855 
630, 41.348052978515625, 7.664357900619507 
631, 41.33082962036133, 7.852975845336914 
632, 41.37428283691406, 7.517084836959839 
633, 41.29863739013672, 8.322303295135498 
634, 41.30414581298828, 7.700653553009033 
635, 41.081321716308594, 7.354612588882446 
636, 41.1551513671875, 7.467886447906494 
637, 41.29926300048828, 10.087747812271118 
638, 41.23453140258789, 93.3532202243805 
639, 41.11541748046875, 8.241300582885742 
640, 41.21558380126953, 7.626364231109619 
641, 41.229244232177734, 8.034319162368774 
642, 41.27219772338867, 7.694822311401367 
643, 41.203861236572266, 7.46022367477417 
644, 41.45673751831055, 7.276594877243042 
645, 41.30598068237305, 7.524129390716553 
646, 41.22842025756836, 7.739637136459351 
647, 41.23946762084961, 7.645313262939453 
648, 41.22727966308594, 7.406179428100586 
649, 41.280338287353516, 7.665913343429565 
650, 41.72662353515625, 7.108630418777466 
651, 41.58216857910156, 7.357694625854492 
652, 41.595455169677734, 7.138218879699707 
653, 41.61299133300781, 7.491958379745483 
654, 41.72281265258789, 7.556010007858276 
655, 41.78582000732422, 7.218297958374023 
656, 41.68691635131836, 9.921975135803223 
657, 41.74000549316406, 7.24562406539917 
658, 41.80790710449219, 7.200892925262451 
659, 42.01837921142578, 7.312945127487183 
660, 41.996971130371094, 7.709440231323242 
661, 42.18243408203125, 7.902408599853516 
662, 42.16413116455078, 7.961417198181152 
663, 42.17293167114258, 7.820772647857666 
664, 42.145565032958984, 7.515981435775757 
665, 42.22454071044922, 7.222202777862549 
666, 42.16926193237305, 7.350084066390991 
667, 42.22877883911133, 7.9481871128082275 
668, 42.25355911254883, 7.7604897022247314 
669, 42.18414306640625, 7.760566473007202 
670, 42.26173782348633, 7.862478256225586 
671, 42.13958740234375, 8.02877140045166 
672, 42.21129608154297, 8.590499639511108 
673, 42.19462585449219, 7.661455154418945 
674, 42.190086364746094, 7.789123058319092 
675, 42.17730712890625, 7.715462684631348 
676, 42.09788513183594, 7.694274187088013 
677, 42.105072021484375, 7.260782957077026 
678, 42.07907485961914, 7.94983696937561 
679, 42.068336486816406, 7.76835036277771 
680, 41.95490264892578, 7.343981504440308 
681, 41.31889724731445, 6.966891288757324 
682, 41.956871032714844, 7.570873498916626 
683, 42.02279281616211, 7.919030666351318 
684, 42.00418472290039, 7.821471929550171 
685, 41.93156433105469, 7.724140405654907 
686, 41.90944290161133, 7.0739524364471436 
687, 41.864776611328125, 8.412284135818481 
688, 41.77550506591797, 7.855443477630615 
689, 41.845123291015625, 8.1819326877594 
690, 41.80436706542969, 7.798818588256836 
691, 41.68731689453125, 7.706172704696655 
692, 41.85648727416992, 7.175165891647339 
693, 41.87123489379883, 7.649649620056152 
694, 41.61780548095703, 6.943485975265503 
695, 41.86444091796875, 7.9128570556640625 
696, 41.84629821777344, 7.238683223724365 
697, 41.87331771850586, 7.528801202774048 
698, 41.76361083984375, 7.580856800079346 
699, 41.7675666809082, 7.5863330364227295 
700, 41.765140533447266, 7.532218933105469 
701, 41.83815002441406, 7.475029945373535 
702, 41.8315544128418, 7.364121675491333 
703, 41.685298919677734, 7.021326303482056 
704, 41.940372467041016, 7.584509372711182 
705, 41.991546630859375, 7.2838709354400635 
706, 42.09387969970703, 7.8819684982299805 
707, 42.174774169921875, 7.969897031784058 
708, 42.25345230102539, 7.071870565414429 
709, 42.263404846191406, 7.726863384246826 
710, 42.36333465576172, 7.569233655929565 
711, 42.44017028808594, 7.307972431182861 
712, 42.59160614013672, 7.968189477920532 
713, 42.71757507324219, 7.06475567817688 
714, 42.72001647949219, 7.52778434753418 
715, 42.815673828125, 7.537579536437988 
716, 42.88010025024414, 7.4734718799591064 
717, 42.98451614379883, 7.912947654724121 
718, 42.990196228027344, 7.477461099624634 
719, 43.06939697265625, 7.741137981414795 
720, 43.06869125366211, 7.717658996582031 
721, 43.213890075683594, 7.8129167556762695 
722, 43.154876708984375, 7.512922048568726 
723, 43.245079040527344, 7.543219804763794 
724, 43.19114685058594, 8.519543170928955 
725, 43.08456802368164, 7.632520437240601 
726, 43.0907096862793, 7.160546541213989 
727, 43.02603530883789, 7.344121932983398 
728, 43.076515197753906, 7.7318360805511475 
729, 43.16518020629883, 7.885486125946045 
730, 43.128414154052734, 7.96255087852478 
731, 43.205047607421875, 7.936359167098999 
732, 43.219581604003906, 7.681055068969727 
733, 43.26788330078125, 8.098744630813599 
734, 43.260860443115234, 7.418431043624878 
735, 43.51670837402344, 8.560178995132446 
736, 43.6271858215332, 7.674388408660889 
737, 43.74403381347656, 7.9475250244140625 
738, 43.73442840576172, 7.534363269805908 
739, 43.85304260253906, 7.505225896835327 
740, 43.90907287597656, 7.576027870178223 
741, 43.83075714111328, 7.396542072296143 
742, 43.88223648071289, 7.480053424835205 
743, 43.91598129272461, 8.124053716659546 
744, 43.9564094543457, 7.463597059249878 
745, 43.89470672607422, 7.862112522125244 
746, 43.86351776123047, 7.582051038742065 
747, 43.884422302246094, 7.17608904838562 
748, 43.86850357055664, 7.850635528564453 
749, 43.815757751464844, 7.750660419464111 
750, 43.90725326538086, 7.704153060913086 
751, 43.84998321533203, 7.684433221817017 
752, 43.85338592529297, 8.063257932662964 
753, 43.92908477783203, 7.684676170349121 
754, 43.93027114868164, 7.665214538574219 
755, 44.076202392578125, 7.710236549377441 
756, 44.028167724609375, 7.302406072616577 
757, 44.16144561767578, 7.275086879730225 
758, 44.10350799560547, 7.273829936981201 
759, 44.089569091796875, 9.88972544670105 
760, 44.19364547729492, 87.99758839607239 
761, 44.21577453613281, 9.937976598739624 
762, 44.174354553222656, 7.621517658233643 
763, 44.21514129638672, 7.69379186630249 
764, 44.190162658691406, 7.591153144836426 
765, 43.0623779296875, 6.761662244796753 
766, 44.211883544921875, 7.409051179885864 
767, 44.203346252441406, 7.401014566421509 
768, 44.085479736328125, 7.52098274230957 
769, 44.0863151550293, 7.672940969467163 
770, 44.138572692871094, 7.411404132843018 
771, 44.14305114746094, 7.607163190841675 
772, 44.09525680541992, 7.676796197891235 
773, 44.15298080444336, 7.154028654098511 
774, 44.163368225097656, 7.2339630126953125 
775, 44.280059814453125, 7.378780126571655 
776, 44.20794677734375, 7.792398929595947 
777, 44.158203125, 7.460293292999268 
778, 44.111881256103516, 7.070156097412109 
779, 43.98152160644531, 7.143624782562256 
780, 44.012290954589844, 7.088343143463135 
781, 43.955238342285156, 7.484327554702759 
782, 43.93379211425781, 7.934506893157959 
783, 43.91294479370117, 8.18076777458191 
784, 43.726318359375, 7.267788410186768 
785, 43.7597541809082, 8.205374002456665 
786, 43.667598724365234, 7.424340009689331 
787, 43.66448211669922, 7.441343307495117 
788, 43.79842758178711, 7.672534465789795 
789, 43.815982818603516, 7.3633646965026855 
790, 43.76572799682617, 7.331822156906128 
791, 43.82554244995117, 7.864076614379883 
792, 43.80937957763672, 7.502210855484009 
793, 43.80299377441406, 7.634552001953125 
794, 43.67283630371094, 7.513152599334717 
795, 43.68769836425781, 7.530690431594849 
796, 43.76821517944336, 7.750014066696167 
797, 43.7368278503418, 7.4550557136535645 
798, 43.722877502441406, 7.583342552185059 
799, 43.72825622558594, 6.987642049789429 
800, 43.759735107421875, 7.185446262359619 
801, 43.75431442260742, 7.527312278747559 
802, 43.80909729003906, 7.259064674377441 
803, 43.803531646728516, 7.27085280418396 
804, 43.74006652832031, 7.1770594120025635 
805, 43.728206634521484, 7.072243690490723 
806, 43.73146057128906, 7.331918239593506 
807, 43.73060989379883, 7.683557033538818 
808, 43.63627243041992, 7.368576526641846 
809, 43.64942932128906, 7.313339948654175 
810, 43.64832305908203, 7.1073009967803955 
811, 43.67293167114258, 7.019733190536499 
812, 43.46544647216797, 7.056239366531372 
813, 43.388816833496094, 7.538336515426636 
814, 43.436859130859375, 7.393858909606934 
815, 43.38665008544922, 7.013853549957275 
816, 43.43463897705078, 6.934380531311035 
817, 43.46637725830078, 6.995515584945679 
818, 43.35108947753906, 7.347459077835083 
819, 43.35079574584961, 7.095318555831909 
820, 42.84543991088867, 6.943767786026001 
821, 43.602333068847656, 6.9339399337768555 
822, 43.4267463684082, 7.188488721847534 
823, 43.365821838378906, 7.084181070327759 
824, 43.39476776123047, 7.498368740081787 
825, 43.454986572265625, 7.487286329269409 
826, 43.47134780883789, 7.577143907546997 
827, 43.37457275390625, 7.7145326137542725 
828, 43.329673767089844, 7.417872428894043 
829, 43.38632583618164, 7.459532737731934 
830, 43.36537170410156, 7.077974319458008 
831, 43.412353515625, 7.273630619049072 
832, 43.41631317138672, 6.91858434677124 
833, 43.3519401550293, 7.288355350494385 
834, 43.41551971435547, 7.028698205947876 
835, 43.39923858642578, 6.859678745269775 
836, 43.35663604736328, 7.028329133987427 
837, 43.38429260253906, 7.044991970062256 
838, 43.2998046875, 6.6296775341033936 
839, 43.334224700927734, 6.725617408752441 
840, 43.35040283203125, 6.4675867557525635 
841, 43.37237548828125, 6.779359817504883 
842, 43.38436508178711, 6.775422811508179 
843, 43.3939208984375, 6.946280002593994 
844, 43.44095230102539, 6.72634744644165 
845, 43.456687927246094, 7.411268711090088 
846, 43.558502197265625, 7.081432104110718 
847, 43.60981750488281, 7.1370368003845215 
848, 43.615570068359375, 6.898401498794556 
849, 43.615257263183594, 6.852786064147949 
850, 43.58960723876953, 6.886813163757324 
851, 43.69091796875, 7.056102275848389 
852, 43.70470428466797, 7.178118705749512 
853, 44.07732391357422, 6.968535900115967 
854, 44.02903366088867, 7.445475816726685 
855, 43.82621765136719, 7.27612042427063 
856, 43.93523406982422, 6.9118125438690186 
857, 43.921749114990234, 7.784008264541626 
858, 43.99957275390625, 7.20536732673645 
859, 43.98448181152344, 7.07490873336792 
860, 43.88275909423828, 6.968967437744141 
861, 43.97539520263672, 7.5972676277160645 
862, 44.04191589355469, 6.711977481842041 
863, 44.12333679199219, 7.201133966445923 
864, 44.1141357421875, 6.848499059677124 
865, 44.103302001953125, 6.553918123245239 
866, 44.18844985961914, 6.578654527664185 
867, 44.21160888671875, 6.739731311798096 
868, 44.072784423828125, 7.664543151855469 
869, 44.12607955932617, 7.037693977355957 
870, 44.03224182128906, 6.6087119579315186 
871, 44.02700424194336, 6.529388427734375 
872, 44.043601989746094, 6.668472051620483 
873, 43.999755859375, 7.001648664474487 
874, 43.91421890258789, 7.436163425445557 
875, 43.86271667480469, 6.467257261276245 
876, 43.83148956298828, 7.591947317123413 
877, 43.7123908996582, 7.9778478145599365 
878, 43.716575622558594, 7.144261121749878 
879, 43.66773223876953, 6.643628835678101 
880, 43.69336700439453, 6.706232070922852 
881, 43.71739196777344, 7.056028604507446 
882, 43.676509857177734, 7.068360328674316 
883, 43.692230224609375, 6.925374746322632 
884, 43.6409797668457, 6.866771221160889 
885, 43.67253494262695, 6.714462757110596 
886, 43.74363327026367, 6.7623186111450195 
887, 43.789764404296875, 6.933812141418457 
888, 43.692604064941406, 6.857069969177246 
889, 43.68772506713867, 6.873291730880737 
890, 43.704647064208984, 6.7032294273376465 
891, 43.705928802490234, 6.740723133087158 
892, 43.78128433227539, 6.753282308578491 
893, 43.84256362915039, 7.492169380187988 
894, 43.987403869628906, 7.0466156005859375 
895, 44.016292572021484, 6.927832365036011 
896, 44.10344314575195, 6.8984997272491455 
897, 44.1832389831543, 7.052724599838257 
898, 44.28508758544922, 6.969160079956055 
899, 44.30113220214844, 6.856381416320801 
900, 44.37504577636719, 7.247537612915039 
901, 44.53529357910156, 6.954974174499512 
902, 44.57370376586914, 7.099386215209961 
903, 44.648963928222656, 6.8197667598724365 
904, 44.660438537597656, 7.370599985122681 
905, 44.67436981201172, 7.004382848739624 
906, 44.73906707763672, 6.900572061538696 
907, 44.682701110839844, 6.6971540451049805 
908, 44.82253646850586, 6.851766109466553 
909, 45.103912353515625, 6.750980854034424 
910, 44.96136474609375, 6.97466516494751 
911, 45.07344055175781, 6.719195127487183 
912, 45.200767517089844, 6.943950653076172 
913, 45.1627082824707, 6.793863296508789 
914, 45.23749923706055, 7.104841947555542 
915, 45.26480484008789, 6.780231475830078 
916, 45.309104919433594, 7.041669130325317 
917, 45.31086349487305, 7.025188207626343 
918, 45.30467987060547, 6.802794933319092 
919, 45.33805465698242, 6.872700452804565 
920, 45.415565490722656, 6.891471862792969 
921, 45.506370544433594, 6.968916893005371 
922, 45.456764221191406, 6.9774229526519775 
923, 45.54719543457031, 6.9994096755981445 
924, 45.6396598815918, 6.900310754776001 
925, 45.70110321044922, 6.750821828842163 
926, 45.62458801269531, 6.675315618515015 
927, 45.6318359375, 7.069435119628906 
928, 45.79536437988281, 7.041303873062134 
929, 45.828392028808594, 6.9997477531433105 
930, 45.94414138793945, 6.789611339569092 
931, 46.0648307800293, 6.770782709121704 
932, 46.07942581176758, 7.65811562538147 
933, 46.25422286987305, 6.7593934535980225 
934, 46.201377868652344, 6.992235422134399 
935, 46.2684326171875, 6.9280359745025635 
936, 46.310115814208984, 7.506368637084961 
937, 46.399513244628906, 6.945744752883911 
938, 46.39696502685547, 7.7253336906433105 
939, 46.32683563232422, 6.770464897155762 
940, 46.383785247802734, 6.8964056968688965 
941, 46.41548538208008, 7.525520324707031 
942, 46.357486724853516, 7.97879433631897 
943, 46.62089538574219, 6.694849491119385 
944, 46.272884368896484, 7.244064807891846 
945, 46.299400329589844, 7.087684869766235 
946, 46.2187614440918, 6.919660568237305 
947, 46.19817352294922, 7.8488099575042725 
948, 46.11022186279297, 8.00867247581482 
949, 46.08443069458008, 7.10732364654541 
950, 46.01816177368164, 7.010304927825928 
951, 46.03485870361328, 7.570483684539795 
952, 45.99279022216797, 7.097252607345581 
953, 45.91236114501953, 6.612651348114014 
954, 45.94478225708008, 6.743057489395142 
955, 45.93962860107422, 6.817800283432007 
956, 45.862632751464844, 6.9000866413116455 
957, 45.831565856933594, 7.264651298522949 
958, 45.74633026123047, 7.186453342437744 
959, 45.72292709350586, 7.09198522567749 
960, 45.631351470947266, 7.0842108726501465 
961, 45.506439208984375, 6.8585240840911865 
962, 45.50310134887695, 7.389764308929443 
963, 45.382789611816406, 6.9824323654174805 
964, 45.48084259033203, 6.9762396812438965 
965, 45.44969940185547, 6.885915279388428 
966, 45.35913848876953, 6.981383323669434 
967, 45.39841079711914, 7.063620567321777 
968, 45.383419036865234, 6.955834627151489 
969, 45.363868713378906, 6.937488794326782 
970, 45.334678649902344, 7.0409016609191895 
971, 45.463539123535156, 6.863410472869873 
972, 45.52734375, 6.947246551513672 
973, 45.66577911376953, 6.829099178314209 
974, 45.704132080078125, 7.062155485153198 
975, 45.95298385620117, 7.252232074737549 
976, 45.900630950927734, 7.495256423950195 
977, 46.046897888183594, 7.552206516265869 
978, 46.088008880615234, 7.286093235015869 
979, 46.22443389892578, 7.192256212234497 
980, 46.262393951416016, 7.206605911254883 
981, 46.30778884887695, 7.318305969238281 
982, 46.38603973388672, 6.977065801620483 
983, 46.39982986450195, 7.1477720737457275 
984, 46.532527923583984, 7.268918991088867 
985, 46.624900817871094, 7.381680011749268 
986, 46.66214370727539, 7.11316990852356 
987, 46.69011688232422, 7.229985952377319 
988, 46.70085144042969, 6.986127138137817 
989, 46.44487380981445, 7.649787187576294 
990, 46.77366256713867, 8.018241882324219 
991, 46.82783126831055, 7.341777324676514 
992, 46.88902282714844, 6.864947319030762 
993, 46.83526611328125, 7.116869688034058 
994, 46.90047836303711, 7.030517578125 
995, 46.860687255859375, 7.088421583175659 
996, 46.84954071044922, 6.841710805892944 
997, 46.9749755859375, 6.9144017696380615 
998, 47.042869567871094, 6.809335947036743 
999, 46.90711212158203, 6.838174104690552 
