Iteration, loss, time 
0, 1.4954578876495361, 7.083539724349976 
1, 1.5293221473693848, 6.911927223205566 
2, 1.5364203453063965, 6.5290844440460205 
3, 1.5610828399658203, 6.7780821323394775 
4, 1.5928460359573364, 6.585317850112915 
5, 1.5767841339111328, 6.40885329246521 
6, 1.606421947479248, 6.463284969329834 
7, 1.63687002658844, 6.499973297119141 
8, 1.6713955402374268, 6.823622941970825 
9, 1.667181372642517, 6.560651779174805 
10, 1.6807727813720703, 6.486015796661377 
11, 1.702768325805664, 6.562965631484985 
12, 1.7084581851959229, 6.8221824169158936 
13, 1.72454035282135, 6.799261808395386 
14, 1.7393732070922852, 6.4903564453125 
15, 1.734243631362915, 6.943360090255737 
16, 1.774958610534668, 6.907816648483276 
17, 1.7751259803771973, 6.837877035140991 
18, 1.7976393699645996, 6.451226234436035 
19, 1.8082859516143799, 6.823134422302246 
20, 1.8334381580352783, 6.806656360626221 
21, 1.8276622295379639, 6.457913160324097 
22, 1.865229606628418, 6.711223602294922 
23, 1.890773057937622, 6.730719804763794 
24, 1.900578498840332, 6.6974568367004395 
25, 1.9012895822525024, 6.734638214111328 
26, 1.926110863685608, 6.315042972564697 
27, 1.909850001335144, 6.4018707275390625 
28, 1.932521939277649, 6.522024154663086 
29, 1.9074859619140625, 6.378700256347656 
30, 1.9368634223937988, 6.529165983200073 
31, 1.9334949254989624, 6.554692983627319 
32, 1.947990894317627, 6.529865264892578 
33, 1.9555976390838623, 6.5764830112457275 
34, 1.9614028930664062, 6.584996461868286 
35, 1.9732792377471924, 6.506308078765869 
36, 1.9556962251663208, 6.604570150375366 
37, 1.9758131504058838, 6.604977607727051 
38, 1.9795018434524536, 6.582926034927368 
39, 2.003051519393921, 6.401546955108643 
40, 2.0135412216186523, 6.55664324760437 
41, 2.030555009841919, 6.608492374420166 
42, 2.036160945892334, 6.5967631340026855 
43, 2.054263114929199, 6.612449645996094 
44, 2.0603253841400146, 6.5675036907196045 
45, 2.082798957824707, 6.503765344619751 
46, 2.078141689300537, 6.5756988525390625 
47, 2.118236780166626, 6.52998161315918 
48, 2.137225866317749, 6.544528484344482 
49, 2.126491069793701, 6.466717481613159 
50, 2.1333367824554443, 6.486296892166138 
51, 2.165621280670166, 6.468090295791626 
52, 2.1592695713043213, 6.766615152359009 
53, 2.1873486042022705, 6.578192472457886 
54, 2.1970653533935547, 6.625914096832275 
55, 2.2231128215789795, 6.444540739059448 
56, 2.2361092567443848, 6.441249132156372 
57, 2.262622594833374, 6.622379541397095 
58, 2.2677462100982666, 6.5747904777526855 
59, 2.298157215118408, 6.583086013793945 
60, 2.311514139175415, 6.643024682998657 
61, 2.3202621936798096, 6.577873468399048 
62, 2.3428680896759033, 6.448374271392822 
63, 2.3742737770080566, 6.54864501953125 
64, 2.3827600479125977, 6.534045934677124 
65, 2.387087821960449, 6.580768585205078 
66, 2.4001810550689697, 6.487974643707275 
67, 2.420562982559204, 6.551036834716797 
68, 2.436518669128418, 6.648466110229492 
69, 2.4627177715301514, 6.572723388671875 
70, 2.461386203765869, 6.572488069534302 
71, 2.4844813346862793, 6.5280516147613525 
72, 2.485870122909546, 6.5487329959869385 
73, 2.5210940837860107, 6.54594612121582 
74, 2.554206371307373, 6.472118854522705 
75, 2.5189990997314453, 6.385249853134155 
76, 2.558415174484253, 6.512403249740601 
77, 2.582580804824829, 6.394390821456909 
78, 2.5851471424102783, 6.52126145362854 
79, 2.6141629219055176, 6.533751010894775 
80, 2.610799551010132, 6.532504558563232 
81, 2.6292548179626465, 6.375974655151367 
82, 2.6457090377807617, 6.47614860534668 
83, 2.6677396297454834, 6.447683572769165 
84, 2.667447805404663, 6.449243783950806 
85, 2.6794769763946533, 6.492985248565674 
86, 2.717637062072754, 6.497164726257324 
87, 2.731569290161133, 6.529448986053467 
88, 2.7306065559387207, 6.474198341369629 
89, 2.7327778339385986, 6.562654256820679 
90, 2.758620262145996, 6.5024189949035645 
91, 2.76285719871521, 6.548550367355347 
92, 2.7869839668273926, 6.580877065658569 
93, 2.8200013637542725, 6.324966907501221 
94, 2.825834274291992, 6.682414293289185 
95, 2.825225830078125, 6.759240627288818 
96, 2.8553147315979004, 6.436439275741577 
97, 2.842271566390991, 6.655813932418823 
98, 2.8636040687561035, 6.41494083404541 
99, 2.888428211212158, 6.646847486495972 
100, 2.903980016708374, 6.545612573623657 
101, 2.9326982498168945, 6.363647222518921 
102, 2.9333670139312744, 6.6045660972595215 
103, 2.9400792121887207, 6.459466457366943 
104, 2.960413694381714, 6.498378276824951 
105, 2.9681763648986816, 6.277714490890503 
106, 2.9855144023895264, 6.5042314529418945 
107, 2.998159885406494, 6.367483615875244 
108, 3.032017707824707, 6.488688230514526 
109, 3.044513463973999, 6.474512577056885 
110, 3.0521950721740723, 6.499579191207886 
111, 3.0581934452056885, 6.383577346801758 
112, 3.0986571311950684, 6.497725963592529 
113, 3.1154775619506836, 6.520184278488159 
114, 3.120433807373047, 6.40757417678833 
115, 3.1286203861236572, 6.390601873397827 
116, 3.1432127952575684, 6.4391539096832275 
117, 3.159536123275757, 6.457587718963623 
118, 3.2017462253570557, 6.4645936489105225 
119, 3.2218971252441406, 6.410134792327881 
120, 3.246614933013916, 6.45644211769104 
121, 3.2417588233947754, 6.682820558547974 
122, 3.285134792327881, 6.444177150726318 
123, 3.275207281112671, 6.524808883666992 
124, 3.323240280151367, 6.570767641067505 
125, 3.3431801795959473, 6.530173063278198 
126, 3.3394875526428223, 6.440090894699097 
127, 3.376132011413574, 6.652140140533447 
128, 3.3956079483032227, 6.490086078643799 
129, 3.4346699714660645, 6.430041074752808 
130, 3.4275009632110596, 6.379753589630127 
131, 3.465482711791992, 6.435154914855957 
132, 3.4752063751220703, 6.431779623031616 
133, 3.4844868183135986, 6.405298709869385 
134, 3.510249614715576, 6.3475446701049805 
135, 3.5427565574645996, 6.271274089813232 
136, 3.5825507640838623, 6.31511664390564 
137, 3.5806772708892822, 6.418392658233643 
138, 3.611407995223999, 6.37736439704895 
139, 3.648611545562744, 6.586891412734985 
140, 3.6639113426208496, 6.283473014831543 
141, 3.69685435295105, 6.52022910118103 
142, 3.716538906097412, 6.275409698486328 
143, 3.7492542266845703, 6.583477258682251 
144, 3.7712957859039307, 6.247648000717163 
145, 3.8092353343963623, 6.310490608215332 
146, 3.8213179111480713, 6.372864007949829 
147, 3.873684883117676, 6.355025053024292 
148, 3.8886399269104004, 6.248568534851074 
149, 3.9011144638061523, 6.690310001373291 
150, 3.9429895877838135, 6.333828449249268 
151, 3.996657609939575, 6.377511262893677 
152, 3.990701913833618, 6.34143590927124 
153, 4.0392866134643555, 6.275113344192505 
154, 4.055270195007324, 6.481328010559082 
155, 4.112578868865967, 6.462864637374878 
156, 4.128363609313965, 6.517646074295044 
157, 4.177715301513672, 6.366847515106201 
158, 4.213195323944092, 6.337362766265869 
159, 4.2187652587890625, 6.421825170516968 
160, 4.2836809158325195, 6.727046728134155 
161, 4.291994094848633, 6.4673192501068115 
162, 4.358666896820068, 6.4471776485443115 
163, 4.380993843078613, 6.569969177246094 
164, 4.432133674621582, 6.376084089279175 
165, 4.442420959472656, 6.44032096862793 
166, 4.459962368011475, 6.524479150772095 
167, 4.521318435668945, 6.6603944301605225 
168, 4.554405212402344, 6.54117226600647 
169, 4.5993757247924805, 6.581866502761841 
170, 4.657149314880371, 6.574000597000122 
171, 4.680382251739502, 6.763396263122559 
172, 4.73615837097168, 6.471442699432373 
173, 4.756072044372559, 6.50488805770874 
174, 4.784894943237305, 6.424315452575684 
175, 4.83897590637207, 6.5967793464660645 
176, 4.890572547912598, 6.453302621841431 
177, 4.8876237869262695, 6.491520643234253 
178, 4.936600685119629, 6.508879899978638 
179, 4.979647159576416, 6.522653341293335 
180, 5.00883674621582, 6.560792446136475 
181, 5.049253463745117, 6.698356866836548 
182, 5.0742082595825195, 6.4183948040008545 
183, 5.107535362243652, 6.535040378570557 
184, 5.1595458984375, 6.4288246631622314 
185, 5.204575538635254, 6.474763870239258 
186, 5.23350715637207, 6.437474012374878 
187, 5.285588264465332, 6.581013202667236 
188, 5.309604644775391, 6.444447994232178 
189, 5.368638038635254, 6.426677465438843 
190, 5.436820983886719, 6.6031036376953125 
191, 5.453140735626221, 6.444482326507568 
192, 5.501278877258301, 6.499746322631836 
193, 5.566411972045898, 6.300454139709473 
194, 5.612961769104004, 6.579798936843872 
195, 5.670346260070801, 6.522904396057129 
196, 5.730573654174805, 6.519455671310425 
197, 5.773633003234863, 6.518776893615723 
198, 5.835329532623291, 6.316486358642578 
199, 5.868682861328125, 6.532236576080322 
200, 5.930234909057617, 6.46927285194397 
201, 5.984762668609619, 6.657027959823608 
202, 6.044952869415283, 6.514561653137207 
203, 6.110832691192627, 6.649115324020386 
204, 6.175248622894287, 6.559288740158081 
205, 6.204141616821289, 6.698886394500732 
206, 6.26359224319458, 6.516562223434448 
207, 6.32466983795166, 6.66344952583313 
208, 6.382179260253906, 6.435037612915039 
209, 6.437986373901367, 6.6777355670928955 
210, 6.494645595550537, 6.468895196914673 
211, 6.551170349121094, 6.506079912185669 
212, 6.602755546569824, 6.474305868148804 
213, 6.64851713180542, 6.7400429248809814 
214, 6.745602130889893, 6.520047187805176 
215, 6.7755537033081055, 6.6113927364349365 
216, 6.849332809448242, 6.616620302200317 
217, 6.900406837463379, 6.501985549926758 
218, 6.938233375549316, 6.49829363822937 
219, 7.012209892272949, 6.669550657272339 
220, 7.059050559997559, 6.380782842636108 
221, 7.120519638061523, 6.4686973094940186 
222, 7.168697357177734, 6.5068840980529785 
223, 7.2595672607421875, 6.546127557754517 
224, 7.322121620178223, 6.456233978271484 
225, 7.382415771484375, 6.477548360824585 
226, 7.488152503967285, 6.822737216949463 
227, 7.541136741638184, 6.78200364112854 
228, 7.594693183898926, 6.534020900726318 
229, 7.686854839324951, 6.4918293952941895 
230, 7.712953090667725, 6.474041938781738 
231, 7.803342819213867, 6.557114362716675 
232, 7.868141174316406, 6.617630481719971 
233, 7.950384140014648, 6.473357677459717 
234, 7.995159149169922, 6.4471752643585205 
235, 8.040223121643066, 6.406727313995361 
236, 8.102599143981934, 6.489530801773071 
237, 8.186454772949219, 6.328928709030151 
238, 8.23122787475586, 6.448097467422485 
239, 8.305299758911133, 6.287642955780029 
240, 8.382116317749023, 6.34879732131958 
241, 8.478793144226074, 6.523854732513428 
242, 8.563446044921875, 6.453415632247925 
243, 8.652817726135254, 6.319715261459351 
244, 8.715307235717773, 6.346884727478027 
245, 8.820457458496094, 6.3327858448028564 
246, 8.897331237792969, 6.359033107757568 
247, 8.970377922058105, 6.360697984695435 
248, 9.049211502075195, 6.479418992996216 
249, 9.156990051269531, 6.405914545059204 
250, 9.273368835449219, 6.5096094608306885 
251, 9.362817764282227, 6.547624349594116 
252, 9.483541488647461, 6.475481748580933 
253, 9.568811416625977, 6.5123841762542725 
254, 9.658058166503906, 6.814302444458008 
255, 9.733434677124023, 6.596007823944092 
256, 9.854084968566895, 6.67267370223999 
257, 9.946839332580566, 6.954079627990723 
258, 10.037954330444336, 6.558680295944214 
259, 10.15087604522705, 6.5433104038238525 
260, 10.238718032836914, 6.432782411575317 
261, 10.322039604187012, 6.562856674194336 
262, 10.41950798034668, 6.451560735702515 
263, 10.549356460571289, 6.815756320953369 
264, 10.639494895935059, 6.686135292053223 
265, 10.756359100341797, 6.862405061721802 
266, 10.835936546325684, 6.760582208633423 
267, 10.942056655883789, 6.765767335891724 
268, 11.021153450012207, 6.7249109745025635 
269, 11.168442726135254, 6.67917275428772 
270, 11.247106552124023, 6.617722511291504 
271, 11.325889587402344, 6.526940584182739 
272, 11.468605995178223, 6.414114236831665 
273, 11.55472183227539, 6.410887718200684 
274, 11.655802726745605, 6.6014978885650635 
275, 11.757630348205566, 6.754030227661133 
276, 11.828922271728516, 6.675816297531128 
277, 11.94263744354248, 7.053795337677002 
278, 12.054056167602539, 6.822547912597656 
279, 12.152223587036133, 6.8260886669158936 
280, 12.219366073608398, 6.574756860733032 
281, 12.375749588012695, 6.744093418121338 
282, 12.430281639099121, 6.647074460983276 
283, 12.53729248046875, 6.693131923675537 
284, 12.659770965576172, 6.579162359237671 
285, 12.728673934936523, 6.573574066162109 
286, 12.875848770141602, 6.66986346244812 
287, 12.966588973999023, 6.782242298126221 
288, 13.024128913879395, 6.477381706237793 
289, 13.165423393249512, 6.657840728759766 
290, 13.2636137008667, 6.986142158508301 
291, 13.364198684692383, 6.6098878383636475 
292, 13.457993507385254, 6.654151916503906 
293, 13.558998107910156, 6.70828104019165 
294, 13.696497917175293, 6.733717679977417 
295, 13.769113540649414, 6.814487457275391 
296, 13.876495361328125, 6.793733835220337 
297, 14.013885498046875, 6.875186443328857 
298, 14.096075057983398, 6.783193588256836 
299, 14.160338401794434, 6.644503593444824 
300, 14.266243934631348, 6.958970546722412 
301, 14.367324829101562, 6.977584362030029 
302, 14.449871063232422, 6.732566595077515 
303, 14.523150444030762, 6.9880030155181885 
304, 14.622808456420898, 6.594692945480347 
305, 14.734672546386719, 7.060517311096191 
306, 14.776771545410156, 6.516584634780884 
307, 14.926215171813965, 7.145898342132568 
308, 14.993369102478027, 6.559693336486816 
309, 15.129682540893555, 6.93005108833313 
310, 15.196768760681152, 6.670626401901245 
311, 15.272536277770996, 6.768554449081421 
312, 15.332597732543945, 6.835254669189453 
313, 15.434057235717773, 6.832040548324585 
314, 15.615839958190918, 6.733295440673828 
315, 15.660957336425781, 6.913227319717407 
316, 15.738262176513672, 6.82109260559082 
317, 15.85837173461914, 6.853423595428467 
318, 15.922318458557129, 6.651211500167847 
319, 16.021669387817383, 6.756428480148315 
320, 16.11379051208496, 6.693617582321167 
321, 16.221996307373047, 6.5526955127716064 
322, 16.256811141967773, 6.728659629821777 
323, 16.376253128051758, 6.564774990081787 
324, 16.454559326171875, 6.834036111831665 
325, 16.510366439819336, 6.9866859912872314 
326, 16.58146858215332, 6.738796234130859 
327, 16.70635986328125, 6.864272594451904 
328, 16.720319747924805, 6.5800371170043945 
329, 16.839797973632812, 6.919685363769531 
330, 16.91924476623535, 6.637751340866089 
331, 16.990367889404297, 6.771727800369263 
332, 17.072635650634766, 6.713785171508789 
333, 17.120399475097656, 6.771286249160767 
334, 17.1335506439209, 6.696337938308716 
335, 17.28064727783203, 6.921588182449341 
336, 17.29888153076172, 7.021125555038452 
337, 17.37055778503418, 7.096003293991089 
338, 17.476364135742188, 6.911378622055054 
339, 17.548044204711914, 7.414512634277344 
340, 17.635345458984375, 7.244715690612793 
341, 17.623430252075195, 6.677795886993408 
342, 17.659887313842773, 6.849063158035278 
343, 17.706804275512695, 7.2483720779418945 
344, 17.782499313354492, 7.141280174255371 
345, 17.82493782043457, 7.287058115005493 
346, 17.87286949157715, 7.190887212753296 
347, 17.910503387451172, 6.95659875869751 
348, 17.9280948638916, 6.885436534881592 
349, 17.934741973876953, 6.880179405212402 
350, 17.990394592285156, 6.854466676712036 
351, 17.983840942382812, 6.826710939407349 
352, 18.068679809570312, 6.773512363433838 
353, 18.059181213378906, 6.757667064666748 
354, 18.140506744384766, 6.873662948608398 
355, 18.177003860473633, 6.741715908050537 
356, 18.204219818115234, 6.887984037399292 
357, 18.30112075805664, 6.677708387374878 
358, 18.32182502746582, 6.5964882373809814 
359, 18.334049224853516, 6.528120756149292 
360, 18.38255500793457, 6.610822677612305 
361, 18.405424118041992, 6.586369037628174 
362, 18.396892547607422, 6.39893651008606 
363, 18.41478157043457, 6.622807741165161 
364, 18.417522430419922, 6.8388872146606445 
365, 18.466753005981445, 6.662452459335327 
366, 18.45201301574707, 6.672405242919922 
367, 18.446285247802734, 6.7101640701293945 
368, 18.435060501098633, 6.448806524276733 
369, 18.469131469726562, 6.5606865882873535 
370, 18.397315979003906, 6.555060386657715 
371, 18.38963508605957, 6.421203136444092 
372, 18.39582061767578, 6.5894060134887695 
373, 18.323711395263672, 6.437232732772827 
374, 18.330415725708008, 6.620164394378662 
375, 18.18400764465332, 6.313931703567505 
376, 18.247323989868164, 6.591037034988403 
377, 18.186006546020508, 6.530672550201416 
378, 18.13649559020996, 6.4913036823272705 
379, 18.059785842895508, 6.692774057388306 
380, 18.00748062133789, 6.493211269378662 
381, 17.997947692871094, 6.643385410308838 
382, 17.879554748535156, 6.656263589859009 
383, 17.84068489074707, 6.484145641326904 
384, 17.740915298461914, 6.770953178405762 
385, 17.658710479736328, 6.7475996017456055 
386, 17.587251663208008, 6.538684129714966 
387, 17.53845977783203, 6.525136709213257 
388, 17.42355728149414, 6.700542688369751 
389, 17.34157943725586, 6.433995008468628 
390, 17.204524993896484, 6.564317464828491 
391, 17.113937377929688, 6.704806804656982 
392, 16.95153045654297, 6.680906534194946 
393, 16.872825622558594, 6.4148664474487305 
394, 16.729829788208008, 6.490577936172485 
395, 16.578243255615234, 6.600532293319702 
396, 16.484363555908203, 6.397634029388428 
397, 16.344398498535156, 6.250844478607178 
398, 16.228729248046875, 6.485183477401733 
399, 16.098031997680664, 6.342058897018433 
400, 15.945230484008789, 6.271135330200195 
401, 15.730508804321289, 6.2527689933776855 
402, 15.627985000610352, 6.073680877685547 
403, 15.44008731842041, 6.353593349456787 
404, 15.314912796020508, 6.117966413497925 
405, 15.12104320526123, 6.366974353790283 
406, 14.967891693115234, 6.324564456939697 
407, 14.784019470214844, 6.253319263458252 
408, 14.635576248168945, 6.346823692321777 
409, 14.434854507446289, 6.182056665420532 
410, 14.253044128417969, 6.2600603103637695 
411, 14.107152938842773, 6.375780820846558 
412, 13.932575225830078, 6.275788307189941 
413, 13.77410888671875, 6.262116193771362 
414, 14.236499786376953, 6.138717889785767 
415, 13.49051284790039, 6.4353601932525635 
416, 13.359125137329102, 6.552454710006714 
417, 13.225257873535156, 6.520890474319458 
418, 13.125312805175781, 6.47603178024292 
419, 13.013952255249023, 6.471566200256348 
420, 12.912484169006348, 6.562678337097168 
421, 12.833542823791504, 6.691566228866577 
422, 12.7455472946167, 6.608653783798218 
423, 12.630064010620117, 6.384670734405518 
424, 12.573358535766602, 6.3735527992248535 
425, 12.492429733276367, 6.49417519569397 
426, 12.447945594787598, 6.559873104095459 
427, 12.403505325317383, 6.386587142944336 
428, 12.300823211669922, 6.359670639038086 
429, 12.242794036865234, 6.504456043243408 
430, 12.20056438446045, 6.410073757171631 
431, 12.14248275756836, 6.4375364780426025 
432, 12.05504035949707, 6.602806568145752 
433, 12.031806945800781, 6.711403131484985 
434, 11.99648666381836, 6.556776762008667 
435, 11.911383628845215, 6.370417833328247 
436, 11.882097244262695, 6.437031984329224 
437, 11.826358795166016, 6.474363565444946 
438, 11.785083770751953, 6.5068464279174805 
439, 11.760297775268555, 6.370149612426758 
440, 11.690617561340332, 6.338203191757202 
441, 11.604321479797363, 6.245017051696777 
442, 11.590160369873047, 6.4266579151153564 
443, 11.577600479125977, 6.330508470535278 
444, 11.562361717224121, 6.425284147262573 
445, 11.46348762512207, 6.427704095840454 
446, 11.479183197021484, 6.305475950241089 
447, 11.428762435913086, 6.428049087524414 
448, 11.357038497924805, 6.204513788223267 
449, 11.347359657287598, 6.373351335525513 
450, 11.29572582244873, 6.313466310501099 
451, 11.270874977111816, 6.222204923629761 
452, 11.24177360534668, 6.276366710662842 
453, 11.199703216552734, 6.108657360076904 
454, 11.174776077270508, 6.286961555480957 
455, 11.137372970581055, 6.096699237823486 
456, 11.114164352416992, 6.292179107666016 
457, 11.085845947265625, 6.301811695098877 
458, 11.012239456176758, 6.463105201721191 
459, 11.014379501342773, 6.106062173843384 
460, 10.993965148925781, 6.233518600463867 
461, 10.955869674682617, 6.301501274108887 
462, 10.929903984069824, 6.078810691833496 
463, 10.906866073608398, 6.253282308578491 
464, 10.88425350189209, 6.2118821144104 
465, 10.848258972167969, 6.1381072998046875 
466, 10.845060348510742, 6.0557332038879395 
467, 10.797142028808594, 6.162302494049072 
468, 10.754714012145996, 6.200622081756592 
469, 10.767814636230469, 6.248917579650879 
470, 10.742475509643555, 6.448721885681152 
471, 10.715142250061035, 6.562610626220703 
472, 10.682841300964355, 6.360124588012695 
473, 10.643775939941406, 6.516261100769043 
474, 10.631061553955078, 6.48652720451355 
475, 10.581779479980469, 6.370915174484253 
476, 10.591882705688477, 6.609441518783569 
477, 10.550467491149902, 6.451207637786865 
478, 10.530911445617676, 6.921037912368774 
479, 10.49022102355957, 6.75348162651062 
480, 10.451026916503906, 6.604212284088135 
481, 10.404024124145508, 6.6833367347717285 
482, 10.416717529296875, 6.77026104927063 
483, 10.40498161315918, 7.226738452911377 
484, 10.363643646240234, 6.81841516494751 
485, 10.345666885375977, 6.78852915763855 
486, 10.3306245803833, 6.801820278167725 
487, 10.30257797241211, 6.590702295303345 
488, 10.26834487915039, 6.923426389694214 
489, 10.243879318237305, 6.551474571228027 
490, 10.221477508544922, 6.53631329536438 
491, 10.208475112915039, 6.6810829639434814 
492, 10.196434020996094, 7.217204570770264 
493, 10.155593872070312, 6.9683592319488525 
494, 10.1556396484375, 6.6326904296875 
495, 10.095845222473145, 6.759191989898682 
496, 10.064228057861328, 6.641723394393921 
497, 10.046754837036133, 7.177111625671387 
498, 10.016023635864258, 6.552545547485352 
499, 9.991371154785156, 6.5108466148376465 
500, 10.062566757202148, 6.2941789627075195 
501, 9.97702693939209, 6.236010313034058 
502, 9.935766220092773, 6.341890335083008 
503, 9.902700424194336, 6.347894191741943 
504, 9.86005973815918, 6.4110705852508545 
505, 9.836896896362305, 6.382678031921387 
506, 9.805119514465332, 6.405009984970093 
507, 9.792028427124023, 6.6122026443481445 
508, 9.777359008789062, 6.637789011001587 
509, 9.720712661743164, 6.693186044692993 
510, 9.662399291992188, 6.562621831893921 
511, 9.658174514770508, 6.7891764640808105 
512, 9.647890090942383, 6.923501014709473 
513, 9.610918998718262, 6.659657001495361 
514, 9.568649291992188, 6.673017978668213 
515, 9.57671070098877, 6.549338340759277 
516, 9.527864456176758, 6.533370018005371 
517, 9.489609718322754, 6.498019695281982 
518, 9.499883651733398, 6.533411264419556 
519, 9.43628978729248, 6.514655113220215 
520, 9.423809051513672, 6.453359842300415 
521, 9.395561218261719, 6.66465425491333 
522, 9.403911590576172, 6.485283613204956 
523, 9.369209289550781, 6.308514356613159 
524, 9.359173774719238, 6.350518465042114 
525, 9.321148872375488, 6.401059627532959 
526, 9.283973693847656, 6.451761960983276 
527, 9.265439987182617, 6.578027725219727 
528, 9.27197265625, 6.439225673675537 
529, 9.236166000366211, 6.3882763385772705 
530, 9.216248512268066, 6.612930536270142 
531, 9.221699714660645, 6.586748123168945 
532, 9.194377899169922, 6.4409849643707275 
533, 9.158844947814941, 6.388610363006592 
534, 9.15871810913086, 6.3485589027404785 
535, 9.138189315795898, 6.790726900100708 
536, 9.121536254882812, 6.300788402557373 
537, 9.100975036621094, 6.653727054595947 
538, 9.0838041305542, 6.7473835945129395 
539, 9.062816619873047, 6.420554161071777 
540, 9.031187057495117, 6.401721477508545 
541, 9.026571273803711, 6.396655321121216 
542, 9.02642822265625, 6.27030611038208 
543, 8.987425804138184, 6.361709117889404 
544, 8.999809265136719, 6.383403301239014 
545, 8.943610191345215, 6.433125734329224 
546, 8.935983657836914, 6.4701690673828125 
547, 8.904878616333008, 6.398986577987671 
548, 8.913884162902832, 6.186559200286865 
549, 8.851447105407715, 6.340824365615845 
550, 8.855008125305176, 6.303033828735352 
551, 8.823587417602539, 6.349287033081055 
552, 8.817159652709961, 6.41279673576355 
553, 8.778573989868164, 6.311572551727295 
554, 8.741214752197266, 6.372282981872559 
555, 8.73988151550293, 6.6520490646362305 
556, 8.697202682495117, 6.344193458557129 
557, 8.66647720336914, 6.472138404846191 
558, 8.656335830688477, 6.441307783126831 
559, 8.635274887084961, 6.457597732543945 
560, 8.610251426696777, 6.423357009887695 
561, 8.613442420959473, 6.324625730514526 
562, 8.555036544799805, 6.440063714981079 
563, 8.540273666381836, 6.327035188674927 
564, 8.503965377807617, 6.308642864227295 
565, 8.483708381652832, 6.278642416000366 
566, 8.479227066040039, 6.2884392738342285 
567, 8.435545921325684, 6.284975290298462 
568, 8.445833206176758, 6.607494354248047 
569, 8.423005104064941, 6.258996963500977 
570, 8.399519920349121, 6.386823892593384 
571, 8.386590957641602, 6.2978363037109375 
572, 8.341974258422852, 6.281728506088257 
573, 8.36761474609375, 6.215332508087158 
574, 8.319449424743652, 6.260948657989502 
575, 8.296135902404785, 6.503185272216797 
576, 8.286151885986328, 6.290632963180542 
577, 8.24929428100586, 6.261021375656128 
578, 8.245461463928223, 6.4440107345581055 
579, 8.22623062133789, 6.366635799407959 
580, 8.212082862854004, 6.354012489318848 
581, 8.191312789916992, 6.439098119735718 
582, 8.169222831726074, 6.496246099472046 
583, 8.1441650390625, 6.525562286376953 
584, 8.124063491821289, 6.427709341049194 
585, 8.1116943359375, 6.857645034790039 
586, 8.08598518371582, 6.412299633026123 
587, 8.088357925415039, 6.6275293827056885 
588, 8.066831588745117, 6.649659633636475 
589, 8.02992057800293, 6.614899396896362 
590, 8.034751892089844, 6.641435384750366 
591, 7.997137546539307, 6.680964231491089 
592, 7.992258071899414, 6.598891496658325 
593, 7.982169151306152, 6.254502296447754 
594, 7.961796283721924, 6.459520578384399 
595, 7.929502487182617, 6.505024433135986 
596, 7.935437202453613, 6.454017639160156 
597, 7.896946430206299, 6.417890310287476 
598, 7.886813163757324, 6.31901741027832 
599, 7.886852741241455, 6.378825902938843 
600, 7.867428779602051, 6.3110435009002686 
601, 7.834590911865234, 6.254557847976685 
602, 7.815360069274902, 6.198221921920776 
603, 7.803000450134277, 6.2254860401153564 
604, 7.783773422241211, 6.394890785217285 
605, 7.7844743728637695, 6.352136135101318 
606, 7.786815166473389, 6.191314697265625 
607, 7.723941802978516, 6.201836824417114 
608, 7.7398576736450195, 6.2086756229400635 
609, 7.701958656311035, 6.290295362472534 
610, 7.703385829925537, 6.192573308944702 
611, 7.689275741577148, 6.265275955200195 
612, 7.662237167358398, 6.389701843261719 
613, 7.652093410491943, 6.36345648765564 
614, 7.6258544921875, 6.258546590805054 
615, 7.608563423156738, 6.182432651519775 
616, 7.589401721954346, 6.3564982414245605 
617, 7.549349784851074, 6.376505374908447 
618, 7.562313079833984, 6.380569934844971 
619, 7.514024257659912, 6.322127342224121 
620, 7.490507125854492, 6.234997272491455 
621, 7.474037170410156, 6.2428879737854 
622, 7.481626033782959, 6.386965036392212 
623, 7.454925537109375, 6.547897815704346 
624, 7.446893215179443, 6.3007800579071045 
625, 7.410907745361328, 6.2246253490448 
626, 7.393448829650879, 6.351061105728149 
627, 7.364601135253906, 6.2944512367248535 
628, 7.344575881958008, 6.28636908531189 
629, 7.314379692077637, 6.25898003578186 
630, 7.315012454986572, 6.2173168659210205 
631, 7.2967987060546875, 6.3328893184661865 
632, 7.269857406616211, 6.3147971630096436 
633, 7.244841575622559, 6.435086250305176 
634, 7.235899925231934, 6.34954047203064 
635, 7.201193809509277, 6.631969690322876 
636, 7.180988311767578, 6.631350040435791 
637, 7.179648399353027, 6.33540153503418 
638, 7.139531135559082, 6.3565833568573 
639, 7.139024257659912, 6.358672618865967 
640, 7.112310409545898, 6.338697910308838 
641, 7.1146111488342285, 6.267618417739868 
642, 7.089075565338135, 6.098583698272705 
643, 7.071000099182129, 6.110843181610107 
644, 7.028563976287842, 6.27465033531189 
645, 7.024441719055176, 6.284102439880371 
646, 7.002153396606445, 6.232656002044678 
647, 6.984158039093018, 6.2002363204956055 
648, 6.975288391113281, 6.236990451812744 
649, 6.97061824798584, 6.492340803146362 
650, 6.935144424438477, 6.456692934036255 
651, 6.910173416137695, 6.1447649002075195 
652, 6.890024662017822, 6.389968633651733 
653, 6.887322425842285, 6.4156458377838135 
654, 6.870030403137207, 6.107893228530884 
655, 6.829586505889893, 6.173869609832764 
656, 6.820015907287598, 6.174219369888306 
657, 6.788753509521484, 6.294559001922607 
658, 6.782369136810303, 6.301060438156128 
659, 6.751406669616699, 6.320377826690674 
660, 6.7495832443237305, 6.336456060409546 
661, 6.73317289352417, 6.193487882614136 
662, 6.706503868103027, 6.165163993835449 
663, 6.6643571853637695, 6.30942964553833 
664, 6.669386863708496, 6.201011657714844 
665, 6.649172782897949, 6.189388036727905 
666, 6.642590522766113, 6.2959840297698975 
667, 6.600831508636475, 6.377234697341919 
668, 6.609650611877441, 6.363272190093994 
669, 6.567898750305176, 6.4792304039001465 
670, 6.581386089324951, 6.3287882804870605 
671, 6.547661304473877, 6.555492639541626 
672, 6.5113372802734375, 6.391774654388428 
673, 6.532909870147705, 6.488411903381348 
674, 6.506629943847656, 6.468278884887695 
675, 6.487102508544922, 6.534909963607788 
676, 6.4756388664245605, 6.381740093231201 
677, 6.449617385864258, 6.555824279785156 
678, 6.436273097991943, 6.891772985458374 
679, 6.410858154296875, 6.433592081069946 
680, 6.413653373718262, 6.5990891456604 
681, 6.3805952072143555, 6.4204254150390625 
682, 6.345648765563965, 6.466254472732544 
683, 6.352551460266113, 6.575434684753418 
684, 6.333601951599121, 6.487825870513916 
685, 6.3300089836120605, 6.361933469772339 
686, 6.286077499389648, 6.600038766860962 
687, 6.253733158111572, 6.699960947036743 
688, 6.228850364685059, 6.832953214645386 
689, 6.241625785827637, 6.430282115936279 
690, 6.203580379486084, 6.5455687046051025 
691, 6.211225509643555, 6.7398059368133545 
692, 6.179198265075684, 6.551206350326538 
693, 6.150361061096191, 6.51995587348938 
694, 6.130969047546387, 6.5829384326934814 
695, 6.140892505645752, 6.646563768386841 
696, 6.125460624694824, 6.492093086242676 
697, 6.092939376831055, 6.602463483810425 
698, 6.093753814697266, 6.7842700481414795 
699, 6.075381755828857, 6.673990488052368 
700, 6.065164566040039, 6.735630750656128 
701, 6.064577102661133, 6.786233901977539 
702, 6.033509254455566, 6.659108877182007 
703, 6.017373085021973, 6.789971351623535 
704, 5.994229793548584, 6.422430753707886 
705, 5.998006820678711, 6.3839805126190186 
706, 5.970026969909668, 6.45185923576355 
707, 5.957253932952881, 6.395477056503296 
708, 5.939532279968262, 6.779869318008423 
709, 5.935943126678467, 7.021646738052368 
710, 5.896921157836914, 6.404358625411987 
711, 5.89365291595459, 6.538504600524902 
712, 5.874385833740234, 6.855048656463623 
713, 5.861310005187988, 6.507038831710815 
714, 5.8490681648254395, 6.47113299369812 
715, 5.834788799285889, 6.303864002227783 
716, 5.815902233123779, 6.458817958831787 
717, 5.9088053703308105, 6.289169073104858 
718, 5.78950309753418, 6.228452920913696 
719, 5.782691478729248, 6.400055646896362 
720, 5.737128257751465, 6.2257301807403564 
721, 5.752296447753906, 6.420794486999512 
722, 5.722660541534424, 6.198596239089966 
723, 5.734537124633789, 6.221157550811768 
724, 5.703308582305908, 6.2804436683654785 
725, 5.695713996887207, 6.197313070297241 
726, 5.687623977661133, 6.345078945159912 
727, 5.667384624481201, 6.212924957275391 
728, 5.667513847351074, 6.248206615447998 
729, 5.653389930725098, 6.49009108543396 
730, 5.653919219970703, 6.338638782501221 
731, 5.624054908752441, 6.207813501358032 
732, 5.60942268371582, 6.357483148574829 
733, 5.59490966796875, 6.436438798904419 
734, 5.582972526550293, 6.396002292633057 
735, 5.572098255157471, 6.43621826171875 
736, 5.551492691040039, 6.181809663772583 
737, 5.556050777435303, 6.280969619750977 
738, 5.531319618225098, 6.2055580615997314 
739, 5.5296735763549805, 6.193779230117798 
740, 5.535384178161621, 6.156125068664551 
741, 5.507878303527832, 6.168201684951782 
742, 5.490960597991943, 6.18023943901062 
743, 5.489754676818848, 6.319436550140381 
744, 5.4591145515441895, 6.621782541275024 
745, 5.478546619415283, 6.2529518604278564 
746, 5.461665153503418, 6.259104251861572 
747, 5.445159912109375, 6.23525857925415 
748, 5.453995227813721, 6.3123884201049805 
749, 5.405422687530518, 6.41655421257019 
750, 5.432003498077393, 6.33556342124939 
751, 5.424740791320801, 6.521450042724609 
752, 5.42081356048584, 6.325683355331421 
753, 5.403093338012695, 6.408050060272217 
754, 5.406710624694824, 6.422578573226929 
755, 5.398070335388184, 6.598192453384399 
756, 5.39080810546875, 6.4894444942474365 
757, 5.370255470275879, 6.466930627822876 
758, 5.3823113441467285, 6.787259101867676 
759, 5.364022254943848, 6.55721640586853 
760, 5.373564720153809, 6.608401775360107 
761, 5.351583957672119, 6.834510087966919 
762, 5.362737655639648, 6.500016927719116 
763, 5.345846652984619, 6.64176869392395 
764, 5.337690353393555, 6.49389386177063 
765, 5.344086647033691, 6.892866373062134 
766, 5.330937385559082, 6.549140214920044 
767, 5.344264507293701, 6.349961996078491 
768, 5.335810661315918, 6.355781555175781 
769, 5.30269718170166, 6.421586990356445 
770, 5.3176727294921875, 6.2518393993377686 
771, 5.307710647583008, 6.40808367729187 
772, 5.302027702331543, 6.483900785446167 
773, 5.293547630310059, 6.332515716552734 
774, 5.285636901855469, 6.423691272735596 
775, 5.302838325500488, 6.352135419845581 
776, 5.286372184753418, 6.462568044662476 
777, 5.278480529785156, 6.256713151931763 
778, 5.272029399871826, 6.381127834320068 
779, 5.2684197425842285, 6.252646207809448 
780, 5.272680282592773, 6.4584877490997314 
781, 5.245339870452881, 6.404051303863525 
782, 5.248232364654541, 6.392155885696411 
783, 5.251233100891113, 6.515239953994751 
784, 5.226739883422852, 6.360803842544556 
785, 5.21754789352417, 6.692554712295532 
786, 5.229249000549316, 6.577986001968384 
787, 5.206155776977539, 6.50781512260437 
788, 5.21754264831543, 6.477731704711914 
789, 5.204278469085693, 6.407149076461792 
790, 5.207723140716553, 6.533236980438232 
791, 5.198383331298828, 6.586056232452393 
792, 5.1654815673828125, 6.724170207977295 
793, 5.155971527099609, 6.6080851554870605 
794, 5.158421039581299, 6.600865125656128 
795, 5.17638635635376, 6.615976333618164 
796, 5.165613174438477, 6.75892186164856 
797, 5.160260200500488, 6.650071859359741 
798, 5.142397403717041, 6.580895185470581 
799, 5.132730960845947, 6.6419970989227295 
800, 5.156730651855469, 6.586415767669678 
801, 5.123787879943848, 6.575711965560913 
802, 5.101452350616455, 6.505336046218872 
803, 5.113838195800781, 6.584362506866455 
804, 5.121756553649902, 6.486130237579346 
805, 5.089075565338135, 6.492515802383423 
806, 5.066530227661133, 6.500494480133057 
807, 5.097601413726807, 6.502857446670532 
808, 5.068376064300537, 6.741915225982666 
809, 5.084263801574707, 6.547380685806274 
810, 5.0563459396362305, 6.375706672668457 
811, 5.0814595222473145, 6.804733991622925 
812, 5.03403902053833, 6.438409328460693 
813, 5.036219120025635, 6.398021936416626 
814, 5.039186000823975, 6.376950979232788 
815, 5.030917644500732, 6.35693883895874 
816, 5.027848243713379, 6.385908603668213 
817, 5.036375045776367, 6.33220911026001 
818, 5.008537769317627, 6.341290473937988 
819, 4.994934558868408, 6.42682147026062 
820, 5.001241683959961, 6.2778708934783936 
821, 5.00114631652832, 6.3160560131073 
822, 5.004193305969238, 6.4223473072052 
823, 5.000236988067627, 6.51207423210144 
824, 4.989937782287598, 6.3590734004974365 
825, 4.957672119140625, 6.310940504074097 
826, 4.9642653465271, 6.474677801132202 
827, 4.964502811431885, 6.465497970581055 
828, 4.971120834350586, 6.228570461273193 
829, 4.977221488952637, 6.365306615829468 
830, 4.938644886016846, 6.372551441192627 
831, 4.967341423034668, 6.208189964294434 
832, 4.9251580238342285, 6.3105833530426025 
833, 4.93149471282959, 6.321481943130493 
834, 4.954994201660156, 6.290360450744629 
835, 4.935117244720459, 6.162520885467529 
836, 4.934695243835449, 6.3836588859558105 
837, 4.929608345031738, 6.184141159057617 
838, 4.915035247802734, 6.277525901794434 
839, 4.928825378417969, 6.171211004257202 
840, 4.947021961212158, 6.302239179611206 
841, 4.910739898681641, 6.274015426635742 
842, 4.931186676025391, 6.2956273555755615 
843, 4.907408237457275, 6.179542779922485 
844, 4.909090995788574, 6.30583381652832 
845, 4.9181976318359375, 6.3189027309417725 
846, 4.898432731628418, 6.303270578384399 
847, 4.917172431945801, 6.2006425857543945 
848, 4.904780864715576, 6.271870374679565 
849, 4.90181827545166, 6.149764537811279 
850, 4.904156684875488, 6.1539154052734375 
851, 4.911940574645996, 6.2117767333984375 
852, 4.937478542327881, 6.063287019729614 
853, 4.930482864379883, 6.095533132553101 
854, 4.931337833404541, 6.149515390396118 
855, 4.910764217376709, 6.149704456329346 
856, 4.928286075592041, 6.104243755340576 
857, 4.947595596313477, 6.543458700180054 
858, 4.960441589355469, 6.251767158508301 
859, 4.940653324127197, 6.4562952518463135 
860, 4.9418110847473145, 6.281517744064331 
861, 4.9699015617370605, 6.1227500438690186 
862, 4.968372821807861, 6.118114948272705 
863, 5.001104831695557, 6.117377519607544 
864, 4.991401672363281, 6.199915409088135 
865, 5.031721591949463, 6.204493284225464 
866, 5.034365177154541, 6.191662788391113 
867, 5.033910751342773, 6.4924070835113525 
868, 5.053010940551758, 6.131435871124268 
869, 5.0556321144104, 6.227288722991943 
870, 5.0757951736450195, 6.169279336929321 
871, 5.115271091461182, 6.315419673919678 
872, 5.124945163726807, 6.290886640548706 
873, 5.155549049377441, 6.421790838241577 
874, 5.186215400695801, 6.278034210205078 
875, 5.209245204925537, 6.314462184906006 
876, 5.243913650512695, 6.420442819595337 
877, 5.2835612297058105, 6.763267517089844 
878, 5.314008712768555, 6.340429067611694 
879, 5.3402605056762695, 6.399197340011597 
880, 5.358935356140137, 6.452763795852661 
881, 5.430459022521973, 6.361392021179199 
882, 5.4594268798828125, 6.4706711769104 
883, 5.508883476257324, 6.558421611785889 
884, 5.5294342041015625, 6.501478910446167 
885, 5.60482120513916, 6.6159703731536865 
886, 5.652737140655518, 6.459000110626221 
887, 5.698290824890137, 6.574885368347168 
888, 5.763669967651367, 6.435429334640503 
889, 5.845477104187012, 6.4521942138671875 
890, 5.924123764038086, 6.288429021835327 
891, 5.9549150466918945, 6.327116966247559 
892, 6.048179626464844, 6.415120840072632 
893, 6.131669044494629, 6.600892543792725 
894, 6.229593276977539, 6.570160150527954 
895, 6.277907371520996, 6.612366676330566 
896, 6.365670680999756, 6.312264919281006 
897, 6.440286636352539, 6.354990005493164 
898, 6.495069980621338, 6.277535438537598 
899, 6.619444370269775, 6.282018184661865 
900, 6.692102909088135, 6.457696199417114 
901, 6.770362377166748, 6.2252771854400635 
902, 6.80517578125, 6.275363206863403 
903, 6.889368057250977, 6.288995027542114 
904, 6.998640060424805, 6.301610708236694 
905, 7.080427169799805, 6.177104949951172 
906, 7.14105224609375, 6.140843868255615 
907, 7.271699905395508, 6.148955583572388 
908, 7.340770721435547, 6.454028367996216 
909, 7.405745983123779, 6.171224355697632 
910, 7.520208358764648, 6.2155866622924805 
911, 7.594205379486084, 6.099651336669922 
912, 7.664950847625732, 6.316599607467651 
913, 7.685697555541992, 6.271396160125732 
914, 7.80299186706543, 6.166044235229492 
915, 7.880587100982666, 6.1047422885894775 
916, 7.9329142570495605, 6.233006715774536 
917, 7.961460590362549, 6.336231231689453 
918, 7.992799758911133, 6.150510787963867 
919, 8.073856353759766, 6.135075569152832 
920, 8.138521194458008, 6.18721079826355 
921, 8.146879196166992, 6.322312831878662 
922, 8.158254623413086, 6.28269362449646 
923, 8.258384704589844, 6.306066036224365 
924, 8.31700325012207, 6.353946685791016 
925, 8.345907211303711, 6.565138816833496 
926, 8.337739944458008, 6.40943455696106 
927, 8.399763107299805, 6.441832542419434 
928, 8.429536819458008, 6.493934869766235 
929, 8.445648193359375, 6.385943651199341 
930, 8.44467544555664, 6.35867977142334 
931, 8.465407371520996, 6.43742036819458 
932, 8.482282638549805, 6.374749422073364 
933, 8.48796272277832, 6.433115720748901 
934, 8.516627311706543, 6.33540940284729 
935, 8.547782897949219, 6.908968448638916 
936, 8.531621932983398, 6.284371376037598 
937, 8.542075157165527, 6.403785467147827 
938, 8.53337287902832, 6.4694225788116455 
939, 8.567034721374512, 6.328554630279541 
940, 8.542535781860352, 6.377674579620361 
941, 8.547574996948242, 6.480768918991089 
942, 8.514074325561523, 6.300676584243774 
943, 8.478958129882812, 6.370990991592407 
944, 8.457112312316895, 6.3852269649505615 
945, 8.460311889648438, 6.4424004554748535 
946, 8.393001556396484, 6.375790119171143 
947, 8.343732833862305, 6.251051187515259 
948, 8.266251564025879, 6.277670621871948 
949, 8.210624694824219, 6.611916542053223 
950, 8.156726837158203, 6.328266382217407 
951, 8.044963836669922, 6.470463514328003 
952, 7.92717170715332, 6.290092468261719 
953, 7.847983360290527, 6.399430274963379 
954, 7.765117645263672, 6.344538927078247 
955, 7.643186569213867, 6.325016260147095 
956, 7.541945934295654, 6.345324993133545 
957, 7.407918930053711, 6.470755100250244 
958, 7.254654884338379, 6.6727073192596436 
959, 7.155651569366455, 6.268746614456177 
960, 7.05042839050293, 6.6133644580841064 
961, 6.926823616027832, 6.561062574386597 
962, 6.820732116699219, 6.551772594451904 
963, 6.706415176391602, 6.39568829536438 
964, 6.641427993774414, 6.296426296234131 
965, 6.5377583503723145, 6.345953702926636 
966, 6.475320816040039, 6.334357023239136 
967, 6.435574531555176, 6.305145740509033 
968, 6.381723403930664, 6.540412187576294 
969, 6.3224778175354, 6.229125261306763 
970, 6.294651985168457, 6.55713152885437 
971, 6.254948616027832, 6.292860269546509 
972, 6.206411361694336, 6.3108720779418945 
973, 6.212241172790527, 6.3359270095825195 
974, 6.137973308563232, 6.46963357925415 
975, 6.130069255828857, 6.337671518325806 
976, 6.117068290710449, 6.2891271114349365 
977, 6.072205066680908, 6.478636741638184 
978, 6.078761100769043, 6.366503953933716 
979, 6.059366226196289, 6.324124574661255 
980, 6.068230628967285, 6.450088024139404 
981, 6.039344310760498, 6.372400283813477 
982, 6.024982452392578, 6.330826282501221 
983, 6.037849426269531, 6.325348615646362 
984, 5.98745059967041, 6.353962182998657 
985, 5.992122650146484, 6.478444337844849 
986, 5.987947940826416, 6.349625587463379 
987, 5.971714973449707, 6.463017463684082 
988, 5.963179588317871, 6.379715204238892 
989, 5.9673261642456055, 6.401743650436401 
990, 5.944267749786377, 6.594677925109863 
991, 5.935818195343018, 6.42494010925293 
992, 5.9533467292785645, 6.458650827407837 
993, 5.915350914001465, 6.416582345962524 
994, 5.911396503448486, 6.318861246109009 
995, 5.907525062561035, 6.412089824676514 
996, 5.914031505584717, 6.652837514877319 
997, 5.918103218078613, 6.524458408355713 
998, 5.889182090759277, 6.603364944458008 
999, 5.879005432128906, 6.510397672653198 
