Iteration, loss, time 
0, 1.4588203430175781, 6.773717164993286 
1, 1.4832782745361328, 6.495731592178345 
2, 1.5091710090637207, 6.22481894493103 
3, 1.5142669677734375, 6.165980577468872 
4, 1.526023268699646, 6.2154834270477295 
5, 1.5167027711868286, 6.1970250606536865 
6, 1.5298103094100952, 6.2565131187438965 
7, 1.5326594114303589, 6.1151442527771 
8, 1.5357022285461426, 6.238569736480713 
9, 1.5458252429962158, 6.113954305648804 
10, 1.549175500869751, 6.142956733703613 
11, 1.5616194009780884, 6.126425266265869 
12, 1.5634057521820068, 6.135843515396118 
13, 1.5791258811950684, 5.999328851699829 
14, 1.5774956941604614, 6.179306983947754 
15, 1.571079969406128, 6.211418151855469 
16, 1.5703508853912354, 5.8896214962005615 
17, 1.574244737625122, 6.228428840637207 
18, 1.56597900390625, 5.982181072235107 
19, 1.5722849369049072, 6.211113452911377 
20, 1.572133183479309, 6.202316761016846 
21, 1.5787309408187866, 6.153268337249756 
22, 1.5905388593673706, 6.131844520568848 
23, 1.592265248298645, 6.125626802444458 
24, 1.6028574705123901, 6.072871923446655 
25, 1.6064107418060303, 6.077212810516357 
26, 1.599705457687378, 6.0739030838012695 
27, 1.6250529289245605, 5.996557235717773 
28, 1.6413112878799438, 6.0439369678497314 
29, 1.638132929801941, 6.138683319091797 
30, 1.6494802236557007, 6.007370710372925 
31, 1.6498546600341797, 5.981878042221069 
32, 1.6851551532745361, 6.0912816524505615 
33, 1.6856781244277954, 6.164763450622559 
34, 1.6935081481933594, 6.0655364990234375 
35, 1.7126340866088867, 6.075806617736816 
36, 1.7142524719238281, 6.120651721954346 
37, 1.7214136123657227, 6.138871192932129 
38, 1.7447419166564941, 6.186676740646362 
39, 1.7648683786392212, 6.063053131103516 
40, 1.7848600149154663, 6.079815864562988 
41, 1.7863751649856567, 6.065820217132568 
42, 1.7988567352294922, 6.075256586074829 
43, 1.8163948059082031, 6.154332399368286 
44, 1.8406482934951782, 6.237188100814819 
45, 1.847895860671997, 6.138864040374756 
46, 1.8646469116210938, 6.124693870544434 
47, 1.8933289051055908, 6.120519399642944 
48, 1.9073638916015625, 6.09754490852356 
49, 1.9139807224273682, 6.088321685791016 
50, 1.9467008113861084, 6.123561143875122 
51, 1.947905421257019, 6.030747652053833 
52, 1.9627368450164795, 6.090317010879517 
53, 1.981121301651001, 6.168729782104492 
54, 2.0019583702087402, 6.077746868133545 
55, 2.023343324661255, 6.047907114028931 
56, 2.051896095275879, 6.145389080047607 
57, 2.066939353942871, 6.1265082359313965 
58, 2.076385021209717, 6.0517799854278564 
59, 2.0836191177368164, 5.964173078536987 
60, 2.1064019203186035, 6.043332099914551 
61, 2.110684394836426, 6.053050756454468 
62, 2.1223831176757812, 6.115486145019531 
63, 2.1311469078063965, 6.0161049365997314 
64, 2.1122097969055176, 6.02177619934082 
65, 2.1155662536621094, 6.004553556442261 
66, 2.1171164512634277, 6.0707292556762695 
67, 2.128962516784668, 6.064660549163818 
68, 2.1153125762939453, 6.159268856048584 
69, 2.1130547523498535, 6.106541156768799 
70, 2.1116247177124023, 6.085161924362183 
71, 2.132772922515869, 6.1075286865234375 
72, 2.1293654441833496, 6.095024585723877 
73, 2.1170101165771484, 6.08144474029541 
74, 2.1249163150787354, 6.035879373550415 
75, 2.14693284034729, 5.926057815551758 
76, 2.135632038116455, 6.199003219604492 
77, 2.1421780586242676, 6.184191465377808 
78, 2.149312734603882, 6.158843755722046 
79, 2.1578879356384277, 6.0485475063323975 
80, 2.167948007583618, 6.061151504516602 
81, 2.163043975830078, 6.248597860336304 
82, 2.146402359008789, 6.144695281982422 
83, 2.167926788330078, 6.186105728149414 
84, 2.181821346282959, 6.294309377670288 
85, 2.1805295944213867, 6.192607402801514 
86, 2.2109217643737793, 6.103008270263672 
87, 2.218520402908325, 6.117279767990112 
88, 2.22390079498291, 6.161961793899536 
89, 2.230196475982666, 6.214421272277832 
90, 2.2341792583465576, 6.1183624267578125 
91, 2.2553439140319824, 6.1110570430755615 
92, 2.269083261489868, 6.060562372207642 
93, 2.2945683002471924, 6.216090202331543 
94, 2.324704170227051, 6.437113046646118 
95, 2.341060161590576, 6.2608935832977295 
96, 2.349294900894165, 5.997486591339111 
97, 2.358168363571167, 6.077616453170776 
98, 2.3838343620300293, 6.039604902267456 
99, 2.39569091796875, 6.0874550342559814 
100, 2.435621500015259, 6.157396554946899 
101, 2.445781946182251, 5.943422317504883 
102, 2.4691967964172363, 6.1747376918792725 
103, 2.480736255645752, 6.102681875228882 
104, 2.4995930194854736, 6.12048602104187 
105, 2.5272679328918457, 6.289532899856567 
106, 2.5531277656555176, 6.239652395248413 
107, 2.569741725921631, 6.1369452476501465 
108, 2.582165479660034, 6.1174235343933105 
109, 2.5992822647094727, 6.17649507522583 
110, 2.6385109424591064, 6.287589073181152 
111, 2.658468723297119, 6.10023307800293 
112, 2.6675679683685303, 6.184707164764404 
113, 2.699686050415039, 6.254401445388794 
114, 2.7308847904205322, 6.176412582397461 
115, 2.7648980617523193, 6.11974310874939 
116, 2.789839744567871, 6.078917026519775 
117, 2.8242833614349365, 6.088151454925537 
118, 2.8242783546447754, 6.108286619186401 
119, 2.8642032146453857, 6.189123630523682 
120, 2.9067068099975586, 6.185302495956421 
121, 2.926645517349243, 6.023165941238403 
122, 2.9584803581237793, 6.093050003051758 
123, 2.978970527648926, 6.111541986465454 
124, 3.0349996089935303, 6.240952968597412 
125, 3.048239231109619, 6.091202974319458 
126, 3.076784133911133, 6.078801393508911 
127, 3.0865273475646973, 6.129870653152466 
128, 3.1262385845184326, 6.16257643699646 
129, 3.117339849472046, 6.073203086853027 
130, 3.171233892440796, 6.0767717361450195 
131, 3.1778783798217773, 6.172260999679565 
132, 3.1962218284606934, 6.081236362457275 
133, 3.2183852195739746, 6.089444160461426 
134, 3.2270610332489014, 6.17028284072876 
135, 3.2703943252563477, 6.316939115524292 
136, 3.286716938018799, 6.210984706878662 
137, 3.2934556007385254, 6.225084066390991 
138, 3.3355913162231445, 6.20514988899231 
139, 3.3451991081237793, 6.257963418960571 
140, 3.367647409439087, 6.204136848449707 
141, 3.4176509380340576, 6.104144811630249 
142, 3.4244871139526367, 6.261756181716919 
143, 3.457209587097168, 6.034585952758789 
144, 3.463674783706665, 6.208828926086426 
145, 3.513357639312744, 6.127217054367065 
146, 3.5196380615234375, 6.114434242248535 
147, 3.531463384628296, 6.16539192199707 
148, 3.574296236038208, 6.245083570480347 
149, 3.6002750396728516, 6.258890628814697 
150, 3.6118826866149902, 6.14449143409729 
151, 3.6417863368988037, 6.1591103076934814 
152, 3.660205841064453, 6.187189340591431 
153, 3.696758270263672, 6.146552324295044 
154, 3.698087215423584, 6.325342655181885 
155, 3.7331089973449707, 6.235568046569824 
156, 3.738049030303955, 6.413090944290161 
157, 3.7855777740478516, 6.311056852340698 
158, 3.809016704559326, 6.049546480178833 
159, 3.8432364463806152, 6.351893424987793 
160, 3.8660871982574463, 6.098411560058594 
161, 3.8940672874450684, 6.096543550491333 
162, 3.9181361198425293, 6.169342517852783 
163, 3.9296109676361084, 6.042032957077026 
164, 3.995706558227539, 6.1357245445251465 
165, 4.016752243041992, 6.109012842178345 
166, 4.0393290519714355, 6.2329723834991455 
167, 4.074962139129639, 6.16035270690918 
168, 4.096623420715332, 6.1992058753967285 
169, 4.1517744064331055, 6.35528039932251 
170, 4.188298225402832, 6.095137596130371 
171, 4.199249267578125, 6.282593727111816 
172, 4.237234115600586, 6.154520273208618 
173, 4.297961235046387, 6.16031813621521 
174, 4.307000160217285, 6.143190622329712 
175, 4.377889633178711, 6.2868640422821045 
176, 4.407721042633057, 6.200009822845459 
177, 4.435118198394775, 6.287991762161255 
178, 4.483077049255371, 6.149382829666138 
179, 4.523475646972656, 6.202741384506226 
180, 4.559031009674072, 6.081432580947876 
181, 4.5967607498168945, 6.210262775421143 
182, 4.6436262130737305, 6.1490256786346436 
183, 4.6699538230896, 6.082544803619385 
184, 4.713176250457764, 6.233453273773193 
185, 4.760427951812744, 6.348315000534058 
186, 4.7997870445251465, 6.286148309707642 
187, 4.835712432861328, 6.165044784545898 
188, 4.884522914886475, 6.182147026062012 
189, 4.930422306060791, 6.141490697860718 
190, 4.959773063659668, 6.488511085510254 
191, 4.979269504547119, 6.1435418128967285 
192, 5.021306991577148, 6.140768527984619 
193, 5.076507091522217, 6.252629518508911 
194, 5.132804870605469, 6.462845325469971 
195, 5.165048599243164, 6.4381468296051025 
196, 5.215271472930908, 6.257929563522339 
197, 5.248906135559082, 6.29413628578186 
198, 5.294500350952148, 6.162950277328491 
199, 5.30922269821167, 6.198471307754517 
200, 5.3647236824035645, 6.297753810882568 
201, 5.4033522605896, 6.227538347244263 
202, 5.434037208557129, 6.135407209396362 
203, 5.479298114776611, 6.357316493988037 
204, 5.526883602142334, 6.230867385864258 
205, 5.557558059692383, 6.2900636196136475 
206, 5.593414306640625, 6.445718288421631 
207, 5.653350830078125, 6.1883158683776855 
208, 5.679459571838379, 6.1896586418151855 
209, 5.701779842376709, 6.222475051879883 
210, 5.758341312408447, 6.2233664989471436 
211, 5.810015678405762, 6.173970460891724 
212, 5.8296284675598145, 6.253091096878052 
213, 5.863801002502441, 6.0766191482543945 
214, 5.885581970214844, 6.262810707092285 
215, 5.940371513366699, 6.230636835098267 
216, 5.975764751434326, 6.218742370605469 
217, 6.024103164672852, 6.182896852493286 
218, 6.038034439086914, 6.097646951675415 
219, 6.099063873291016, 6.265286922454834 
220, 6.126350402832031, 6.2269203662872314 
221, 6.139533042907715, 6.169259309768677 
222, 6.1998701095581055, 6.14142107963562 
223, 6.2446088790893555, 6.587535381317139 
224, 6.28640079498291, 6.215810537338257 
225, 6.322408676147461, 6.361445665359497 
226, 6.333681106567383, 6.111249685287476 
227, 6.386619567871094, 6.174631595611572 
228, 6.416883945465088, 6.2433977127075195 
229, 6.455907821655273, 6.095595598220825 
230, 6.4527482986450195, 6.312407493591309 
231, 6.496670246124268, 6.179031610488892 
232, 6.552036762237549, 6.209705114364624 
233, 6.544082164764404, 6.3869452476501465 
234, 6.622106075286865, 6.1711647510528564 
235, 6.639582633972168, 6.170648574829102 
236, 6.612683296203613, 5.9627110958099365 
237, 6.686456680297852, 6.1831183433532715 
238, 6.6909565925598145, 6.168276786804199 
239, 6.725864410400391, 6.165127515792847 
240, 6.746753692626953, 6.247575044631958 
241, 6.769003391265869, 6.301606893539429 
242, 6.777038097381592, 6.247624635696411 
243, 6.781094551086426, 6.133435964584351 
244, 6.758074760437012, 6.210132122039795 
245, 6.798605918884277, 6.313399791717529 
246, 6.782849311828613, 6.1562042236328125 
247, 6.802850723266602, 6.240044116973877 
248, 6.797844886779785, 6.18873405456543 
249, 6.779375076293945, 6.350099802017212 
250, 6.824882984161377, 6.142061471939087 
251, 6.842047691345215, 6.420185804367065 
252, 6.836065769195557, 6.236241579055786 
253, 6.815553665161133, 6.031235933303833 
254, 6.837542533874512, 6.052520036697388 
255, 6.84421443939209, 6.384234666824341 
256, 6.865554332733154, 6.067192792892456 
257, 6.85446310043335, 6.259892463684082 
258, 6.852148056030273, 6.267818450927734 
259, 6.879176139831543, 6.022399663925171 
260, 6.899572849273682, 6.066486120223999 
261, 6.876399040222168, 6.076435089111328 
262, 6.8839240074157715, 6.402924060821533 
263, 6.900557518005371, 6.039240837097168 
264, 6.912650108337402, 6.001298427581787 
265, 6.882636070251465, 6.111565828323364 
266, 6.9344072341918945, 6.1506524085998535 
267, 6.942888259887695, 6.142184495925903 
268, 6.925390243530273, 6.052722454071045 
269, 6.947242259979248, 6.217120885848999 
270, 6.952055931091309, 6.122375726699829 
271, 6.9831132888793945, 6.387760877609253 
272, 7.00658655166626, 6.271106719970703 
273, 6.998875141143799, 6.087480068206787 
274, 7.0252251625061035, 6.213808536529541 
275, 7.017336368560791, 6.074351787567139 
276, 6.990568161010742, 6.303054571151733 
277, 7.039460182189941, 6.0680201053619385 
278, 7.033316612243652, 6.348425626754761 
279, 7.036277770996094, 6.180041790008545 
280, 7.070952415466309, 6.394840478897095 
281, 7.059149742126465, 6.373034715652466 
282, 7.084953308105469, 6.27306604385376 
283, 7.0396881103515625, 6.395182847976685 
284, 7.09016227722168, 6.180541753768921 
285, 7.084224700927734, 6.2731029987335205 
286, 7.100456237792969, 6.219123840332031 
287, 7.100187301635742, 6.354190349578857 
288, 7.133532524108887, 6.260662317276001 
289, 7.130743980407715, 6.2221972942352295 
290, 7.139890670776367, 6.228678464889526 
291, 7.15029239654541, 6.273098945617676 
292, 7.183865547180176, 6.303858518600464 
293, 7.180143356323242, 6.421327829360962 
294, 7.190069198608398, 6.234146356582642 
295, 7.221586227416992, 6.58910059928894 
296, 7.244346618652344, 6.108722925186157 
297, 7.256546974182129, 6.286372661590576 
298, 7.258048057556152, 6.196523904800415 
299, 7.25806999206543, 6.249156475067139 
300, 7.285977363586426, 6.30102014541626 
301, 7.310582637786865, 6.276705980300903 
302, 7.31423282623291, 6.641983270645142 
303, 7.326732635498047, 6.1417458057403564 
304, 7.329882621765137, 6.129606008529663 
305, 7.374344348907471, 6.366645812988281 
306, 7.359210014343262, 6.106833219528198 
307, 7.368447780609131, 6.368105888366699 
308, 7.356505393981934, 6.21582818031311 
309, 7.373321533203125, 6.229464054107666 
310, 7.4040398597717285, 6.321998834609985 
311, 7.416224479675293, 6.204623460769653 
312, 7.400881767272949, 6.234513521194458 
313, 7.415649890899658, 6.41398286819458 
314, 7.425165176391602, 6.294321060180664 
315, 7.429329872131348, 6.4863951206207275 
316, 7.413464546203613, 6.198148727416992 
317, 7.406966209411621, 6.117707967758179 
318, 7.386693477630615, 6.251181125640869 
319, 7.402505397796631, 6.305951356887817 
320, 7.370473384857178, 6.085018634796143 
321, 7.386440277099609, 6.265330076217651 
322, 7.371597766876221, 6.299049615859985 
323, 7.376675605773926, 6.3467841148376465 
324, 7.383424282073975, 6.148293495178223 
325, 7.388374328613281, 6.299231767654419 
326, 7.357721328735352, 6.0824360847473145 
327, 7.364289283752441, 6.1380767822265625 
328, 7.372559547424316, 6.203583478927612 
329, 7.355084419250488, 6.449527263641357 
330, 7.340095520019531, 6.067077875137329 
331, 7.355274677276611, 6.2723000049591064 
332, 7.359447956085205, 6.064817667007446 
333, 7.351443290710449, 6.232052564620972 
334, 7.338785171508789, 6.140030860900879 
335, 7.3306708335876465, 6.203505277633667 
336, 7.335673809051514, 6.106740236282349 
337, 7.32424259185791, 6.260923385620117 
338, 7.2951436042785645, 6.165753126144409 
339, 7.295104026794434, 6.173624038696289 
340, 7.242875576019287, 6.221470594406128 
341, 7.246516704559326, 6.358551740646362 
342, 7.223565101623535, 6.074468374252319 
343, 7.249779224395752, 6.123208522796631 
344, 7.208608627319336, 6.2245659828186035 
345, 7.200795650482178, 6.223005533218384 
346, 7.2225871086120605, 6.206713438034058 
347, 7.192496299743652, 6.297322511672974 
348, 7.15885066986084, 6.145442962646484 
349, 7.146920204162598, 6.222396612167358 
350, 7.1308794021606445, 6.327245235443115 
351, 7.0802001953125, 6.077200889587402 
352, 7.061947822570801, 6.157902479171753 
353, 7.027392864227295, 6.039943218231201 
354, 6.978438854217529, 6.252634286880493 
355, 6.948714256286621, 6.1999266147613525 
356, 6.902379035949707, 6.348954439163208 
357, 6.885163307189941, 6.281826496124268 
358, 6.844417572021484, 6.3097145557403564 
359, 6.837404251098633, 6.517196178436279 
360, 6.77115535736084, 6.14572548866272 
361, 6.749504566192627, 6.142578840255737 
362, 6.68572998046875, 6.006361722946167 
363, 6.617833137512207, 6.3473217487335205 
364, 6.6085309982299805, 6.151369094848633 
365, 6.561753273010254, 6.354365587234497 
366, 6.514534950256348, 6.4477527141571045 
367, 6.455048561096191, 6.200566530227661 
368, 6.411736965179443, 6.408461809158325 
369, 6.397418022155762, 6.338282346725464 
370, 6.350588321685791, 6.199671745300293 
371, 6.344470024108887, 6.359525680541992 
372, 6.2787604331970215, 6.355227947235107 
373, 6.256353378295898, 6.488250255584717 
374, 6.240398406982422, 6.377675771713257 
375, 6.2082672119140625, 6.48227071762085 
376, 6.175056457519531, 6.122684717178345 
377, 6.140345096588135, 6.388721227645874 
378, 6.127366542816162, 6.094645738601685 
379, 6.076175212860107, 6.311579465866089 
380, 6.067094802856445, 6.096811532974243 
381, 6.036079406738281, 6.215355634689331 
382, 6.012520790100098, 6.2080488204956055 
383, 5.971181869506836, 6.256804466247559 
384, 5.966094970703125, 6.148364782333374 
385, 5.914536476135254, 6.0192787647247314 
386, 5.903318881988525, 6.168310880661011 
387, 5.8874192237854, 6.182512998580933 
388, 5.848073959350586, 6.118802785873413 
389, 5.825798034667969, 6.304219961166382 
390, 5.806953430175781, 6.231212139129639 
391, 5.77955436706543, 6.248426914215088 
392, 5.784601211547852, 6.191236972808838 
393, 5.739763259887695, 6.447788238525391 
394, 5.750450134277344, 6.333842039108276 
395, 5.726798057556152, 6.297299385070801 
396, 5.669182777404785, 6.342005252838135 
397, 5.655646324157715, 6.20395302772522 
398, 5.623756408691406, 6.179372310638428 
399, 5.586359024047852, 6.27873969078064 
400, 5.564117431640625, 6.419956684112549 
401, 5.534830093383789, 6.1340742111206055 
402, 5.496672630310059, 6.106054306030273 
403, 5.457681655883789, 6.0658345222473145 
404, 5.463343620300293, 6.145796298980713 
405, 5.402675628662109, 6.226117134094238 
406, 5.36741828918457, 6.108238220214844 
407, 5.344051837921143, 6.263920545578003 
408, 5.316516399383545, 6.284872531890869 
409, 5.293270587921143, 6.3585498332977295 
410, 5.282492160797119, 5.998000144958496 
411, 5.255873680114746, 6.1752049922943115 
412, 5.222096920013428, 6.020696640014648 
413, 5.181117534637451, 6.332715034484863 
414, 5.17857551574707, 6.271074056625366 
415, 5.129644870758057, 6.2136194705963135 
416, 5.104585647583008, 6.231280326843262 
417, 5.06545352935791, 6.275960683822632 
418, 5.039158821105957, 6.116248369216919 
419, 5.024659633636475, 6.155012845993042 
420, 5.00156831741333, 6.087795972824097 
421, 4.9691853523254395, 6.33863639831543 
422, 4.9303178787231445, 6.205249309539795 
423, 4.937797546386719, 6.47721266746521 
424, 4.91757345199585, 6.017194032669067 
425, 4.885195732116699, 6.0385894775390625 
426, 4.859418869018555, 6.106226921081543 
427, 4.8421831130981445, 6.026968479156494 
428, 4.820162773132324, 6.032947778701782 
429, 4.8054280281066895, 6.28737211227417 
430, 4.764710426330566, 6.341061115264893 
431, 4.730289936065674, 6.439785480499268 
432, 4.709261417388916, 6.411752223968506 
433, 4.6683244705200195, 6.335162878036499 
434, 4.639747142791748, 6.285438299179077 
435, 4.60224723815918, 6.411912441253662 
436, 4.55899715423584, 6.2257609367370605 
437, 4.536137580871582, 6.361557483673096 
438, 4.488927364349365, 6.2202582359313965 
439, 4.452145576477051, 6.201843976974487 
440, 4.407458782196045, 6.303164005279541 
441, 4.378968715667725, 6.28395938873291 
442, 4.330728530883789, 6.5531134605407715 
443, 4.29564094543457, 6.50048828125 
444, 4.254051208496094, 6.166926622390747 
445, 4.225174903869629, 6.303980350494385 
446, 4.198084831237793, 6.193882942199707 
447, 4.157802581787109, 6.212801694869995 
448, 4.149051666259766, 6.121293306350708 
449, 4.114053726196289, 6.322045564651489 
450, 4.098954200744629, 6.61719274520874 
451, 4.071495532989502, 6.479285955429077 
452, 4.046370506286621, 6.557234525680542 
453, 4.026132106781006, 6.280641317367554 
454, 3.990200996398926, 6.337411165237427 
455, 3.9710848331451416, 6.213697910308838 
456, 3.9593849182128906, 6.101045370101929 
457, 3.9302210807800293, 6.160586595535278 
458, 3.9033584594726562, 6.124342441558838 
459, 3.899521827697754, 6.225995063781738 
460, 3.876523494720459, 6.245873928070068 
461, 3.845895767211914, 6.131253957748413 
462, 3.806041717529297, 6.270441770553589 
463, 3.794158935546875, 6.3270323276519775 
464, 3.765063762664795, 6.19172477722168 
465, 3.7699227333068848, 6.595110177993774 
466, 3.7388107776641846, 6.604038238525391 
467, 3.7202844619750977, 6.405697345733643 
468, 3.7058265209198, 6.479606866836548 
469, 3.676349639892578, 6.630036354064941 
470, 3.6506001949310303, 6.275516986846924 
471, 3.6244313716888428, 6.0724921226501465 
472, 3.6211588382720947, 6.209343910217285 
473, 3.6039931774139404, 6.062162160873413 
474, 3.5561294555664062, 6.581964492797852 
475, 3.56380033493042, 6.485320329666138 
476, 3.5335452556610107, 6.423539876937866 
477, 3.535947322845459, 6.524547576904297 
478, 3.5143215656280518, 6.439299583435059 
479, 3.4785075187683105, 6.496820688247681 
480, 3.471055507659912, 6.577036142349243 
481, 3.4657325744628906, 6.401610612869263 
482, 3.4400172233581543, 6.037843942642212 
483, 3.4243650436401367, 6.2795751094818115 
484, 3.4021310806274414, 6.823901653289795 
485, 3.3825292587280273, 6.452807664871216 
486, 3.3771955966949463, 6.2272443771362305 
487, 3.3716883659362793, 6.100987911224365 
488, 3.3485445976257324, 6.162569522857666 
489, 3.3280467987060547, 6.2929441928863525 
490, 3.3092424869537354, 6.1377272605896 
491, 3.307948589324951, 6.0686681270599365 
492, 3.2872495651245117, 6.109395265579224 
493, 3.2923073768615723, 6.178164958953857 
494, 3.260204315185547, 6.213732481002808 
495, 3.235994577407837, 5.980807781219482 
496, 3.213386058807373, 6.0119078159332275 
497, 3.2264037132263184, 6.0903356075286865 
498, 3.2110137939453125, 6.342392444610596 
499, 3.197115659713745, 6.321619033813477 
500, 3.1889219284057617, 6.018113374710083 
501, 3.1861186027526855, 6.042943477630615 
502, 3.1552867889404297, 6.0580127239227295 
503, 3.133553981781006, 6.17167329788208 
504, 3.1133580207824707, 6.10200834274292 
505, 3.1119461059570312, 6.00746750831604 
506, 3.0941290855407715, 5.969232082366943 
507, 3.1074981689453125, 6.081806659698486 
508, 3.069289207458496, 6.09490442276001 
509, 3.05854868888855, 6.126824617385864 
510, 3.035352945327759, 6.030085563659668 
511, 3.0151901245117188, 6.358303546905518 
512, 2.999505043029785, 6.102020978927612 
513, 2.9783406257629395, 6.6384522914886475 
514, 2.957864761352539, 6.407965660095215 
515, 2.9329187870025635, 6.176661252975464 
516, 2.9239914417266846, 6.035582780838013 
517, 2.9001641273498535, 6.371480226516724 
518, 2.8921399116516113, 6.220801830291748 
519, 2.871476650238037, 6.244859933853149 
520, 2.8424010276794434, 6.283469915390015 
521, 2.830425262451172, 6.43478798866272 
522, 2.8182151317596436, 6.326189041137695 
523, 2.7904701232910156, 6.321913480758667 
524, 2.783261775970459, 6.358392953872681 
525, 2.758899211883545, 6.4128193855285645 
526, 2.744277238845825, 6.580326080322266 
527, 2.761624336242676, 6.275946140289307 
528, 2.7138400077819824, 6.288349151611328 
529, 2.6992015838623047, 6.364936113357544 
530, 2.6888227462768555, 6.221795320510864 
531, 2.6624982357025146, 6.319730520248413 
532, 2.627089738845825, 6.414415597915649 
533, 2.6231088638305664, 6.491029739379883 
534, 2.6063530445098877, 6.216655015945435 
535, 2.5919957160949707, 6.548977613449097 
536, 2.5510754585266113, 6.208937406539917 
537, 2.560333013534546, 6.198202848434448 
538, 2.5417871475219727, 6.227759838104248 
539, 2.526660919189453, 6.061546564102173 
540, 2.4987919330596924, 6.14845609664917 
541, 2.4923243522644043, 6.122980117797852 
542, 2.482994318008423, 6.170614242553711 
543, 2.4513511657714844, 6.214738845825195 
544, 2.4467544555664062, 6.377729892730713 
545, 2.4365570545196533, 6.1681365966796875 
546, 2.41977596282959, 6.188889026641846 
547, 2.4068689346313477, 6.118147134780884 
548, 2.3827431201934814, 6.2615931034088135 
549, 2.37553071975708, 6.4937169551849365 
550, 2.3794655799865723, 6.226675271987915 
551, 2.362515926361084, 6.335371732711792 
552, 2.346517562866211, 6.312021970748901 
553, 2.3273911476135254, 6.3893115520477295 
554, 2.3236048221588135, 6.477288722991943 
555, 2.314685821533203, 6.284902334213257 
556, 2.2944321632385254, 6.282183885574341 
557, 2.2852988243103027, 6.3169636726379395 
558, 2.2630398273468018, 6.4182448387146 
559, 2.2516274452209473, 6.291922092437744 
560, 2.241917610168457, 6.23219108581543 
561, 2.2216310501098633, 6.499415874481201 
562, 2.214414119720459, 6.1741955280303955 
563, 2.199443817138672, 6.2316014766693115 
564, 2.172276735305786, 6.605044841766357 
565, 2.172727108001709, 6.414445638656616 
566, 2.1672167778015137, 6.216537952423096 
567, 2.138866901397705, 6.388059139251709 
568, 2.121004819869995, 6.317288637161255 
569, 2.103926658630371, 6.265461206436157 
570, 2.0914454460144043, 6.314054727554321 
571, 2.0602633953094482, 6.417223215103149 
572, 2.0582287311553955, 6.583300590515137 
573, 2.051638603210449, 6.232111215591431 
574, 2.026017189025879, 6.548485994338989 
575, 2.0140421390533447, 6.507345199584961 
576, 1.9917900562286377, 6.287784099578857 
577, 1.9839210510253906, 6.344699382781982 
578, 1.9682575464248657, 6.333408355712891 
579, 1.947115421295166, 6.414562940597534 
580, 1.9335057735443115, 6.425150632858276 
581, 1.9170219898223877, 6.489753246307373 
582, 1.9005235433578491, 6.101771116256714 
583, 1.882858157157898, 6.516790866851807 
584, 1.8460683822631836, 6.395301818847656 
585, 1.8517379760742188, 6.4055469036102295 
586, 1.8367500305175781, 6.245507001876831 
587, 1.8199870586395264, 6.385844945907593 
588, 1.8180506229400635, 6.3922154903411865 
589, 1.796640396118164, 6.02375602722168 
590, 1.797985315322876, 6.276077747344971 
591, 1.7770633697509766, 6.221932649612427 
592, 1.754927158355713, 6.1595237255096436 
593, 1.749449372291565, 6.455721139907837 
594, 1.7143487930297852, 6.010767698287964 
595, 1.7081934213638306, 6.4148993492126465 
596, 1.6889580488204956, 6.230539321899414 
597, 1.6765847206115723, 6.161327838897705 
598, 1.653045892715454, 6.2678539752960205 
599, 1.6453306674957275, 6.028218984603882 
600, 1.6242915391921997, 5.9635162353515625 
601, 1.6088985204696655, 5.962166786193848 
602, 1.5997278690338135, 6.232575178146362 
603, 1.5773894786834717, 6.381780624389648 
604, 1.5889681577682495, 6.079463005065918 
605, 1.5515564680099487, 5.985379934310913 
606, 1.5446401834487915, 6.0051491260528564 
607, 1.5313352346420288, 6.296854257583618 
608, 1.5216087102890015, 6.061966419219971 
609, 1.5078431367874146, 6.130186080932617 
610, 1.4971867799758911, 5.951384544372559 
611, 1.4832113981246948, 6.131907939910889 
612, 1.4717680215835571, 6.177579402923584 
613, 1.4534971714019775, 6.174182176589966 
614, 1.4557874202728271, 5.9806296825408936 
615, 1.4344638586044312, 6.011999130249023 
616, 1.43773353099823, 6.122887134552002 
617, 1.4063795804977417, 6.074610948562622 
618, 1.3859572410583496, 6.368122100830078 
619, 1.381242036819458, 5.948312520980835 
620, 1.367502212524414, 6.060674428939819 
621, 1.3523050546646118, 6.034121990203857 
622, 1.3450419902801514, 6.101071834564209 
623, 1.3315410614013672, 6.018835783004761 
624, 1.3309394121170044, 6.026900291442871 
625, 1.310160517692566, 6.041358232498169 
626, 1.293428659439087, 6.029852390289307 
627, 1.2960903644561768, 6.087591171264648 
628, 1.2814747095108032, 6.355307340621948 
629, 1.2709157466888428, 6.098700284957886 
630, 1.2524750232696533, 6.061600923538208 
631, 1.2535450458526611, 6.086307525634766 
632, 1.233298897743225, 6.075175523757935 
633, 1.2221672534942627, 5.996204614639282 
634, 1.2142443656921387, 6.1228601932525635 
635, 1.2121798992156982, 6.176721811294556 
636, 1.1923472881317139, 5.968854904174805 
637, 1.176826000213623, 6.042284965515137 
638, 1.1659170389175415, 6.041927337646484 
639, 1.1691899299621582, 6.396453619003296 
640, 1.1510483026504517, 6.173719644546509 
641, 1.1498987674713135, 6.0712034702301025 
642, 1.1286802291870117, 6.252971410751343 
643, 1.1208889484405518, 6.089708089828491 
644, 1.1121487617492676, 6.023935079574585 
645, 1.0948972702026367, 6.3797078132629395 
646, 1.0957672595977783, 6.250036716461182 
647, 1.076228380203247, 6.605236768722534 
648, 1.0546140670776367, 6.242928981781006 
649, 1.0510227680206299, 6.186962604522705 
650, 1.0507235527038574, 6.0595383644104 
651, 1.036078929901123, 6.547648906707764 
652, 1.0125731229782104, 6.264196872711182 
653, 1.0095714330673218, 6.505452632904053 
654, 0.9983265995979309, 6.101808071136475 
655, 0.985762357711792, 6.3929603099823 
656, 0.9781034588813782, 6.410259485244751 
657, 0.9595547318458557, 6.185575485229492 
658, 0.9587416648864746, 6.475249290466309 
659, 0.9485353231430054, 6.435409069061279 
660, 0.9321029186248779, 6.272595167160034 
661, 0.9234004616737366, 6.458936452865601 
662, 0.9134606719017029, 6.2677202224731445 
663, 0.901150643825531, 6.2345147132873535 
664, 0.9004995822906494, 6.522953987121582 
665, 0.8758015036582947, 6.461980819702148 
666, 0.8734241127967834, 6.514969348907471 
667, 0.8584556579589844, 6.287452459335327 
668, 0.8509436249732971, 6.275197982788086 
669, 0.8374629020690918, 6.304754734039307 
670, 0.8391732573509216, 6.4249587059021 
671, 0.808377742767334, 6.366089105606079 
672, 0.8105741143226624, 6.315989971160889 
673, 0.7919696569442749, 6.134352684020996 
674, 0.7968235015869141, 6.241143226623535 
675, 0.7803462743759155, 6.262826681137085 
676, 0.7689244151115417, 6.051272630691528 
677, 0.7606688141822815, 6.210027456283569 
678, 0.7510941028594971, 6.153005599975586 
679, 0.7403173446655273, 6.449737548828125 
680, 0.7110980749130249, 6.070552587509155 
681, 0.7047052979469299, 6.164276599884033 
682, 0.7023358345031738, 6.091765642166138 
683, 0.698550283908844, 6.258843183517456 
684, 0.6836948394775391, 6.11259126663208 
685, 0.6735026836395264, 6.137559652328491 
686, 0.6638764142990112, 6.377877235412598 
687, 0.6608092784881592, 6.307324647903442 
688, 0.6449998021125793, 6.21414041519165 
689, 0.6378563642501831, 6.436315298080444 
690, 0.6336367130279541, 6.192655563354492 
691, 0.6141055822372437, 6.162570953369141 
692, 0.608280599117279, 6.400599241256714 
693, 0.5956968069076538, 6.356720685958862 
694, 0.5946146845817566, 6.44380784034729 
695, 0.5801750421524048, 6.326364517211914 
696, 0.5734664797782898, 6.169440031051636 
697, 0.5713211297988892, 6.104642629623413 
698, 0.5606967806816101, 6.197834253311157 
699, 0.5502057075500488, 6.313157081604004 
700, 0.5356613993644714, 6.216217517852783 
701, 0.5242459774017334, 6.0859055519104 
702, 0.5182704329490662, 6.180704116821289 
703, 0.5114384889602661, 6.159862756729126 
704, 0.5033954381942749, 6.145663261413574 
705, 0.496182918548584, 6.052963972091675 
706, 0.4851478338241577, 6.14988374710083 
707, 0.4827948212623596, 6.207221984863281 
708, 0.4734973907470703, 6.104435443878174 
709, 0.4666147828102112, 6.2414751052856445 
710, 0.4586910605430603, 6.414365530014038 
711, 0.4524540901184082, 6.469978332519531 
712, 0.43782901763916016, 6.189618825912476 
713, 0.43933236598968506, 6.2402544021606445 
714, 0.43141257762908936, 6.361011743545532 
715, 0.41580623388290405, 6.233604192733765 
716, 0.4107280373573303, 6.248511075973511 
717, 0.40693771839141846, 6.3952085971832275 
718, 0.39759576320648193, 6.118492126464844 
719, 0.39278221130371094, 6.741775274276733 
720, 0.38662630319595337, 6.475677490234375 
721, 0.3786783814430237, 6.35755467414856 
722, 0.3749363422393799, 6.97486424446106 
723, 0.3578224778175354, 6.021461248397827 
724, 0.34931159019470215, 6.1986634731292725 
725, 0.34852808713912964, 6.663731098175049 
726, 0.3433569073677063, 6.2001354694366455 
727, 0.3377404808998108, 6.114337921142578 
728, 0.32931071519851685, 6.0333685874938965 
729, 0.32105553150177, 6.062157392501831 
730, 0.31150490045547485, 6.181783437728882 
731, 0.30834412574768066, 6.2718505859375 
732, 0.3089407682418823, 6.261718511581421 
733, 0.29470908641815186, 6.165753126144409 
734, 0.2936165928840637, 6.138644456863403 
735, 0.2878710627555847, 6.311425685882568 
736, 0.27710121870040894, 6.479722023010254 
737, 0.2676768898963928, 6.460600137710571 
738, 0.26545411348342896, 6.017280101776123 
739, 0.264440655708313, 6.107726335525513 
740, 0.25876057147979736, 6.25027322769165 
741, 0.2473868727684021, 6.390895128250122 
742, 0.24855417013168335, 6.1490795612335205 
743, 0.23896610736846924, 6.26955509185791 
744, 0.24243628978729248, 6.270975828170776 
745, 0.22905302047729492, 6.032982587814331 
746, 0.21921378374099731, 6.1155686378479 
747, 0.21611452102661133, 6.176467418670654 
748, 0.21769076585769653, 6.2364068031311035 
749, 0.20950210094451904, 6.508652925491333 
750, 0.20819127559661865, 6.257080793380737 
751, 0.20289283990859985, 6.440239191055298 
752, 0.19880539178848267, 6.885956525802612 
753, 0.19837713241577148, 6.847073316574097 
754, 0.18898093700408936, 6.281944990158081 
755, 0.17767423391342163, 6.278144121170044 
756, 0.17632544040679932, 6.077891111373901 
757, 0.16820281744003296, 6.381210565567017 
758, 0.16750365495681763, 6.063408374786377 
759, 0.15876376628875732, 6.667940616607666 
760, 0.16017186641693115, 6.140057563781738 
761, 0.15161818265914917, 6.1878342628479 
762, 0.14766836166381836, 6.124774932861328 
763, 0.1346835494041443, 6.197818040847778 
764, 0.13897737860679626, 6.352291107177734 
765, 0.1256280243396759, 6.1055214405059814 
766, 0.13594239950180054, 6.093327045440674 
767, 0.13076815009117126, 6.20972752571106 
768, 0.121011883020401, 6.406045913696289 
769, 0.11418953537940979, 6.330425500869751 
770, 0.11669856309890747, 6.51860785484314 
771, 0.09669393301010132, 6.375554323196411 
772, 0.10196748375892639, 6.3196189403533936 
773, 0.09545716643333435, 6.252072811126709 
774, 0.0980185866355896, 6.2141406536102295 
775, 0.08957648277282715, 6.322640895843506 
776, 0.08526584506034851, 6.311889410018921 
777, 0.08786666393280029, 6.298813104629517 
778, 0.09636977314949036, 6.138182878494263 
779, 0.10082966089248657, 6.011049509048462 
780, 0.09590345621109009, 6.776813268661499 
781, 0.10096228122711182, 6.50638484954834 
782, 0.09523546695709229, 6.36557936668396 
783, 0.10350880026817322, 5.982728004455566 
784, 0.09552174806594849, 6.080590724945068 
785, 0.08550697565078735, 5.918234825134277 
786, 0.09047627449035645, 6.426497459411621 
787, 0.08981910347938538, 6.131146669387817 
788, 0.08456501364707947, 5.997944593429565 
789, 0.07401037216186523, 6.533906698226929 
790, 0.07408267259597778, 5.985748767852783 
791, 0.06092914938926697, 6.19075608253479 
792, 0.06224736571311951, 6.323193550109863 
793, 0.05417892336845398, 6.335960865020752 
794, 0.03884956240653992, 6.34665584564209 
795, 0.038054466247558594, 6.275445461273193 
796, 0.022836953401565552, 6.552765846252441 
797, 0.0024358630180358887, 7.452461004257202 
798, -0.012622565031051636, 6.595654249191284 
799, -0.012402147054672241, 6.536092042922974 
800, -0.021126985549926758, 6.196449279785156 
801, -0.03531792759895325, 6.6328346729278564 
802, -0.03989154100418091, 6.654286861419678 
803, -0.0423220694065094, 6.179744005203247 
804, -0.05148759484291077, 6.43040919303894 
805, -0.04008868336677551, 6.101137399673462 
806, -0.043023258447647095, 6.024520397186279 
807, -0.04071640968322754, 6.177871227264404 
808, -0.03974723815917969, 6.327577590942383 
809, -0.03054794669151306, 6.313572645187378 
810, -0.03168627619743347, 6.386523485183716 
811, -0.03727278113365173, 6.203507661819458 
812, -0.04278925061225891, 6.314222097396851 
813, -0.038484007120132446, 6.889296293258667 
814, -0.05155378580093384, 6.00275731086731 
815, -0.04675745964050293, 6.175777912139893 
816, -0.0509495735168457, 6.164403676986694 
817, -0.06522807478904724, 6.282728672027588 
818, -0.0643441379070282, 6.0214457511901855 
819, -0.06874066591262817, 6.091101884841919 
820, -0.0724402368068695, 6.228233814239502 
821, -0.08533498644828796, 6.180034399032593 
822, -0.09043323993682861, 6.09793496131897 
823, -0.09286317229270935, 6.27362322807312 
824, -0.09415745735168457, 6.34508490562439 
825, -0.09272050857543945, 6.278212070465088 
826, -0.09261751174926758, 6.199976444244385 
827, -0.09961909055709839, 6.374727487564087 
828, -0.10225769877433777, 6.241078615188599 
829, -0.09582576155662537, 6.08359956741333 
830, -0.09097060561180115, 6.770013332366943 
831, -0.09934976696968079, 6.299631118774414 
832, -0.07740485668182373, 6.9192914962768555 
833, -0.05298641324043274, 6.634762763977051 
834, -0.024760901927947998, 6.098111867904663 
835, 0.009734779596328735, 6.21002459526062 
836, 0.0434643030166626, 6.455032825469971 
837, 0.08301830291748047, 6.559649229049683 
838, 0.09276720881462097, 6.5608909130096436 
839, 0.10779666900634766, 6.566340923309326 
840, 0.10912758111953735, 6.638579368591309 
841, 0.11034634709358215, 6.752393960952759 
842, 0.12079524993896484, 6.58148193359375 
843, 0.10767844319343567, 6.182029724121094 
844, 0.09436437487602234, 6.311579465866089 
845, 0.08458778262138367, 6.388034343719482 
846, 0.05664387345314026, 7.005452632904053 
847, 0.04885399341583252, 6.634376049041748 
848, 0.02914661169052124, 6.2158496379852295 
849, -0.001845031976699829, 6.580719947814941 
850, -0.019418329000473022, 6.028069496154785 
851, -0.04017791152000427, 6.1728901863098145 
852, -0.055335402488708496, 6.231137752532959 
853, -0.07586759328842163, 6.723965406417847 
854, -0.0691254734992981, 6.507746696472168 
855, -0.07793805003166199, 6.521659851074219 
856, -0.06430855393409729, 6.377145290374756 
857, -0.05885496735572815, 6.542898178100586 
858, -0.05284237861633301, 6.549565315246582 
859, -0.045410364866256714, 6.556511163711548 
860, -0.04286685585975647, 6.331979513168335 
861, -0.051771849393844604, 6.260589361190796 
862, -0.05069264769554138, 6.645600080490112 
863, -0.05539742112159729, 6.275603294372559 
864, -0.05454516410827637, 6.031892776489258 
865, -0.06670737266540527, 6.006537437438965 
866, -0.07886788249015808, 6.328312635421753 
867, -0.08869361877441406, 6.194784641265869 
868, -0.09754517674446106, 6.438294887542725 
869, -0.11985436081886292, 6.473574876785278 
870, -0.13379165530204773, 7.573274612426758 
871, -0.14523467421531677, 5.983771085739136 
872, -0.14383846521377563, 6.282666206359863 
873, -0.16061565279960632, 6.450294494628906 
874, -0.1725049912929535, 6.379490613937378 
875, -0.18209321796894073, 6.204058885574341 
876, -0.18309596180915833, 6.094442367553711 
877, -0.1875731348991394, 6.287839412689209 
878, -0.1869458258152008, 6.255863428115845 
879, -0.19487884640693665, 6.229390859603882 
880, -0.20114003121852875, 6.133964538574219 
881, -0.19132646918296814, 6.165403604507446 
882, -0.18754954636096954, 6.045924186706543 
883, -0.1973193883895874, 6.353766202926636 
884, -0.18374547362327576, 6.279573440551758 
885, -0.18628403544425964, 6.14224100112915 
886, -0.18864849209785461, 6.042957067489624 
887, -0.1873677670955658, 6.0711681842803955 
888, -0.18832075595855713, 6.122418642044067 
889, -0.1880781650543213, 6.3598878383636475 
890, -0.18616658449172974, 6.23303747177124 
891, -0.18505841493606567, 6.391292095184326 
892, -0.19385981559753418, 6.340397596359253 
893, -0.18689975142478943, 6.192968368530273 
894, -0.19038790464401245, 6.21920919418335 
895, -0.1931973695755005, 6.418221473693848 
896, -0.19361558556556702, 6.126864194869995 
897, -0.20263108611106873, 6.493385553359985 
898, -0.21487748622894287, 6.080482006072998 
899, -0.211755633354187, 6.236305475234985 
900, -0.21441134810447693, 6.06254506111145 
901, -0.21559447050094604, 6.1694135665893555 
902, -0.22076565027236938, 6.337844610214233 
903, -0.21924325823783875, 6.140422344207764 
904, -0.2194942831993103, 6.027770280838013 
905, -0.22911345958709717, 6.103009223937988 
906, -0.22566726803779602, 6.036703586578369 
907, -0.22522640228271484, 6.330342531204224 
908, -0.2269265353679657, 6.621437311172485 
909, -0.22252580523490906, 6.496511697769165 
910, -0.22539478540420532, 6.5241379737854 
911, -0.22833237051963806, 6.6797754764556885 
912, -0.2316417694091797, 6.1162238121032715 
913, -0.22998404502868652, 6.473360061645508 
914, -0.22830834984779358, 6.386963129043579 
915, -0.23355427384376526, 6.042931318283081 
916, -0.234165757894516, 6.061548471450806 
917, -0.23123687505722046, 6.767411947250366 
918, -0.22930490970611572, 6.190440654754639 
919, -0.22873210906982422, 6.134976625442505 
920, -0.23542380332946777, 6.425976991653442 
921, -0.23612886667251587, 6.286394119262695 
922, -0.23504871129989624, 6.036509037017822 
923, -0.23236358165740967, 6.418785810470581 
924, -0.23580536246299744, 6.475795745849609 
925, -0.23555156588554382, 6.3564698696136475 
926, -0.24061506986618042, 6.21581506729126 
927, -0.23393389582633972, 6.0597944259643555 
928, -0.24466753005981445, 6.153572082519531 
929, -0.24208593368530273, 6.305392265319824 
930, -0.24695229530334473, 6.410970687866211 
931, -0.24963374435901642, 6.063318252563477 
932, -0.2496648132801056, 6.210097551345825 
933, -0.25426310300827026, 6.142584562301636 
934, -0.2462228387594223, 6.3366241455078125 
935, -0.24870239198207855, 5.9729626178741455 
936, -0.2486347109079361, 6.357622146606445 
937, -0.2633380591869354, 6.271083831787109 
938, -0.256658673286438, 5.916175842285156 
939, -0.2534591555595398, 6.254464149475098 
940, -0.25793182849884033, 6.341467618942261 
941, -0.25034236907958984, 6.235350131988525 
942, -0.2567227780818939, 6.080281019210815 
943, -0.2663543224334717, 6.1642279624938965 
944, -0.2696595788002014, 6.193182468414307 
945, -0.26740777492523193, 6.36912727355957 
946, -0.26509714126586914, 6.113735198974609 
947, -0.27744781970977783, 6.26618504524231 
948, -0.27174681425094604, 6.3500072956085205 
949, -0.26709601283073425, 6.208938121795654 
950, -0.2774873971939087, 6.330560922622681 
951, -0.2747013568878174, 6.204468488693237 
952, -0.27602246403694153, 6.523842811584473 
953, -0.2758774161338806, 6.048189878463745 
954, -0.27494189143180847, 6.16471791267395 
955, -0.2889465391635895, 6.38977313041687 
956, -0.2861718535423279, 6.171325206756592 
957, -0.28674256801605225, 6.253810405731201 
958, -0.2845059037208557, 6.2086875438690186 
959, -0.2849923372268677, 6.214529037475586 
960, -0.2829047739505768, 6.276527643203735 
961, -0.2934136390686035, 6.127178430557251 
962, -0.2939084470272064, 6.249337434768677 
963, -0.28903812170028687, 6.182811260223389 
964, -0.29624420404434204, 6.255257606506348 
965, -0.29711073637008667, 6.3273375034332275 
966, -0.2952237129211426, 6.121716260910034 
967, -0.29854923486709595, 6.392221689224243 
968, -0.30040431022644043, 6.244330406188965 
969, -0.3046873211860657, 6.330878019332886 
970, -0.30568695068359375, 5.996168613433838 
971, -0.308746874332428, 6.318822383880615 
972, -0.3064540922641754, 6.357954025268555 
973, -0.3015030324459076, 6.2054972648620605 
974, -0.3061772882938385, 6.203458070755005 
975, -0.3065049648284912, 6.244834661483765 
976, -0.3085629940032959, 6.33063817024231 
977, -0.31464141607284546, 6.199377059936523 
978, -0.30768054723739624, 6.033238172531128 
979, -0.3117941617965698, 6.235543727874756 
980, -0.31299152970314026, 6.314887762069702 
981, -0.31277650594711304, 6.14831280708313 
982, -0.31941336393356323, 6.2202417850494385 
983, -0.31981825828552246, 6.227562427520752 
984, -0.31969621777534485, 6.183653116226196 
985, -0.3214932382106781, 6.121757507324219 
986, -0.32348763942718506, 6.451327800750732 
987, -0.32480770349502563, 6.369962930679321 
988, -0.32524582743644714, 6.162632942199707 
989, -0.33029985427856445, 6.1810102462768555 
990, -0.32665717601776123, 6.330114126205444 
991, -0.32950538396835327, 6.256491184234619 
992, -0.3378182053565979, 6.437647581100464 
993, -0.3343852162361145, 6.496904611587524 
994, -0.33676677942276, 6.34440279006958 
995, -0.3354618549346924, 6.409066677093506 
996, -0.34588319063186646, 6.251892805099487 
997, -0.33907294273376465, 6.118406534194946 
998, -0.34053105115890503, 6.450292587280273 
999, -0.3432610034942627, 6.087773084640503 
