Iteration, loss, time 
0, 1.5909092426300049, 0.6368284225463867, 0.3385589122772217, 0.28258705139160156 
1, 1.5422372817993164, 0.5667133331298828, 0.27721214294433594, 0.27548646926879883 
2, 1.4946038722991943, 0.564760684967041, 0.27591657638549805, 0.2748572826385498 
3, 1.4480504989624023, 0.5646517276763916, 0.27588963508605957, 0.2749958038330078 
4, 1.4026142358779907, 0.5725193023681641, 0.27680134773254395, 0.28146958351135254 
5, 1.358330488204956, 0.5751907825469971, 0.2817368507385254, 0.27934765815734863 
6, 1.315229892730713, 0.5667939186096191, 0.2767815589904785, 0.27625346183776855 
7, 1.2733397483825684, 0.568566083908081, 0.2764444351196289, 0.2779073715209961 
8, 1.2326806783676147, 0.5691254138946533, 0.27741456031799316, 0.27718472480773926 
9, 1.1932728290557861, 0.5688865184783936, 0.2770192623138428, 0.27793335914611816 
10, 1.1551287174224854, 0.5669388771057129, 0.2774174213409424, 0.2757561206817627 
11, 1.118255853652954, 0.5701615810394287, 0.2770261764526367, 0.2787449359893799 
12, 1.0826600790023804, 0.5675404071807861, 0.2764589786529541, 0.27684569358825684 
13, 1.0483429431915283, 0.5668656826019287, 0.2753732204437256, 0.2774667739868164 
14, 1.015296459197998, 0.5619974136352539, 0.27423548698425293, 0.27359986305236816 
15, 0.9835140705108643, 0.5637068748474121, 0.27343273162841797, 0.27612853050231934 
16, 0.952984631061554, 0.5673544406890869, 0.2746706008911133, 0.2785203456878662 
17, 0.923690915107727, 0.5698471069335938, 0.27588868141174316, 0.2797732353210449 
18, 0.895454466342926, 0.5711934566497803, 0.2761952877044678, 0.28090763092041016 
19, 0.868234395980835, 0.56876540184021, 0.2759735584259033, 0.27851200103759766 
20, 0.8421851992607117, 0.5688531398773193, 0.2764170169830322, 0.27823948860168457 
21, 0.8172768950462341, 0.5681455135345459, 0.2768540382385254, 0.27739930152893066 
22, 0.7934785485267639, 0.5671770572662354, 0.2748739719390869, 0.27828192710876465 
23, 0.7707587480545044, 0.5744261741638184, 0.27721524238586426, 0.28301429748535156 
24, 0.7490838766098022, 0.5711843967437744, 0.27792835235595703, 0.2790868282318115 
25, 0.7284214496612549, 0.5667743682861328, 0.2742919921875, 0.27880215644836426 
26, 0.7087345123291016, 0.5668392181396484, 0.2748072147369385, 0.2783937454223633 
27, 0.6899898648262024, 0.5668935775756836, 0.27411532402038574, 0.2790207862854004 
28, 0.6721504330635071, 0.5694544315338135, 0.27361345291137695, 0.2823452949523926 
29, 0.655181884765625, 0.5661928653717041, 0.2753872871398926, 0.27715134620666504 
30, 0.6390483379364014, 0.5715949535369873, 0.274944543838501, 0.2831547260284424 
31, 0.6237136125564575, 0.5693259239196777, 0.27611756324768066, 0.27895355224609375 
32, 0.6091436147689819, 0.5810897350311279, 0.2824854850769043, 0.28438687324523926 
33, 0.5951699018478394, 0.5780367851257324, 0.27832579612731934, 0.285386323928833 
34, 0.5817965269088745, 0.5763659477233887, 0.2768590450286865, 0.28566646575927734 
35, 0.569110095500946, 0.5736384391784668, 0.27652931213378906, 0.2829446792602539 
36, 0.5570778846740723, 0.5701017379760742, 0.27638959884643555, 0.2799556255340576 
37, 0.5456676483154297, 0.5702047348022461, 0.2749483585357666, 0.2808716297149658 
38, 0.5348473787307739, 0.5708341598510742, 0.27577686309814453, 0.28134799003601074 
39, 0.5245875716209412, 0.5713157653808594, 0.27495360374450684, 0.2825472354888916 
40, 0.5148584246635437, 0.5684735774993896, 0.2742729187011719, 0.28077077865600586 
41, 0.5056320428848267, 0.5667538642883301, 0.27386021614074707, 0.27848386764526367 
42, 0.4968809187412262, 0.5716979503631592, 0.2773160934448242, 0.28072595596313477 
43, 0.48858019709587097, 0.5697002410888672, 0.2759261131286621, 0.2800626754760742 
44, 0.48070454597473145, 0.5692238807678223, 0.2761087417602539, 0.2793762683868408 
45, 0.47323012351989746, 0.5738794803619385, 0.2768666744232178, 0.28349733352661133 
46, 0.46613532304763794, 0.5750775337219238, 0.2769205570220947, 0.2843494415283203 
47, 0.45939770340919495, 0.571901798248291, 0.27432799339294434, 0.2837367057800293 
48, 0.45297229290008545, 0.574716329574585, 0.2744014263153076, 0.28703975677490234 
49, 0.4466512203216553, 0.5704371929168701, 0.27669429779052734, 0.2802886962890625 
50, 0.4406467080116272, 0.5686042308807373, 0.2759106159210205, 0.27909350395202637 
51, 0.43493980169296265, 0.5726287364959717, 0.2773144245147705, 0.28172922134399414 
52, 0.42951446771621704, 0.5701503753662109, 0.2732226848602295, 0.28313231468200684 
53, 0.42435407638549805, 0.57855224609375, 0.2848360538482666, 0.27928638458251953 
54, 0.41929858922958374, 0.5746729373931885, 0.27521276473999023, 0.28573155403137207 
55, 0.4141859710216522, 0.5715553760528564, 0.27553272247314453, 0.2822573184967041 
56, 0.4093141555786133, 0.5705165863037109, 0.2745795249938965, 0.282015323638916 
57, 0.40466925501823425, 0.572948694229126, 0.27423763275146484, 0.28487467765808105 
58, 0.4000902771949768, 0.5692074298858643, 0.27368593215942383, 0.2819364070892334 
59, 0.3953554332256317, 0.5843219757080078, 0.28288817405700684, 0.2877843379974365 
60, 0.390819251537323, 0.570326566696167, 0.2748992443084717, 0.28102660179138184 
61, 0.3863890767097473, 0.571955680847168, 0.2734222412109375, 0.28494834899902344 
62, 0.38209447264671326, 0.5734291076660156, 0.27518224716186523, 0.28456997871398926 
63, 0.37766480445861816, 0.5731058120727539, 0.2743077278137207, 0.2847859859466553 
64, 0.37337610125541687, 0.575791597366333, 0.2749159336090088, 0.2867598533630371 
65, 0.3692469298839569, 0.5751857757568359, 0.2752079963684082, 0.28577208518981934 
66, 0.3652702271938324, 0.573631763458252, 0.27597761154174805, 0.2834451198577881 
67, 0.3614388108253479, 0.5747365951538086, 0.27611351013183594, 0.28471946716308594 
68, 0.3577459454536438, 0.5824487209320068, 0.2779371738433838, 0.2909092903137207 
69, 0.35387542843818665, 0.5779867172241211, 0.27581000328063965, 0.2884347438812256 
70, 0.35008591413497925, 0.576653242111206, 0.2770810127258301, 0.2857949733734131 
71, 0.34643080830574036, 0.5738210678100586, 0.2736997604370117, 0.2865109443664551 
72, 0.3429042398929596, 0.5836474895477295, 0.2858729362487793, 0.28412723541259766 
73, 0.3394148349761963, 0.5764055252075195, 0.27341604232788086, 0.28894519805908203 
74, 0.33587968349456787, 0.577507734298706, 0.27329444885253906, 0.29067087173461914 
75, 0.3324640989303589, 0.5780465602874756, 0.27535581588745117, 0.2887864112854004 
76, 0.32907938957214355, 0.5779552459716797, 0.2750546932220459, 0.289104700088501 
77, 0.3257511854171753, 0.576287031173706, 0.27297258377075195, 0.2894303798675537 
78, 0.3225352466106415, 0.5789279937744141, 0.27636075019836426, 0.28863048553466797 
79, 0.3194279372692108, 0.577580451965332, 0.27501344680786133, 0.2887272834777832 
80, 0.316425085067749, 0.5791754722595215, 0.27386927604675293, 0.2911860942840576 
81, 0.31354081630706787, 0.5804970264434814, 0.27515459060668945, 0.291384220123291 
82, 0.3107483983039856, 0.615464448928833, 0.2773139476776123, 0.3245573043823242 
83, 0.30801236629486084, 0.5743939876556396, 0.2723081111907959, 0.28834009170532227 
84, 0.30535444617271423, 0.5949103832244873, 0.2772221565246582, 0.3040890693664551 
85, 0.3025702238082886, 0.5883224010467529, 0.2770228385925293, 0.29718971252441406 
86, 0.29987090826034546, 0.626340389251709, 0.28350305557250977, 0.3290286064147949 
87, 0.29725417494773865, 0.5777053833007812, 0.2746005058288574, 0.28940725326538086 
88, 0.29471728205680847, 0.5816817283630371, 0.2768871784210205, 0.2908179759979248 
89, 0.2921755313873291, 0.5813863277435303, 0.27369141578674316, 0.29369378089904785 
90, 0.2895583212375641, 0.5835959911346436, 0.275634765625, 0.29407644271850586 
91, 0.2870117425918579, 0.5851442813873291, 0.27683138847351074, 0.29445433616638184 
92, 0.2846706509590149, 0.5802285671234131, 0.27406978607177734, 0.29235267639160156 
93, 0.2823965847492218, 0.584111213684082, 0.27502989768981934, 0.29530787467956543 
94, 0.2801821827888489, 0.5816938877105713, 0.2751617431640625, 0.2924966812133789 
95, 0.2780109643936157, 0.5817055702209473, 0.27457165718078613, 0.29326391220092773 
96, 0.2759025990962982, 0.5878453254699707, 0.2767159938812256, 0.2971458435058594 
97, 0.2738584280014038, 0.5831615924835205, 0.27225399017333984, 0.29746460914611816 
98, 0.27202045917510986, 0.5881578922271729, 0.2769482135772705, 0.29729747772216797 
99, 0.27023375034332275, 0.5797042846679688, 0.27483415603637695, 0.29119348526000977 
100, 0.2685661315917969, 0.587639331817627, 0.27533650398254395, 0.29839468002319336 
101, 0.266972154378891, 0.5856750011444092, 0.2767655849456787, 0.2953150272369385 
102, 0.26536014676094055, 0.5897393226623535, 0.27801966667175293, 0.2976956367492676 
103, 0.26376235485076904, 0.5865151882171631, 0.27655911445617676, 0.2963714599609375 
104, 0.2622188329696655, 0.5901110172271729, 0.2770662307739258, 0.29872894287109375 
105, 0.2607046365737915, 0.588416337966919, 0.27708935737609863, 0.29734063148498535 
106, 0.2592329680919647, 0.5855615139007568, 0.27661824226379395, 0.2952709197998047 
107, 0.25780218839645386, 0.5872640609741211, 0.27723217010498047, 0.29638051986694336 
108, 0.2562096118927002, 0.5890979766845703, 0.27605748176574707, 0.2994706630706787 
109, 0.2546425759792328, 0.5886855125427246, 0.2768974304199219, 0.29771995544433594 
110, 0.2531205713748932, 0.5924398899078369, 0.2786693572998047, 0.3001108169555664 
111, 0.2516512870788574, 0.5896227359771729, 0.2763192653656006, 0.29981207847595215 
112, 0.25019752979278564, 0.6047029495239258, 0.28221893310546875, 0.3084237575531006 
113, 0.24886555969715118, 0.6069035530090332, 0.2925426959991455, 0.29955577850341797 
114, 0.24758127331733704, 0.6049709320068359, 0.2902200222015381, 0.3010098934173584 
115, 0.24643410742282867, 0.6050457954406738, 0.29047369956970215, 0.30031394958496094 
116, 0.2453201562166214, 0.6029825210571289, 0.28984856605529785, 0.29864501953125 
117, 0.2442801594734192, 0.6077437400817871, 0.29103899002075195, 0.3032374382019043 
118, 0.24339741468429565, 0.6043052673339844, 0.2885124683380127, 0.3019857406616211 
119, 0.2424199879169464, 0.6066205501556396, 0.28861165046691895, 0.3044407367706299 
120, 0.24134407937526703, 0.6049675941467285, 0.2885103225708008, 0.3025691509246826 
121, 0.24029894173145294, 0.6089475154876709, 0.29038238525390625, 0.304718017578125 
122, 0.23926587402820587, 0.6068775653839111, 0.29093146324157715, 0.30205798149108887 
123, 0.2381565123796463, 0.6159102916717529, 0.2948746681213379, 0.30733633041381836 
124, 0.23702119290828705, 0.6091530323028564, 0.29103875160217285, 0.3044731616973877 
125, 0.23592613637447357, 0.6097164154052734, 0.2908318042755127, 0.3048369884490967 
126, 0.23488113284111023, 0.6074342727661133, 0.28933095932006836, 0.3044898509979248 
127, 0.2339511513710022, 0.6123313903808594, 0.292224645614624, 0.30669426918029785 
128, 0.23304608464241028, 0.6089723110198975, 0.2883949279785156, 0.30643510818481445 
129, 0.23216482996940613, 0.6126375198364258, 0.2925903797149658, 0.3059871196746826 
130, 0.23130668699741364, 0.6139681339263916, 0.29305481910705566, 0.3069279193878174 
131, 0.23047077655792236, 0.6213071346282959, 0.2993762493133545, 0.30780577659606934 
132, 0.22953245043754578, 0.6169588565826416, 0.29512596130371094, 0.30823230743408203 
133, 0.22844655811786652, 0.6156818866729736, 0.29199886322021484, 0.30934667587280273 
134, 0.22737492620944977, 0.6138761043548584, 0.29193806648254395, 0.3086094856262207 
135, 0.2262568175792694, 0.6139476299285889, 0.2907216548919678, 0.30959510803222656 
136, 0.22505873441696167, 0.6153419017791748, 0.2932102680206299, 0.3084268569946289 
137, 0.2238887995481491, 0.6212737560272217, 0.29337120056152344, 0.3132939338684082 
138, 0.22274649143218994, 0.628662109375, 0.2979252338409424, 0.31659626960754395 
139, 0.22163739800453186, 0.6180014610290527, 0.2933187484741211, 0.3107569217681885 
140, 0.2205953598022461, 0.6197729110717773, 0.291034460067749, 0.3153069019317627 
141, 0.21956737339496613, 0.6215901374816895, 0.29491090774536133, 0.3129234313964844 
142, 0.218563511967659, 0.6010880470275879, 0.28009605407714844, 0.30719614028930664 
143, 0.21758392453193665, 0.6082882881164551, 0.2888777256011963, 0.3051645755767822 
144, 0.21662819385528564, 0.5935051441192627, 0.2804601192474365, 0.29956626892089844 
145, 0.2156742513179779, 0.6115255355834961, 0.28650641441345215, 0.310976505279541 
146, 0.21473738551139832, 0.6029403209686279, 0.28066301345825195, 0.30881714820861816 
147, 0.21381790935993195, 0.5964648723602295, 0.28017473220825195, 0.3025219440460205 
148, 0.21283729374408722, 0.6124837398529053, 0.28728556632995605, 0.3116118907928467 
149, 0.2118758112192154, 0.6129860877990723, 0.28890442848205566, 0.31049466133117676 
150, 0.2109355628490448, 0.6145346164703369, 0.289231538772583, 0.31173062324523926 
151, 0.21003706753253937, 0.6132209300994873, 0.287919282913208, 0.31165599822998047 
152, 0.20916539430618286, 0.6112499237060547, 0.2887086868286133, 0.30910444259643555 
153, 0.20831479132175446, 0.5969619750976562, 0.2799336910247803, 0.3030586242675781 
154, 0.20748502016067505, 0.6155481338500977, 0.281339168548584, 0.32001805305480957 
155, 0.20667442679405212, 0.6102128028869629, 0.28336215019226074, 0.3127298355102539 
156, 0.20588287711143494, 0.6087853908538818, 0.2827272415161133, 0.31197404861450195 
157, 0.20510923862457275, 0.6089911460876465, 0.2820718288421631, 0.3133249282836914 
158, 0.20435182750225067, 0.6062953472137451, 0.28924059867858887, 0.3030881881713867 
159, 0.2036130428314209, 0.5987226963043213, 0.28104138374328613, 0.3040008544921875 
160, 0.20289301872253418, 0.6151449680328369, 0.28963327407836914, 0.3116288185119629 
161, 0.20219099521636963, 0.5998342037200928, 0.28255319595336914, 0.30402588844299316 
162, 0.20150597393512726, 0.6104247570037842, 0.2816791534423828, 0.3153109550476074 
163, 0.2008151113986969, 0.6283712387084961, 0.29214930534362793, 0.3219170570373535 
164, 0.20010191202163696, 0.623291015625, 0.29328131675720215, 0.3163471221923828 
165, 0.19944167137145996, 0.6143879890441895, 0.28482961654663086, 0.3164346218109131 
166, 0.198835089802742, 0.6211490631103516, 0.29048776626586914, 0.31707119941711426 
167, 0.19825725257396698, 0.6088511943817139, 0.28911375999450684, 0.30549192428588867 
168, 0.19768859446048737, 0.6111581325531006, 0.29087352752685547, 0.30698704719543457 
169, 0.19715550541877747, 0.6233377456665039, 0.2923860549926758, 0.31659460067749023 
170, 0.19664350152015686, 0.6202392578125, 0.2899951934814453, 0.31647586822509766 
171, 0.19614644348621368, 0.6134693622589111, 0.2820093631744385, 0.31772446632385254 
172, 0.19566111266613007, 0.6256778240203857, 0.29347801208496094, 0.318286657333374 
173, 0.19519677758216858, 0.6206912994384766, 0.29106593132019043, 0.3159067630767822 
174, 0.19474491477012634, 0.622344970703125, 0.2903475761413574, 0.31814098358154297 
175, 0.19430002570152283, 0.6227638721466064, 0.2938377857208252, 0.3148515224456787 
176, 0.19370831549167633, 0.6141440868377686, 0.28351902961730957, 0.31618452072143555 
177, 0.19311583042144775, 0.6235885620117188, 0.28380274772644043, 0.32573914527893066 
178, 0.19254465401172638, 0.6192541122436523, 0.28742313385009766, 0.318026065826416 
179, 0.19199086725711823, 0.620769739151001, 0.28935885429382324, 0.31710076332092285 
180, 0.191452756524086, 0.6217701435089111, 0.28340625762939453, 0.32465577125549316 
181, 0.19092686474323273, 0.6216583251953125, 0.2895388603210449, 0.31821179389953613 
182, 0.19041235744953156, 0.6198346614837646, 0.28851890563964844, 0.3175997734069824 
183, 0.18990924954414368, 0.6221253871917725, 0.2907445430755615, 0.3170349597930908 
184, 0.18942108750343323, 0.6214501857757568, 0.29072070121765137, 0.3167850971221924 
185, 0.18894478678703308, 0.6220569610595703, 0.2900407314300537, 0.3187122344970703 
186, 0.1884688436985016, 0.628436803817749, 0.29773902893066406, 0.3170619010925293 
187, 0.188002347946167, 0.6268129348754883, 0.29598450660705566, 0.31769418716430664 
188, 0.1877349615097046, 0.6371598243713379, 0.2960219383239746, 0.32689714431762695 
189, 0.18747392296791077, 0.6258387565612793, 0.295346736907959, 0.31690406799316406 
190, 0.1872185468673706, 0.6216156482696533, 0.28934741020202637, 0.3179335594177246 
191, 0.18696779012680054, 0.6199755668640137, 0.2881278991699219, 0.3177833557128906 
192, 0.18672189116477966, 0.6186916828155518, 0.28811216354370117, 0.31669044494628906 
193, 0.18648149073123932, 0.619516134262085, 0.2885890007019043, 0.31709885597229004 
194, 0.18624639511108398, 0.6194853782653809, 0.28978633880615234, 0.31604743003845215 
195, 0.18601658940315247, 0.620652437210083, 0.28868865966796875, 0.3181946277618408 
196, 0.18579182028770447, 0.6217756271362305, 0.2916736602783203, 0.31607747077941895 
197, 0.18557217717170715, 0.6201984882354736, 0.2892746925354004, 0.316983699798584 
198, 0.18534831702709198, 0.6186387538909912, 0.2886481285095215, 0.3163483142852783 
199, 0.18512395024299622, 0.6211600303649902, 0.2889833450317383, 0.3178291320800781 
200, 0.1849045306444168, 0.6104462146759033, 0.28961777687072754, 0.30757808685302734 
201, 0.18469014763832092, 0.6022844314575195, 0.2823789119720459, 0.3059682846069336 
202, 0.18448060750961304, 0.6007356643676758, 0.280426025390625, 0.3069138526916504 
203, 0.18427583575248718, 0.6007981300354004, 0.2805302143096924, 0.3064541816711426 
204, 0.18407581746578217, 0.6026937961578369, 0.28125905990600586, 0.3066530227661133 
205, 0.18388038873672485, 0.6023504734039307, 0.28096818923950195, 0.30741167068481445 
206, 0.18368957936763763, 0.600855827331543, 0.28136372566223145, 0.3064239025115967 
207, 0.18350329995155334, 0.6008892059326172, 0.28006553649902344, 0.30735135078430176 
208, 0.18329204618930817, 0.6048061847686768, 0.2817196846008301, 0.30934643745422363 
209, 0.1830804944038391, 0.6026675701141357, 0.28244495391845703, 0.3067498207092285 
210, 0.18287456035614014, 0.6072897911071777, 0.27834582328796387, 0.3150174617767334 
211, 0.18267381191253662, 0.603083610534668, 0.28012943267822266, 0.3090677261352539 
212, 0.18247827887535095, 0.6021666526794434, 0.2819516658782959, 0.30603551864624023 
213, 0.18228909373283386, 0.6058499813079834, 0.27785539627075195, 0.31413865089416504 
214, 0.1821114420890808, 0.6060357093811035, 0.2848622798919678, 0.30724143981933594 
215, 0.1819385439157486, 0.6083436012268066, 0.2799038887023926, 0.3148329257965088 
216, 0.18177048861980438, 0.599506139755249, 0.2802612781524658, 0.3057880401611328 
217, 0.18160702288150787, 0.601151704788208, 0.2805931568145752, 0.3068253993988037 
218, 0.18144819140434265, 0.5994887351989746, 0.280775785446167, 0.30522608757019043 
219, 0.18129386007785797, 0.5995495319366455, 0.278609037399292, 0.30716395378112793 
220, 0.1811443418264389, 0.6004562377929688, 0.27936458587646484, 0.3065915107727051 
221, 0.18102088570594788, 0.5993402004241943, 0.2796778678894043, 0.30614471435546875 
222, 0.1809026449918747, 0.5971121788024902, 0.27934813499450684, 0.30447983741760254 
223, 0.18078817427158356, 0.5971879959106445, 0.2789037227630615, 0.3043663501739502 
224, 0.1806773841381073, 0.5985424518585205, 0.27939867973327637, 0.3054850101470947 
225, 0.18057020008563995, 0.5970406532287598, 0.2788238525390625, 0.30405259132385254 
226, 0.18046651780605316, 0.5967926979064941, 0.2792823314666748, 0.3032660484313965 
227, 0.18036630749702454, 0.6012997627258301, 0.2808878421783447, 0.30619287490844727 
228, 0.18026939034461975, 0.6000950336456299, 0.27903270721435547, 0.30720996856689453 
229, 0.18017584085464478, 0.6054246425628662, 0.2816619873046875, 0.30989837646484375 
230, 0.1800854653120041, 0.6010048389434814, 0.28047966957092285, 0.30651283264160156 
231, 0.1799982488155365, 0.6083419322967529, 0.28727126121520996, 0.3071708679199219 
232, 0.1799142062664032, 0.5988724231719971, 0.2795562744140625, 0.3057131767272949 
233, 0.17983311414718628, 0.6010391712188721, 0.280961275100708, 0.30658459663391113 
234, 0.17975497245788574, 0.5989727973937988, 0.27945661544799805, 0.30561161041259766 
235, 0.17967969179153442, 0.5984361171722412, 0.27889108657836914, 0.30594682693481445 
236, 0.17960728704929352, 0.6027607917785645, 0.28241777420043945, 0.30631589889526367 
237, 0.1795375943183899, 0.5990278720855713, 0.2809264659881592, 0.30455780029296875 
238, 0.17947064340114594, 0.6059691905975342, 0.2801203727722168, 0.31246113777160645 
239, 0.17940624058246613, 0.6110038757324219, 0.2836894989013672, 0.3130652904510498 
240, 0.17934441566467285, 0.5996356010437012, 0.2798635959625244, 0.3058497905731201 
241, 0.17930684983730316, 0.5997858047485352, 0.2794361114501953, 0.30660152435302734 
242, 0.17927934229373932, 0.6003971099853516, 0.27844858169555664, 0.3076772689819336 
243, 0.17925375699996948, 0.6085319519042969, 0.2804749011993408, 0.3143119812011719 
244, 0.17923009395599365, 0.608452558517456, 0.27837157249450684, 0.3155529499053955 
245, 0.17920829355716705, 0.5979301929473877, 0.27910685539245605, 0.3051590919494629 
246, 0.1791881024837494, 0.5991747379302979, 0.27842044830322266, 0.30608510971069336 
247, 0.17916975915431976, 0.6090624332427979, 0.2797679901123047, 0.31464290618896484 
248, 0.17915299534797668, 0.5984196662902832, 0.27994799613952637, 0.30445122718811035 
249, 0.17913788557052612, 0.6148107051849365, 0.2813389301300049, 0.313687801361084 
250, 0.1791243851184845, 0.6051995754241943, 0.285813570022583, 0.30600881576538086 
251, 0.17911246418952942, 0.5986983776092529, 0.2798500061035156, 0.3050496578216553 
252, 0.17910197377204895, 0.5961422920227051, 0.2775542736053467, 0.30478906631469727 
253, 0.1790929138660431, 0.5974709987640381, 0.27716612815856934, 0.3062009811401367 
254, 0.17910073697566986, 0.5973408222198486, 0.27770471572875977, 0.3061234951019287 
255, 0.17911970615386963, 0.6009988784790039, 0.279402494430542, 0.30750203132629395 
256, 0.17913958430290222, 0.6000721454620361, 0.27956366539001465, 0.3068959712982178 
257, 0.1791604459285736, 0.5983083248138428, 0.2774934768676758, 0.30694580078125 
258, 0.17918232083320618, 0.5998818874359131, 0.27835988998413086, 0.3070108890533447 
259, 0.1792050302028656, 0.5993199348449707, 0.2779545783996582, 0.3071177005767822 
260, 0.17931118607521057, 0.5977261066436768, 0.27860569953918457, 0.30556702613830566 
261, 0.17943598330020905, 0.5992076396942139, 0.2776026725769043, 0.30699753761291504 
262, 0.17956069111824036, 0.5981855392456055, 0.27733397483825684, 0.30730175971984863 
263, 0.17968547344207764, 0.6003303527832031, 0.27863144874572754, 0.3077709674835205 
264, 0.17981021106243134, 0.5980374813079834, 0.2762265205383301, 0.30718016624450684 
265, 0.17993494868278503, 0.6084911823272705, 0.2848379611968994, 0.309476375579834 
266, 0.18005965650081635, 0.6080706119537354, 0.2774200439453125, 0.3169887065887451 
267, 0.180246502161026, 0.5887079238891602, 0.26818418502807617, 0.30666518211364746 
268, 0.1803695559501648, 0.5870022773742676, 0.26685500144958496, 0.3061697483062744 
269, 0.1804925501346588, 0.5861318111419678, 0.26566004753112793, 0.30652403831481934 
270, 0.18061566352844238, 0.605393648147583, 0.2666490077972412, 0.324784517288208 
271, 0.18073874711990356, 0.5868442058563232, 0.267153263092041, 0.30620574951171875 
272, 0.1808616816997528, 0.5834903717041016, 0.2639803886413574, 0.30532121658325195 
273, 0.18098469078540802, 0.585350513458252, 0.2667369842529297, 0.3051578998565674 
274, 0.18111899495124817, 0.5949137210845947, 0.26520848274230957, 0.3146696090698242 
275, 0.18126389384269714, 0.5847597122192383, 0.2646157741546631, 0.3062913417816162 
276, 0.1814092993736267, 0.5833461284637451, 0.2639496326446533, 0.30530405044555664 
277, 0.18155434727668762, 0.5824501514434814, 0.2644987106323242, 0.30394506454467773 
278, 0.18169914186000824, 0.5835051536560059, 0.2639288902282715, 0.30494022369384766 
279, 0.181843563914299, 0.5852751731872559, 0.26458263397216797, 0.3067514896392822 
280, 0.1819877326488495, 0.5826578140258789, 0.2637033462524414, 0.30542922019958496 
281, 0.1821315586566925, 0.5850579738616943, 0.2663085460662842, 0.30520081520080566 
282, 0.18227505683898926, 0.5862758159637451, 0.26631712913513184, 0.30546092987060547 
283, 0.18241824209690094, 0.5839393138885498, 0.26387453079223633, 0.3062765598297119 
284, 0.18256109952926636, 0.5841343402862549, 0.2653028964996338, 0.30519914627075195 
285, 0.18270361423492432, 0.5819964408874512, 0.26552796363830566, 0.3027811050415039 
286, 0.18284572660923004, 0.593174934387207, 0.2635200023651123, 0.3158445358276367 
287, 0.18298748135566711, 0.5860500335693359, 0.2656683921813965, 0.30611705780029297 
288, 0.18312892317771912, 0.59183669090271, 0.2638051509857178, 0.314103364944458 
289, 0.18326997756958008, 0.5830810070037842, 0.2642374038696289, 0.30506205558776855 
290, 0.18341068923473358, 0.5827109813690186, 0.26319003105163574, 0.3057427406311035 
291, 0.18355101346969604, 0.5923323631286621, 0.2638850212097168, 0.3137786388397217 
292, 0.18369092047214508, 0.5858039855957031, 0.2657747268676758, 0.3061230182647705 
293, 0.18383049964904785, 0.5846700668334961, 0.2643923759460449, 0.30660057067871094 
294, 0.1839696168899536, 0.584620475769043, 0.26523661613464355, 0.30518603324890137 
295, 0.18410837650299072, 0.5836553573608398, 0.26404333114624023, 0.3055403232574463 
296, 0.18424667418003082, 0.5942935943603516, 0.2640712261199951, 0.31632208824157715 
297, 0.18438458442687988, 0.5933349132537842, 0.2661910057067871, 0.3135683536529541 
298, 0.18452206254005432, 0.5882377624511719, 0.26364660263061523, 0.31116390228271484 
299, 0.1846591830253601, 0.582627534866333, 0.2641780376434326, 0.3041830062866211 
300, 0.1847958266735077, 0.5848026275634766, 0.2660210132598877, 0.3046407699584961 
301, 0.18493202328681946, 0.5885539054870605, 0.26836061477661133, 0.30655908584594727 
302, 0.18506786227226257, 0.6035923957824707, 0.2650480270385742, 0.3252263069152832 
303, 0.1852031797170639, 0.5825953483581543, 0.2644233703613281, 0.30400562286376953 
304, 0.18533802032470703, 0.5921580791473389, 0.2647116184234619, 0.3140254020690918 
305, 0.18547245860099792, 0.5851049423217773, 0.26523923873901367, 0.30614638328552246 
306, 0.1856064647436142, 0.5813989639282227, 0.2624368667602539, 0.30510950088500977 
307, 0.18573996424674988, 0.5807573795318604, 0.2626678943634033, 0.3042781352996826 
308, 0.18587303161621094, 0.5836708545684814, 0.26403284072875977, 0.3055553436279297 
309, 0.18600569665431976, 0.5790054798126221, 0.26264119148254395, 0.3027188777923584 
310, 0.18613815307617188, 0.5809803009033203, 0.2639195919036865, 0.3035919666290283 
311, 0.18628516793251038, 0.5824856758117676, 0.2626223564147949, 0.3059227466583252 
312, 0.18645191192626953, 0.5819997787475586, 0.262514591217041, 0.3061237335205078 
313, 0.1866178810596466, 0.5823442935943604, 0.2644004821777344, 0.30431628227233887 
314, 0.18678322434425354, 0.584425687789917, 0.2650165557861328, 0.3057558536529541 
315, 0.18694782257080078, 0.5930061340332031, 0.2649869918823242, 0.314237117767334 
316, 0.18711164593696594, 0.5809526443481445, 0.26381683349609375, 0.3039216995239258 
317, 0.18727482855319977, 0.595008373260498, 0.2621471881866455, 0.3187532424926758 
318, 0.1874372363090515, 0.5993742942810059, 0.2688610553741455, 0.31699085235595703 
319, 0.18759891390800476, 0.5810673236846924, 0.26244378089904785, 0.3048841953277588 
320, 0.18776004016399384, 0.5843605995178223, 0.26488399505615234, 0.3056161403656006 
321, 0.18792027235031128, 0.5827264785766602, 0.26340341567993164, 0.30564284324645996 
322, 0.1880798637866974, 0.5837280750274658, 0.2642052173614502, 0.30538439750671387 
323, 0.18823885917663574, 0.59195876121521, 0.263164758682251, 0.31467199325561523 
324, 0.18839700520038605, 0.580791711807251, 0.2635664939880371, 0.3031477928161621 
325, 0.188554584980011, 0.5831732749938965, 0.2634239196777344, 0.30610203742980957 
326, 0.18871131539344788, 0.5826029777526855, 0.26226305961608887, 0.3059544563293457 
327, 0.1888674795627594, 0.5819156169891357, 0.2634158134460449, 0.30521559715270996 
328, 0.18902289867401123, 0.5809037685394287, 0.264418363571167, 0.3029615879058838 
329, 0.18917757272720337, 0.5811777114868164, 0.26247191429138184, 0.30495738983154297 
330, 0.18933160603046417, 0.5804147720336914, 0.2622859477996826, 0.30421996116638184 
331, 0.18948489427566528, 0.5818870067596436, 0.2630612850189209, 0.3052549362182617 
332, 0.18963751196861267, 0.5817725658416748, 0.2636713981628418, 0.3039689064025879 
333, 0.1897895336151123, 0.5808634757995605, 0.26221179962158203, 0.30470752716064453 
334, 0.18994072079658508, 0.580439567565918, 0.2639424800872803, 0.30251598358154297 
335, 0.1900913566350937, 0.5932760238647461, 0.2634866237640381, 0.3162658214569092 
336, 0.19024118781089783, 0.5814535617828369, 0.26291608810424805, 0.3053555488586426 
337, 0.1903904676437378, 0.5842092037200928, 0.26508522033691406, 0.30550265312194824 
338, 0.19053888320922852, 0.5814075469970703, 0.2638850212097168, 0.30356740951538086 
339, 0.19068673253059387, 0.5828220844268799, 0.26415538787841797, 0.3050205707550049 
340, 0.19083386659622192, 0.5811946392059326, 0.2633509635925293, 0.3043036460876465 
341, 0.19098027050495148, 0.5820109844207764, 0.26361846923828125, 0.30471134185791016 
342, 0.1911260485649109, 0.5780401229858398, 0.2631804943084717, 0.3010566234588623 
343, 0.1912711262702942, 0.5776827335357666, 0.2621791362762451, 0.3020937442779541 
344, 0.191415473818779, 0.5962991714477539, 0.2699596881866455, 0.3122224807739258 
345, 0.19155924022197723, 0.583228588104248, 0.26505613327026367, 0.3045823574066162 
346, 0.19170233607292175, 0.5921375751495361, 0.2638356685638428, 0.3138735294342041 
347, 0.19184467196464539, 0.5798578262329102, 0.26369595527648926, 0.3027794361114502 
348, 0.19198641180992126, 0.582756519317627, 0.2643101215362549, 0.3042879104614258 
349, 0.19212742149829865, 0.5836551189422607, 0.2644350528717041, 0.3056015968322754 
350, 0.1922677755355835, 0.5911648273468018, 0.26433444023132324, 0.31323909759521484 
351, 0.19240747392177582, 0.5803496837615967, 0.26314592361450195, 0.3038673400878906 
352, 0.1925465166568756, 0.5791115760803223, 0.26403284072875977, 0.30162906646728516 
353, 0.1926848292350769, 0.5952646732330322, 0.2654438018798828, 0.31589603424072266 
354, 0.19282260537147522, 0.5811643600463867, 0.264617919921875, 0.30297040939331055 
355, 0.19295954704284668, 0.6417546272277832, 0.32128000259399414, 0.30565953254699707 
356, 0.19309592247009277, 0.5849711894989014, 0.2644801139831543, 0.30615711212158203 
357, 0.19323167204856873, 0.5956695079803467, 0.2652101516723633, 0.31641578674316406 
358, 0.19336670637130737, 0.5919430255889893, 0.26320767402648926, 0.31534504890441895 
359, 0.1935010552406311, 0.5815904140472412, 0.2626926898956299, 0.30515265464782715 
360, 0.19363480806350708, 0.5825316905975342, 0.26433634757995605, 0.3043177127838135 
361, 0.19376787543296814, 0.5813732147216797, 0.26323819160461426, 0.3042478561401367 
362, 0.1939002424478531, 0.5916492938995361, 0.2627580165863037, 0.31525707244873047 
363, 0.19403210282325745, 0.583430290222168, 0.2633059024810791, 0.3062918186187744 
364, 0.19416317343711853, 0.582709789276123, 0.26523613929748535, 0.3040430545806885 
365, 0.19429363310337067, 0.5818126201629639, 0.26366615295410156, 0.3049030303955078 
366, 0.19442340731620789, 0.5828671455383301, 0.26436495780944824, 0.3052365779876709 
367, 0.19455263018608093, 0.5820136070251465, 0.26407527923583984, 0.30417442321777344 
368, 0.19468116760253906, 0.5800654888153076, 0.2623727321624756, 0.3043968677520752 
369, 0.19480903446674347, 0.5821797847747803, 0.2632136344909668, 0.3053255081176758 
370, 0.19493630528450012, 0.6050233840942383, 0.2653377056121826, 0.32503819465637207 
371, 0.19506293535232544, 0.5852460861206055, 0.2672727108001709, 0.30443525314331055 
372, 0.1951889544725418, 0.5950567722320557, 0.2655141353607178, 0.31552958488464355 
373, 0.19531428813934326, 0.5916600227355957, 0.26305174827575684, 0.30628395080566406 
374, 0.19543896615505219, 0.5844943523406982, 0.2653040885925293, 0.3055238723754883 
375, 0.19556301832199097, 0.5818424224853516, 0.2634763717651367, 0.30433177947998047 
376, 0.195686474442482, 0.5816683769226074, 0.2641019821166992, 0.3040018081665039 
377, 0.19580931961536407, 0.5808382034301758, 0.26292967796325684, 0.30445098876953125 
378, 0.19593152403831482, 0.5810086727142334, 0.26442480087280273, 0.3035550117492676 
379, 0.19605311751365662, 0.5814549922943115, 0.2642829418182373, 0.3039264678955078 
380, 0.1961740106344223, 0.5816383361816406, 0.26343297958374023, 0.3042290210723877 
381, 0.19629432260990143, 0.5798397064208984, 0.26304030418395996, 0.3032054901123047 
382, 0.1964140385389328, 0.5826189517974854, 0.2641303539276123, 0.3047804832458496 
383, 0.1965331733226776, 0.5792644023895264, 0.26379847526550293, 0.30190086364746094 
384, 0.19665168225765228, 0.5794134140014648, 0.26305103302001953, 0.3034400939941406 
385, 0.1967695951461792, 0.5813684463500977, 0.2619814872741699, 0.30518293380737305 
386, 0.19688686728477478, 0.5901367664337158, 0.2631833553314209, 0.3130669593811035 
387, 0.19700345396995544, 0.580449104309082, 0.26317644119262695, 0.3034989833831787 
388, 0.19711953401565552, 0.5804605484008789, 0.26351451873779297, 0.30359888076782227 
389, 0.19723492860794067, 0.5786077976226807, 0.2614564895629883, 0.30306077003479004 
390, 0.1973498910665512, 0.5910954475402832, 0.2629380226135254, 0.314281702041626 
391, 0.19746415317058563, 0.5825140476226807, 0.2646369934082031, 0.30381131172180176 
392, 0.19757775962352753, 0.5812742710113525, 0.2643890380859375, 0.3036630153656006 
393, 0.19769082963466644, 0.5779943466186523, 0.26175856590270996, 0.3027346134185791 
394, 0.1978033483028412, 0.5793416500091553, 0.2636408805847168, 0.3028416633605957 
395, 0.19791516661643982, 0.5822138786315918, 0.2641596794128418, 0.30363035202026367 
396, 0.19802644848823547, 0.5836782455444336, 0.26264452934265137, 0.30678510665893555 
397, 0.19813713431358337, 0.5916347503662109, 0.27094292640686035, 0.30734825134277344 
398, 0.1982472687959671, 0.5824971199035645, 0.2660548686981201, 0.30308055877685547 
399, 0.1983567178249359, 0.5794434547424316, 0.2627701759338379, 0.30316877365112305 
400, 0.1984657645225525, 0.5807182788848877, 0.2640800476074219, 0.30298376083374023 
401, 0.19857415556907654, 0.5831198692321777, 0.26598215103149414, 0.3037147521972656 
402, 0.19868192076683044, 0.5797879695892334, 0.26223134994506836, 0.3044285774230957 
403, 0.19878914952278137, 0.5819427967071533, 0.26372456550598145, 0.304476261138916 
404, 0.19889585673809052, 0.5773940086364746, 0.2616539001464844, 0.30214834213256836 
405, 0.19900193810462952, 0.581303596496582, 0.26307225227355957, 0.30478668212890625 
406, 0.19910743832588196, 0.5846478939056396, 0.2639920711517334, 0.30663561820983887 
407, 0.19921061396598816, 0.5815825462341309, 0.2634165287017822, 0.30474066734313965 
408, 0.1993137151002884, 0.5827326774597168, 0.26514172554016113, 0.303112268447876 
409, 0.1994188278913498, 0.5823843479156494, 0.2633812427520752, 0.30559277534484863 
410, 0.19952324032783508, 0.5838413238525391, 0.2633786201477051, 0.30675816535949707 
411, 0.19962728023529053, 0.5849628448486328, 0.26476001739501953, 0.30685997009277344 
412, 0.19973060488700867, 0.5833799839019775, 0.2642035484313965, 0.30552124977111816 
413, 0.19983333349227905, 0.5822396278381348, 0.2627270221710205, 0.30599498748779297 
414, 0.19993554055690765, 0.5825726985931396, 0.2637290954589844, 0.3052175045013428 
415, 0.2000371813774109, 0.5826754570007324, 0.2634587287902832, 0.30554890632629395 
416, 0.20013821125030518, 0.5847532749176025, 0.2639272212982178, 0.3066375255584717 
417, 0.20024001598358154, 0.5841121673583984, 0.26369428634643555, 0.3065822124481201 
418, 0.2003476917743683, 0.5947091579437256, 0.27495741844177246, 0.30634641647338867 
419, 0.2004547119140625, 0.5836257934570312, 0.26292872428894043, 0.3069643974304199 
420, 0.20056112110614777, 0.583017110824585, 0.263031005859375, 0.3068568706512451 
421, 0.20066699385643005, 0.5836920738220215, 0.2627694606781006, 0.3073699474334717 
422, 0.20077219605445862, 0.5832276344299316, 0.2627689838409424, 0.30659031867980957 
423, 0.2008768767118454, 0.6017405986785889, 0.2687506675720215, 0.3184843063354492 
424, 0.20098082721233368, 0.5856502056121826, 0.2642636299133301, 0.3070049285888672 
425, 0.20108440518379211, 0.5850212574005127, 0.26380372047424316, 0.30714917182922363 
426, 0.20118728280067444, 0.5822386741638184, 0.26360249519348145, 0.3049283027648926 
427, 0.201289564371109, 0.583716869354248, 0.2641630172729492, 0.3053767681121826 
428, 0.201391339302063, 0.5936946868896484, 0.2630131244659424, 0.30904698371887207 
429, 0.20149250328540802, 0.5842161178588867, 0.2650320529937744, 0.30553221702575684 
430, 0.20159310102462769, 0.5972223281860352, 0.27578043937683105, 0.30811643600463867 
431, 0.20169317722320557, 0.5818548202514648, 0.2627604007720947, 0.3057401180267334 
432, 0.2017926424741745, 0.583608865737915, 0.2649989128112793, 0.3052959442138672 
433, 0.20189158618450165, 0.581157922744751, 0.2622644901275635, 0.3055238723754883 
434, 0.20198993384838104, 0.5816330909729004, 0.26295948028564453, 0.3052487373352051 
435, 0.20208777487277985, 0.5824379920959473, 0.2641310691833496, 0.30463624000549316 
436, 0.20218507945537567, 0.5835614204406738, 0.2640087604522705, 0.30526041984558105 
437, 0.20228184759616852, 0.5821657180786133, 0.2626683712005615, 0.30499720573425293 
438, 0.2023780345916748, 0.5817451477050781, 0.26442646980285645, 0.30303335189819336 
439, 0.20247362554073334, 0.5812194347381592, 0.2633175849914551, 0.3041858673095703 
440, 0.20256879925727844, 0.584104061126709, 0.2634904384613037, 0.30683040618896484 
441, 0.2026679515838623, 0.5832521915435791, 0.2647407054901123, 0.3044774532318115 
442, 0.2027721405029297, 0.5800373554229736, 0.26221442222595215, 0.3039112091064453 
443, 0.2028757780790329, 0.5830771923065186, 0.2628021240234375, 0.30655670166015625 
444, 0.2029789388179779, 0.5817568302154541, 0.26192188262939453, 0.3059983253479004 
445, 0.20308159291744232, 0.5826010704040527, 0.26291728019714355, 0.3057236671447754 
446, 0.2031838297843933, 0.5819230079650879, 0.263674259185791, 0.30465149879455566 
447, 0.2032855600118637, 0.5822889804840088, 0.2631855010986328, 0.30529284477233887 
448, 0.20338678359985352, 0.5826148986816406, 0.2628340721130371, 0.30582737922668457 
449, 0.2034875601530075, 0.5911397933959961, 0.2622361183166504, 0.31434106826782227 
450, 0.2035878747701645, 0.5897033214569092, 0.2699456214904785, 0.30559611320495605 
451, 0.20368775725364685, 0.5861520767211914, 0.2640354633331299, 0.30760884284973145 
452, 0.20378723740577698, 0.5839965343475342, 0.26272153854370117, 0.3071775436401367 
453, 0.20388612151145935, 0.5947873592376709, 0.2631521224975586, 0.31755518913269043 
454, 0.20398466289043427, 0.5834507942199707, 0.26473045349121094, 0.3047029972076416 
455, 0.20408271253108978, 0.5805134773254395, 0.2617042064666748, 0.30440831184387207 
456, 0.20418037474155426, 0.5824599266052246, 0.26229238510131836, 0.3058469295501709 
457, 0.2042776346206665, 0.585343599319458, 0.26403093338012695, 0.307267427444458 
458, 0.20437440276145935, 0.5796782970428467, 0.26218652725219727, 0.30400729179382324 
459, 0.20447075366973877, 0.5838983058929443, 0.262465238571167, 0.3074939250946045 
460, 0.20456674695014954, 0.5835459232330322, 0.2634420394897461, 0.3064723014831543 
461, 0.2046622335910797, 0.5819334983825684, 0.2627084255218506, 0.3054783344268799 
462, 0.20475739240646362, 0.5838189125061035, 0.2630336284637451, 0.3067293167114258 
463, 0.20485201478004456, 0.5867788791656494, 0.26752257347106934, 0.30394697189331055 
464, 0.20494627952575684, 0.5810623168945312, 0.2626614570617676, 0.30443263053894043 
465, 0.2050401270389557, 0.5839028358459473, 0.2632613182067871, 0.30650806427001953 
466, 0.20513366162776947, 0.5829946994781494, 0.26341938972473145, 0.30582237243652344 
467, 0.20522674918174744, 0.582012414932251, 0.26105570793151855, 0.30699849128723145 
468, 0.205319344997406, 0.5838985443115234, 0.2628357410430908, 0.30713987350463867 
469, 0.2054116278886795, 0.5836031436920166, 0.2631561756134033, 0.306779146194458 
470, 0.20550353825092316, 0.5820872783660889, 0.2631211280822754, 0.3052346706390381 
471, 0.2055950164794922, 0.582155704498291, 0.26157593727111816, 0.30623292922973633 
472, 0.20568600296974182, 0.5834925174713135, 0.26212596893310547, 0.30698513984680176 
473, 0.20577682554721832, 0.584611177444458, 0.2626819610595703, 0.3076446056365967 
474, 0.20586708188056946, 0.583104133605957, 0.2640519142150879, 0.3050699234008789 
475, 0.2059570550918579, 0.5873546600341797, 0.269899845123291, 0.30394458770751953 
476, 0.20604659616947174, 0.5990498065948486, 0.269057035446167, 0.31599950790405273 
477, 0.20613566040992737, 0.5871670246124268, 0.2662630081176758, 0.3069796562194824 
478, 0.20622330904006958, 0.583228588104248, 0.2639133930206299, 0.3059518337249756 
479, 0.20630112290382385, 0.5829477310180664, 0.26372289657592773, 0.30588340759277344 
480, 0.20637854933738708, 0.5860888957977295, 0.2671079635620117, 0.30547142028808594 
481, 0.20645567774772644, 0.5815696716308594, 0.26479530334472656, 0.30361056327819824 
482, 0.2065322995185852, 0.5801041126251221, 0.2628200054168701, 0.30400872230529785 
483, 0.20660866796970367, 0.5810539722442627, 0.263805627822876, 0.30402135848999023 
484, 0.2066846340894699, 0.581871747970581, 0.26508378982543945, 0.3037419319152832 
485, 0.20676100254058838, 0.5820331573486328, 0.2630453109741211, 0.3051156997680664 
486, 0.2068404257297516, 0.5833499431610107, 0.2630949020385742, 0.306288480758667 
487, 0.206919327378273, 0.5845386981964111, 0.26510167121887207, 0.30571961402893066 
488, 0.20699796080589294, 0.5837924480438232, 0.26480722427368164, 0.30584073066711426 
489, 0.20707622170448303, 0.5814661979675293, 0.2626500129699707, 0.3053414821624756 
490, 0.20715409517288208, 0.5812609195709229, 0.2625594139099121, 0.30504417419433594 
491, 0.2072315514087677, 0.5839734077453613, 0.2629728317260742, 0.3077700138092041 
492, 0.2073087990283966, 0.5840518474578857, 0.26355910301208496, 0.30687665939331055 
493, 0.2073855698108673, 0.589301586151123, 0.264507532119751, 0.3044114112854004 
494, 0.20746198296546936, 0.5813992023468018, 0.26383328437805176, 0.3042902946472168 
495, 0.20753821730613708, 0.5816464424133301, 0.26307177543640137, 0.3047974109649658 
496, 0.207614004611969, 0.5826141834259033, 0.26355957984924316, 0.3055696487426758 
497, 0.2076895534992218, 0.5826151371002197, 0.2638382911682129, 0.305037260055542 
498, 0.2077646106481552, 0.5831434726715088, 0.26406097412109375, 0.30528807640075684 
499, 0.20783942937850952, 0.5835723876953125, 0.2646000385284424, 0.30477452278137207 
500, 0.20791393518447876, 0.5815083980560303, 0.26259517669677734, 0.3050675392150879 
501, 0.20798806846141815, 0.5829410552978516, 0.2627756595611572, 0.30611228942871094 
502, 0.20806191861629486, 0.5910403728485107, 0.2628028392791748, 0.31394290924072266 
503, 0.2081354260444641, 0.592475175857544, 0.27130722999572754, 0.307126522064209 
504, 0.20820866525173187, 0.5930302143096924, 0.2639806270599365, 0.3158149719238281 
505, 0.20828156173229218, 0.5926566123962402, 0.2744166851043701, 0.305006742477417 
506, 0.20835410058498383, 0.584298849105835, 0.26435327529907227, 0.3069443702697754 
507, 0.2084263563156128, 0.5834403038024902, 0.26473021507263184, 0.3053407669067383 
508, 0.2084982693195343, 0.5807654857635498, 0.26213669776916504, 0.30459117889404297 
509, 0.20856988430023193, 0.5831570625305176, 0.2644977569580078, 0.3050367832183838 
510, 0.2086412012577057, 0.5836377143859863, 0.26424312591552734, 0.3058907985687256 
511, 0.20871227979660034, 0.5824325084686279, 0.2629508972167969, 0.3059120178222656 
512, 0.20878300070762634, 0.5820009708404541, 0.26262664794921875, 0.30608344078063965 
513, 0.2088533639907837, 0.5805883407592773, 0.2634923458099365, 0.30332446098327637 
514, 0.20892351865768433, 0.5795183181762695, 0.2615928649902344, 0.3043551445007324 
515, 0.2089933604001999, 0.5859782695770264, 0.26499390602111816, 0.30725526809692383 
516, 0.2090628445148468, 0.582528829574585, 0.26453566551208496, 0.30452489852905273 
517, 0.2091321051120758, 0.5819871425628662, 0.2623310089111328, 0.3056333065032959 
518, 0.20920103788375854, 0.5864748954772949, 0.2649221420288086, 0.30754709243774414 
519, 0.2092696726322174, 0.5886576175689697, 0.2652304172515869, 0.3076293468475342 
520, 0.2093380093574524, 0.5837488174438477, 0.26487135887145996, 0.30463600158691406 
521, 0.20939792692661285, 0.5826961994171143, 0.26392292976379395, 0.3049631118774414 
522, 0.20945507287979126, 0.5796582698822021, 0.2643446922302246, 0.30205774307250977 
523, 0.2095121145248413, 0.5803179740905762, 0.26278114318847656, 0.3036623001098633 
524, 0.20956890285015106, 0.580773115158081, 0.2636127471923828, 0.303558349609375 
525, 0.209625244140625, 0.5799574851989746, 0.26344799995422363, 0.30306029319763184 
526, 0.20968139171600342, 0.5834159851074219, 0.26346445083618164, 0.30623888969421387 
527, 0.20973719656467438, 0.5805172920227051, 0.2623717784881592, 0.30431342124938965 
528, 0.2097928524017334, 0.5818526744842529, 0.2638216018676758, 0.3036386966705322 
529, 0.20984812080860138, 0.5948276519775391, 0.26971864700317383, 0.310652494430542 
530, 0.20990315079689026, 0.5832288265228271, 0.2652571201324463, 0.3044576644897461 
531, 0.20995783805847168, 0.5969202518463135, 0.26264500617980957, 0.3208920955657959 
532, 0.21001234650611877, 0.5814399719238281, 0.26392698287963867, 0.3039817810058594 
533, 0.2100665420293808, 0.5784523487091064, 0.26262688636779785, 0.30258774757385254 
534, 0.21012048423290253, 0.58125901222229, 0.26198267936706543, 0.3053319454193115 
535, 0.21017418801784515, 0.5804457664489746, 0.26261258125305176, 0.30420589447021484 
536, 0.2102276086807251, 0.5803196430206299, 0.26191020011901855, 0.3048241138458252 
537, 0.21028076112270355, 0.5921993255615234, 0.27282190322875977, 0.30606675148010254 
538, 0.21033363044261932, 0.5805723667144775, 0.2640254497528076, 0.3029344081878662 
539, 0.2103862166404724, 0.5811476707458496, 0.26386237144470215, 0.3038311004638672 
540, 0.21043850481510162, 0.5785949230194092, 0.26105427742004395, 0.3039097785949707 
541, 0.21049074828624725, 0.582550048828125, 0.2646360397338867, 0.30486583709716797 
542, 0.2105425000190735, 0.5782620906829834, 0.26271939277648926, 0.30220723152160645 
543, 0.2105940282344818, 0.5803549289703369, 0.2624244689941406, 0.3045048713684082 
544, 0.21064545214176178, 0.5784041881561279, 0.2616887092590332, 0.3035416603088379 
545, 0.21069654822349548, 0.5804727077484131, 0.2614176273345947, 0.3047497272491455 
546, 0.2107473611831665, 0.582327127456665, 0.2628614902496338, 0.30508875846862793 
547, 0.2107979953289032, 0.5814263820648193, 0.26274752616882324, 0.3047902584075928 
548, 0.21084824204444885, 0.5823326110839844, 0.2631874084472656, 0.3052661418914795 
549, 0.21089838445186615, 0.5810337066650391, 0.2633380889892578, 0.30365967750549316 
550, 0.21094819903373718, 0.5808384418487549, 0.261519193649292, 0.30568695068359375 
551, 0.21099773049354553, 0.5832669734954834, 0.2639951705932617, 0.3057899475097656 
552, 0.21104714274406433, 0.5947835445404053, 0.26627302169799805, 0.3148212432861328 
553, 0.21109625697135925, 0.5944125652313232, 0.2722287178039551, 0.3061802387237549 
554, 0.21114510297775269, 0.5804674625396729, 0.26236772537231445, 0.30422282218933105 
555, 0.2111937403678894, 0.5901150703430176, 0.2629108428955078, 0.31324005126953125 
556, 0.211242213845253, 0.5880458354949951, 0.26893043518066406, 0.30565881729125977 
557, 0.21129025518894196, 0.5802171230316162, 0.2638578414916992, 0.3027634620666504 
558, 0.21133829653263092, 0.601050853729248, 0.2631356716156006, 0.3245055675506592 
559, 0.21138592064380646, 0.5811245441436768, 0.2639791965484619, 0.30390048027038574 
560, 0.21143347024917603, 0.57914137840271, 0.26142430305480957, 0.30445075035095215 
561, 0.21148072183132172, 0.5920519828796387, 0.26380419731140137, 0.3152742385864258 
562, 0.21152763068675995, 0.579913854598999, 0.2634119987487793, 0.30257654190063477 
563, 0.2115744650363922, 0.5822920799255371, 0.26291894912719727, 0.30499696731567383 
564, 0.21162106096744537, 0.5809476375579834, 0.26305389404296875, 0.3039848804473877 
565, 0.21166729927062988, 0.5945446491241455, 0.26494598388671875, 0.31542420387268066 
566, 0.21171344816684723, 0.5826358795166016, 0.26409101486206055, 0.3048825263977051 
567, 0.21175935864448547, 0.5830950736999512, 0.2639322280883789, 0.3052401542663574 
568, 0.21180495619773865, 0.5940282344818115, 0.26401805877685547, 0.31632256507873535 
569, 0.21185043454170227, 0.5846951007843018, 0.26555633544921875, 0.30518674850463867 
570, 0.21189561486244202, 0.5811529159545898, 0.2638692855834961, 0.3039236068725586 
571, 0.21194066107273102, 0.5805437564849854, 0.2628664970397949, 0.3031651973724365 
572, 0.2119854837656021, 0.5928306579589844, 0.2637770175933838, 0.31519317626953125 
573, 0.21202997863292694, 0.5815625190734863, 0.2630960941314697, 0.3042640686035156 
574, 0.2120743840932846, 0.5980470180511475, 0.27339625358581543, 0.3095574378967285 
575, 0.2121185064315796, 0.5804562568664551, 0.2614147663116455, 0.305039644241333 
576, 0.21216244995594025, 0.5928208827972412, 0.26479172706604004, 0.31403160095214844 
577, 0.2122061550617218, 0.5825512409210205, 0.26430606842041016, 0.30439257621765137 
578, 0.2122497260570526, 0.581430196762085, 0.2623608112335205, 0.3054993152618408 
579, 0.21229298412799835, 0.5927321910858154, 0.2639033794403076, 0.31493258476257324 
580, 0.21233612298965454, 0.5901825428009033, 0.27269721031188965, 0.3040637969970703 
581, 0.21237897872924805, 0.5871386528015137, 0.2627582550048828, 0.3097689151763916 
582, 0.212421715259552, 0.5898888111114502, 0.26993680000305176, 0.3064734935760498 
583, 0.21246422827243805, 0.5915639400482178, 0.27417612075805664, 0.3037753105163574 
584, 0.21250641345977783, 0.5837061405181885, 0.26428794860839844, 0.305619478225708 
585, 0.21254856884479523, 0.5993425846099854, 0.26764845848083496, 0.3175170421600342 
586, 0.2125905156135559, 0.5810208320617676, 0.2620975971221924, 0.3047473430633545 
587, 0.21262842416763306, 0.5836467742919922, 0.2644655704498291, 0.3054161071777344 
588, 0.21266478300094604, 0.5816006660461426, 0.2651948928833008, 0.3029775619506836 
589, 0.2127009928226471, 0.5932331085205078, 0.263721227645874, 0.3150186538696289 
590, 0.21273699402809143, 0.5922572612762451, 0.27397608757019043, 0.3042755126953125 
591, 0.21277278661727905, 0.5824456214904785, 0.26441121101379395, 0.3038921356201172 
592, 0.21280840039253235, 0.5911703109741211, 0.26250290870666504, 0.31511783599853516 
593, 0.2128438502550125, 0.5915801525115967, 0.27258729934692383, 0.3049325942993164 
594, 0.21287906169891357, 0.5809018611907959, 0.26279735565185547, 0.30439186096191406 
595, 0.21291422843933105, 0.5922095775604248, 0.26242637634277344, 0.3157999515533447 
596, 0.21294903755187988, 0.5806407928466797, 0.2644367218017578, 0.3026409149169922 
597, 0.21298375725746155, 0.5828745365142822, 0.26531314849853516, 0.30370616912841797 
598, 0.21301822364330292, 0.5833024978637695, 0.2646801471710205, 0.3051025867462158 
599, 0.21305251121520996, 0.5812311172485352, 0.26288437843322754, 0.3037705421447754 
600, 0.21308495104312897, 0.5932953357696533, 0.2639293670654297, 0.31540346145629883 
601, 0.21311508119106293, 0.5832746028900146, 0.2648963928222656, 0.30379319190979004 
602, 0.21314507722854614, 0.5803184509277344, 0.26372265815734863, 0.30287599563598633 
603, 0.21317479014396667, 0.5815608501434326, 0.2629549503326416, 0.30470967292785645 
604, 0.2132042795419693, 0.5948364734649658, 0.26592087745666504, 0.3148512840270996 
605, 0.21323369443416595, 0.5944094657897949, 0.27364253997802734, 0.3056497573852539 
606, 0.21326279640197754, 0.6024022102355957, 0.2643156051635742, 0.3157799243927002 
607, 0.21329180896282196, 0.6061429977416992, 0.26519322395324707, 0.32630038261413574 
608, 0.2133205533027649, 0.5987510681152344, 0.27324962615966797, 0.31096315383911133 
609, 0.21334916353225708, 0.5857713222503662, 0.2651026248931885, 0.3063313961029053 
610, 0.21337755024433136, 0.5958740711212158, 0.26574039459228516, 0.31572914123535156 
611, 0.21340587735176086, 0.5814650058746338, 0.2626791000366211, 0.30443835258483887 
612, 0.2134338915348053, 0.5939619541168213, 0.27263927459716797, 0.3067350387573242 
613, 0.21346178650856018, 0.5828993320465088, 0.2649345397949219, 0.3032553195953369 
614, 0.21348950266838074, 0.5909147262573242, 0.262408971786499, 0.31504058837890625 
615, 0.2135169804096222, 0.582556962966919, 0.2628743648529053, 0.3063476085662842 
616, 0.21354436874389648, 0.5848803520202637, 0.26727867126464844, 0.3042607307434082 
617, 0.21357159316539764, 0.6023151874542236, 0.2632105350494385, 0.32479119300842285 
618, 0.21359851956367493, 0.5840115547180176, 0.2637665271759033, 0.3051486015319824 
619, 0.21362541615962982, 0.5934512615203857, 0.2654569149017334, 0.3137388229370117 
620, 0.21365216374397278, 0.5892901420593262, 0.2627897262573242, 0.3129103183746338 
621, 0.21367865800857544, 0.5817348957061768, 0.26337575912475586, 0.304340124130249 
622, 0.21370503306388855, 0.5824265480041504, 0.26416468620300293, 0.3045010566711426 
623, 0.21373119950294495, 0.5804586410522461, 0.26293420791625977, 0.3034055233001709 
624, 0.21375718712806702, 0.5792264938354492, 0.26436686515808105, 0.30145931243896484 
625, 0.2137831151485443, 0.5800809860229492, 0.26317644119262695, 0.3029468059539795 
626, 0.21380886435508728, 0.5807991027832031, 0.26329946517944336, 0.3039700984954834 
627, 0.21383436024188995, 0.594961404800415, 0.26567673683166504, 0.31456589698791504 
628, 0.21385976672172546, 0.593252420425415, 0.27449989318847656, 0.3052694797515869 
629, 0.21388506889343262, 0.5895214080810547, 0.270172119140625, 0.30587005615234375 
630, 0.213913232088089, 0.5946822166442871, 0.26444101333618164, 0.31700563430786133 
631, 0.21394141018390656, 0.5815834999084473, 0.26285696029663086, 0.30545520782470703 
632, 0.21396948397159576, 0.5821342468261719, 0.2627112865447998, 0.30599117279052734 
633, 0.21399742364883423, 0.5828433036804199, 0.26316070556640625, 0.30557990074157715 
634, 0.21402508020401, 0.5928153991699219, 0.2627708911895752, 0.3154456615447998 
635, 0.21405261754989624, 0.5884213447570801, 0.26876211166381836, 0.30643248558044434 
636, 0.21408000588417053, 0.5822365283966064, 0.26378536224365234, 0.3050839900970459 
637, 0.2141071856021881, 0.6084980964660645, 0.2649669647216797, 0.3296821117401123 
638, 0.21413418650627136, 0.5940258502960205, 0.26418447494506836, 0.31620049476623535 
639, 0.21416105329990387, 0.5956423282623291, 0.264620304107666, 0.31669163703918457 
640, 0.21418774127960205, 0.5850656032562256, 0.264477014541626, 0.3067467212677002 
641, 0.2142142802476883, 0.5823478698730469, 0.2644832134246826, 0.3045158386230469 
642, 0.2142406702041626, 0.5831563472747803, 0.26399874687194824, 0.30548882484436035 
643, 0.2142668515443802, 0.5828120708465576, 0.2631840705871582, 0.3060483932495117 
644, 0.21429288387298584, 0.5804531574249268, 0.2623569965362549, 0.30454444885253906 
645, 0.21431872248649597, 0.5818698406219482, 0.262378454208374, 0.3062281608581543 
646, 0.2143443077802658, 0.5818612575531006, 0.26324033737182617, 0.30395984649658203 
647, 0.21436995267868042, 0.5929977893829346, 0.2636260986328125, 0.3162345886230469 
648, 0.21439526975154877, 0.581228494644165, 0.2630186080932617, 0.30500340461730957 
649, 0.2144204080104828, 0.579601526260376, 0.2621321678161621, 0.30410170555114746 
650, 0.21444547176361084, 0.581350564956665, 0.26220011711120605, 0.3052256107330322 
651, 0.2144702523946762, 0.5801117420196533, 0.2599320411682129, 0.306476354598999 
652, 0.21449494361877441, 0.582930326461792, 0.2629227638244629, 0.3058650493621826 
653, 0.21451784670352936, 0.5823419094085693, 0.26258420944213867, 0.305511474609375 
654, 0.2145378142595291, 0.5919959545135498, 0.2619156837463379, 0.3158266544342041 
655, 0.21455751359462738, 0.5830416679382324, 0.26404571533203125, 0.304978609085083 
656, 0.21457718312740326, 0.5807459354400635, 0.26344895362854004, 0.303206205368042 
657, 0.21459665894508362, 0.6011297702789307, 0.26296377182006836, 0.32514166831970215 
658, 0.21461603045463562, 0.5826411247253418, 0.26347780227661133, 0.30562305450439453 
659, 0.2146352082490921, 0.5837516784667969, 0.2637205123901367, 0.3064901828765869 
660, 0.2146541178226471, 0.5863735675811768, 0.2639343738555908, 0.3082425594329834 
661, 0.2146730124950409, 0.6043109893798828, 0.2723886966705322, 0.31827831268310547 
662, 0.21469178795814514, 0.583493709564209, 0.2660953998565674, 0.3038787841796875 
663, 0.2147103250026703, 0.5840463638305664, 0.2671639919281006, 0.3029816150665283 
664, 0.21472880244255066, 0.5918972492218018, 0.2637820243835449, 0.31457066535949707 
665, 0.21474701166152954, 0.5808448791503906, 0.26285409927368164, 0.30426025390625 
666, 0.21476511657238007, 0.5795867443084717, 0.26207637786865234, 0.30426859855651855 
667, 0.21478308737277985, 0.5929172039031982, 0.26378297805786133, 0.31594347953796387 
668, 0.21480093896389008, 0.5808413028717041, 0.26340651512145996, 0.3038828372955322 
669, 0.2148185670375824, 0.5826277732849121, 0.26317763328552246, 0.30588793754577637 
670, 0.21483612060546875, 0.5784313678741455, 0.2638559341430664, 0.3009200096130371 
671, 0.21485355496406555, 0.5796244144439697, 0.26134490966796875, 0.3046529293060303 
672, 0.21487070620059967, 0.5832939147949219, 0.2649238109588623, 0.30460405349731445 
673, 0.21488778293132782, 0.5808155536651611, 0.26372313499450684, 0.3036231994628906 
674, 0.21490471065044403, 0.5807113647460938, 0.2628655433654785, 0.30431699752807617 
675, 0.21492142975330353, 0.5903775691986084, 0.2631807327270508, 0.3137645721435547 
676, 0.21493807435035706, 0.5804779529571533, 0.2637593746185303, 0.3028585910797119 
677, 0.21495448052883148, 0.580866813659668, 0.2631232738494873, 0.3044469356536865 
678, 0.2149709314107895, 0.58040452003479, 0.2637183666229248, 0.30344080924987793 
679, 0.21498702466487885, 0.5805184841156006, 0.2633504867553711, 0.30380797386169434 
680, 0.215007022023201, 0.5824596881866455, 0.2625739574432373, 0.30602002143859863 
681, 0.21503089368343353, 0.5818002223968506, 0.26324987411499023, 0.30515456199645996 
682, 0.2150547057390213, 0.5870599746704102, 0.26847171783447266, 0.3053457736968994 
683, 0.21507838368415833, 0.5809311866760254, 0.2621161937713623, 0.30535411834716797 
684, 0.21510188281536102, 0.5821688175201416, 0.2623422145843506, 0.3062121868133545 
685, 0.2151254117488861, 0.5916259288787842, 0.2720370292663574, 0.30605268478393555 
686, 0.21514876186847687, 0.5803768634796143, 0.2637181282043457, 0.3031423091888428 
687, 0.21517203748226166, 0.6065301895141602, 0.26743459701538086, 0.3250865936279297 
688, 0.2151951789855957, 0.5964908599853516, 0.2647075653076172, 0.30823278427124023 
689, 0.215218186378479, 0.5836818218231201, 0.2640204429626465, 0.30571937561035156 
690, 0.21524137258529663, 0.5830202102661133, 0.2632734775543213, 0.30634045600891113 
691, 0.2152642011642456, 0.5838217735290527, 0.26295900344848633, 0.3073146343231201 
692, 0.2152869999408722, 0.5839967727661133, 0.26490116119384766, 0.30574989318847656 
693, 0.21530970931053162, 0.5822925567626953, 0.2629969120025635, 0.3057713508605957 
694, 0.21533237397670746, 0.5811131000518799, 0.2623465061187744, 0.3052840232849121 
695, 0.21535496413707733, 0.6018350124359131, 0.263336181640625, 0.3075835704803467 
696, 0.21537744998931885, 0.6092157363891602, 0.27590131759643555, 0.3193950653076172 
697, 0.21539978682994843, 0.592789888381958, 0.2721877098083496, 0.30681300163269043 
698, 0.21542207896709442, 0.5834031105041504, 0.2629818916320801, 0.30679988861083984 
699, 0.21544431149959564, 0.5936274528503418, 0.26334595680236816, 0.3168165683746338 
700, 0.21546638011932373, 0.584712028503418, 0.2642495632171631, 0.30605363845825195 
701, 0.215488463640213, 0.5795645713806152, 0.2612876892089844, 0.3051168918609619 
702, 0.21551045775413513, 0.5821905136108398, 0.2629733085632324, 0.3056931495666504 
703, 0.21553239226341248, 0.58949875831604, 0.2706568241119385, 0.30512285232543945 
704, 0.2155541181564331, 0.581010103225708, 0.26293253898620605, 0.30449700355529785 
705, 0.21557582914829254, 0.5940847396850586, 0.2631874084472656, 0.3166182041168213 
706, 0.21559754014015198, 0.5818982124328613, 0.26378822326660156, 0.3049662113189697 
707, 0.21560947597026825, 0.5809988975524902, 0.26236581802368164, 0.3053128719329834 
708, 0.2156202644109726, 0.5821676254272461, 0.2639331817626953, 0.3041989803314209 
709, 0.2156308889389038, 0.5811569690704346, 0.26376962661743164, 0.3034067153930664 
710, 0.21564146876335144, 0.5818181037902832, 0.26334095001220703, 0.3048543930053711 
711, 0.2156519740819931, 0.5814459323883057, 0.26456379890441895, 0.3031609058380127 
712, 0.21566250920295715, 0.5807664394378662, 0.26435375213623047, 0.30318403244018555 
713, 0.21567288041114807, 0.5917809009552002, 0.2625274658203125, 0.3151235580444336 
714, 0.2156832069158554, 0.5897800922393799, 0.2702195644378662, 0.30498504638671875 
715, 0.21569348871707916, 0.5847487449645996, 0.26617932319641113, 0.30527234077453613 
716, 0.21570371091365814, 0.5799000263214111, 0.26262474060058594, 0.3040192127227783 
717, 0.215713769197464, 0.593048095703125, 0.264972448348999, 0.3146333694458008 
718, 0.21572378277778625, 0.5805885791778564, 0.262958288192749, 0.30455565452575684 
719, 0.2157338559627533, 0.5836584568023682, 0.26363658905029297, 0.30631446838378906 
720, 0.215743750333786, 0.5822954177856445, 0.26349949836730957, 0.3049607276916504 
721, 0.21575362980365753, 0.5798213481903076, 0.2625105381011963, 0.30364179611206055 
722, 0.21576346457004547, 0.5841083526611328, 0.2637336254119873, 0.3068528175354004 
723, 0.21577318012714386, 0.5859079360961914, 0.26711535453796387, 0.30492711067199707 
724, 0.2157827913761139, 0.5808351039886475, 0.2632567882537842, 0.3040764331817627 
725, 0.21579238772392273, 0.5814917087554932, 0.2631702423095703, 0.30516791343688965 
726, 0.2158018946647644, 0.5815365314483643, 0.26347947120666504, 0.3043534755706787 
727, 0.21581140160560608, 0.5817282199859619, 0.2630574703216553, 0.30493903160095215 
728, 0.21582072973251343, 0.5804564952850342, 0.26286911964416504, 0.30387091636657715 
729, 0.21583005785942078, 0.58144211769104, 0.2632482051849365, 0.30466723442077637 
730, 0.21583928167819977, 0.5820386409759521, 0.26292991638183594, 0.3054966926574707 
731, 0.21584846079349518, 0.5856540203094482, 0.26366591453552246, 0.3083007335662842 
732, 0.21585755050182343, 0.5794556140899658, 0.2622373104095459, 0.30305004119873047 
733, 0.21586650609970093, 0.5820455551147461, 0.26277637481689453, 0.305117130279541 
734, 0.215875506401062, 0.5830109119415283, 0.26456499099731445, 0.3048369884490967 
735, 0.21588443219661713, 0.5809643268585205, 0.26433277130126953, 0.3031888008117676 
736, 0.21589317917823792, 0.6857659816741943, 0.2632920742034912, 0.30402255058288574 
737, 0.2159019112586975, 0.5846166610717773, 0.26879048347473145, 0.3024861812591553 
738, 0.21591055393218994, 0.5805501937866211, 0.26250624656677246, 0.3046882152557373 
739, 0.21591921150684357, 0.584911584854126, 0.263169527053833, 0.30776214599609375 
740, 0.21592776477336884, 0.5905907154083252, 0.27072715759277344, 0.3058326244354248 
741, 0.21593615412712097, 0.5842854976654053, 0.2631831169128418, 0.30577731132507324 
742, 0.2159445881843567, 0.5830726623535156, 0.26396679878234863, 0.3053317070007324 
743, 0.21595285832881927, 0.5813674926757812, 0.26381826400756836, 0.30385279655456543 
744, 0.21596115827560425, 0.5821456909179688, 0.2634398937225342, 0.30501508712768555 
745, 0.2159692347049713, 0.5810678005218506, 0.2631549835205078, 0.30466175079345703 
746, 0.21597738564014435, 0.5809681415557861, 0.26459574699401855, 0.3031127452850342 
747, 0.21598535776138306, 0.5808169841766357, 0.26299500465393066, 0.3040194511413574 
748, 0.21599334478378296, 0.5801510810852051, 0.26253795623779297, 0.30367159843444824 
749, 0.21600127220153809, 0.5818724632263184, 0.2617928981781006, 0.30579376220703125 
750, 0.21600909531116486, 0.5796656608581543, 0.2606039047241211, 0.30532264709472656 
751, 0.21601681411266327, 0.5818140506744385, 0.26441025733947754, 0.3032975196838379 
752, 0.21602439880371094, 0.5820891857147217, 0.2630150318145752, 0.3045189380645752 
753, 0.21603205800056458, 0.5817999839782715, 0.2632584571838379, 0.3042469024658203 
754, 0.21603958308696747, 0.5809259414672852, 0.2635152339935303, 0.30345702171325684 
755, 0.2160469889640808, 0.5795083045959473, 0.26300859451293945, 0.30274248123168945 
756, 0.21605437994003296, 0.5805089473724365, 0.2621431350708008, 0.3044278621673584 
757, 0.21606163680553436, 0.5804729461669922, 0.2625875473022461, 0.3045816421508789 
758, 0.21606890857219696, 0.5901370048522949, 0.2722306251525879, 0.30403947830200195 
759, 0.21607606112957, 0.5811660289764404, 0.2630164623260498, 0.30406928062438965 
760, 0.21608313918113708, 0.5828416347503662, 0.2632479667663574, 0.30530405044555664 
761, 0.2160901427268982, 0.5815715789794922, 0.26330113410949707, 0.3043241500854492 
762, 0.21609710156917572, 0.580416202545166, 0.2625553607940674, 0.30414843559265137 
763, 0.21610400080680847, 0.581934928894043, 0.26346611976623535, 0.30466270446777344 
764, 0.21611078083515167, 0.5805990695953369, 0.26166272163391113, 0.3050110340118408 
765, 0.21611756086349487, 0.5812506675720215, 0.26445722579956055, 0.303149938583374 
766, 0.2161242514848709, 0.597724437713623, 0.2684628963470459, 0.3150665760040283 
767, 0.21613091230392456, 0.5828771591186523, 0.2640237808227539, 0.30472493171691895 
768, 0.21613748371601105, 0.5815410614013672, 0.2625730037689209, 0.30486464500427246 
769, 0.21614399552345276, 0.5934479236602783, 0.2643392086029053, 0.31487488746643066 
770, 0.21615052223205566, 0.5807962417602539, 0.26183319091796875, 0.30478930473327637 
771, 0.21615678071975708, 0.584064245223999, 0.2636747360229492, 0.30642199516296387 
772, 0.21616308391094208, 0.5853419303894043, 0.26560378074645996, 0.30599474906921387 
773, 0.2161693423986435, 0.5806112289428711, 0.26280760765075684, 0.3040339946746826 
774, 0.21617548167705536, 0.5824909210205078, 0.2633175849914551, 0.3052177429199219 
775, 0.21618147194385529, 0.5806550979614258, 0.2622108459472656, 0.3043842315673828 
776, 0.2161874622106552, 0.5918760299682617, 0.2629220485687256, 0.31471991539001465 
777, 0.2161933332681656, 0.579766035079956, 0.26262831687927246, 0.3030836582183838 
778, 0.2161991000175476, 0.5807204246520996, 0.2617051601409912, 0.3045625686645508 
779, 0.21620476245880127, 0.5834577083587646, 0.26341819763183594, 0.30559396743774414 
780, 0.21621033549308777, 0.5820696353912354, 0.2651643753051758, 0.3027834892272949 
781, 0.21621617674827576, 0.5797061920166016, 0.2635924816131592, 0.30214428901672363 
782, 0.21622303128242493, 0.5815472602844238, 0.26308298110961914, 0.3041813373565674 
783, 0.216229647397995, 0.5867369174957275, 0.26752471923828125, 0.30458736419677734 
784, 0.21623623371124268, 0.6062467098236084, 0.2639327049255371, 0.3249368667602539 
785, 0.21624286472797394, 0.5815737247467041, 0.26473546028137207, 0.3030524253845215 
786, 0.21625648438930511, 0.5840857028961182, 0.26526832580566406, 0.3052661418914795 
787, 0.21628102660179138, 0.5808956623077393, 0.2643260955810547, 0.30358195304870605 
788, 0.21630553901195526, 0.5822000503540039, 0.2654240131378174, 0.30312323570251465 
789, 0.2163299024105072, 0.5809087753295898, 0.26446533203125, 0.30318117141723633 
790, 0.2163541316986084, 0.5814156532287598, 0.26219820976257324, 0.3059506416320801 
791, 0.21637824177742004, 0.5838725566864014, 0.2649843692779541, 0.3043231964111328 
792, 0.21640221774578094, 0.6018612384796143, 0.2641887664794922, 0.32385897636413574 
793, 0.21642619371414185, 0.5967319011688232, 0.2772514820098877, 0.30555224418640137 
794, 0.21644985675811768, 0.5859026908874512, 0.26714396476745605, 0.3042118549346924 
795, 0.21647360920906067, 0.5937004089355469, 0.26412534713745117, 0.31505727767944336 
796, 0.21649713814258575, 0.5838830471038818, 0.2649824619293213, 0.3044545650482178 
797, 0.2165205180644989, 0.5826511383056641, 0.2641289234161377, 0.30483031272888184 
798, 0.21654760837554932, 0.5834100246429443, 0.2667393684387207, 0.30290913581848145 
799, 0.21658089756965637, 0.5811982154846191, 0.26526570320129395, 0.3026576042175293 
800, 0.21661388874053955, 0.5798752307891846, 0.2634928226470947, 0.30234622955322266 
801, 0.21664687991142273, 0.5921354293823242, 0.26576709747314453, 0.3128235340118408 
802, 0.21667969226837158, 0.5781934261322021, 0.261699914932251, 0.302614688873291 
803, 0.2167123556137085, 0.5801918506622314, 0.26302361488342285, 0.3036336898803711 
804, 0.21674486994743347, 0.5801396369934082, 0.2648303508758545, 0.30152010917663574 
805, 0.21677717566490173, 0.5812196731567383, 0.2650949954986572, 0.30237698554992676 
806, 0.21680937707424164, 0.5797100067138672, 0.26332736015319824, 0.3018500804901123 
807, 0.2168414294719696, 0.5912055969238281, 0.2627530097961426, 0.3144657611846924 
808, 0.21687325835227966, 0.577531099319458, 0.26151227951049805, 0.3012418746948242 
809, 0.21690493822097778, 0.5804188251495361, 0.2630136013031006, 0.3036222457885742 
810, 0.2169364094734192, 0.5813591480255127, 0.2647395133972168, 0.30283021926879883 
811, 0.21696782112121582, 0.5798594951629639, 0.26400232315063477, 0.30220508575439453 
812, 0.216998890042305, 0.5800261497497559, 0.263141393661499, 0.3031959533691406 
813, 0.21702995896339417, 0.5795211791992188, 0.26224350929260254, 0.3035924434661865 
814, 0.21706289052963257, 0.5806949138641357, 0.2638874053955078, 0.30298662185668945 
815, 0.21709612011909485, 0.5827770233154297, 0.26367712020874023, 0.30518078804016113 
816, 0.21712903678417206, 0.5821619033813477, 0.26302003860473633, 0.3055720329284668 
817, 0.2171618938446045, 0.5813159942626953, 0.2632472515106201, 0.30428242683410645 
818, 0.2171945720911026, 0.5862808227539062, 0.2686314582824707, 0.3033609390258789 
819, 0.21722708642482758, 0.5898208618164062, 0.26288437843322754, 0.3122262954711914 
820, 0.2172592580318451, 0.587998628616333, 0.26891136169433594, 0.305403470993042 
821, 0.21729135513305664, 0.5817887783050537, 0.2638723850250244, 0.30418896675109863 
822, 0.21732325851917267, 0.5792865753173828, 0.26245903968811035, 0.30349111557006836 
823, 0.21735499799251556, 0.5824990272521973, 0.2625546455383301, 0.30657386779785156 
824, 0.21738651394844055, 0.5911300182342529, 0.26462745666503906, 0.31212902069091797 
825, 0.2174178659915924, 0.5831644535064697, 0.2639577388763428, 0.304858922958374 
826, 0.21744902431964874, 0.5830168724060059, 0.26375317573547363, 0.30542421340942383 
827, 0.21748006343841553, 0.5827102661132812, 0.2634425163269043, 0.3055074214935303 
828, 0.21751083433628082, 0.5821306705474854, 0.2634410858154297, 0.30455994606018066 
829, 0.21754147112369537, 0.5802841186523438, 0.2623629570007324, 0.30451512336730957 
830, 0.21757183969020844, 0.5804071426391602, 0.2629992961883545, 0.30345606803894043 
831, 0.2176022231578827, 0.5808041095733643, 0.2625291347503662, 0.3045918941497803 
832, 0.21763232350349426, 0.5815942287445068, 0.26344919204711914, 0.30429768562316895 
833, 0.21766215562820435, 0.5805737972259521, 0.26318931579589844, 0.30390238761901855 
834, 0.21769189834594727, 0.5974910259246826, 0.2623329162597656, 0.32125115394592285 
835, 0.21772144734859467, 0.5918035507202148, 0.2637958526611328, 0.3142893314361572 
836, 0.21775078773498535, 0.5803089141845703, 0.2617816925048828, 0.3048546314239502 
837, 0.21778003871440887, 0.5812041759490967, 0.2627716064453125, 0.30493807792663574 
838, 0.21780896186828613, 0.6011521816253662, 0.262786865234375, 0.32499098777770996 
839, 0.21783779561519623, 0.5826051235198975, 0.2627847194671631, 0.3064732551574707 
840, 0.2178664654493332, 0.5804681777954102, 0.26249170303344727, 0.3046691417694092 
841, 0.21789488196372986, 0.5785102844238281, 0.2617490291595459, 0.30316781997680664 
842, 0.21792322397232056, 0.6018037796020508, 0.26323890686035156, 0.32476258277893066 
843, 0.2179512083530426, 0.5815079212188721, 0.26273107528686523, 0.30530786514282227 
844, 0.21797922253608704, 0.5832595825195312, 0.26230430603027344, 0.3072381019592285 
845, 0.21800681948661804, 0.5847487449645996, 0.2623591423034668, 0.3079087734222412 
846, 0.21803443133831024, 0.6717953681945801, 0.2714667320251465, 0.3322927951812744 
847, 0.21806184947490692, 0.5947175025939941, 0.2726254463195801, 0.30834221839904785 
848, 0.21808890998363495, 0.6091258525848389, 0.2833435535430908, 0.31108522415161133 
849, 0.21811601519584656, 0.5881648063659668, 0.26752257347106934, 0.306868314743042 
850, 0.21814274787902832, 0.5857095718383789, 0.26475954055786133, 0.30690479278564453 
851, 0.21816939115524292, 0.6047728061676025, 0.26410508155822754, 0.32567667961120605 
852, 0.218195840716362, 0.592144250869751, 0.26329565048217773, 0.314974308013916 
853, 0.2182220220565796, 0.5825564861297607, 0.26334357261657715, 0.305497407913208 
854, 0.2182481735944748, 0.6029660701751709, 0.2623746395111084, 0.3062551021575928 
855, 0.2182740867137909, 0.6293163299560547, 0.2868034839630127, 0.32833075523376465 
856, 0.21829979121685028, 0.5842177867889404, 0.26201295852661133, 0.3082294464111328 
857, 0.21832525730133057, 0.5873899459838867, 0.26543235778808594, 0.30809712409973145 
858, 0.2183505743741989, 0.5830132961273193, 0.2646481990814209, 0.3047761917114258 
859, 0.21837569773197174, 0.5825071334838867, 0.2642948627471924, 0.3046395778656006 
860, 0.21840070188045502, 0.6017320156097412, 0.263824462890625, 0.32453083992004395 
861, 0.21842539310455322, 0.5795223712921143, 0.26200413703918457, 0.304157018661499 
862, 0.2184499353170395, 0.5811831951141357, 0.26324987411499023, 0.30467987060546875 
863, 0.21847431361675262, 0.5805845260620117, 0.2630026340484619, 0.3042738437652588 
864, 0.21849849820137024, 0.5995335578918457, 0.2623329162597656, 0.32395434379577637 
865, 0.21852251887321472, 0.5813572406768799, 0.2628519535064697, 0.30516552925109863 
866, 0.21854636073112488, 0.5801494121551514, 0.26236844062805176, 0.3042762279510498 
867, 0.21856993436813354, 0.5792770385742188, 0.2622709274291992, 0.30329370498657227 
868, 0.21859335899353027, 0.5827443599700928, 0.26250505447387695, 0.30522656440734863 
869, 0.21861667931079865, 0.6000244617462158, 0.26244449615478516, 0.32409095764160156 
870, 0.21863965690135956, 0.5800735950469971, 0.2626926898956299, 0.30393147468566895 
871, 0.21866261959075928, 0.584728479385376, 0.2624969482421875, 0.3079516887664795 
872, 0.21868526935577393, 0.5897271633148193, 0.27041101455688477, 0.30522918701171875 
873, 0.21870768070220947, 0.6031272411346436, 0.264207124710083, 0.3245201110839844 
874, 0.21873000264167786, 0.5825304985046387, 0.2627122402191162, 0.30533576011657715 
875, 0.21875211596488953, 0.5821359157562256, 0.2622842788696289, 0.30565381050109863 
876, 0.21877405047416687, 0.5826411247253418, 0.26350951194763184, 0.3053460121154785 
877, 0.21879567205905914, 0.5816152095794678, 0.2639777660369873, 0.3043630123138428 
878, 0.21881723403930664, 0.599022626876831, 0.26210713386535645, 0.3236994743347168 
879, 0.21883857250213623, 0.5813937187194824, 0.2624082565307617, 0.3054518699645996 
880, 0.2188597321510315, 0.5811247825622559, 0.26290297508239746, 0.30444884300231934 
881, 0.21888066828250885, 0.601325273513794, 0.2627551555633545, 0.32503318786621094 
882, 0.21890141069889069, 0.5803279876708984, 0.26234006881713867, 0.30434226989746094 
883, 0.21890822052955627, 0.5792279243469238, 0.2625405788421631, 0.30379748344421387 
884, 0.21891120076179504, 0.6034250259399414, 0.2638862133026123, 0.32575559616088867 
885, 0.21891413629055023, 0.5817086696624756, 0.26242613792419434, 0.3058745861053467 
886, 0.218916654586792, 0.5824832916259766, 0.26373767852783203, 0.3050251007080078 
887, 0.21891909837722778, 0.6029856204986572, 0.2640876770019531, 0.32577991485595703 
888, 0.21892127394676208, 0.5836930274963379, 0.2637040615081787, 0.30700016021728516 
889, 0.2189234346151352, 0.5824499130249023, 0.2634162902832031, 0.3055393695831299 
890, 0.21892526745796204, 0.6053247451782227, 0.2649192810058594, 0.3264012336730957 
891, 0.21892686188220978, 0.5837404727935791, 0.2625246047973633, 0.30723023414611816 
892, 0.21892833709716797, 0.5826430320739746, 0.26347827911376953, 0.305187463760376 
893, 0.21892955899238586, 0.6035184860229492, 0.2648429870605469, 0.32542991638183594 
894, 0.21893049776554108, 0.5823533535003662, 0.26250791549682617, 0.306257963180542 
895, 0.2189311981201172, 0.5827229022979736, 0.2627096176147461, 0.3053591251373291 
896, 0.21893393993377686, 0.6014542579650879, 0.2632942199707031, 0.3240807056427002 
897, 0.21893776953220367, 0.5829145908355713, 0.2626965045928955, 0.3053464889526367 
898, 0.21894145011901855, 0.5949699878692627, 0.26932811737060547, 0.3099336624145508 
899, 0.2189449816942215, 0.6052672863006592, 0.26552772521972656, 0.3254241943359375 
900, 0.21894821524620056, 0.6522979736328125, 0.2630596160888672, 0.31000804901123047 
901, 0.2189512550830841, 0.5854554176330566, 0.26792120933532715, 0.3037559986114502 
902, 0.21895413100719452, 0.6023492813110352, 0.26357603073120117, 0.32513928413391113 
903, 0.21895676851272583, 0.582252025604248, 0.26357483863830566, 0.3048117160797119 
904, 0.21895910799503326, 0.5811281204223633, 0.26314568519592285, 0.30413293838500977 
905, 0.21896129846572876, 0.603295087814331, 0.26390647888183594, 0.3257777690887451 
906, 0.2189631164073944, 0.5812938213348389, 0.26230454444885254, 0.30559492111206055 
907, 0.21896493434906006, 0.5932154655456543, 0.26224374771118164, 0.3174142837524414 
908, 0.2189665138721466, 0.6032094955444336, 0.2646613121032715, 0.32508373260498047 
909, 0.21896785497665405, 0.5821669101715088, 0.2627389430999756, 0.30607080459594727 
910, 0.21896892786026, 0.5820417404174805, 0.26410746574401855, 0.303952693939209 
911, 0.21896988153457642, 0.6034982204437256, 0.2645740509033203, 0.32579994201660156 
912, 0.21897047758102417, 0.5830965042114258, 0.26381969451904297, 0.30629706382751465 
913, 0.21897101402282715, 0.5821084976196289, 0.2640669345855713, 0.3043861389160156 
914, 0.21897125244140625, 0.6189982891082764, 0.26404356956481934, 0.32610082626342773 
915, 0.21897122263908386, 0.584308385848999, 0.2640972137451172, 0.3062138557434082 
916, 0.21897099912166595, 0.5838215351104736, 0.263383150100708, 0.3059518337249756 
917, 0.21897058188915253, 0.6026837825775146, 0.2632260322570801, 0.3260781764984131 
918, 0.21897539496421814, 0.5843548774719238, 0.264009952545166, 0.30655360221862793 
919, 0.21900194883346558, 0.5850708484649658, 0.26322174072265625, 0.3074665069580078 
920, 0.2190282940864563, 0.6021802425384521, 0.2640190124511719, 0.3245842456817627 
921, 0.21905434131622314, 0.580019474029541, 0.26251864433288574, 0.3041555881500244 
922, 0.21908020973205566, 0.5807955265045166, 0.262988805770874, 0.30448246002197266 
923, 0.21910567581653595, 0.6022794246673584, 0.2624502182006836, 0.3255167007446289 
924, 0.21913090348243713, 0.5956854820251465, 0.2700510025024414, 0.31220197677612305 
925, 0.2191559225320816, 0.5820229053497314, 0.2642402648925781, 0.3043975830078125 
926, 0.21918073296546936, 0.6025586128234863, 0.26379871368408203, 0.3249518871307373 
927, 0.2192051112651825, 0.5809805393218994, 0.26306605339050293, 0.3046395778656006 
928, 0.21922925114631653, 0.5800931453704834, 0.2631683349609375, 0.30350208282470703 
929, 0.21925316751003265, 0.6034512519836426, 0.2638552188873291, 0.3258030414581299 
930, 0.2192768156528473, 0.5844707489013672, 0.26393723487854004, 0.3064751625061035 
931, 0.21930012106895447, 0.5822079181671143, 0.2638566493988037, 0.30446314811706543 
932, 0.21932318806648254, 0.5820760726928711, 0.2647087574005127, 0.3033638000488281 
933, 0.21934598684310913, 0.5813753604888916, 0.26519346237182617, 0.3026087284088135 
934, 0.21935975551605225, 0.6007964611053467, 0.2639453411102295, 0.3227725028991699 
935, 0.2193717509508133, 0.5835776329040527, 0.26398730278015137, 0.3054037094116211 
936, 0.21938365697860718, 0.5802414417266846, 0.2631850242614746, 0.30330491065979004 
937, 0.21939519047737122, 0.6009411811828613, 0.2636833190917969, 0.3232429027557373 
938, 0.21940651535987854, 0.581920862197876, 0.26367640495300293, 0.3039541244506836 
939, 0.2194174975156784, 0.5793821811676025, 0.2631535530090332, 0.3023998737335205 
940, 0.21942822635173798, 0.6012382507324219, 0.26268911361694336, 0.3253498077392578 
941, 0.2194386124610901, 0.5816881656646729, 0.2632455825805664, 0.3050501346588135 
942, 0.21944871544837952, 0.5814337730407715, 0.2638561725616455, 0.3042287826538086 
943, 0.21945863962173462, 0.6018228530883789, 0.26375746726989746, 0.32493019104003906 
944, 0.2194681614637375, 0.5818326473236084, 0.26310038566589355, 0.3049595355987549 
945, 0.21947747468948364, 0.5812737941741943, 0.2640700340270996, 0.30364561080932617 
946, 0.21948650479316711, 0.5795824527740479, 0.26244091987609863, 0.30348682403564453 
947, 0.2194952368736267, 0.5794227123260498, 0.26321911811828613, 0.30321288108825684 
948, 0.21950367093086243, 0.5983281135559082, 0.26184678077697754, 0.3231191635131836 
949, 0.21951177716255188, 0.5790572166442871, 0.2624378204345703, 0.3035566806793213 
950, 0.21951955556869507, 0.5912144184112549, 0.2656857967376709, 0.3112185001373291 
951, 0.21952728927135468, 0.6158299446105957, 0.26836705207824707, 0.3239607810974121 
952, 0.2195344716310501, 0.5835213661193848, 0.26427388191223145, 0.3052198886871338 
953, 0.2195415198802948, 0.5809955596923828, 0.26297426223754883, 0.3024744987487793 
954, 0.21954825520515442, 0.6001293659210205, 0.26294565200805664, 0.32352113723754883 
955, 0.21955475211143494, 0.5904531478881836, 0.26943111419677734, 0.30667948722839355 
956, 0.21956086158752441, 0.5802805423736572, 0.26329898834228516, 0.3036022186279297 
957, 0.2195669561624527, 0.6036984920501709, 0.2628955841064453, 0.3269476890563965 
958, 0.2195746898651123, 0.5844855308532715, 0.26469874382019043, 0.30575037002563477 
959, 0.21958214044570923, 0.5818004608154297, 0.2629878520965576, 0.30440735816955566 
960, 0.21958930790424347, 0.6038618087768555, 0.26479363441467285, 0.3255479335784912 
961, 0.2195962816476822, 0.5828166007995605, 0.263232946395874, 0.3059806823730469 
962, 0.21960292756557465, 0.5806283950805664, 0.26268434524536133, 0.3041539192199707 
963, 0.2196093499660492, 0.602421760559082, 0.2634148597717285, 0.3257145881652832 
964, 0.21961548924446106, 0.582927942276001, 0.26406216621398926, 0.3053607940673828 
965, 0.2196214348077774, 0.5805633068084717, 0.263094425201416, 0.30364131927490234 
966, 0.2196270227432251, 0.5906953811645508, 0.2638258934020996, 0.3126492500305176 
967, 0.2196323573589325, 0.5917751789093018, 0.26363348960876465, 0.3143155574798584 
968, 0.21963746845722198, 0.5933804512023926, 0.26322126388549805, 0.3156123161315918 
969, 0.21964232623577118, 0.5811624526977539, 0.2633051872253418, 0.30486226081848145 
970, 0.2196468710899353, 0.5803995132446289, 0.2632267475128174, 0.3036019802093506 
971, 0.21965116262435913, 0.605144739151001, 0.26590394973754883, 0.3253300189971924 
972, 0.21965529024600983, 0.580786943435669, 0.26235103607177734, 0.3052225112915039 
973, 0.21965916454792023, 0.5788357257843018, 0.2636725902557373, 0.3014519214630127 
974, 0.2196626514196396, 0.599010705947876, 0.2616260051727295, 0.32431840896606445 
975, 0.21965934336185455, 0.5809876918792725, 0.26318883895874023, 0.3045656681060791 
976, 0.21964968740940094, 0.5899369716644287, 0.26327943801879883, 0.3127932548522949 
977, 0.2196398675441742, 0.6074697971343994, 0.26831650733947754, 0.32562708854675293 
978, 0.21962979435920715, 0.5847690105438232, 0.2649664878845215, 0.30628037452697754 
979, 0.2196195125579834, 0.5831413269042969, 0.26399850845336914, 0.30577945709228516 
980, 0.21960896253585815, 0.603769063949585, 0.2637641429901123, 0.32660531997680664 
981, 0.2195981740951538, 0.5829586982727051, 0.26337385177612305, 0.3061978816986084 
982, 0.21958722174167633, 0.5818612575531006, 0.2629218101501465, 0.30545639991760254 
983, 0.21957461535930634, 0.6020534038543701, 0.26372241973876953, 0.3243277072906494 
984, 0.21956130862236023, 0.5823431015014648, 0.2631096839904785, 0.3051786422729492 
985, 0.2195478081703186, 0.5802865028381348, 0.26327013969421387, 0.3032567501068115 
986, 0.21953409910202026, 0.6016020774841309, 0.26344919204711914, 0.32448482513427734 
987, 0.21952004730701447, 0.5815930366516113, 0.26355838775634766, 0.30470776557922363 
988, 0.2195056974887848, 0.5806300640106201, 0.2625603675842285, 0.30492591857910156 
989, 0.2194911688566208, 0.6030838489532471, 0.26369667053222656, 0.32546567916870117 
990, 0.21947628259658813, 0.5806920528411865, 0.2626039981842041, 0.30426740646362305 
991, 0.2194611132144928, 0.5823853015899658, 0.2643263339996338, 0.30439186096191406 
992, 0.21944573521614075, 0.602442741394043, 0.2631561756134033, 0.3255603313446045 
993, 0.2194298803806305, 0.582434892654419, 0.26464247703552246, 0.30410218238830566 
994, 0.2194138914346695, 0.5891201496124268, 0.27234625816345215, 0.30336666107177734 
995, 0.2193976193666458, 0.5778276920318604, 0.2622208595275879, 0.30193376541137695 
996, 0.21938098967075348, 0.5970792770385742, 0.2623100280761719, 0.3211860656738281 
997, 0.21936404705047607, 0.5846621990203857, 0.2615540027618408, 0.3095211982727051 
998, 0.2193467915058136, 0.5746290683746338, 0.26040101051330566, 0.3002140522003174 
999, 0.21932928264141083, 0.5931146144866943, 0.2596759796142578, 0.32050061225891113 
