Iteration, loss, time 
0, 0.9518972635269165, 0.6421279907226562, 0.32378125190734863, 0.29693150520324707 
1, 0.8946046829223633, 0.5891187191009521, 0.2881302833557129, 0.28988099098205566 
2, 0.8391880989074707, 0.599024772644043, 0.2893788814544678, 0.2970101833343506 
3, 0.7856466770172119, 0.5848309993743896, 0.289966344833374, 0.2841620445251465 
4, 0.7339627742767334, 0.5937516689300537, 0.28795433044433594, 0.29444384574890137 
5, 0.6841239929199219, 0.5959789752960205, 0.29364919662475586, 0.29180049896240234 
6, 0.6361244916915894, 0.5885567665100098, 0.2841506004333496, 0.2927536964416504 
7, 0.589945912361145, 0.5967559814453125, 0.2914245128631592, 0.29358816146850586 
8, 0.5455684661865234, 0.5890746116638184, 0.2967562675476074, 0.28121185302734375 
9, 0.5029666423797607, 0.5979411602020264, 0.2945098876953125, 0.2920827865600586 
10, 0.46210893988609314, 0.6008048057556152, 0.2908809185028076, 0.3002007007598877 
11, 0.4229618012905121, 0.5854849815368652, 0.28201723098754883, 0.29235100746154785 
12, 0.3854871988296509, 0.5973491668701172, 0.2926638126373291, 0.29302477836608887 
13, 0.34964871406555176, 0.5891849994659424, 0.29761576652526855, 0.2809255123138428 
14, 0.31540703773498535, 0.5986676216125488, 0.29175806045532227, 0.29604196548461914 
15, 0.2827184796333313, 0.5996770858764648, 0.2923271656036377, 0.2964210510253906 
16, 0.25153547525405884, 0.5870711803436279, 0.28697824478149414, 0.28919172286987305 
17, 0.22180718183517456, 0.5969221591949463, 0.2913229465484619, 0.2959141731262207 
18, 0.19348037242889404, 0.5944180488586426, 0.29839015007019043, 0.28530216217041016 
19, 0.16649621725082397, 0.5851829051971436, 0.283644437789917, 0.2903265953063965 
20, 0.14079496264457703, 0.6027326583862305, 0.29452013969421387, 0.29715561866760254 
21, 0.11631345748901367, 0.5816848278045654, 0.2875547409057617, 0.28273940086364746 
22, 0.0929872989654541, 0.5803914070129395, 0.28967857360839844, 0.2803325653076172 
23, 0.07075425982475281, 0.5619518756866455, 0.2777886390686035, 0.2736549377441406 
24, 0.04955241084098816, 0.5784289836883545, 0.2761111259460449, 0.2909832000732422 
25, 0.029319405555725098, 0.6037106513977051, 0.3022148609161377, 0.29198312759399414 
26, 0.009998172521591187, 0.5923972129821777, 0.28784894943237305, 0.29297947883605957 
27, -0.00846979022026062, 0.610335111618042, 0.2932109832763672, 0.30619239807128906 
28, -0.0261380672454834, 0.587646484375, 0.2915043830871582, 0.285001277923584 
29, -0.04305800795555115, 0.5916244983673096, 0.2889389991760254, 0.29155874252319336 
30, -0.059276729822158813, 0.6012630462646484, 0.2961714267730713, 0.2930288314819336 
31, -0.07483965158462524, 0.5944859981536865, 0.2866849899291992, 0.2963571548461914 
32, -0.08978834748268127, 0.5992791652679443, 0.2930104732513428, 0.29515528678894043 
33, -0.10416150093078613, 0.5917251110076904, 0.29624223709106445, 0.2831385135650635 
34, -0.11799335479736328, 0.59912109375, 0.29248857498168945, 0.29584503173828125 
35, -0.1313152313232422, 0.6091623306274414, 0.297654390335083, 0.3019752502441406 
36, -0.14415812492370605, 0.5949759483337402, 0.28473711013793945, 0.3001375198364258 
37, -0.15654698014259338, 0.5973451137542725, 0.29363322257995605, 0.2922086715698242 
38, -0.16850611567497253, 0.5884478092193604, 0.2973783016204834, 0.2814352512359619 
39, -0.18005749583244324, 0.6071977615356445, 0.2908921241760254, 0.30519723892211914 
40, -0.19122189283370972, 0.6104958057403564, 0.2951853275299072, 0.3052699565887451 
41, -0.2020169198513031, 0.5912158489227295, 0.28046560287475586, 0.29908275604248047 
42, -0.21246075630187988, 0.6037032604217529, 0.2930440902709961, 0.29950690269470215 
43, -0.22256913781166077, 0.5937924385070801, 0.30173730850219727, 0.2825291156768799 
44, -0.23235678672790527, 0.5977597236633301, 0.2918076515197754, 0.2950468063354492 
45, -0.24183806777000427, 0.6071915626525879, 0.29412102699279785, 0.3008444309234619 
46, -0.2510260343551636, 0.5870602130889893, 0.28146815299987793, 0.2942178249359131 
47, -0.2599336504936218, 0.6034712791442871, 0.29414987564086914, 0.2977755069732666 
48, -0.2685735821723938, 0.6071324348449707, 0.3014233112335205, 0.2948179244995117 
49, -0.27695658802986145, 0.612088680267334, 0.2894134521484375, 0.311112642288208 
50, -0.2850959599018097, 0.6311774253845215, 0.3087596893310547, 0.3104720115661621 
51, -0.2929996848106384, 0.6556694507598877, 0.3344533443450928, 0.2927286624908447 
52, -0.30067986249923706, 0.6083190441131592, 0.30023670196533203, 0.2963078022003174 
53, -0.3081451952457428, 0.5998802185058594, 0.3031301498413086, 0.28722548484802246 
54, -0.3154055178165436, 0.5993680953979492, 0.2916371822357178, 0.2952609062194824 
55, -0.3224692642688751, 0.6530742645263672, 0.33835649490356445, 0.3037905693054199 
56, -0.3293454647064209, 0.58540940284729, 0.28362464904785156, 0.2910127639770508 
57, -0.3360415995121002, 0.6027312278747559, 0.2885725498199463, 0.3018028736114502 
58, -0.3425651490688324, 0.5979299545288086, 0.3001282215118408, 0.28734874725341797 
59, -0.3489237427711487, 0.5968000888824463, 0.2907295227050781, 0.2946300506591797 
60, -0.35512426495552063, 0.6197526454925537, 0.2987337112426758, 0.30185627937316895 
61, -0.3611730635166168, 0.5922789573669434, 0.2910423278808594, 0.2901298999786377 
62, -0.3670762777328491, 0.6000783443450928, 0.29089856147766113, 0.2977294921875 
63, -0.3728393018245697, 0.5913264751434326, 0.2970924377441406, 0.2841756343841553 
64, -0.3784686028957367, 0.5864713191986084, 0.28371524810791016, 0.29209065437316895 
65, -0.3839685320854187, 0.601555347442627, 0.2952899932861328, 0.2954702377319336 
66, -0.38934415578842163, 0.5819282531738281, 0.28650689125061035, 0.284576416015625 
67, -0.39460042119026184, 0.5925397872924805, 0.29057860374450684, 0.29090356826782227 
68, -0.39974096417427063, 0.5939345359802246, 0.293595552444458, 0.2895524501800537 
69, -0.4047698974609375, 0.5816037654876709, 0.280956506729126, 0.28969311714172363 
70, -0.4096912443637848, 0.5965023040771484, 0.2903711795806885, 0.2956118583679199 
71, -0.41450875997543335, 0.5838158130645752, 0.2920856475830078, 0.28218841552734375 
72, -0.4192253053188324, 0.5931987762451172, 0.2923009395599365, 0.28983521461486816 
73, -0.42384397983551025, 0.5953636169433594, 0.29190874099731445, 0.2935340404510498 
74, -0.4283680021762848, 0.5793261528015137, 0.2768239974975586, 0.2919332981109619 
75, -0.4328000545501709, 0.6004266738891602, 0.29279303550720215, 0.29662132263183594 
76, -0.4371431767940521, 0.5886366367340088, 0.29639172554016113, 0.2826573848724365 
77, -0.4413989782333374, 0.5985288619995117, 0.28969383239746094, 0.29781270027160645 
78, -0.44556963443756104, 0.5999863147735596, 0.29249119758605957, 0.29631781578063965 
79, -0.4496576488018036, 0.6002330780029297, 0.2825140953063965, 0.3058624267578125 
80, -0.453664630651474, 0.5956816673278809, 0.29179978370666504, 0.2928016185760498 
81, -0.4575931131839752, 0.5933477878570557, 0.3012981414794922, 0.2809109687805176 
82, -0.46144405007362366, 0.5890061855316162, 0.2885921001434326, 0.2890188694000244 
83, -0.4650891423225403, 0.6183295249938965, 0.28811192512512207, 0.3038604259490967 
84, -0.4686072766780853, 0.5916824340820312, 0.28206849098205566, 0.29332971572875977 
85, -0.4715833067893982, 0.5976614952087402, 0.2909829616546631, 0.29542016983032227 
86, -0.4740959107875824, 0.5937502384185791, 0.2971150875091553, 0.28641319274902344 
87, -0.47649767994880676, 0.5854640007019043, 0.2835361957550049, 0.29005861282348633 
88, -0.4788287878036499, 0.6014792919158936, 0.29525256156921387, 0.2946786880493164 
89, -0.4811192452907562, 0.5914223194122314, 0.2871983051300049, 0.28856492042541504 
90, -0.48304226994514465, 0.5986323356628418, 0.2882881164550781, 0.2949531078338623 
91, -0.48457592725753784, 0.6070902347564697, 0.2986140251159668, 0.29388928413391113 
92, -0.48625245690345764, 0.5961904525756836, 0.2860372066497803, 0.2949972152709961 
93, -0.4880857467651367, 0.6100709438323975, 0.29332613945007324, 0.2995641231536865 
94, -0.48882991075515747, 0.6120047569274902, 0.3029322624206543, 0.29395580291748047 
95, -0.48908349871635437, 0.6016287803649902, 0.2894937992095947, 0.29666852951049805 
96, -0.48758023977279663, 0.6026573181152344, 0.29030823707580566, 0.2989928722381592 
97, -0.4849000871181488, 0.5954785346984863, 0.2790036201477051, 0.30213499069213867 
98, -0.4807818830013275, 0.601776123046875, 0.2858278751373291, 0.29955530166625977 
99, -0.475872278213501, 0.6105332374572754, 0.30257534980773926, 0.29357457160949707 
100, -0.4686565399169922, 0.600684404373169, 0.28886842727661133, 0.2955455780029297 
101, -0.466152548789978, 0.6170263290405273, 0.29407787322998047, 0.3062317371368408 
102, -0.4635070860385895, 0.5978784561157227, 0.2871053218841553, 0.2948741912841797 
103, -0.45980679988861084, 0.6130640506744385, 0.2943990230560303, 0.30327272415161133 
104, -0.45543622970581055, 0.6019761562347412, 0.2957606315612793, 0.29290056228637695 
105, -0.45256468653678894, 0.5957174301147461, 0.2848985195159912, 0.29437875747680664 
106, -0.4486497938632965, 0.6096580028533936, 0.2913811206817627, 0.3021738529205322 
107, -0.44636160135269165, 0.592125415802002, 0.28322935104370117, 0.2926013469696045 
108, -0.44417375326156616, 0.6002240180969238, 0.28879714012145996, 0.29760313034057617 
109, -0.4385497570037842, 0.601207971572876, 0.297529935836792, 0.2885315418243408 
110, -0.4300672113895416, 0.5935184955596924, 0.2841324806213379, 0.2956056594848633 
111, -0.4239453375339508, 0.6153454780578613, 0.29038453102111816, 0.3081965446472168 
112, -0.4174966514110565, 0.6143229007720947, 0.29203200340270996, 0.3061838150024414 
113, -0.41189345717430115, 0.631544828414917, 0.32027697563171387, 0.2957885265350342 
114, -0.40625739097595215, 0.623870849609375, 0.31104135513305664, 0.29880475997924805 
115, -0.4006845951080322, 0.6183552742004395, 0.30304455757141113, 0.29855942726135254 
116, -0.3932151198387146, 0.6424679756164551, 0.3044719696044922, 0.3183112144470215 
117, -0.3862368166446686, 0.6122274398803711, 0.2906770706176758, 0.30562877655029297 
118, -0.37862035632133484, 0.6247954368591309, 0.3044257164001465, 0.30352020263671875 
119, -0.3692269027233124, 0.6213388442993164, 0.3126645088195801, 0.29498815536499023 
120, -0.36526110768318176, 0.6470224857330322, 0.3244044780731201, 0.3042469024658203 
121, -0.3634009063243866, 0.6378679275512695, 0.31775450706481934, 0.30597949028015137 
122, -0.36413174867630005, 0.6162815093994141, 0.2956242561340332, 0.3046541213989258 
123, -0.36271560192108154, 0.6299633979797363, 0.3070871829986572, 0.307018518447876 
124, -0.36088213324546814, 0.6164195537567139, 0.3044126033782959, 0.2968628406524658 
125, -0.3585927486419678, 0.6302056312561035, 0.306180477142334, 0.3079543113708496 
126, -0.35930803418159485, 0.6262576580047607, 0.31539177894592285, 0.29570579528808594 
127, -0.3618767559528351, 0.6210651397705078, 0.3027019500732422, 0.30249571800231934 
128, -0.36470192670822144, 0.6316573619842529, 0.30559635162353516, 0.310131311416626 
129, -0.36620810627937317, 0.6247684955596924, 0.30370283126831055, 0.3063011169433594 
130, -0.36645689606666565, 0.6405525207519531, 0.30947399139404297, 0.31508350372314453 
131, -0.37090572714805603, 0.6251983642578125, 0.3135051727294922, 0.29663753509521484 
132, -0.374498188495636, 0.6254289150238037, 0.3110206127166748, 0.2984802722930908 
133, -0.3763870596885681, 0.6555421352386475, 0.3127098083496094, 0.3105959892272949 
134, -0.3775826394557953, 0.6162738800048828, 0.29337143898010254, 0.30626344680786133 
135, -0.3805890679359436, 0.6396112442016602, 0.3146631717681885, 0.309678316116333 
136, -0.38359251618385315, 0.6171090602874756, 0.30736708641052246, 0.29427576065063477 
137, -0.3868444561958313, 0.6343870162963867, 0.30962586402893066, 0.3090064525604248 
138, -0.39093679189682007, 0.6469922065734863, 0.31787586212158203, 0.3140397071838379 
139, -0.3946777880191803, 0.6371092796325684, 0.313232421875, 0.3077390193939209 
140, -0.3963789939880371, 0.6339468955993652, 0.3082151412963867, 0.3104133605957031 
141, -0.3994956314563751, 0.6301884651184082, 0.30695295333862305, 0.30780529975891113 
142, -0.403125524520874, 0.6401784420013428, 0.30823349952697754, 0.31588220596313477 
143, -0.406139075756073, 0.6240134239196777, 0.31603527069091797, 0.2947211265563965 
144, -0.4087284505367279, 0.6468658447265625, 0.3134431838989258, 0.318042516708374 
145, -0.41000398993492126, 0.6437520980834961, 0.31591176986694336, 0.313281774520874 
146, -0.41118481755256653, 0.6281671524047852, 0.3024015426635742, 0.30995798110961914 
147, -0.41353490948677063, 0.6385793685913086, 0.3105447292327881, 0.3123166561126709 
148, -0.4169900715351105, 0.6108591556549072, 0.3058745861053467, 0.29074907302856445 
149, -0.41857147216796875, 0.6207661628723145, 0.3029201030731201, 0.3017125129699707 
150, -0.41984501481056213, 0.6270697116851807, 0.30812764167785645, 0.3038206100463867 
151, -0.41834789514541626, 0.616025447845459, 0.29935312271118164, 0.30155110359191895 
152, -0.41780951619148254, 0.6279263496398926, 0.3067145347595215, 0.30536985397338867 
153, -0.4146702289581299, 0.6223242282867432, 0.30063509941101074, 0.3051786422729492 
154, -0.4104612469673157, 0.6333441734313965, 0.3043839931488037, 0.3130526542663574 
155, -0.40673258900642395, 0.6413686275482178, 0.3168528079986572, 0.309462308883667 
156, -0.402042031288147, 0.673393964767456, 0.3274102210998535, 0.3290989398956299 
157, -0.39750099182128906, 0.673133134841919, 0.33104848861694336, 0.3259456157684326 
158, -0.3935351073741913, 0.6353402137756348, 0.30571961402893066, 0.31353020668029785 
159, -0.39055389165878296, 0.6592645645141602, 0.3120310306549072, 0.33075475692749023 
160, -0.3869663178920746, 0.6227900981903076, 0.29956841468811035, 0.30714893341064453 
161, -0.3832401633262634, 0.6333131790161133, 0.30901408195495605, 0.30831170082092285 
162, -0.3806377947330475, 0.6207919120788574, 0.3090837001800537, 0.2981255054473877 
163, -0.37968552112579346, 0.6320114135742188, 0.3034658432006836, 0.31363749504089355 
164, -0.3770848214626312, 0.6397294998168945, 0.3102424144744873, 0.31609416007995605 
165, -0.37562593817710876, 0.6255109310150146, 0.29330015182495117, 0.3165628910064697 
166, -0.37413838505744934, 0.6562092304229736, 0.30854249000549316, 0.33042216300964355 
167, -0.37519875168800354, 0.6817207336425781, 0.33054661750793457, 0.3348047733306885 
168, -0.37791872024536133, 0.6833512783050537, 0.33138370513916016, 0.33423328399658203 
169, -0.3803321123123169, 0.6486110687255859, 0.32224011421203613, 0.31076836585998535 
170, -0.38382190465927124, 0.6456806659698486, 0.3156006336212158, 0.3146848678588867 
171, -0.38747453689575195, 0.6419610977172852, 0.3066260814666748, 0.32088780403137207 
172, -0.39089837670326233, 0.6248953342437744, 0.2944045066833496, 0.31468653678894043 
173, -0.39445921778678894, 0.6444196701049805, 0.30651307106018066, 0.3216977119445801 
174, -0.397645503282547, 0.631594181060791, 0.3066086769104004, 0.30909276008605957 
175, -0.4004945755004883, 0.6364989280700684, 0.3041377067565918, 0.3159291744232178 
176, -0.4036232531070709, 0.6399021148681641, 0.3152005672454834, 0.3091888427734375 
177, -0.4076208770275116, 0.6550211906433105, 0.30876851081848145, 0.32903361320495605 
178, -0.4116976261138916, 0.6880941390991211, 0.3287937641143799, 0.343703031539917 
179, -0.41476717591285706, 0.6566171646118164, 0.308302640914917, 0.33051085472106934 
180, -0.41759151220321655, 0.6546463966369629, 0.3143148422241211, 0.3244965076446533 
181, -0.42029011249542236, 0.6310384273529053, 0.3070845603942871, 0.30727052688598633 
182, -0.4235711395740509, 0.6328582763671875, 0.3053402900695801, 0.311124324798584 
183, -0.42641931772232056, 0.6378014087677002, 0.3156404495239258, 0.3083970546722412 
184, -0.4304785132408142, 0.6319348812103271, 0.3050374984741211, 0.3108980655670166 
185, -0.4345385730266571, 0.6579008102416992, 0.3137373924255371, 0.3265089988708496 
186, -0.4401070475578308, 0.6245999336242676, 0.30013442039489746, 0.30742359161376953 
187, -0.4438382387161255, 0.6680886745452881, 0.31533312797546387, 0.3346226215362549 
188, -0.4459611773490906, 0.6745123863220215, 0.33593106269836426, 0.31928324699401855 
189, -0.44690385460853577, 0.6752994060516357, 0.3302421569824219, 0.32809948921203613 
190, -0.4464447498321533, 0.6841778755187988, 0.34268879890441895, 0.3264455795288086 
191, -0.445301353931427, 0.6384835243225098, 0.3172609806060791, 0.30290842056274414 
192, -0.4432459771633148, 0.6586587429046631, 0.3165252208709717, 0.32097554206848145 
193, -0.44118404388427734, 0.6322619915008545, 0.3009371757507324, 0.313901424407959 
194, -0.4384792745113373, 0.6462938785552979, 0.317258358001709, 0.3125941753387451 
195, -0.4350511133670807, 0.635087251663208, 0.3203921318054199, 0.30026674270629883 
196, -0.4326193928718567, 0.6877825260162354, 0.35172367095947266, 0.3136734962463379 
197, -0.4312715232372284, 0.6533701419830322, 0.3151984214782715, 0.3227860927581787 
198, -0.43035760521888733, 0.6617920398712158, 0.3172426223754883, 0.3266417980194092 
199, -0.43042662739753723, 0.694164514541626, 0.3363957405090332, 0.3424394130706787 
200, -0.4291035830974579, 0.668381929397583, 0.3146688938140869, 0.33533692359924316 
201, -0.4268566966056824, 0.6771676540374756, 0.32176637649536133, 0.33901405334472656 
202, -0.4230983257293701, 0.6455671787261963, 0.32408571243286133, 0.30145263671875 
203, -0.4181410074234009, 0.641002893447876, 0.31098318099975586, 0.3124096393585205 
204, -0.4146078824996948, 0.6388339996337891, 0.3198273181915283, 0.3050851821899414 
205, -0.41197308897972107, 0.6327118873596191, 0.3081014156341553, 0.3086528778076172 
206, -0.40986016392707825, 0.6446692943572998, 0.3091418743133545, 0.32160067558288574 
207, -0.4045982360839844, 0.621793270111084, 0.2940387725830078, 0.31348299980163574 
208, -0.3986208140850067, 0.65087890625, 0.3138468265533447, 0.3204636573791504 
209, -0.3940507471561432, 0.6754865646362305, 0.33687496185302734, 0.3211033344268799 
210, -0.39017945528030396, 0.6915955543518066, 0.33132362365722656, 0.34303879737854004 
211, -0.3880240321159363, 0.6879899501800537, 0.3478100299835205, 0.3235166072845459 
212, -0.38676023483276367, 0.6514303684234619, 0.31836819648742676, 0.31754541397094727 
213, -0.38505882024765015, 0.6502354145050049, 0.3079826831817627, 0.3274250030517578 
214, -0.38401639461517334, 0.6193852424621582, 0.2931251525878906, 0.3110041618347168 
215, -0.3836749494075775, 0.6408786773681641, 0.3074760437011719, 0.31537604331970215 
216, -0.3828735053539276, 0.6313304901123047, 0.31368350982666016, 0.3013443946838379 
217, -0.3823856711387634, 0.647007942199707, 0.31025052070617676, 0.3203544616699219 
218, -0.3817513585090637, 0.6563980579376221, 0.32759809494018555, 0.3135495185852051 
219, -0.38064056634902954, 0.6816790103912354, 0.3328890800476074, 0.33187055587768555 
220, -0.3792089521884918, 0.7008357048034668, 0.3330540657043457, 0.3521716594696045 
221, -0.377629816532135, 0.6784999370574951, 0.3258826732635498, 0.3354940414428711 
222, -0.3769987225532532, 0.6768839359283447, 0.31984448432922363, 0.33884596824645996 
223, -0.37399670481681824, 0.6401574611663818, 0.3146843910217285, 0.3104555606842041 
224, -0.37051063776016235, 0.6391029357910156, 0.3084416389465332, 0.313946008682251 
225, -0.36709412932395935, 0.6277756690979004, 0.31777238845825195, 0.2962915897369385 
226, -0.3632029891014099, 0.6416172981262207, 0.30744385719299316, 0.31894946098327637 
227, -0.36053159832954407, 0.6480393409729004, 0.3159630298614502, 0.31833982467651367 
228, -0.35921621322631836, 0.6320285797119141, 0.2962620258331299, 0.3195028305053711 
229, -0.35691508650779724, 0.6662654876708984, 0.3061561584472656, 0.3434321880340576 
230, -0.35474273562431335, 0.699038028717041, 0.3467843532562256, 0.33559465408325195 
231, -0.3536160886287689, 0.6972043514251709, 0.33779144287109375, 0.33986496925354004 
232, -0.3529662787914276, 0.6884686946868896, 0.34909796714782715, 0.322141170501709 
233, -0.3534117341041565, 0.6769051551818848, 0.3360140323638916, 0.32507896423339844 
234, -0.354716956615448, 0.6580255031585693, 0.3293612003326416, 0.31448936462402344 
235, -0.3549981117248535, 0.6461575031280518, 0.3154175281524658, 0.3151283264160156 
236, -0.35476818680763245, 0.6704168319702148, 0.3248579502105713, 0.33088135719299316 
237, -0.3553752601146698, 0.648432731628418, 0.3069651126861572, 0.3250234127044678 
238, -0.35575708746910095, 0.682713508605957, 0.33745765686035156, 0.328200101852417 
239, -0.35513991117477417, 0.6591310501098633, 0.3254857063293457, 0.31668877601623535 
240, -0.3565062880516052, 0.7019426822662354, 0.3358438014984131, 0.34876465797424316 
241, -0.3579505980014801, 0.71744704246521, 0.3554363250732422, 0.34328746795654297 
242, -0.3590508997440338, 0.7446885108947754, 0.3449382781982422, 0.34155941009521484 
243, -0.36049526929855347, 0.6902709007263184, 0.3561244010925293, 0.3193931579589844 
244, -0.36216819286346436, 0.6605377197265625, 0.3212552070617676, 0.3233203887939453 
245, -0.3633325695991516, 0.6635279655456543, 0.3238866329193115, 0.3243582248687744 
246, -0.36481836438179016, 0.662508487701416, 0.33023738861083984, 0.31617093086242676 
247, -0.36578452587127686, 0.6834936141967773, 0.3397252559661865, 0.3279848098754883 
248, -0.3683549761772156, 0.6936178207397461, 0.33393239974975586, 0.3323521614074707 
249, -0.3707179129123688, 0.6958072185516357, 0.3414459228515625, 0.3357717990875244 
250, -0.3740912079811096, 0.7084317207336426, 0.35341453552246094, 0.3380453586578369 
251, -0.3770994544029236, 0.7324037551879883, 0.3609912395477295, 0.3537275791168213 
252, -0.38130074739456177, 0.7137725353240967, 0.3732900619506836, 0.32293033599853516 
253, -0.38619673252105713, 0.6904518604278564, 0.3469235897064209, 0.32808470726013184 
254, -0.39139148592948914, 0.6780743598937988, 0.3437955379486084, 0.3198528289794922 
255, -0.39622530341148376, 0.6554872989654541, 0.31706976890563965, 0.32190513610839844 
256, -0.4009793996810913, 0.6677436828613281, 0.3261401653289795, 0.3283967971801758 
257, -0.40391066670417786, 0.6572706699371338, 0.31240344047546387, 0.32814764976501465 
258, -0.40649518370628357, 0.6661903858184814, 0.3296961784362793, 0.3203437328338623 
259, -0.40982627868652344, 0.6605043411254883, 0.32416844367980957, 0.319577693939209 
260, -0.41152840852737427, 0.6996016502380371, 0.33104538917541504, 0.35051894187927246 
261, -0.41207021474838257, 0.7264580726623535, 0.3683650493621826, 0.3380579948425293 
262, -0.4137822985649109, 0.7307379245758057, 0.36412525177001953, 0.3485736846923828 
263, -0.4175356328487396, 0.6909904479980469, 0.35672664642333984, 0.31675291061401367 
264, -0.42197296023368835, 0.666797399520874, 0.3350865840911865, 0.31616711616516113 
265, -0.4262690544128418, 0.6637017726898193, 0.3287038803100586, 0.3210923671722412 
266, -0.4314332902431488, 0.651146650314331, 0.3115260601043701, 0.32350587844848633 
267, -0.43587610125541687, 0.6743190288543701, 0.3224618434906006, 0.33489322662353516 
268, -0.43981727957725525, 0.6656820774078369, 0.32890868186950684, 0.3209984302520752 
269, -0.4439923167228699, 0.6758255958557129, 0.3279404640197754, 0.33107852935791016 
270, -0.44708532094955444, 0.6816184520721436, 0.3395090103149414, 0.325606107711792 
271, -0.4487425684928894, 0.7006473541259766, 0.34488582611083984, 0.33826422691345215 
272, -0.4501572847366333, 0.6802082061767578, 0.3533174991607666, 0.312192440032959 
273, -0.4515652060508728, 0.6797730922698975, 0.3297572135925293, 0.33394908905029297 
274, -0.45277905464172363, 0.6629159450531006, 0.32768940925598145, 0.3191215991973877 
275, -0.45520690083503723, 0.6469314098358154, 0.31833696365356445, 0.3137178421020508 
276, -0.4579920172691345, 0.6674787998199463, 0.3219912052154541, 0.32805848121643066 
277, -0.46044787764549255, 0.6526539325714111, 0.31899571418762207, 0.3176743984222412 
278, -0.4621483087539673, 0.6615884304046631, 0.32175230979919434, 0.3232448101043701 
279, -0.46345004439353943, 0.66721510887146, 0.34317445755004883, 0.30985116958618164 
280, -0.46516528725624084, 0.6891171932220459, 0.33281803131103516, 0.339644193649292 
281, -0.46725380420684814, 0.7266151905059814, 0.35550880432128906, 0.35036134719848633 
282, -0.46927693486213684, 0.6929190158843994, 0.34727025032043457, 0.32892894744873047 
283, -0.4705151319503784, 0.6962919235229492, 0.3291306495666504, 0.3521871566772461 
284, -0.4725605845451355, 0.6578292846679688, 0.31006884574890137, 0.33158421516418457 
285, -0.47484374046325684, 0.679546594619751, 0.3242807388305664, 0.33825182914733887 
286, -0.47753942012786865, 0.6477015018463135, 0.31863951683044434, 0.31363511085510254 
287, -0.47955095767974854, 0.6958496570587158, 0.3381476402282715, 0.32402586936950684 
288, -0.483142614364624, 0.6599290370941162, 0.33806538581848145, 0.3081679344177246 
289, -0.485393762588501, 0.6765232086181641, 0.3359653949737549, 0.3244795799255371 
290, -0.487714558839798, 0.6951370239257812, 0.33798861503601074, 0.3412892818450928 
291, -0.4887317717075348, 0.6894402503967285, 0.33942580223083496, 0.3326761722564697 
292, -0.49111637473106384, 0.7099153995513916, 0.3456740379333496, 0.3500998020172119 
293, -0.4930652678012848, 0.6672780513763428, 0.3170177936553955, 0.3337554931640625 
294, -0.4970371425151825, 0.6736571788787842, 0.32483983039855957, 0.33293843269348145 
295, -0.5013118982315063, 0.6546218395233154, 0.3195958137512207, 0.31835103034973145 
296, -0.5052026510238647, 0.6432528495788574, 0.30597352981567383, 0.3211677074432373 
297, -0.5080928802490234, 0.6803200244903564, 0.32831454277038574, 0.323422908782959 
298, -0.5097322463989258, 0.6606090068817139, 0.3279600143432617, 0.31728696823120117 
299, -0.5098496675491333, 0.668846845626831, 0.3239591121673584, 0.330899715423584 
300, -0.5089337825775146, 0.6631968021392822, 0.3105127811431885, 0.3372471332550049 
301, -0.5079834461212158, 0.705341100692749, 0.33004188537597656, 0.3571758270263672 
302, -0.5081216096878052, 0.6705760955810547, 0.3164041042327881, 0.33792901039123535 
303, -0.5073096752166748, 0.6901981830596924, 0.31944799423217773, 0.3517026901245117 
304, -0.5053170919418335, 0.6712613105773926, 0.3278391361236572, 0.3257784843444824 
305, -0.5031286478042603, 0.6563827991485596, 0.3207850456237793, 0.32138514518737793 
306, -0.5010008811950684, 0.6558706760406494, 0.3325998783111572, 0.3087916374206543 
307, -0.4996635913848877, 0.6563072204589844, 0.3159506320953369, 0.32479190826416016 
308, -0.4979249835014343, 0.6698071956634521, 0.33144354820251465, 0.32445240020751953 
309, -0.49625688791275024, 0.669684648513794, 0.31824183464050293, 0.3346827030181885 
310, -0.49487483501434326, 0.6881763935089111, 0.3333103656768799, 0.33779072761535645 
311, -0.4926435947418213, 0.6881809234619141, 0.33137059211730957, 0.3399350643157959 
312, -0.4914328157901764, 0.7057178020477295, 0.3372962474822998, 0.3515453338623047 
313, -0.49101993441581726, 0.6791276931762695, 0.33436107635498047, 0.32907772064208984 
314, -0.4910302758216858, 0.6756033897399902, 0.32538628578186035, 0.33465123176574707 
315, -0.49034807085990906, 0.6613156795501709, 0.32929301261901855, 0.3164408206939697 
316, -0.490450918674469, 0.662132978439331, 0.3205575942993164, 0.3259241580963135 
317, -0.489833265542984, 0.6751716136932373, 0.32434535026550293, 0.3354470729827881 
318, -0.48876217007637024, 0.6670050621032715, 0.32350659370422363, 0.3276042938232422 
319, -0.48801371455192566, 0.6919732093811035, 0.33731770515441895, 0.33742189407348633 
320, -0.48746922612190247, 0.6612834930419922, 0.32125377655029297, 0.32403135299682617 
321, -0.48708227276802063, 0.707730770111084, 0.3400704860687256, 0.3509187698364258 
322, -0.4873674511909485, 0.6889345645904541, 0.34302353858947754, 0.3299562931060791 
323, -0.48863014578819275, 0.6788957118988037, 0.3279595375061035, 0.33382725715637207 
324, -0.48874250054359436, 0.6722266674041748, 0.33910202980041504, 0.31977009773254395 
325, -0.48936522006988525, 0.662367582321167, 0.3201742172241211, 0.3267364501953125 
326, -0.4908584952354431, 0.6731696128845215, 0.3270533084869385, 0.3291349411010742 
327, -0.49188411235809326, 0.6586475372314453, 0.3162548542022705, 0.32749247550964355 
328, -0.492793470621109, 0.6968867778778076, 0.3374052047729492, 0.341231107711792 
329, -0.49339231848716736, 0.6639015674591064, 0.32305097579956055, 0.3246767520904541 
330, -0.49276578426361084, 0.690924882888794, 0.3371608257293701, 0.33658599853515625 
331, -0.49202078580856323, 0.6851680278778076, 0.34227466583251953, 0.32635998725891113 
332, -0.49056771397590637, 0.6943306922912598, 0.337099552154541, 0.33800649642944336 
333, -0.4888763725757599, 0.6904797554016113, 0.3575146198272705, 0.31645870208740234 
334, -0.4876067638397217, 0.6753940582275391, 0.3318493366241455, 0.3284745216369629 
335, -0.486604243516922, 0.6646664142608643, 0.32735633850097656, 0.32369494438171387 
336, -0.48614880442619324, 0.6421513557434082, 0.30625104904174805, 0.3201594352722168 
337, -0.48585984110832214, 0.7038416862487793, 0.3419308662414551, 0.34552764892578125 
338, -0.484031617641449, 0.6823997497558594, 0.3324775695800781, 0.3328685760498047 
339, -0.48316270112991333, 0.6891419887542725, 0.3394174575805664, 0.33147430419921875 
340, -0.4846581220626831, 0.6813850402832031, 0.3393244743347168, 0.3254368305206299 
341, -0.4853302538394928, 0.7163562774658203, 0.352935791015625, 0.34636497497558594 
342, -0.48656079173088074, 0.6967079639434814, 0.36262083053588867, 0.3176569938659668 
343, -0.4882737994194031, 0.685915470123291, 0.34479212760925293, 0.32621097564697266 
344, -0.49006810784339905, 0.6793591976165771, 0.34066200256347656, 0.3243422508239746 
345, -0.4931190311908722, 0.6687190532684326, 0.3296475410461426, 0.32364535331726074 
346, -0.4944456219673157, 0.6864161491394043, 0.32563114166259766, 0.34627795219421387 
347, -0.4952476918697357, 0.6866798400878906, 0.32738637924194336, 0.34300827980041504 
348, -0.49681100249290466, 0.7094385623931885, 0.3409411907196045, 0.3507678508758545 
349, -0.49763745069503784, 0.6784753799438477, 0.3342709541320801, 0.3286869525909424 
350, -0.4992389976978302, 0.7028307914733887, 0.33112168312072754, 0.35439300537109375 
351, -0.5004116296768188, 0.6860671043395996, 0.33777618408203125, 0.3317859172821045 
352, -0.5023577213287354, 0.6785800457000732, 0.3262660503387451, 0.33460283279418945 
353, -0.5047792792320251, 0.6721656322479248, 0.346926212310791, 0.3116028308868408 
354, -0.5077146291732788, 0.6753792762756348, 0.33255481719970703, 0.3235771656036377 
355, -0.5104029774665833, 0.6774168014526367, 0.3355522155761719, 0.32779526710510254 
356, -0.5119296908378601, 0.6786444187164307, 0.32497119903564453, 0.3374922275543213 
357, -0.5136966705322266, 0.6866543292999268, 0.3282911777496338, 0.3434946537017822 
358, -0.5151689052581787, 0.6649904251098633, 0.308579683303833, 0.3406057357788086 
359, -0.5156538486480713, 0.6733012199401855, 0.3178985118865967, 0.3388228416442871 
360, -0.5160924196243286, 0.6908783912658691, 0.3397808074951172, 0.33463501930236816 
361, -0.5164992213249207, 0.6805338859558105, 0.33098888397216797, 0.3316190242767334 
362, -0.5161470174789429, 0.6716077327728271, 0.33107995986938477, 0.32157015800476074 
363, -0.5168886184692383, 0.6751742362976074, 0.33608150482177734, 0.3222641944885254 
364, -0.5167543292045593, 0.6706113815307617, 0.33722615242004395, 0.3176443576812744 
365, -0.5165334939956665, 0.6632277965545654, 0.3199498653411865, 0.3265211582183838 
366, -0.5161079168319702, 0.6905198097229004, 0.3305356502532959, 0.3461458683013916 
367, -0.5158755779266357, 0.6732721328735352, 0.32451939582824707, 0.33220982551574707 
368, -0.5167896747589111, 0.687335729598999, 0.33809709548950195, 0.33283090591430664 
369, -0.517827033996582, 0.6768426895141602, 0.3314933776855469, 0.32964205741882324 
370, -0.517795741558075, 0.7104852199554443, 0.34873461723327637, 0.34399890899658203 
371, -0.5163583755493164, 0.7148182392120361, 0.3718380928039551, 0.32532238960266113 
372, -0.5156209468841553, 0.6948246955871582, 0.33986902236938477, 0.3385469913482666 
373, -0.513797402381897, 0.6773030757904053, 0.3450028896331787, 0.3182106018066406 
374, -0.5114201307296753, 0.677140474319458, 0.33744001388549805, 0.32317590713500977 
375, -0.5078431367874146, 0.6958761215209961, 0.34526801109313965, 0.33455467224121094 
376, -0.5036143064498901, 0.6887991428375244, 0.33622288703918457, 0.3292105197906494 
377, -0.49911803007125854, 0.7653133869171143, 0.4096717834472656, 0.34021854400634766 
378, -0.49499738216400146, 0.7645442485809326, 0.3896448612213135, 0.33948779106140137 
379, -0.49133893847465515, 0.7786617279052734, 0.41312336921691895, 0.3503103256225586 
380, -0.4894704520702362, 0.762775182723999, 0.3985879421234131, 0.3464183807373047 
381, -0.4881635308265686, 0.7615668773651123, 0.39905428886413574, 0.34703922271728516 
382, -0.48730820417404175, 0.7324826717376709, 0.38192105293273926, 0.3345491886138916 
383, -0.48550352454185486, 0.7561814785003662, 0.3998880386352539, 0.3424086570739746 
384, -0.48404958844184875, 0.744880199432373, 0.3892354965209961, 0.33895421028137207 
385, -0.48312199115753174, 0.7570161819458008, 0.3952946662902832, 0.3478686809539795 
386, -0.48092350363731384, 0.7439260482788086, 0.39083361625671387, 0.33781862258911133 
387, -0.4782615005970001, 0.7618718147277832, 0.39611291885375977, 0.35181474685668945 
388, -0.4763752222061157, 0.7681777477264404, 0.3950033187866211, 0.35619521141052246 
389, -0.4758530557155609, 0.782397985458374, 0.4083743095397949, 0.35938405990600586 
390, -0.4752092659473419, 0.7518153190612793, 0.3927156925201416, 0.3421914577484131 
391, -0.4742600619792938, 0.7656643390655518, 0.3964273929595947, 0.35516905784606934 
392, -0.4744623899459839, 0.7581233978271484, 0.38467955589294434, 0.350830078125 
393, -0.4760984778404236, 0.7717611789703369, 0.40951085090637207, 0.34839320182800293 
394, -0.4774799644947052, 0.7413132190704346, 0.38967442512512207, 0.33571481704711914 
395, -0.47903940081596375, 0.7634677886962891, 0.39687681198120117, 0.353046178817749 
396, -0.4809662103652954, 0.7466263771057129, 0.3840906620025635, 0.34562253952026367 
397, -0.4821273684501648, 0.7867567539215088, 0.4145364761352539, 0.3576328754425049 
398, -0.4832533001899719, 0.7533867359161377, 0.3946242332458496, 0.34206295013427734 
399, -0.4840019941329956, 0.7657911777496338, 0.40796494483947754, 0.3428678512573242 
400, -0.48549091815948486, 0.7555539608001709, 0.39483141899108887, 0.3437943458557129 
401, -0.4873586595058441, 0.7692773342132568, 0.4084630012512207, 0.34682464599609375 
402, -0.48922199010849, 0.7442364692687988, 0.3859293460845947, 0.34165406227111816 
403, -0.49160802364349365, 0.7535605430603027, 0.40127110481262207, 0.3381540775299072 
404, -0.4933684170246124, 0.7382509708404541, 0.38594651222229004, 0.33618617057800293 
405, -0.4956154227256775, 0.7843294143676758, 0.4085402488708496, 0.3598954677581787 
406, -0.4969902038574219, 0.7680807113647461, 0.4008467197418213, 0.3510103225708008 
407, -0.4982113540172577, 0.7754018306732178, 0.4090254306793213, 0.35143327713012695 
408, -0.4989672005176544, 0.7520875930786133, 0.3908650875091553, 0.3442215919494629 
409, -0.5000705718994141, 0.7688503265380859, 0.4052879810333252, 0.349379301071167 
410, -0.49979591369628906, 0.7519302368164062, 0.389026403427124, 0.34537267684936523 
411, -0.49998775124549866, 0.764258861541748, 0.40258097648620605, 0.3468592166900635 
412, -0.5014506578445435, 0.7406759262084961, 0.38610005378723145, 0.337982177734375 
413, -0.5020975470542908, 0.7567346096038818, 0.3959674835205078, 0.3457601070404053 
414, -0.5033091306686401, 0.7768867015838623, 0.4068136215209961, 0.3533759117126465 
415, -0.505125880241394, 0.7907359600067139, 0.4215738773345947, 0.35428643226623535 
416, -0.508049726486206, 0.7247147560119629, 0.3822026252746582, 0.3259727954864502 
417, -0.5106881856918335, 0.7594504356384277, 0.3950643539428711, 0.3492295742034912 
418, -0.5136920213699341, 0.760951042175293, 0.3998596668243408, 0.34551405906677246 
419, -0.5168875455856323, 0.7871918678283691, 0.4063594341278076, 0.35267043113708496 
420, -0.5204631090164185, 0.7391295433044434, 0.3963432312011719, 0.32686328887939453 
421, -0.5225443840026855, 0.7291803359985352, 0.38820934295654297, 0.324629545211792 
422, -0.5249277353286743, 0.7299339771270752, 0.3687770366668701, 0.34464454650878906 
423, -0.5264155864715576, 0.7962746620178223, 0.4114086627960205, 0.3688924312591553 
424, -0.5281801223754883, 0.778674840927124, 0.4058797359466553, 0.3557167053222656 
425, -0.5304250717163086, 0.7909505367279053, 0.4158341884613037, 0.35875844955444336 
426, -0.5339161157608032, 0.7617406845092773, 0.3965933322906494, 0.3467545509338379 
427, -0.5373212099075317, 0.7670948505401611, 0.4071388244628906, 0.3459200859069824 
428, -0.5404156446456909, 0.710674524307251, 0.3683807849884033, 0.32518720626831055 
429, -0.5437281131744385, 0.753185510635376, 0.38219785690307617, 0.35254645347595215 
430, -0.5462732315063477, 0.7421777248382568, 0.38326430320739746, 0.34195971488952637 
431, -0.5502235889434814, 0.7461669445037842, 0.39036107063293457, 0.3386571407318115 
432, -0.554656982421875, 0.6790580749511719, 0.329531192779541, 0.330765962600708 
433, -0.5582396984100342, 0.7222528457641602, 0.3366880416870117, 0.35981202125549316 
434, -0.5618770122528076, 0.7213668823242188, 0.37124133110046387, 0.3329439163208008 
435, -0.5642486214637756, 0.7156085968017578, 0.35918092727661133, 0.3362107276916504 
436, -0.5661106109619141, 0.7050485610961914, 0.36231112480163574, 0.3273329734802246 
437, -0.5675678253173828, 0.6908652782440186, 0.34409236907958984, 0.32973742485046387 
438, -0.5683444738388062, 0.6866734027862549, 0.3615379333496094, 0.3102593421936035 
439, -0.5687582492828369, 0.6888267993927002, 0.34438085556030273, 0.3285551071166992 
440, -0.5702474117279053, 0.6919527053833008, 0.3418123722076416, 0.33515381813049316 
441, -0.5715340971946716, 0.6774168014526367, 0.32706403732299805, 0.33296895027160645 
442, -0.5722869634628296, 0.7195475101470947, 0.346362829208374, 0.3583531379699707 
443, -0.5735425353050232, 0.6750900745391846, 0.3282480239868164, 0.32968950271606445 
444, -0.5744761228561401, 0.671142578125, 0.31622886657714844, 0.33685946464538574 
445, -0.575690746307373, 0.6636087894439697, 0.3228306770324707, 0.3258540630340576 
446, -0.57704097032547, 0.6865215301513672, 0.33517980575561523, 0.33425378799438477 
447, -0.5777119398117065, 0.6668572425842285, 0.339688777923584, 0.31177687644958496 
448, -0.5784008502960205, 0.6704761981964111, 0.32715344429016113, 0.327833890914917 
449, -0.5796794295310974, 0.678194522857666, 0.3379940986633301, 0.3265666961669922 
450, -0.5807902216911316, 0.6666932106018066, 0.3215041160583496, 0.3294072151184082 
451, -0.5825586318969727, 0.6845428943634033, 0.3214554786682129, 0.3492424488067627 
452, -0.5845433473587036, 0.697948694229126, 0.3284475803375244, 0.3512260913848877 
453, -0.5860196352005005, 0.7112076282501221, 0.33646655082702637, 0.3547210693359375 
454, -0.5862151980400085, 0.6798977851867676, 0.3302276134490967, 0.3325157165527344 
455, -0.5843097567558289, 0.6690127849578857, 0.3186039924621582, 0.3325629234313965 
456, -0.5800962448120117, 0.6840753555297852, 0.34326791763305664, 0.3252897262573242 
457, -0.5767307281494141, 0.6899099349975586, 0.3417167663574219, 0.3317544460296631 
458, -0.572321891784668, 0.6687970161437988, 0.352344274520874, 0.302462100982666 
459, -0.5677107572555542, 0.7146797180175781, 0.3796985149383545, 0.3189113140106201 
460, -0.5623025894165039, 0.6853022575378418, 0.3347744941711426, 0.33432960510253906 
461, -0.557274341583252, 0.7969107627868652, 0.39616990089416504, 0.35955190658569336 
462, -0.5537264943122864, 0.7894611358642578, 0.424851655960083, 0.35026979446411133 
463, -0.5505390167236328, 0.7681989669799805, 0.40367698669433594, 0.34799671173095703 
464, -0.5474601984024048, 0.7772159576416016, 0.43019938468933105, 0.3322155475616455 
465, -0.5446473360061646, 0.7367184162139893, 0.40189290046691895, 0.3186500072479248 
466, -0.5425419807434082, 0.7267096042633057, 0.39107227325439453, 0.3222227096557617 
467, -0.5409053564071655, 0.7307736873626709, 0.3805091381072998, 0.3334164619445801 
468, -0.5398093461990356, 0.7555809020996094, 0.40396714210510254, 0.3360717296600342 
469, -0.538266122341156, 0.7367169857025146, 0.38889050483703613, 0.3310258388519287 
470, -0.5370674133300781, 0.7616915702819824, 0.397979736328125, 0.34819602966308594 
471, -0.5374988317489624, 0.7766759395599365, 0.40294718742370605, 0.3568594455718994 
472, -0.5385838150978088, 0.7925369739532471, 0.4272472858428955, 0.35071659088134766 
473, -0.5394715070724487, 0.7596909999847412, 0.4064450263977051, 0.33759307861328125 
474, -0.5402087569236755, 0.7581772804260254, 0.4107391834259033, 0.33307313919067383 
475, -0.5408428907394409, 0.7135376930236816, 0.3734900951385498, 0.3246650695800781 
476, -0.5413245558738708, 0.7509801387786865, 0.39597272872924805, 0.3402862548828125 
477, -0.5409557819366455, 0.759286642074585, 0.3947906494140625, 0.34470081329345703 
478, -0.5415631532669067, 0.7738633155822754, 0.40934276580810547, 0.34853053092956543 
479, -0.5421973466873169, 0.7806973457336426, 0.4055187702178955, 0.35819244384765625 
480, -0.544530987739563, 0.7789115905761719, 0.4220447540283203, 0.3416411876678467 
481, -0.5469560623168945, 0.7711899280548096, 0.40378308296203613, 0.35053086280822754 
482, -0.5490007400512695, 0.768730640411377, 0.40831470489501953, 0.3457169532775879 
483, -0.5517990589141846, 0.7368495464324951, 0.39821338653564453, 0.3230118751525879 
484, -0.5549291968345642, 0.7344911098480225, 0.3865633010864258, 0.3318908214569092 
485, -0.5570383071899414, 0.7436723709106445, 0.38591599464416504, 0.3422107696533203 
486, -0.5588487386703491, 0.7566444873809814, 0.3968193531036377, 0.3455691337585449 
487, -0.5607866048812866, 0.7528352737426758, 0.39035916328430176, 0.346606969833374 
488, -0.5616567134857178, 0.794135570526123, 0.42576003074645996, 0.3538386821746826 
489, -0.5631129741668701, 0.781590461730957, 0.408444881439209, 0.3560309410095215 
490, -0.5643825531005859, 0.7693181037902832, 0.408130407333374, 0.3465144634246826 
491, -0.565881073474884, 0.747699499130249, 0.38788866996765137, 0.34372806549072266 
492, -0.5667904615402222, 0.7494807243347168, 0.40016651153564453, 0.3342714309692383 
493, -0.5682170391082764, 0.7536284923553467, 0.3988375663757324, 0.3384420871734619 
494, -0.5696027278900146, 0.8092215061187744, 0.41898608207702637, 0.3757202625274658 
495, -0.5702542066574097, 0.7227916717529297, 0.38512325286865234, 0.32259130477905273 
496, -0.5702790021896362, 0.7626132965087891, 0.39317917823791504, 0.3540351390838623 
497, -0.5704642534255981, 0.764026403427124, 0.40807104110717773, 0.33937525749206543 
498, -0.570393443107605, 0.7546510696411133, 0.3936042785644531, 0.34457898139953613 
499, -0.5706782341003418, 0.780508279800415, 0.40561389923095703, 0.3591349124908447 
500, -0.571387529373169, 0.8559305667877197, 0.4082036018371582, 0.35797977447509766 
501, -0.571486234664917, 0.7452406883239746, 0.39612388610839844, 0.3332231044769287 
502, -0.5713260173797607, 0.7349667549133301, 0.39678335189819336, 0.32285499572753906 
503, -0.5716203451156616, 0.7099871635437012, 0.3706183433532715, 0.3241252899169922 
504, -0.5710368156433105, 0.7489113807678223, 0.3891923427581787, 0.3460054397583008 
505, -0.5711137056350708, 0.7567532062530518, 0.38974571228027344, 0.3507556915283203 
506, -0.5708097219467163, 0.8015642166137695, 0.418870210647583, 0.3671877384185791 
507, -0.5711410045623779, 0.8014342784881592, 0.4167616367340088, 0.3675696849822998 
508, -0.571725606918335, 0.7832286357879639, 0.4311065673828125, 0.33736491203308105 
509, -0.5718194246292114, 0.71663498878479, 0.38083934783935547, 0.31978297233581543 
510, -0.5724644660949707, 0.7429792881011963, 0.38275718688964844, 0.34668779373168945 
511, -0.5730465650558472, 0.7320113182067871, 0.38286924362182617, 0.33377909660339355 
512, -0.5741488933563232, 0.7620375156402588, 0.3955802917480469, 0.3513307571411133 
513, -0.5749845504760742, 0.7376012802124023, 0.38609814643859863, 0.33567118644714355 
514, -0.5761775374412537, 0.7888302803039551, 0.41348862648010254, 0.36054491996765137 
515, -0.5768358111381531, 0.7825489044189453, 0.4115633964538574, 0.35295557975769043 
516, -0.5770413875579834, 0.7981173992156982, 0.42374467849731445, 0.3595716953277588 
517, -0.5773180723190308, 0.7484655380249023, 0.3914310932159424, 0.34047436714172363 
518, -0.5776209831237793, 0.766190767288208, 0.4105069637298584, 0.34252429008483887 
519, -0.5761830806732178, 0.721390962600708, 0.3809506893157959, 0.3265726566314697 
520, -0.5748423337936401, 0.7629940509796143, 0.4053990840911865, 0.33011841773986816 
521, -0.5739378929138184, 0.7438545227050781, 0.39267635345458984, 0.33510494232177734 
522, -0.5723463892936707, 0.7661728858947754, 0.39371252059936523, 0.3564739227294922 
523, -0.5714989900588989, 0.7709071636199951, 0.3994405269622803, 0.35477662086486816 
524, -0.5710096955299377, 0.7988154888153076, 0.42939019203186035, 0.35384225845336914 
525, -0.5709313154220581, 0.7528605461120605, 0.39400696754455566, 0.33884119987487793 
526, -0.571151614189148, 0.7701315879821777, 0.406982421875, 0.34842801094055176 
527, -0.5716948509216309, 0.7327399253845215, 0.3885025978088379, 0.32752203941345215 
528, -0.5713879466056824, 0.7486567497253418, 0.3941006660461426, 0.34090423583984375 
529, -0.570465624332428, 0.7339076995849609, 0.37266969680786133, 0.3454124927520752 
530, -0.569900631904602, 0.7709879875183105, 0.3993346691131592, 0.35814833641052246 
531, -0.5696063041687012, 0.7477593421936035, 0.3821573257446289, 0.35051989555358887 
532, -0.5697304010391235, 0.8148541450500488, 0.4160280227661133, 0.3826148509979248 
533, -0.5697488784790039, 0.7769227027893066, 0.4001646041870117, 0.3577284812927246 
534, -0.5693255066871643, 0.7838375568389893, 0.3985257148742676, 0.3705286979675293 
535, -0.5693612098693848, 0.7476933002471924, 0.3969442844390869, 0.3346595764160156 
536, -0.5696060657501221, 0.7536604404449463, 0.39168834686279297, 0.34862852096557617 
537, -0.5700759291648865, 0.7357802391052246, 0.37615299224853516, 0.34305882453918457 
538, -0.570986270904541, 0.7717576026916504, 0.4029655456542969, 0.354933500289917 
539, -0.5717411637306213, 0.7277462482452393, 0.3650345802307129, 0.3477768898010254 
540, -0.5726950764656067, 0.7976386547088623, 0.40380048751831055, 0.3651430606842041 
541, -0.5724828243255615, 0.7733547687530518, 0.4003331661224365, 0.35511302947998047 
542, -0.5724027156829834, 0.8080315589904785, 0.4120783805847168, 0.3791651725769043 
543, -0.572045624256134, 0.7702536582946777, 0.4032559394836426, 0.3507702350616455 
544, -0.5722066164016724, 0.7364768981933594, 0.38434743881225586, 0.33820557594299316 
545, -0.5720503330230713, 0.7285330295562744, 0.3714444637298584, 0.3411426544189453 
546, -0.5718291997909546, 0.758134126663208, 0.39454102516174316, 0.3500828742980957 
547, -0.571313738822937, 0.7262415885925293, 0.38115358352661133, 0.3309452533721924 
548, -0.5709311962127686, 0.7404394149780273, 0.37702178955078125, 0.34865832328796387 
549, -0.5701841711997986, 0.7610642910003662, 0.3777658939361572, 0.36785459518432617 
550, -0.5701292753219604, 0.8000898361206055, 0.40453290939331055, 0.3807985782623291 
551, -0.570563793182373, 0.7660396099090576, 0.39751386642456055, 0.3518218994140625 
552, -0.572251558303833, 0.7557899951934814, 0.3983018398284912, 0.34396839141845703 
553, -0.5743446946144104, 0.7259683609008789, 0.3654170036315918, 0.34569382667541504 
554, -0.5766425132751465, 0.7637348175048828, 0.3832676410675049, 0.3546748161315918 
555, -0.5788227319717407, 0.7460331916809082, 0.39237022399902344, 0.33951234817504883 
556, -0.5807466506958008, 0.7460448741912842, 0.38555264472961426, 0.3445248603820801 
557, -0.5826677680015564, 0.7407963275909424, 0.38524532318115234, 0.33948326110839844 
558, -0.5848612189292908, 0.7791426181793213, 0.3999595642089844, 0.35912609100341797 
559, -0.587185263633728, 0.7673096656799316, 0.3998866081237793, 0.35144782066345215 
560, -0.5888265371322632, 0.7750256061553955, 0.4090709686279297, 0.35106658935546875 
561, -0.590137243270874, 0.7158269882202148, 0.3768482208251953, 0.32300853729248047 
562, -0.5913329124450684, 0.7457239627838135, 0.3913609981536865, 0.33864521980285645 
563, -0.5924567580223083, 0.6733546257019043, 0.329681396484375, 0.32993650436401367 
564, -0.593596339225769, 0.693408727645874, 0.3404390811920166, 0.33734798431396484 
565, -0.5943670272827148, 0.683438777923584, 0.3370366096496582, 0.32820987701416016 
566, -0.5958943367004395, 0.6966030597686768, 0.33756113052368164, 0.3418140411376953 
567, -0.5965586304664612, 0.7121372222900391, 0.35265564918518066, 0.3435084819793701 
568, -0.5972225666046143, 0.7102220058441162, 0.3482487201690674, 0.3449866771697998 
569, -0.5979933738708496, 0.697645902633667, 0.3439631462097168, 0.338529109954834 
570, -0.5984447598457336, 0.6958189010620117, 0.3449277877807617, 0.33480358123779297 
571, -0.5985202193260193, 0.6713016033172607, 0.33365464210510254, 0.32137489318847656 
572, -0.5980125665664673, 0.6666388511657715, 0.3225841522216797, 0.32857632637023926 
573, -0.5978397130966187, 0.7135825157165527, 0.35005807876586914, 0.34554195404052734 
574, -0.5976653099060059, 0.6779196262359619, 0.3276190757751465, 0.33130908012390137 
575, -0.5975365042686462, 0.6915028095245361, 0.335892915725708, 0.33956432342529297 
576, -0.5981003046035767, 0.7153720855712891, 0.36193203926086426, 0.33696866035461426 
577, -0.5989658832550049, 0.7307357788085938, 0.35755276679992676, 0.35651135444641113 
578, -0.5993584394454956, 0.7176992893218994, 0.3612174987792969, 0.33943653106689453 
579, -0.5999489426612854, 0.7128677368164062, 0.34763073921203613, 0.34914135932922363 
580, -0.6003502607345581, 0.6743779182434082, 0.3379204273223877, 0.32030725479125977 
581, -0.6009968519210815, 0.7076749801635742, 0.339585542678833, 0.335463285446167 
582, -0.6014207601547241, 0.6743118762969971, 0.33925747871398926, 0.32162928581237793 
583, -0.601754903793335, 0.6755890846252441, 0.3261756896972656, 0.3341560363769531 
584, -0.60167396068573, 0.6881067752838135, 0.3378109931945801, 0.3356058597564697 
585, -0.601749837398529, 0.6730599403381348, 0.3252444267272949, 0.3285214900970459 
586, -0.6019545793533325, 0.699434757232666, 0.3424570560455322, 0.3410012722015381 
587, -0.6019110679626465, 0.6707882881164551, 0.33047056198120117, 0.3224518299102783 
588, -0.6020041704177856, 0.6792325973510742, 0.32332873344421387, 0.3390014171600342 
589, -0.6018927693367004, 0.6800060272216797, 0.34066176414489746, 0.3235664367675781 
590, -0.6015241146087646, 0.6648426055908203, 0.3247959613800049, 0.32510876655578613 
591, -0.6008834838867188, 0.6597278118133545, 0.3259873390197754, 0.32003188133239746 
592, -0.5998300909996033, 0.6658222675323486, 0.318972110748291, 0.33214759826660156 
593, -0.5984237194061279, 0.6883962154388428, 0.33849382400512695, 0.33515000343322754 
594, -0.5975199937820435, 0.673109769821167, 0.32570314407348633, 0.33151745796203613 
595, -0.5975954532623291, 0.6872963905334473, 0.3281896114349365, 0.34126830101013184 
596, -0.5977563261985779, 0.6881613731384277, 0.3251943588256836, 0.3446004390716553 
597, -0.5980451107025146, 0.7440125942230225, 0.36081814765930176, 0.35194969177246094 
598, -0.5977082252502441, 0.699570894241333, 0.35198307037353516, 0.3316316604614258 
599, -0.5974900722503662, 0.6905364990234375, 0.336165189743042, 0.33836841583251953 
600, -0.5970710515975952, 0.6842992305755615, 0.34611964225769043, 0.3220677375793457 
601, -0.5961774587631226, 0.734813928604126, 0.3871755599975586, 0.331967830657959 
602, -0.5950237512588501, 0.7449872493743896, 0.4043748378753662, 0.3243374824523926 
603, -0.5940210223197937, 0.7484540939331055, 0.39867496490478516, 0.33609676361083984 
604, -0.5934635400772095, 0.7515482902526855, 0.40712690353393555, 0.32702040672302246 
605, -0.5933650135993958, 0.7869198322296143, 0.4130403995513916, 0.35790538787841797 
606, -0.5939561724662781, 0.7879717350006104, 0.42689061164855957, 0.345198392868042 
607, -0.5945005416870117, 0.7705392837524414, 0.41074585914611816, 0.34335947036743164 
608, -0.5944544076919556, 0.7497086524963379, 0.4106299877166748, 0.32402801513671875 
609, -0.5949017405509949, 0.7497234344482422, 0.3956477642059326, 0.3402900695800781 
610, -0.5951164960861206, 0.7421531677246094, 0.40041112899780273, 0.3276660442352295 
611, -0.5952508449554443, 0.7377195358276367, 0.38349127769470215, 0.33881568908691406 
612, -0.594487190246582, 0.7609174251556396, 0.39809107780456543, 0.34480834007263184 
613, -0.5942345857620239, 0.7746810913085938, 0.4026947021484375, 0.3540370464324951 
614, -0.5941290855407715, 0.7833964824676514, 0.4190528392791748, 0.34823036193847656 
615, -0.5943384170532227, 0.7958848476409912, 0.41322922706604004, 0.3662092685699463 
616, -0.5954391360282898, 0.7708852291107178, 0.4107952117919922, 0.34328532218933105 
617, -0.596606969833374, 0.7449498176574707, 0.38793301582336426, 0.34211158752441406 
618, -0.5975956916809082, 0.740546703338623, 0.39760255813598633, 0.3296244144439697 
619, -0.5983417630195618, 0.7474989891052246, 0.3922863006591797, 0.34015727043151855 
620, -0.5988993048667908, 0.739098310470581, 0.39632272720336914, 0.3288156986236572 
621, -0.5996490716934204, 0.7499127388000488, 0.38434720039367676, 0.34935927391052246 
622, -0.6003241539001465, 0.7625744342803955, 0.40615177154541016, 0.3416872024536133 
623, -0.6014703512191772, 0.8013784885406494, 0.4024074077606201, 0.36678123474121094 
624, -0.6017383337020874, 0.7664499282836914, 0.4168388843536377, 0.3349752426147461 
625, -0.6019163131713867, 0.7416672706604004, 0.40044355392456055, 0.32758283615112305 
626, -0.6018904447555542, 0.6535727977752686, 0.31978869438171387, 0.3195796012878418 
627, -0.6014097929000854, 0.6839983463287354, 0.32391810417175293, 0.3441965579986572 
628, -0.600654125213623, 0.707568883895874, 0.3501465320587158, 0.34282851219177246 
629, -0.6006234884262085, 0.6749780178070068, 0.33376336097717285, 0.32466650009155273 
630, -0.6000316143035889, 0.6878819465637207, 0.34256935119628906, 0.3313565254211426 
631, -0.599927544593811, 0.6954994201660156, 0.3417367935180664, 0.33777332305908203 
632, -0.5994033813476562, 0.7130212783813477, 0.3539698123931885, 0.3425767421722412 
633, -0.5991755723953247, 0.7144937515258789, 0.35330796241760254, 0.34512782096862793 
634, -0.5989970564842224, 0.7076449394226074, 0.3562941551208496, 0.33713483810424805 
635, -0.5992176532745361, 0.6715526580810547, 0.3277578353881836, 0.3237590789794922 
636, -0.5996290445327759, 0.6913702487945557, 0.34040260314941406, 0.3361356258392334 
637, -0.6002513766288757, 0.6716880798339844, 0.33358335494995117, 0.32278990745544434 
638, -0.6011017560958862, 0.7487707138061523, 0.3896753787994385, 0.3313126564025879 
639, -0.6026737689971924, 0.732464075088501, 0.38553762435913086, 0.33097243309020996 
640, -0.6039588451385498, 0.7587540149688721, 0.40453481674194336, 0.33860111236572266 
641, -0.6046704053878784, 0.7637519836425781, 0.4051978588104248, 0.3420703411102295 
642, -0.6051684617996216, 0.7821643352508545, 0.4100964069366455, 0.353057861328125 
643, -0.6049813032150269, 0.757326602935791, 0.41049814224243164, 0.33169031143188477 
644, -0.6044777035713196, 0.7546031475067139, 0.4044196605682373, 0.33452510833740234 
645, -0.6036101579666138, 0.7458086013793945, 0.39878344535827637, 0.3311741352081299 
646, -0.6029918789863586, 0.7476191520690918, 0.39395618438720703, 0.33765316009521484 
647, -0.6023634672164917, 0.7357602119445801, 0.39751195907592773, 0.3223729133605957 
648, -0.6015337705612183, 0.765932559967041, 0.40203142166137695, 0.3475821018218994 
649, -0.6004600524902344, 0.7520625591278076, 0.4052457809448242, 0.3309147357940674 
650, -0.5998656153678894, 0.7592513561248779, 0.4005429744720459, 0.34242677688598633 
651, -0.5995110273361206, 0.7456257343292236, 0.39275598526000977, 0.33751559257507324 
652, -0.5998741388320923, 0.7450697422027588, 0.3809323310852051, 0.3485286235809326 
653, -0.6003451347351074, 0.7458400726318359, 0.40211963653564453, 0.3281710147857666 
654, -0.6001865863800049, 0.7511389255523682, 0.39545559883117676, 0.34000182151794434 
655, -0.6003284454345703, 0.7410557270050049, 0.39713287353515625, 0.32991456985473633 
656, -0.6001787781715393, 0.7666327953338623, 0.3981173038482666, 0.3518979549407959 
657, -0.6007429361343384, 0.7615087032318115, 0.4090392589569092, 0.3364531993865967 
658, -0.6013962030410767, 0.7639503479003906, 0.3963816165924072, 0.35136866569519043 
659, -0.6025215983390808, 0.7716021537780762, 0.4098191261291504, 0.34528470039367676 
660, -0.6030853986740112, 0.7761154174804688, 0.4103515148162842, 0.3497309684753418 
661, -0.6038722991943359, 0.7551770210266113, 0.4110682010650635, 0.32865238189697266 
662, -0.6042048931121826, 0.7579395771026611, 0.3840775489807129, 0.3554818630218506 
663, -0.6047881841659546, 0.7329301834106445, 0.3888235092163086, 0.32808518409729004 
664, -0.605121374130249, 0.7547001838684082, 0.3958430290222168, 0.3430910110473633 
665, -0.6056711673736572, 0.7474050521850586, 0.4007906913757324, 0.33175134658813477 
666, -0.6065528392791748, 0.7581136226654053, 0.3935260772705078, 0.3467977046966553 
667, -0.6080495119094849, 0.7369167804718018, 0.4017372131347656, 0.3200979232788086 
668, -0.6096620559692383, 0.7466869354248047, 0.3903927803039551, 0.34089088439941406 
669, -0.6108802556991577, 0.7432599067687988, 0.3880033493041992, 0.34050846099853516 
670, -0.6124666929244995, 0.7437295913696289, 0.39546918869018555, 0.3337526321411133 
671, -0.6143425703048706, 0.7319426536560059, 0.39336419105529785, 0.32561349868774414 
672, -0.6159810423851013, 0.7347054481506348, 0.3825814723968506, 0.33733248710632324 
673, -0.6170545816421509, 0.7544236183166504, 0.40301990509033203, 0.33763718605041504 
674, -0.6178857088088989, 0.7395758628845215, 0.39059901237487793, 0.33348679542541504 
675, -0.6185995936393738, 0.7505371570587158, 0.39964723587036133, 0.3370554447174072 
676, -0.6191439628601074, 0.754544734954834, 0.3943061828613281, 0.3446011543273926 
677, -0.619512677192688, 0.748772382736206, 0.40271568298339844, 0.3303084373474121 
678, -0.6198444962501526, 0.7274234294891357, 0.389631986618042, 0.32228851318359375 
679, -0.6200041174888611, 0.7054266929626465, 0.3721437454223633, 0.3187847137451172 
680, -0.6203058958053589, 0.7170205116271973, 0.3723628520965576, 0.32880592346191406 
681, -0.6204355955123901, 0.7397956848144531, 0.3912925720214844, 0.33483433723449707 
682, -0.620934247970581, 0.7117321491241455, 0.375140905380249, 0.32147693634033203 
683, -0.6212925910949707, 0.7230846881866455, 0.3808140754699707, 0.3260180950164795 
684, -0.6212245225906372, 0.7139649391174316, 0.36612558364868164, 0.3320603370666504 
685, -0.6209800243377686, 0.7607779502868652, 0.401991605758667, 0.3431828022003174 
686, -0.6206479072570801, 0.7487478256225586, 0.39579248428344727, 0.33715176582336426 
687, -0.6198986768722534, 0.7398369312286377, 0.386127233505249, 0.336932897567749 
688, -0.6194990873336792, 0.7220673561096191, 0.37436366081237793, 0.3326456546783447 
689, -0.6191418170928955, 0.7535824775695801, 0.39572834968566895, 0.3426039218902588 
690, -0.6190378665924072, 0.7409312725067139, 0.3872957229614258, 0.3382289409637451 
691, -0.6191213130950928, 0.746941089630127, 0.39113903045654297, 0.340376615524292 
692, -0.6193873882293701, 0.7341635227203369, 0.39113759994506836, 0.3283989429473877 
693, -0.6199190616607666, 0.7374646663665771, 0.386521577835083, 0.334453821182251 
694, -0.620585560798645, 0.7501356601715088, 0.3929722309112549, 0.34119510650634766 
695, -0.6210116147994995, 0.7579982280731201, 0.4042227268218994, 0.3374340534210205 
696, -0.6210349798202515, 0.7281484603881836, 0.38750243186950684, 0.3255884647369385 
697, -0.6210706233978271, 0.7368838787078857, 0.380770206451416, 0.34037184715270996 
698, -0.6205158233642578, 0.740741491317749, 0.399874210357666, 0.32561302185058594 
699, -0.619682788848877, 0.729844331741333, 0.38127970695495605, 0.33286118507385254 
700, -0.6190390586853027, 0.7209384441375732, 0.37932515144348145, 0.32557034492492676 
701, -0.6186363697052002, 0.7400751113891602, 0.39330363273620605, 0.3323376178741455 
702, -0.6171829700469971, 0.7360188961029053, 0.39455080032348633, 0.3271181583404541 
703, -0.6147398948669434, 0.7483315467834473, 0.3940279483795166, 0.3387107849121094 
704, -0.6117852330207825, 0.7352335453033447, 0.38141512870788574, 0.33872056007385254 
705, -0.6094282865524292, 0.7425203323364258, 0.3912208080291748, 0.33621978759765625 
706, -0.6072298288345337, 0.7245309352874756, 0.37991976737976074, 0.3307158946990967 
707, -0.6060483455657959, 0.7362031936645508, 0.3775291442871094, 0.34334850311279297 
708, -0.60536789894104, 0.7497074604034424, 0.39792919158935547, 0.3364377021789551 
709, -0.6047171354293823, 0.7274661064147949, 0.37712717056274414, 0.3348877429962158 
710, -0.6042883396148682, 0.7338228225708008, 0.38942527770996094, 0.32909059524536133 
711, -0.6040717363357544, 0.7307512760162354, 0.3723273277282715, 0.34230780601501465 
712, -0.6033385992050171, 0.7663049697875977, 0.39902448654174805, 0.3512740135192871 
713, -0.6032321453094482, 0.757359504699707, 0.3973076343536377, 0.3446204662322998 
714, -0.6031479835510254, 0.7331876754760742, 0.384174108505249, 0.33551597595214844 
715, -0.6023448705673218, 0.7410421371459961, 0.37738752365112305, 0.3477039337158203 
716, -0.6021655797958374, 0.7696256637573242, 0.3995246887207031, 0.35571742057800293 
717, -0.6015621423721313, 0.738060474395752, 0.3884408473968506, 0.33348727226257324 
718, -0.6011070609092712, 0.7447969913482666, 0.3879227638244629, 0.3434004783630371 
719, -0.6005078554153442, 0.7399165630340576, 0.37762999534606934, 0.3449435234069824 
720, -0.6000003814697266, 0.7878143787384033, 0.40903162956237793, 0.3644084930419922 
721, -0.600014328956604, 0.7680318355560303, 0.401458740234375, 0.35008668899536133 
722, -0.6010000705718994, 0.7417914867401123, 0.3955261707305908, 0.33051276206970215 
723, -0.6023705005645752, 0.7255609035491943, 0.3780663013458252, 0.33156776428222656 
724, -0.6037819385528564, 0.7585046291351318, 0.38805460929870605, 0.3545353412628174 
725, -0.6053727865219116, 0.747114896774292, 0.4020099639892578, 0.32921862602233887 
726, -0.6066476106643677, 0.7488360404968262, 0.394223690032959, 0.33858251571655273 
727, -0.6070214509963989, 0.7564198970794678, 0.39441680908203125, 0.3454551696777344 
728, -0.6079093217849731, 0.7776825428009033, 0.39996981620788574, 0.3608064651489258 
729, -0.6085374355316162, 0.7807459831237793, 0.4067373275756836, 0.35736966133117676 
730, -0.6087145805358887, 0.7787744998931885, 0.3997836112976074, 0.3624413013458252 
731, -0.6102225184440613, 0.7656726837158203, 0.40845346450805664, 0.3423788547515869 
732, -0.6111094951629639, 0.7561509609222412, 0.397991418838501, 0.34230566024780273 
733, -0.6121537685394287, 0.7309377193450928, 0.3851020336151123, 0.3302292823791504 
734, -0.6128040552139282, 0.7448079586029053, 0.37906551361083984, 0.3501732349395752 
735, -0.6133511066436768, 0.7458288669586182, 0.39556407928466797, 0.3351137638092041 
736, -0.6143375635147095, 0.7445404529571533, 0.39200377464294434, 0.3359959125518799 
737, -0.6147788166999817, 0.7548530101776123, 0.399019718170166, 0.3399498462677002 
738, -0.6158664226531982, 0.7662105560302734, 0.38928937911987305, 0.3599991798400879 
739, -0.6170097589492798, 0.7562506198883057, 0.40857529640197754, 0.33196234703063965 
740, -0.6194101572036743, 0.7476003170013428, 0.38881850242614746, 0.34253454208374023 
741, -0.6211065053939819, 0.7475519180297852, 0.3959512710571289, 0.3370513916015625 
742, -0.622134804725647, 0.7558643817901611, 0.39339208602905273, 0.34685254096984863 
743, -0.6225900650024414, 0.7415866851806641, 0.39932823181152344, 0.32673048973083496 
744, -0.6230185627937317, 0.7377529144287109, 0.3892059326171875, 0.3327600955963135 
745, -0.6232712268829346, 0.7477822303771973, 0.39079761505126953, 0.3411836624145508 
746, -0.6232888698577881, 0.7822175025939941, 0.4086294174194336, 0.3571155071258545 
747, -0.6228516101837158, 0.7566792964935303, 0.40987467765808105, 0.32993173599243164 
748, -0.6228470802307129, 0.7299776077270508, 0.3805539608001709, 0.33393406867980957 
749, -0.6235644221305847, 0.73641037940979, 0.38841676712036133, 0.3312504291534424 
750, -0.6238577961921692, 0.7443621158599854, 0.3998994827270508, 0.33036088943481445 
751, -0.6237181425094604, 0.7288153171539307, 0.39366769790649414, 0.32172584533691406 
752, -0.6244338750839233, 0.7452223300933838, 0.3917701244354248, 0.33817505836486816 
753, -0.6253010034561157, 0.7440590858459473, 0.3994266986846924, 0.33083486557006836 
754, -0.6251465082168579, 0.7599513530731201, 0.401294469833374, 0.3428075313568115 
755, -0.6248639822006226, 0.7536768913269043, 0.40446043014526367, 0.3346579074859619 
756, -0.6245303153991699, 0.761887788772583, 0.3979473114013672, 0.3480556011199951 
757, -0.6244019269943237, 0.7574472427368164, 0.4045546054840088, 0.3383305072784424 
758, -0.6239200830459595, 0.752432107925415, 0.3887345790863037, 0.3482532501220703 
759, -0.6233773231506348, 0.7524011135101318, 0.39679980278015137, 0.3415365219116211 
760, -0.6234297752380371, 0.7510039806365967, 0.39174675941467285, 0.3430945873260498 
761, -0.6237488389015198, 0.7454712390899658, 0.39772939682006836, 0.33458495140075684 
762, -0.6247410774230957, 0.7454197406768799, 0.3824150562286377, 0.3473246097564697 
763, -0.6259737014770508, 0.7779607772827148, 0.41433024406433105, 0.3485715389251709 
764, -0.6270756721496582, 0.7509152889251709, 0.3945128917694092, 0.34004878997802734 
765, -0.6273667812347412, 0.7541229724884033, 0.3938744068145752, 0.34558963775634766 
766, -0.6279904842376709, 0.7543802261352539, 0.4002351760864258, 0.33867478370666504 
767, -0.6283364295959473, 0.7462882995605469, 0.3986935615539551, 0.3324301242828369 
768, -0.6289476752281189, 0.7504467964172363, 0.3922312259674072, 0.3426547050476074 
769, -0.6291741132736206, 0.7474730014801025, 0.39957141876220703, 0.33386874198913574 
770, -0.630172610282898, 0.7474198341369629, 0.39174461364746094, 0.3403317928314209 
771, -0.6313663721084595, 0.7664258480072021, 0.40271973609924316, 0.3495049476623535 
772, -0.632527232170105, 0.8093290328979492, 0.40679359436035156, 0.37032294273376465 
773, -0.6332496404647827, 0.7817413806915283, 0.4217209815979004, 0.3457496166229248 
774, -0.6338181495666504, 0.7785120010375977, 0.4107022285461426, 0.3520388603210449 
775, -0.6350046992301941, 0.7516860961914062, 0.4106125831604004, 0.32736706733703613 
776, -0.6357316970825195, 0.7406673431396484, 0.38039183616638184, 0.3452310562133789 
777, -0.6368909478187561, 0.7394931316375732, 0.40007996559143066, 0.32482194900512695 
778, -0.638163685798645, 0.7349486351013184, 0.3834211826324463, 0.3365345001220703 
779, -0.6395490169525146, 0.7388675212860107, 0.3819868564605713, 0.3417351245880127 
780, -0.6405321359634399, 0.7640514373779297, 0.3867075443267822, 0.3612813949584961 
781, -0.6412463188171387, 0.7722985744476318, 0.4187650680541992, 0.3388791084289551 
782, -0.6421428322792053, 0.7430274486541748, 0.38416433334350586, 0.34279561042785645 
783, -0.642745852470398, 0.7530956268310547, 0.39448022842407227, 0.34328532218933105 
784, -0.6430903673171997, 0.7470359802246094, 0.38649487495422363, 0.34491729736328125 
785, -0.6435796022415161, 0.7544865608215332, 0.39992332458496094, 0.3392629623413086 
786, -0.644381582736969, 0.728083610534668, 0.38156795501708984, 0.3317286968231201 
787, -0.645525336265564, 0.7415316104888916, 0.38173890113830566, 0.34435367584228516 
788, -0.6463409662246704, 0.7409980297088623, 0.38562512397766113, 0.3397552967071533 
789, -0.6467169523239136, 0.7069218158721924, 0.3449070453643799, 0.3470573425292969 
790, -0.6470295190811157, 0.7033553123474121, 0.33744382858276367, 0.3499569892883301 
791, -0.6472203731536865, 0.7099831104278564, 0.34890222549438477, 0.3450784683227539 
792, -0.6474478840827942, 0.6735844612121582, 0.3265676498413086, 0.33219051361083984 
793, -0.6474382877349854, 0.6823012828826904, 0.3227663040161133, 0.3428943157196045 
794, -0.6471154689788818, 0.6869444847106934, 0.34163475036621094, 0.3299431800842285 
795, -0.6464846134185791, 0.6901509761810303, 0.33804869651794434, 0.3364298343658447 
796, -0.6460317373275757, 0.6721193790435791, 0.34098052978515625, 0.3164515495300293 
797, -0.6449223756790161, 0.686316728591919, 0.3383462429046631, 0.3321716785430908 
798, -0.644042432308197, 0.6997225284576416, 0.34545040130615234, 0.339221715927124 
799, -0.6433429718017578, 0.6960742473602295, 0.33565258979797363, 0.34465718269348145 
800, -0.642693817615509, 0.7046442031860352, 0.3494892120361328, 0.3403306007385254 
801, -0.6415302753448486, 0.6756136417388916, 0.32794642448425293, 0.33289480209350586 
802, -0.6406909227371216, 0.6961808204650879, 0.3381319046020508, 0.34236645698547363 
803, -0.6405152082443237, 0.6728968620300293, 0.33172082901000977, 0.3258521556854248 
804, -0.6398258805274963, 0.6745750904083252, 0.32714271545410156, 0.331923246383667 
805, -0.6393517255783081, 0.6672732830047607, 0.3272106647491455, 0.32448744773864746 
806, -0.6387835741043091, 0.6880984306335449, 0.33652186393737793, 0.3352184295654297 
807, -0.6377905607223511, 0.6941568851470947, 0.35219717025756836, 0.32752561569213867 
808, -0.6370384097099304, 0.7011559009552002, 0.3354947566986084, 0.34980010986328125 
809, -0.6360796689987183, 0.7656655311584473, 0.4090902805328369, 0.3416290283203125 
810, -0.6349657773971558, 0.7544658184051514, 0.40279388427734375, 0.33562374114990234 
811, -0.6340339183807373, 0.7430648803710938, 0.4008054733276367, 0.32820630073547363 
812, -0.6331600546836853, 0.7318589687347412, 0.38011717796325684, 0.33699655532836914 
813, -0.6319632530212402, 0.7472169399261475, 0.3968644142150879, 0.33608436584472656 
814, -0.6307083964347839, 0.7664942741394043, 0.3854241371154785, 0.3512694835662842 
815, -0.6295980215072632, 0.7488837242126465, 0.39858031272888184, 0.33385491371154785 
816, -0.6287685632705688, 0.7721829414367676, 0.3992283344268799, 0.35726308822631836 
817, -0.6284656524658203, 0.782402753829956, 0.41697096824645996, 0.3505134582519531 
818, -0.6280307769775391, 0.76419997215271, 0.39910054206848145, 0.3492398262023926 
819, -0.6276496648788452, 0.7652578353881836, 0.40932488441467285, 0.3417978286743164 
820, -0.6276981830596924, 0.7411572933197021, 0.3916046619415283, 0.33181214332580566 
821, -0.6275051832199097, 0.7329003810882568, 0.3934941291809082, 0.32575559616088867 
822, -0.6274095773696899, 0.7262375354766846, 0.3865950107574463, 0.324007511138916 
823, -0.6273974776268005, 0.7300136089324951, 0.38686537742614746, 0.3286566734313965 
824, -0.6275599002838135, 0.6888279914855957, 0.3310506343841553, 0.3421061038970947 
825, -0.6276901960372925, 0.7254467010498047, 0.35111522674560547, 0.36022067070007324 
826, -0.627993643283844, 0.7011079788208008, 0.3452601432800293, 0.33954811096191406 
827, -0.6282709836959839, 0.7046153545379639, 0.34154582023620605, 0.34684038162231445 
828, -0.628846287727356, 0.6842644214630127, 0.3268895149230957, 0.34284281730651855 
829, -0.6293941736221313, 0.6868185997009277, 0.3284792900085449, 0.34213900566101074 
830, -0.6298134326934814, 0.6709063053131104, 0.336688756942749, 0.3187723159790039 
831, -0.6303101778030396, 0.6660032272338867, 0.325650691986084, 0.32428431510925293 
832, -0.6302356719970703, 0.6740238666534424, 0.33316898345947266, 0.3267502784729004 
833, -0.6295745372772217, 0.6783041954040527, 0.3369624614715576, 0.32600975036621094 
834, -0.6284388303756714, 0.6919457912445068, 0.33980870246887207, 0.3358120918273926 
835, -0.6274586915969849, 0.6896347999572754, 0.3247566223144531, 0.34696149826049805 
836, -0.6259466409683228, 0.7139794826507568, 0.3423480987548828, 0.35703229904174805 
837, -0.6237008571624756, 0.6879091262817383, 0.3235898017883301, 0.34764719009399414 
838, -0.6224831342697144, 0.6838786602020264, 0.3254103660583496, 0.34182262420654297 
839, -0.6208462715148926, 0.6647639274597168, 0.3241453170776367, 0.3263976573944092 
840, -0.6206198930740356, 0.6698746681213379, 0.3201026916503906, 0.3342752456665039 
841, -0.6195589303970337, 0.6513028144836426, 0.3292856216430664, 0.30525755882263184 
842, -0.6178150773048401, 0.6505670547485352, 0.3151431083679199, 0.3197169303894043 
843, -0.6177585124969482, 0.6609716415405273, 0.31063079833984375, 0.33447837829589844 
844, -0.6188808083534241, 0.6771790981292725, 0.32387399673461914, 0.3371608257293701 
845, -0.6207324266433716, 0.6940810680389404, 0.32901740074157715, 0.34758901596069336 
846, -0.6212129592895508, 0.6799490451812744, 0.3080897331237793, 0.35503268241882324 
847, -0.6215454339981079, 0.7016072273254395, 0.334775447845459, 0.3500819206237793 
848, -0.6215319633483887, 0.6852831840515137, 0.3406550884246826, 0.32839512825012207 
849, -0.6205737590789795, 0.6911022663116455, 0.33596158027648926, 0.33975768089294434 
850, -0.6182078719139099, 0.7389414310455322, 0.39225125312805176, 0.33250880241394043 
851, -0.6137353181838989, 0.7436606884002686, 0.3904128074645996, 0.3376142978668213 
852, -0.6073858141899109, 0.7503197193145752, 0.3989279270172119, 0.33530640602111816 
853, -0.6002657413482666, 0.7715146541595459, 0.4016568660736084, 0.3531162738800049 
854, -0.592840313911438, 0.7640788555145264, 0.40677332878112793, 0.3407580852508545 
855, -0.5865495204925537, 0.7865898609161377, 0.3988838195800781, 0.3703181743621826 
856, -0.581893801689148, 0.772071123123169, 0.41240572929382324, 0.34429049491882324 
857, -0.5773951411247253, 0.8377108573913574, 0.394026517868042, 0.349928617477417 
858, -0.5745291709899902, 0.7532925605773926, 0.39585089683532715, 0.34261441230773926 
859, -0.5741335153579712, 0.7568516731262207, 0.3930187225341797, 0.3479275703430176 
860, -0.5742986798286438, 0.7381885051727295, 0.39637184143066406, 0.3257179260253906 
861, -0.5753381252288818, 0.7567329406738281, 0.3849658966064453, 0.3542296886444092 
862, -0.5778151750564575, 0.775376558303833, 0.4021902084350586, 0.3567993640899658 
863, -0.5811816453933716, 0.7871854305267334, 0.4127483367919922, 0.35723423957824707 
864, -0.585795521736145, 0.771693229675293, 0.4103062152862549, 0.3454437255859375 
865, -0.590148389339447, 0.7543749809265137, 0.38895177841186523, 0.34902143478393555 
866, -0.5937570333480835, 0.7467195987701416, 0.39459681510925293, 0.33721232414245605 
867, -0.5971196889877319, 0.750307559967041, 0.39786291122436523, 0.3370182514190674 
868, -0.6013016700744629, 0.7364077568054199, 0.3872537612915039, 0.3333730697631836 
869, -0.6066718101501465, 0.7502210140228271, 0.38407278060913086, 0.35015130043029785 
870, -0.6118592023849487, 0.7682280540466309, 0.4025537967681885, 0.3498678207397461 
871, -0.6163787841796875, 0.7910478115081787, 0.4182407855987549, 0.356121301651001 
872, -0.6199829578399658, 0.7706794738769531, 0.40543317794799805, 0.34943199157714844 
873, -0.6234586238861084, 0.7734746932983398, 0.4002504348754883, 0.3569943904876709 
874, -0.6266382932662964, 0.7418999671936035, 0.39646315574645996, 0.33005380630493164 
875, -0.6298291087150574, 0.7275416851043701, 0.38207149505615234, 0.3299710750579834 
876, -0.6323785781860352, 0.7211062908172607, 0.37578845024108887, 0.3294069766998291 
877, -0.634184718132019, 0.7390048503875732, 0.3874788284301758, 0.33521032333374023 
878, -0.6360293030738831, 0.689645528793335, 0.3430769443511963, 0.3309299945831299 
879, -0.6371289491653442, 0.6942861080169678, 0.3398401737213135, 0.33920741081237793 
880, -0.6377180814743042, 0.6913154125213623, 0.3385462760925293, 0.3381321430206299 
881, -0.637473464012146, 0.7062695026397705, 0.34082627296447754, 0.34871745109558105 
882, -0.6378488540649414, 0.6939873695373535, 0.33435750007629395, 0.3443140983581543 
883, -0.638030469417572, 0.6743667125701904, 0.3247714042663574, 0.3339502811431885 
884, -0.6378331780433655, 0.66961669921875, 0.3188598155975342, 0.3356010913848877 
885, -0.6373530030250549, 0.6423096656799316, 0.29692649841308594, 0.33045268058776855 
886, -0.6381201148033142, 0.6633458137512207, 0.3225982189178467, 0.3255012035369873 
887, -0.639948844909668, 0.6472454071044922, 0.31462574005126953, 0.31749963760375977 
888, -0.6415389776229858, 0.6852796077728271, 0.3285343647003174, 0.3402376174926758 
889, -0.6425036191940308, 0.7016901969909668, 0.34657716751098633, 0.340653657913208 
890, -0.6427749395370483, 0.7350635528564453, 0.3582286834716797, 0.3596673011779785 
891, -0.642977237701416, 0.723050594329834, 0.3637363910675049, 0.3436458110809326 
892, -0.6426131129264832, 0.7557296752929688, 0.39761829376220703, 0.3415210247039795 
893, -0.6420528292655945, 0.7338550090789795, 0.39762020111083984, 0.3217785358428955 
894, -0.6410554647445679, 0.7320561408996582, 0.38129568099975586, 0.33556675910949707 
895, -0.6396422386169434, 0.7464468479156494, 0.3903324604034424, 0.3409152030944824 
896, -0.637981653213501, 0.7530136108398438, 0.3859117031097412, 0.35025453567504883 
897, -0.636113703250885, 0.7766344547271729, 0.4097254276275635, 0.3525819778442383 
898, -0.6344512701034546, 0.810795783996582, 0.4047107696533203, 0.3626854419708252 
899, -0.6325021982192993, 0.7753353118896484, 0.41735172271728516, 0.3421969413757324 
900, -0.6310875415802002, 0.7635021209716797, 0.39705371856689453, 0.34967851638793945 
901, -0.630469024181366, 0.7507326602935791, 0.4098551273345947, 0.32761096954345703 
902, -0.6300368309020996, 0.7492718696594238, 0.39247775077819824, 0.3412284851074219 
903, -0.629365086555481, 0.7380509376525879, 0.396557092666626, 0.32810115814208984 
904, -0.6296536922454834, 0.7261314392089844, 0.3806300163269043, 0.33071327209472656 
905, -0.630021333694458, 0.7596151828765869, 0.3909327983856201, 0.35161519050598145 
906, -0.6296331882476807, 0.7666149139404297, 0.40068578720092773, 0.3502514362335205 
907, -0.6297311782836914, 0.7803373336791992, 0.4171488285064697, 0.34841346740722656 
908, -0.6306005716323853, 0.7681937217712402, 0.39355897903442383, 0.35788464546203613 
909, -0.6315867304801941, 0.7717435359954834, 0.40831851959228516, 0.3487739562988281 
910, -0.6331654787063599, 0.7548799514770508, 0.3973073959350586, 0.3425140380859375 
911, -0.6342112421989441, 0.7485008239746094, 0.40085577964782715, 0.33350133895874023 
912, -0.6352642178535461, 0.728111982345581, 0.37408018112182617, 0.33922505378723145 
913, -0.6362606287002563, 0.7472660541534424, 0.38988161087036133, 0.34376072883605957 
914, -0.6368452906608582, 0.7438855171203613, 0.3883845806121826, 0.3400390148162842 
915, -0.6375938653945923, 0.7670831680297852, 0.3976888656616211, 0.35385823249816895 
916, -0.6377028226852417, 0.7884829044342041, 0.40526700019836426, 0.3668079376220703 
917, -0.6378624439239502, 0.7841846942901611, 0.41627025604248047, 0.3528323173522949 
918, -0.6379339098930359, 0.7568225860595703, 0.39281797409057617, 0.3484642505645752 
919, -0.6378674507141113, 0.7489442825317383, 0.3939664363861084, 0.3400893211364746 
920, -0.63877272605896, 0.7354831695556641, 0.38750267028808594, 0.3316962718963623 
921, -0.6402708888053894, 0.7414271831512451, 0.39543986320495605, 0.33008885383605957 
922, -0.6417845487594604, 0.7291209697723389, 0.37154626846313477, 0.34108877182006836 
923, -0.6430898904800415, 0.7663283348083496, 0.40404510498046875, 0.3469533920288086 
924, -0.6446744799613953, 0.7478940486907959, 0.3895547389984131, 0.3414897918701172 
925, -0.6466562151908875, 0.77341628074646, 0.3992154598236084, 0.3580193519592285 
926, -0.6482614874839783, 0.7630195617675781, 0.40569353103637695, 0.3416571617126465 
927, -0.6497436761856079, 0.7532410621643066, 0.4072074890136719, 0.3309345245361328 
928, -0.6510049104690552, 0.7173218727111816, 0.374711275100708, 0.32682156562805176 
929, -0.6518223285675049, 0.7331640720367432, 0.37918686866760254, 0.3404676914215088 
930, -0.6521535515785217, 0.7320406436920166, 0.3823552131652832, 0.3351316452026367 
931, -0.6528052687644958, 0.7474935054779053, 0.39631009101867676, 0.33631229400634766 
932, -0.6533937454223633, 0.7206027507781982, 0.36645078659057617, 0.3378889560699463 
933, -0.654299795627594, 0.7718939781188965, 0.39207887649536133, 0.36259007453918457 
934, -0.6552847623825073, 0.7778804302215576, 0.4028584957122803, 0.3581538200378418 
935, -0.6560803651809692, 0.7596087455749512, 0.3914945125579834, 0.3508472442626953 
936, -0.6566357612609863, 0.7410759925842285, 0.3914813995361328, 0.3328578472137451 
937, -0.6574400663375854, 0.7345073223114014, 0.38091063499450684, 0.33800554275512695 
938, -0.6581317186355591, 0.7246847152709961, 0.3709874153137207, 0.33713555335998535 
939, -0.6584354639053345, 0.692298412322998, 0.3397228717803955, 0.3367936611175537 
940, -0.6585391759872437, 0.6803240776062012, 0.32877373695373535, 0.3235611915588379 
941, -0.6587433815002441, 0.6932334899902344, 0.33882737159729004, 0.3390159606933594 
942, -0.6591050624847412, 0.6972110271453857, 0.34491491317749023, 0.33592772483825684 
943, -0.6592650413513184, 0.726719856262207, 0.3569986820220947, 0.354109525680542 
944, -0.6594878435134888, 0.701915979385376, 0.3554646968841553, 0.3314173221588135 
945, -0.6601334810256958, 0.6819508075714111, 0.3310275077819824, 0.33464741706848145 
946, -0.6624144911766052, 0.6955761909484863, 0.3451418876647949, 0.33554863929748535 
947, -0.6640429496765137, 0.6697533130645752, 0.32955098152160645, 0.32454371452331543 
948, -0.6650221347808838, 0.6748561859130859, 0.326261043548584, 0.33301329612731934 
949, -0.6656718254089355, 0.6774899959564209, 0.32665562629699707, 0.3347651958465576 
950, -0.6658778190612793, 0.7651529312133789, 0.39667272567749023, 0.3518507480621338 
951, -0.6661466360092163, 0.7410933971405029, 0.3875157833099365, 0.3382682800292969 
952, -0.6660995483398438, 0.7734127044677734, 0.3920102119445801, 0.3643784523010254 
953, -0.6659281253814697, 0.7627260684967041, 0.4056241512298584, 0.34061598777770996 
954, -0.6658596396446228, 0.7546648979187012, 0.3953983783721924, 0.34230637550354004 
955, -0.6660617589950562, 0.7149627208709717, 0.3758711814880371, 0.32334041595458984 
956, -0.6663514375686646, 0.736480712890625, 0.381852388381958, 0.33898234367370605 
957, -0.6667251586914062, 0.730004072189331, 0.38274359703063965, 0.3321661949157715 
958, -0.6673508882522583, 0.7475075721740723, 0.3916306495666504, 0.34026360511779785 
959, -0.6680845022201538, 0.7390258312225342, 0.38486433029174805, 0.33840131759643555 
960, -0.6685025691986084, 0.753185510635376, 0.39620065689086914, 0.34217238426208496 
961, -0.6689581871032715, 0.7656135559082031, 0.3993391990661621, 0.3508875370025635 
962, -0.6691566705703735, 0.7431561946868896, 0.39827799797058105, 0.32983827590942383 
963, -0.6688895225524902, 0.7263569831848145, 0.37589120864868164, 0.3370232582092285 
964, -0.668273389339447, 0.7158098220825195, 0.3686985969543457, 0.33176660537719727 
965, -0.667170524597168, 0.7373130321502686, 0.3883392810821533, 0.3352782726287842 
966, -0.6661301255226135, 0.7183618545532227, 0.3720571994781494, 0.33290553092956543 
967, -0.6657428741455078, 0.713341474533081, 0.37876152992248535, 0.32129573822021484 
968, -0.6654144525527954, 0.6965670585632324, 0.365339994430542, 0.31658506393432617 
969, -0.6647512912750244, 0.7159228324890137, 0.3685171604156494, 0.33217835426330566 
970, -0.6631873846054077, 0.7482204437255859, 0.38066720962524414, 0.35276126861572266 
971, -0.6617605090141296, 0.7186925411224365, 0.3793673515319824, 0.3252096176147461 
972, -0.660947859287262, 0.7101345062255859, 0.37276315689086914, 0.3228437900543213 
973, -0.6608661413192749, 0.7004611492156982, 0.3578939437866211, 0.3289215564727783 
974, -0.6613539457321167, 0.6894495487213135, 0.3590359687805176, 0.31737637519836426 
975, -0.6623132824897766, 0.6973814964294434, 0.3614463806152344, 0.3215048313140869 
976, -0.662860631942749, 0.7077016830444336, 0.3671131134033203, 0.3268239498138428 
977, -0.662968635559082, 0.7061913013458252, 0.3724548816680908, 0.3191673755645752 
978, -0.6628379225730896, 0.731450080871582, 0.37214231491088867, 0.34449100494384766 
979, -0.6633486747741699, 0.7479047775268555, 0.39809727668762207, 0.33415675163269043 
980, -0.6638065576553345, 0.7160043716430664, 0.37013888359069824, 0.3303182125091553 
981, -0.6639714241027832, 0.7249579429626465, 0.37499403953552246, 0.3364582061767578 
982, -0.6642026901245117, 0.7096383571624756, 0.3721284866333008, 0.32370734214782715 
983, -0.6655974388122559, 0.7303643226623535, 0.36591625213623047, 0.32345008850097656 
984, -0.6671508550643921, 0.7264320850372314, 0.3571958541870117, 0.33809900283813477 
985, -0.6689693927764893, 0.7201132774353027, 0.37407994270324707, 0.33147478103637695 
986, -0.670866847038269, 0.7171614170074463, 0.3735342025756836, 0.32886290550231934 
987, -0.6728355884552002, 0.7405002117156982, 0.37528252601623535, 0.35108017921447754 
988, -0.6745797395706177, 0.7279834747314453, 0.3804962635040283, 0.3328413963317871 
989, -0.6759485006332397, 0.7046322822570801, 0.3671846389770508, 0.32240915298461914 
990, -0.6769734621047974, 0.6916356086730957, 0.36562585830688477, 0.3111441135406494 
991, -0.6783303022384644, 0.6892316341400146, 0.36375880241394043, 0.311614990234375 
992, -0.6792041659355164, 0.7120013236999512, 0.36955928802490234, 0.3268718719482422 
993, -0.6791179776191711, 0.6986711025238037, 0.36887407302856445, 0.31548428535461426 
994, -0.6788433790206909, 0.6909327507019043, 0.36681103706359863, 0.3106522560119629 
995, -0.6784704923629761, 0.7063436508178711, 0.3595108985900879, 0.33239078521728516 
996, -0.6780447959899902, 0.7324261665344238, 0.3756890296936035, 0.3406250476837158 
997, -0.6773788332939148, 0.7001948356628418, 0.3366711139678955, 0.3448219299316406 
998, -0.6763595342636108, 0.6568388938903809, 0.3259878158569336, 0.3164496421813965 
999, -0.675179660320282, 0.6471998691558838, 0.3086214065551758, 0.3250563144683838 
