Iteration, loss, time 
0, 1.4550848007202148, 0.608083963394165, 0.32561397552490234, 0.26700687408447266 
1, 1.4121787548065186, 0.5555799007415771, 0.2736196517944336, 0.26781129837036133 
2, 1.370295763015747, 0.5400445461273193, 0.26488518714904785, 0.2631523609161377 
3, 1.3294755220413208, 0.540673017501831, 0.26526975631713867, 0.2630164623260498 
4, 1.2897474765777588, 0.5425302982330322, 0.2654275894165039, 0.2650330066680908 
5, 1.2511427402496338, 0.545121431350708, 0.2636444568634033, 0.26935529708862305 
6, 1.2136837244033813, 0.5413780212402344, 0.26305150985717773, 0.26604461669921875 
7, 1.1773933172225952, 0.543773889541626, 0.26378726959228516, 0.2677316665649414 
8, 1.1422874927520752, 0.5407931804656982, 0.26445674896240234, 0.26433467864990234 
9, 1.1083799600601196, 0.5375754833221436, 0.2630026340484619, 0.26267123222351074 
10, 1.075676679611206, 0.5331590175628662, 0.26005005836486816, 0.2608463764190674 
11, 1.0441831350326538, 0.5414996147155762, 0.2646031379699707, 0.2639739513397217 
12, 1.0138976573944092, 0.5456526279449463, 0.2660219669342041, 0.26772165298461914 
13, 0.9848172068595886, 0.5430037975311279, 0.26559019088745117, 0.26473426818847656 
14, 0.9569324851036072, 0.5432634353637695, 0.265408992767334, 0.2659592628479004 
15, 0.9302304983139038, 0.5453779697418213, 0.2645556926727295, 0.2695620059967041 
16, 0.9046951532363892, 0.5447292327880859, 0.26633548736572266, 0.2657816410064697 
17, 0.8803068399429321, 0.5452358722686768, 0.2639808654785156, 0.26799869537353516 
18, 0.8570431470870972, 0.5453381538391113, 0.26590776443481445, 0.2669708728790283 
19, 0.8348793983459473, 0.5465083122253418, 0.2670881748199463, 0.2663848400115967 
20, 0.8137874603271484, 0.5427308082580566, 0.26521778106689453, 0.264782190322876 
21, 0.7937365770339966, 0.5433909893035889, 0.2659633159637451, 0.2648024559020996 
22, 0.7746959924697876, 0.5456922054290771, 0.26512575149536133, 0.26797986030578613 
23, 0.7566328048706055, 0.5542418956756592, 0.268585205078125, 0.2729909420013428 
24, 0.7395098805427551, 0.5438218116760254, 0.26656317710876465, 0.264559268951416 
25, 0.7232939004898071, 0.5429928302764893, 0.26600027084350586, 0.26416754722595215 
26, 0.707779049873352, 0.5456998348236084, 0.26798057556152344, 0.26610827445983887 
27, 0.6931024789810181, 0.5406947135925293, 0.26281070709228516, 0.2659914493560791 
28, 0.6792523860931396, 0.545072078704834, 0.26320743560791016, 0.26957249641418457 
29, 0.6661922931671143, 0.5418639183044434, 0.2631232738494873, 0.26648449897766113 
30, 0.6538852453231812, 0.5414221286773682, 0.26308536529541016, 0.266054630279541 
31, 0.6422940492630005, 0.5411436557769775, 0.2614157199859619, 0.2673022747039795 
32, 0.6313832998275757, 0.5436832904815674, 0.26456689834594727, 0.2670419216156006 
33, 0.6203098893165588, 0.5453991889953613, 0.26384902000427246, 0.2693214416503906 
34, 0.6091805696487427, 0.5466463565826416, 0.26526379585266113, 0.2690725326538086 
35, 0.5986870527267456, 0.549717903137207, 0.26494932174682617, 0.27146291732788086 
36, 0.588748574256897, 0.546823263168335, 0.2635622024536133, 0.2709505558013916 
37, 0.5793470740318298, 0.554987907409668, 0.2669966220855713, 0.27544236183166504 
38, 0.5704575777053833, 0.5468287467956543, 0.2648353576660156, 0.2690732479095459 
39, 0.561855137348175, 0.5480570793151855, 0.26551103591918945, 0.26987624168395996 
40, 0.5535777807235718, 0.5495905876159668, 0.2653977870941162, 0.272050142288208 
41, 0.54574054479599, 0.5541267395019531, 0.2666177749633789, 0.2753016948699951 
42, 0.5383204221725464, 0.5464904308319092, 0.26377367973327637, 0.2702803611755371 
43, 0.531294584274292, 0.5501630306243896, 0.2670145034790039, 0.27069592475891113 
44, 0.524645209312439, 0.5527021884918213, 0.2657203674316406, 0.2746572494506836 
45, 0.5183514952659607, 0.556002140045166, 0.2667684555053711, 0.2763803005218506 
46, 0.5123953819274902, 0.5564653873443604, 0.2666785717010498, 0.2766108512878418 
47, 0.5067601799964905, 0.5483355522155762, 0.2651193141937256, 0.27083253860473633 
48, 0.501429557800293, 0.5520727634429932, 0.2646057605743408, 0.2747080326080322 
49, 0.4963873326778412, 0.5600051879882812, 0.26926493644714355, 0.2780308723449707 
50, 0.4916191101074219, 0.5641753673553467, 0.271404504776001, 0.28009557723999023 
51, 0.4852991998195648, 0.5531582832336426, 0.26689791679382324, 0.2738058567047119 
52, 0.4788074791431427, 0.5504441261291504, 0.265521764755249, 0.2732386589050293 
53, 0.47276443243026733, 0.5482068061828613, 0.2643249034881592, 0.2718958854675293 
54, 0.46731093525886536, 0.5560173988342285, 0.2633500099182129, 0.280820369720459 
55, 0.4620886445045471, 0.5611224174499512, 0.2707400321960449, 0.27710914611816406 
56, 0.45709049701690674, 0.5488688945770264, 0.2675182819366455, 0.26944541931152344 
57, 0.4523070454597473, 0.5495398044586182, 0.2657179832458496, 0.271956205368042 
58, 0.4477311968803406, 0.5481839179992676, 0.26322484016418457, 0.2718672752380371 
59, 0.4433556795120239, 0.5482645034790039, 0.2634556293487549, 0.2727944850921631 
60, 0.43917304277420044, 0.555504560470581, 0.2700228691101074, 0.2729613780975342 
61, 0.4351765513420105, 0.5547401905059814, 0.26487135887145996, 0.2769761085510254 
62, 0.43135887384414673, 0.557772159576416, 0.26618027687072754, 0.2789316177368164 
63, 0.42754632234573364, 0.5530211925506592, 0.2673065662384033, 0.27306413650512695 
64, 0.4232625365257263, 0.5519793033599854, 0.2680938243865967, 0.2719593048095703 
65, 0.4186978340148926, 0.5554025173187256, 0.2669405937194824, 0.27568745613098145 
66, 0.4138988256454468, 0.5559706687927246, 0.267749547958374, 0.27550315856933594 
67, 0.40927934646606445, 0.5617251396179199, 0.2665565013885498, 0.2823760509490967 
68, 0.40478256344795227, 0.5621161460876465, 0.26883506774902344, 0.28043103218078613 
69, 0.40049076080322266, 0.557741641998291, 0.2668299674987793, 0.27806878089904785 
70, 0.3963189423084259, 0.5651934146881104, 0.269838809967041, 0.2824890613555908 
71, 0.39146023988723755, 0.5589735507965088, 0.26717233657836914, 0.27910852432250977 
72, 0.38676732778549194, 0.5594930648803711, 0.26764583587646484, 0.27907562255859375 
73, 0.3823627233505249, 0.5628540515899658, 0.2737736701965332, 0.27692222595214844 
74, 0.3778570294380188, 0.5587418079376221, 0.26578497886657715, 0.28119683265686035 
75, 0.3732128441333771, 0.5525188446044922, 0.264606237411499, 0.2757375240325928 
76, 0.36873382329940796, 0.5540444850921631, 0.26685333251953125, 0.27486109733581543 
77, 0.36441558599472046, 0.5597362518310547, 0.265230655670166, 0.28214144706726074 
78, 0.3600315451622009, 0.5566277503967285, 0.2641322612762451, 0.2802727222442627 
79, 0.3554040193557739, 0.5603368282318115, 0.26892781257629395, 0.27933573722839355 
80, 0.35094374418258667, 0.5594532489776611, 0.2682924270629883, 0.27855634689331055 
81, 0.3466404378414154, 0.5584821701049805, 0.2648921012878418, 0.2812776565551758 
82, 0.3424857556819916, 0.5568962097167969, 0.26743388175964355, 0.27767324447631836 
83, 0.3383486866950989, 0.5675835609436035, 0.26811861991882324, 0.2867908477783203 
84, 0.3343549966812134, 0.5621678829193115, 0.26799917221069336, 0.2813584804534912 
85, 0.3305014371871948, 0.5622043609619141, 0.26746487617492676, 0.2820394039154053 
86, 0.32678475975990295, 0.5705139636993408, 0.2710306644439697, 0.28668212890625 
87, 0.3232017159461975, 0.5690770149230957, 0.2702634334564209, 0.2855973243713379 
88, 0.31974905729293823, 0.560070276260376, 0.2687568664550781, 0.27867865562438965 
89, 0.3164238929748535, 0.5583724975585938, 0.2653849124908447, 0.28025388717651367 
90, 0.31322282552719116, 0.5682446956634521, 0.26950716972351074, 0.2859303951263428 
91, 0.31014367938041687, 0.568526029586792, 0.27244997024536133, 0.28351402282714844 
92, 0.307243674993515, 0.5588052272796631, 0.2687394618988037, 0.27777910232543945 
93, 0.304496705532074, 0.5561048984527588, 0.2651712894439697, 0.2785177230834961 
94, 0.3019578158855438, 0.5608255863189697, 0.2666912078857422, 0.28140830993652344 
95, 0.2995705008506775, 0.5610702037811279, 0.26666975021362305, 0.2822139263153076 
96, 0.2972782552242279, 0.5675077438354492, 0.266599178314209, 0.2876613140106201 
97, 0.2950778603553772, 0.5602731704711914, 0.2697479724884033, 0.2784850597381592 
98, 0.292965829372406, 0.5567531585693359, 0.26587605476379395, 0.27852416038513184 
99, 0.2909395694732666, 0.5619516372680664, 0.2665705680847168, 0.283555269241333 
100, 0.28880953788757324, 0.5579268932342529, 0.26357340812683105, 0.2820243835449219 
101, 0.28659164905548096, 0.5627279281616211, 0.2655973434448242, 0.28440260887145996 
102, 0.28454887866973877, 0.5656616687774658, 0.26384902000427246, 0.289370059967041 
103, 0.2825888395309448, 0.5660874843597412, 0.2655000686645508, 0.2883265018463135 
104, 0.2807086110115051, 0.561664342880249, 0.2666323184967041, 0.28267407417297363 
105, 0.2789069712162018, 0.5716557502746582, 0.26939868927001953, 0.2895228862762451 
106, 0.2771691083908081, 0.5718700885772705, 0.26874399185180664, 0.290590763092041 
107, 0.2754347324371338, 0.5688247680664062, 0.2691478729248047, 0.2871286869049072 
108, 0.2737703323364258, 0.5643525123596191, 0.2674708366394043, 0.28516364097595215 
109, 0.2721732258796692, 0.5675351619720459, 0.2694547176361084, 0.2850508689880371 
110, 0.27064114809036255, 0.573408842086792, 0.2685887813568115, 0.2918260097503662 
111, 0.26917240023612976, 0.5654528141021729, 0.2683143615722656, 0.2837536334991455 
112, 0.26776421070098877, 0.5624394416809082, 0.26660966873168945, 0.2838404178619385 
113, 0.2664145231246948, 0.5602304935455322, 0.26725125312805176, 0.2805190086364746 
114, 0.26508021354675293, 0.5618181228637695, 0.2667708396911621, 0.28224682807922363 
115, 0.26378947496414185, 0.5616881847381592, 0.2654404640197754, 0.2829561233520508 
116, 0.26255738735198975, 0.560631513595581, 0.2662932872772217, 0.2823507785797119 
117, 0.26126164197921753, 0.56787109375, 0.26732897758483887, 0.2885775566101074 
118, 0.2596542239189148, 0.5665090084075928, 0.2673342227935791, 0.28731703758239746 
119, 0.2581978440284729, 0.5689284801483154, 0.2678210735321045, 0.2885398864746094 
120, 0.25689539313316345, 0.5618131160736084, 0.26703619956970215, 0.2821974754333496 
121, 0.25564414262771606, 0.5701088905334473, 0.26878905296325684, 0.28872013092041016 
122, 0.25444161891937256, 0.5676693916320801, 0.26488351821899414, 0.2902836799621582 
123, 0.2532862424850464, 0.5642375946044922, 0.2651088237762451, 0.2859303951263428 
124, 0.2521766126155853, 0.5645453929901123, 0.266096830368042, 0.28626489639282227 
125, 0.25111258029937744, 0.5682060718536377, 0.26692962646484375, 0.28910374641418457 
126, 0.2501356899738312, 0.5699799060821533, 0.2676360607147217, 0.2895658016204834 
127, 0.24920105934143066, 0.5705676078796387, 0.2696571350097656, 0.28879547119140625 
128, 0.24822679162025452, 0.5673861503601074, 0.26700901985168457, 0.2879810333251953 
129, 0.2473422884941101, 0.5700244903564453, 0.2658040523529053, 0.2923433780670166 
130, 0.24648478627204895, 0.5683848857879639, 0.2669949531555176, 0.2891197204589844 
131, 0.24565941095352173, 0.5682313442230225, 0.2673971652984619, 0.28790283203125 
132, 0.24485903978347778, 0.5793893337249756, 0.2709498405456543, 0.29587435722351074 
133, 0.2439279556274414, 0.5734729766845703, 0.2700212001800537, 0.29062557220458984 
134, 0.24313756823539734, 0.5801477432250977, 0.2723979949951172, 0.2951319217681885 
135, 0.2423570454120636, 0.5784637928009033, 0.2710111141204834, 0.29427218437194824 
136, 0.24165034294128418, 0.5759170055389404, 0.27036476135253906, 0.2929086685180664 
137, 0.24101968109607697, 0.5827326774597168, 0.2717134952545166, 0.29854726791381836 
138, 0.2403220534324646, 0.5748324394226074, 0.26824498176574707, 0.2938053607940674 
139, 0.23963087797164917, 0.5784072875976562, 0.2680177688598633, 0.29770469665527344 
140, 0.23896148800849915, 0.582390546798706, 0.2718193531036377, 0.2977321147918701 
141, 0.23836833238601685, 0.5796346664428711, 0.2738463878631592, 0.2932260036468506 
142, 0.23786909878253937, 0.5763242244720459, 0.27310943603515625, 0.2913177013397217 
143, 0.2374158352613449, 0.5807671546936035, 0.2702178955078125, 0.2982206344604492 
144, 0.23700128495693207, 0.580277681350708, 0.2704451084136963, 0.29645562171936035 
145, 0.236616313457489, 0.5825750827789307, 0.27532219886779785, 0.2949192523956299 
146, 0.23622122406959534, 0.5823965072631836, 0.2723121643066406, 0.2973325252532959 
147, 0.23582598567008972, 0.5872097015380859, 0.27374982833862305, 0.3010380268096924 
148, 0.23544961214065552, 0.5921690464019775, 0.27477192878723145, 0.30521130561828613 
149, 0.23503153026103973, 0.5874905586242676, 0.27160167694091797, 0.30315375328063965 
150, 0.2346649318933487, 0.594365119934082, 0.277921199798584, 0.3034029006958008 
151, 0.2343115657567978, 0.59031081199646, 0.27439212799072266, 0.30289769172668457 
152, 0.23390188813209534, 0.5844097137451172, 0.267289400100708, 0.3042874336242676 
153, 0.2335216999053955, 0.5940604209899902, 0.27661609649658203, 0.30478668212890625 
154, 0.23315894603729248, 0.5918769836425781, 0.2768971920013428, 0.30211734771728516 
155, 0.232798770070076, 0.5670239925384521, 0.2676360607147217, 0.28640222549438477 
156, 0.2324371486902237, 0.5914473533630371, 0.2745378017425537, 0.3041505813598633 
157, 0.2320801317691803, 0.5810983180999756, 0.2769947052001953, 0.29228997230529785 
158, 0.23172520101070404, 0.5738623142242432, 0.25844311714172363, 0.30309486389160156 
159, 0.23136618733406067, 0.5919733047485352, 0.27609872817993164, 0.3036351203918457 
160, 0.23099446296691895, 0.5909872055053711, 0.27533745765686035, 0.3038902282714844 
161, 0.23062938451766968, 0.5938334465026855, 0.2748379707336426, 0.306713342666626 
162, 0.23026594519615173, 0.5715889930725098, 0.26546263694763184, 0.2939283847808838 
163, 0.22990413010120392, 0.5906853675842285, 0.27539682388305664, 0.302823543548584 
164, 0.22953960299491882, 0.5807685852050781, 0.2668788433074951, 0.30187034606933594 
165, 0.2291637659072876, 0.5938196182250977, 0.27648258209228516, 0.30460643768310547 
166, 0.2288019359111786, 0.5720949172973633, 0.27269792556762695, 0.28708577156066895 
167, 0.22847548127174377, 0.5851383209228516, 0.26660847663879395, 0.30632543563842773 
168, 0.2281787395477295, 0.5930583477020264, 0.2753157615661621, 0.30528903007507324 
169, 0.22789399325847626, 0.5684926509857178, 0.25929808616638184, 0.29704785346984863 
170, 0.22760853171348572, 0.5953493118286133, 0.27454066276550293, 0.30886244773864746 
171, 0.22730690240859985, 0.5775425434112549, 0.27300000190734863, 0.2907071113586426 
172, 0.22701320052146912, 0.5870728492736816, 0.2694096565246582, 0.3058629035949707 
173, 0.2267320603132248, 0.5841631889343262, 0.27567434310913086, 0.2961409091949463 
174, 0.22610172629356384, 0.5629317760467529, 0.2661707401275635, 0.2848355770111084 
175, 0.22573131322860718, 0.587270975112915, 0.26848530769348145, 0.30693912506103516 
176, 0.22519004344940186, 0.5915966033935547, 0.27603697776794434, 0.3036987781524658 
177, 0.22473391890525818, 0.5780317783355713, 0.2747511863708496, 0.2912721633911133 
178, 0.22426800429821014, 0.590994119644165, 0.26828575134277344, 0.30974411964416504 
179, 0.223859965801239, 0.5917184352874756, 0.2744159698486328, 0.3047027587890625 
180, 0.22341299057006836, 0.5897421836853027, 0.27695536613464355, 0.3002798557281494 
181, 0.22298669815063477, 0.5929641723632812, 0.2749779224395752, 0.3057863712310791 
182, 0.22258824110031128, 0.5970649719238281, 0.27622151374816895, 0.3089408874511719 
183, 0.22221435606479645, 0.6003420352935791, 0.2804889678955078, 0.3066089153289795 
184, 0.22187107801437378, 0.591163158416748, 0.27811384201049805, 0.2996985912322998 
185, 0.22154316306114197, 0.5922813415527344, 0.2731475830078125, 0.3067750930786133 
186, 0.22123011946678162, 0.5961213111877441, 0.277341365814209, 0.30693793296813965 
187, 0.22092890739440918, 0.5915863513946533, 0.26876187324523926, 0.31041622161865234 
188, 0.22063735127449036, 0.598778486251831, 0.2758007049560547, 0.3108091354370117 
189, 0.22033703327178955, 0.5891661643981934, 0.26786255836486816, 0.3091156482696533 
190, 0.2200509011745453, 0.5993950366973877, 0.27774643898010254, 0.30928611755371094 
191, 0.21976499259471893, 0.5820333957672119, 0.2693672180175781, 0.3006925582885742 
192, 0.21947914361953735, 0.5919013023376465, 0.26926684379577637, 0.3106064796447754 
193, 0.21922117471694946, 0.5897800922393799, 0.2685377597808838, 0.30912089347839355 
194, 0.2189757525920868, 0.5988755226135254, 0.2769484519958496, 0.30960607528686523 
195, 0.21874527633190155, 0.6053080558776855, 0.27993249893188477, 0.3123810291290283 
196, 0.21854230761528015, 0.6020321846008301, 0.27712583541870117, 0.31201839447021484 
197, 0.21835771203041077, 0.5961339473724365, 0.26978397369384766, 0.31339502334594727 
198, 0.21818256378173828, 0.6054325103759766, 0.28049492835998535, 0.312061071395874 
199, 0.21801863610744476, 0.5870881080627441, 0.2688126564025879, 0.30615782737731934 
200, 0.2178673893213272, 0.599510908126831, 0.27603888511657715, 0.31142616271972656 
201, 0.21772685647010803, 0.5976805686950684, 0.27446436882019043, 0.3105921745300293 
202, 0.21761325001716614, 0.5958571434020996, 0.2744557857513428, 0.3089783191680908 
203, 0.21751675009727478, 0.5884618759155273, 0.27722930908203125, 0.2989628314971924 
204, 0.21743160486221313, 0.598238468170166, 0.276531457901001, 0.30978822708129883 
205, 0.21734674274921417, 0.5990011692047119, 0.275726318359375, 0.3112616539001465 
206, 0.21726354956626892, 0.597522497177124, 0.27593040466308594, 0.3091390132904053 
207, 0.21719257533550262, 0.5974888801574707, 0.2769968509674072, 0.3072655200958252 
208, 0.21712616086006165, 0.5959188938140869, 0.2753133773803711, 0.3083775043487549 
209, 0.21705816686153412, 0.5895051956176758, 0.26815295219421387, 0.3078951835632324 
210, 0.21699956059455872, 0.5870959758758545, 0.2664763927459717, 0.3080615997314453 
211, 0.2169654667377472, 0.5910117626190186, 0.26870131492614746, 0.30892372131347656 
212, 0.2169581651687622, 0.6025760173797607, 0.27838778495788574, 0.3114314079284668 
213, 0.2169579118490219, 0.5859935283660889, 0.278245210647583, 0.29504990577697754 
214, 0.21696482598781586, 0.5869033336639404, 0.277554988861084, 0.2966468334197998 
215, 0.21698158979415894, 0.5928001403808594, 0.2673501968383789, 0.31362104415893555 
216, 0.21700775623321533, 0.5865724086761475, 0.2651193141937256, 0.3094336986541748 
217, 0.2170451581478119, 0.5911693572998047, 0.26706790924072266, 0.3113698959350586 
218, 0.21709272265434265, 0.5944750308990479, 0.2682647705078125, 0.31313300132751465 
219, 0.2171461284160614, 0.6005053520202637, 0.2751786708831787, 0.31250548362731934 
220, 0.2172045111656189, 0.5925533771514893, 0.26811766624450684, 0.3115837574005127 
221, 0.2172679901123047, 0.6024258136749268, 0.2756667137145996, 0.3138010501861572 
222, 0.2173362821340561, 0.6021854877471924, 0.2776062488555908, 0.31168699264526367 
223, 0.2174089252948761, 0.5933709144592285, 0.2763996124267578, 0.30402660369873047 
224, 0.21748659014701843, 0.6011962890625, 0.27989625930786133, 0.30918240547180176 
225, 0.21757148206233978, 0.5919351577758789, 0.26715612411499023, 0.31189942359924316 
226, 0.21762561798095703, 0.603691816329956, 0.2780182361602783, 0.31316471099853516 
227, 0.21767571568489075, 0.5876986980438232, 0.2651374340057373, 0.3096334934234619 
228, 0.21779969334602356, 0.6024465560913086, 0.27713942527770996, 0.3117210865020752 
229, 0.21786664426326752, 0.5999245643615723, 0.2783322334289551, 0.30873799324035645 
230, 0.21797704696655273, 0.5831255912780762, 0.2676389217376709, 0.3027777671813965 
231, 0.21808573603630066, 0.5932178497314453, 0.2682061195373535, 0.31205010414123535 
232, 0.2181846648454666, 0.5844666957855225, 0.26835012435913086, 0.30333590507507324 
233, 0.21829931437969208, 0.5914287567138672, 0.2666592597961426, 0.3113265037536621 
234, 0.21841642260551453, 0.5989518165588379, 0.2744290828704834, 0.3117060661315918 
235, 0.21853108704090118, 0.5913650989532471, 0.27750515937805176, 0.3015298843383789 
236, 0.21864980459213257, 0.5862250328063965, 0.2636992931365967, 0.310016393661499 
237, 0.21877263486385345, 0.5966074466705322, 0.27296948432922363, 0.311260461807251 
238, 0.2188970446586609, 0.5842702388763428, 0.26474785804748535, 0.3071608543395996 
239, 0.21902215480804443, 0.5872101783752441, 0.26515793800354004, 0.3099966049194336 
240, 0.2191491574048996, 0.5849838256835938, 0.27353858947753906, 0.2990894317626953 
241, 0.2192787230014801, 0.5831549167633057, 0.2720785140991211, 0.2987501621246338 
242, 0.21941184997558594, 0.5866050720214844, 0.2651865482330322, 0.3094446659088135 
243, 0.21955640614032745, 0.5868165493011475, 0.27405643463134766, 0.30032992362976074 
244, 0.21970117092132568, 0.5941405296325684, 0.27310919761657715, 0.3091146945953369 
245, 0.21984565258026123, 0.6058838367462158, 0.27094149589538574, 0.31156063079833984 
246, 0.21999093890190125, 0.5972516536712646, 0.2733616828918457, 0.31185269355773926 
247, 0.220136359333992, 0.5906376838684082, 0.27756357192993164, 0.3002817630767822 
248, 0.22028246521949768, 0.58650803565979, 0.27206921577453613, 0.3023390769958496 
249, 0.22042933106422424, 0.5861310958862305, 0.26395344734191895, 0.3100321292877197 
250, 0.22057661414146423, 0.5823030471801758, 0.2703273296356201, 0.2995779514312744 
251, 0.22072482109069824, 0.5740523338317871, 0.2625248432159424, 0.29970288276672363 
252, 0.22088293731212616, 0.58319091796875, 0.2712576389312744, 0.2995762825012207 
253, 0.22103850543498993, 0.5889356136322021, 0.26520824432373047, 0.3108391761779785 
254, 0.22119338810443878, 0.5863597393035889, 0.274158239364624, 0.30005979537963867 
255, 0.22134998440742493, 0.5765562057495117, 0.2636995315551758, 0.3010578155517578 
256, 0.2215227484703064, 0.5815331935882568, 0.273327112197876, 0.2960014343261719 
257, 0.2216874063014984, 0.5631484985351562, 0.25751590728759766, 0.29315662384033203 
258, 0.22185666859149933, 0.5625298023223877, 0.25638270378112793, 0.29294824600219727 
259, 0.22202494740486145, 0.563342809677124, 0.2566554546356201, 0.29445958137512207 
260, 0.22219544649124146, 0.5693020820617676, 0.2590658664703369, 0.2974421977996826 
261, 0.22236499190330505, 0.5690946578979492, 0.2601311206817627, 0.29619908332824707 
262, 0.22253653407096863, 0.5646941661834717, 0.2573275566101074, 0.2951979637145996 
263, 0.22270779311656952, 0.5606644153594971, 0.2562282085418701, 0.2919888496398926 
264, 0.222879558801651, 0.5617537498474121, 0.2558610439300537, 0.29398679733276367 
265, 0.22305180132389069, 0.5623793601989746, 0.2572662830352783, 0.2924833297729492 
266, 0.22322435677051544, 0.5608479976654053, 0.25431013107299805, 0.2945270538330078 
267, 0.2233971357345581, 0.5635344982147217, 0.25733423233032227, 0.29434847831726074 
268, 0.22357025742530823, 0.5675699710845947, 0.2580525875091553, 0.29611635208129883 
269, 0.22374357283115387, 0.5797080993652344, 0.25969576835632324, 0.3072490692138672 
270, 0.22391711175441742, 0.5678150653839111, 0.258556604385376, 0.29629063606262207 
271, 0.2240907847881317, 0.5688169002532959, 0.2598264217376709, 0.2962377071380615 
272, 0.22426468133926392, 0.5686132907867432, 0.25858116149902344, 0.2970283031463623 
273, 0.22443842887878418, 0.5649356842041016, 0.2573683261871338, 0.2954862117767334 
274, 0.224612295627594, 0.5636615753173828, 0.2566671371459961, 0.29486584663391113 
275, 0.2247861921787262, 0.5632991790771484, 0.2559816837310791, 0.29410243034362793 
276, 0.22496002912521362, 0.5598807334899902, 0.25536298751831055, 0.2923738956451416 
277, 0.22513368725776672, 0.5635349750518799, 0.25695109367370605, 0.29407811164855957 
278, 0.22530725598335266, 0.5609023571014404, 0.2570817470550537, 0.29186177253723145 
279, 0.22548092901706696, 0.5617468357086182, 0.25658392906188965, 0.29282665252685547 
280, 0.22565478086471558, 0.5653464794158936, 0.2563748359680176, 0.2924785614013672 
281, 0.22582873702049255, 0.5650949478149414, 0.2604095935821533, 0.2926323413848877 
282, 0.2260025143623352, 0.5604989528656006, 0.2552604675292969, 0.2929658889770508 
283, 0.22617603838443756, 0.5591104030609131, 0.25551319122314453, 0.29129672050476074 
284, 0.22634924948215485, 0.563551664352417, 0.25690293312072754, 0.29401445388793945 
285, 0.22652234137058258, 0.5602662563323975, 0.256680965423584, 0.2917311191558838 
286, 0.2266952395439148, 0.5605614185333252, 0.25627851486206055, 0.2922251224517822 
287, 0.22686822712421417, 0.5648674964904785, 0.2573409080505371, 0.2950408458709717 
288, 0.22704093158245087, 0.5627996921539307, 0.25658226013183594, 0.2934079170227051 
289, 0.22721347212791443, 0.5664713382720947, 0.258472204208374, 0.2953495979309082 
290, 0.22738546133041382, 0.5656881332397461, 0.2576003074645996, 0.29524660110473633 
291, 0.22755712270736694, 0.5669553279876709, 0.2590920925140381, 0.2951803207397461 
292, 0.22772890329360962, 0.5670864582061768, 0.2584078311920166, 0.2956573963165283 
293, 0.22790053486824036, 0.5652115345001221, 0.2574896812438965, 0.29466724395751953 
294, 0.2280692160129547, 0.5675718784332275, 0.25855255126953125, 0.2957925796508789 
295, 0.22823455929756165, 0.5682189464569092, 0.2612931728363037, 0.29381775856018066 
296, 0.22839981317520142, 0.5695974826812744, 0.2578437328338623, 0.2986490726470947 
297, 0.22856462001800537, 0.568450927734375, 0.2611806392669678, 0.2946622371673584 
298, 0.2287290096282959, 0.5673234462738037, 0.25827836990356445, 0.29627537727355957 
299, 0.2288934290409088, 0.5706360340118408, 0.25804805755615234, 0.2998313903808594 
300, 0.2290574610233307, 0.5657615661621094, 0.2586064338684082, 0.2944350242614746 
301, 0.22922123968601227, 0.5635836124420166, 0.25786566734313965, 0.29351258277893066 
302, 0.2293851524591446, 0.6007471084594727, 0.2588012218475342, 0.29515600204467773 
303, 0.2295488715171814, 0.5788218975067139, 0.26010966300964355, 0.3057692050933838 
304, 0.2297130525112152, 0.5684943199157715, 0.2586193084716797, 0.2968897819519043 
305, 0.229877769947052, 0.5665152072906494, 0.2585303783416748, 0.2949714660644531 
306, 0.23004306852817535, 0.5659928321838379, 0.2576441764831543, 0.29540228843688965 
307, 0.230209618806839, 0.5682449340820312, 0.25882697105407715, 0.29650020599365234 
308, 0.23037944734096527, 0.5662157535552979, 0.25780749320983887, 0.2956571578979492 
309, 0.23055721819400787, 0.5652236938476562, 0.2577524185180664, 0.29583311080932617 
310, 0.23075048625469208, 0.5678002834320068, 0.2584247589111328, 0.2965054512023926 
311, 0.23094379901885986, 0.5669045448303223, 0.25955653190612793, 0.2945539951324463 
312, 0.2311364710330963, 0.567896842956543, 0.25856876373291016, 0.2967703342437744 
313, 0.2313302457332611, 0.5686953067779541, 0.2596743106842041, 0.29625868797302246 
314, 0.2315243035554886, 0.5780704021453857, 0.25837254524230957, 0.3052835464477539 
315, 0.23172330856323242, 0.561007022857666, 0.2575218677520752, 0.2916703224182129 
316, 0.23194018006324768, 0.558837890625, 0.2556135654449463, 0.29109883308410645 
317, 0.23215638101100922, 0.5589864253997803, 0.25493907928466797, 0.2920403480529785 
318, 0.23237226903438568, 0.5664253234863281, 0.26164841651916504, 0.2926759719848633 
319, 0.23258769512176514, 0.5593886375427246, 0.2557086944580078, 0.29183363914489746 
320, 0.23280242085456848, 0.5601356029510498, 0.2560713291168213, 0.29197096824645996 
321, 0.23301668465137482, 0.5581707954406738, 0.2552473545074463, 0.29105663299560547 
322, 0.23323050141334534, 0.5593535900115967, 0.2554945945739746, 0.2918708324432373 
323, 0.2334437370300293, 0.560784101486206, 0.2560250759124756, 0.2920842170715332 
324, 0.23365628719329834, 0.5606634616851807, 0.25554871559143066, 0.29265904426574707 
325, 0.2338685393333435, 0.5657949447631836, 0.25797462463378906, 0.29491543769836426 
326, 0.23408003151416779, 0.565901517868042, 0.2587246894836426, 0.29381251335144043 
327, 0.2342909574508667, 0.5637438297271729, 0.25679969787597656, 0.29404783248901367 
328, 0.2345011830329895, 0.5647964477539062, 0.2571754455566406, 0.2947821617126465 
329, 0.23471100628376007, 0.5667738914489746, 0.2585923671722412, 0.29554009437561035 
330, 0.234919935464859, 0.5659523010253906, 0.2578091621398926, 0.2952690124511719 
331, 0.2351284921169281, 0.5653238296508789, 0.2572476863861084, 0.2953495979309082 
332, 0.23533624410629272, 0.5690174102783203, 0.26225900650024414, 0.29460859298706055 
333, 0.23554325103759766, 0.5641875267028809, 0.25786828994750977, 0.2945106029510498 
334, 0.23574966192245483, 0.5636343955993652, 0.2580082416534424, 0.2940034866333008 
335, 0.2359553873538971, 0.5665833950042725, 0.2578418254852295, 0.2957468032836914 
336, 0.2361604869365692, 0.5670738220214844, 0.25806450843811035, 0.2956995964050293 
337, 0.23636473715305328, 0.5675771236419678, 0.25623631477355957, 0.29926633834838867 
338, 0.2365683615207672, 0.5581080913543701, 0.2551896572113037, 0.290802001953125 
339, 0.23677131533622742, 0.5575361251831055, 0.2544558048248291, 0.29103851318359375 
340, 0.2369735687971115, 0.557694673538208, 0.25481104850769043, 0.2908608913421631 
341, 0.23717506229877472, 0.5585575103759766, 0.25487422943115234, 0.29180455207824707 
342, 0.23737573623657227, 0.559861421585083, 0.25450706481933594, 0.29247498512268066 
343, 0.2375757098197937, 0.5600543022155762, 0.25570225715637207, 0.2919883728027344 
344, 0.23777493834495544, 0.5643227100372314, 0.257326602935791, 0.29416823387145996 
345, 0.2379734218120575, 0.5655293464660645, 0.25785064697265625, 0.29476428031921387 
346, 0.2381710708141327, 0.5655655860900879, 0.25750160217285156, 0.295151948928833 
347, 0.23836801946163177, 0.5654029846191406, 0.25841856002807617, 0.29523396492004395 
348, 0.23856402933597565, 0.5644783973693848, 0.2573115825653076, 0.29406023025512695 
349, 0.23875927925109863, 0.5640685558319092, 0.2563328742980957, 0.29480767250061035 
350, 0.2389538586139679, 0.5699145793914795, 0.2580893039703369, 0.29639363288879395 
351, 0.23914757370948792, 0.5658581256866455, 0.2577941417694092, 0.29503607749938965 
352, 0.23934036493301392, 0.57440185546875, 0.25798797607421875, 0.30345606803894043 
353, 0.2395324558019638, 0.5669281482696533, 0.25740742683410645, 0.29666590690612793 
354, 0.23972371220588684, 0.5647072792053223, 0.2571444511413574, 0.2945387363433838 
355, 0.23991400003433228, 0.5778276920318604, 0.2571876049041748, 0.3086099624633789 
356, 0.24010354280471802, 0.5561971664428711, 0.25475478172302246, 0.2894723415374756 
357, 0.24029213190078735, 0.5970520973205566, 0.2945678234100342, 0.29018521308898926 
358, 0.2404799610376358, 0.558220386505127, 0.2556607723236084, 0.2906627655029297 
359, 0.24066679179668427, 0.5558388233184814, 0.2542288303375244, 0.28954529762268066 
360, 0.24085284769535065, 0.5576789379119873, 0.2547152042388916, 0.29079580307006836 
361, 0.24103397130966187, 0.5587501525878906, 0.25550413131713867, 0.29117631912231445 
362, 0.24120867252349854, 0.5579063892364502, 0.2549910545349121, 0.29068779945373535 
363, 0.24138116836547852, 0.5589456558227539, 0.2555418014526367, 0.29120492935180664 
364, 0.24155054986476898, 0.5613443851470947, 0.2560884952545166, 0.29238128662109375 
365, 0.2417185753583908, 0.5643706321716309, 0.25743889808654785, 0.2940073013305664 
366, 0.2418854534626007, 0.5634682178497314, 0.25708699226379395, 0.29350805282592773 
367, 0.24205130338668823, 0.5775496959686279, 0.25583457946777344, 0.29726386070251465 
368, 0.24221614003181458, 0.5782160758972168, 0.26044440269470215, 0.3049018383026123 
369, 0.24237993359565735, 0.5647544860839844, 0.2583460807800293, 0.2935671806335449 
370, 0.24254293739795685, 0.5651333332061768, 0.25650548934936523, 0.295896053314209 
371, 0.24270476400852203, 0.5760366916656494, 0.2584080696105957, 0.30478930473327637 
372, 0.2428653985261917, 0.5641295909881592, 0.2571225166320801, 0.29410839080810547 
373, 0.2430247664451599, 0.5641317367553711, 0.2576713562011719, 0.29360365867614746 
374, 0.24318121373653412, 0.5630159378051758, 0.25629448890686035, 0.29387545585632324 
375, 0.24333275854587555, 0.5640575885772705, 0.2571992874145508, 0.2939798831939697 
376, 0.2434835433959961, 0.5639166831970215, 0.25736236572265625, 0.29392075538635254 
377, 0.2436334192752838, 0.5638573169708252, 0.25759100914001465, 0.29326820373535156 
378, 0.2437824308872223, 0.5599312782287598, 0.25635385513305664, 0.29108214378356934 
379, 0.24393051862716675, 0.5578863620758057, 0.254547119140625, 0.29121994972229004 
380, 0.2440776377916336, 0.5595641136169434, 0.2559058666229248, 0.29109978675842285 
381, 0.24422401189804077, 0.5576751232147217, 0.2550075054168701, 0.2905282974243164 
382, 0.24436943233013153, 0.5580806732177734, 0.2547886371612549, 0.2908298969268799 
383, 0.2445138692855835, 0.558971643447876, 0.25490498542785645, 0.2920958995819092 
384, 0.24465756118297577, 0.5623035430908203, 0.2557182312011719, 0.2940833568572998 
385, 0.24480023980140686, 0.5673506259918213, 0.25676798820495605, 0.2968456745147705 
386, 0.24494245648384094, 0.5637235641479492, 0.2567939758300781, 0.2936866283416748 
387, 0.2450886070728302, 0.564467191696167, 0.2570786476135254, 0.29448556900024414 
388, 0.24523434042930603, 0.5651495456695557, 0.2571268081665039, 0.294708251953125 
389, 0.24537931382656097, 0.564002275466919, 0.25748443603515625, 0.2936244010925293 
390, 0.2455236315727234, 0.5653529167175293, 0.2588620185852051, 0.29366612434387207 
391, 0.24566692113876343, 0.565497636795044, 0.2572813034057617, 0.29533839225769043 
392, 0.24580951035022736, 0.5721912384033203, 0.26579856872558594, 0.2933769226074219 
393, 0.24595120549201965, 0.5644750595092773, 0.25711584091186523, 0.29448390007019043 
394, 0.2460920512676239, 0.5629539489746094, 0.256378173828125, 0.29364895820617676 
395, 0.24623191356658936, 0.5727839469909668, 0.2575511932373047, 0.3028542995452881 
396, 0.24637100100517273, 0.5643670558929443, 0.2572789192199707, 0.2942185401916504 
397, 0.24650931358337402, 0.5636420249938965, 0.25653958320617676, 0.2940554618835449 
398, 0.2466467022895813, 0.5705060958862305, 0.25686216354370117, 0.301302433013916 
399, 0.24678321182727814, 0.5573403835296631, 0.2554769515991211, 0.2897977828979492 
400, 0.24691888689994812, 0.5568795204162598, 0.2546212673187256, 0.29019618034362793 
401, 0.24705374240875244, 0.5564870834350586, 0.25460124015808105, 0.2897768020629883 
402, 0.24718789756298065, 0.558281421661377, 0.2551536560058594, 0.2904682159423828 
403, 0.24732163548469543, 0.5622169971466064, 0.25791263580322266, 0.29184913635253906 
404, 0.24746006727218628, 0.5636730194091797, 0.2563657760620117, 0.29334449768066406 
405, 0.24760031700134277, 0.5619504451751709, 0.2554459571838379, 0.2936563491821289 
406, 0.2477395236492157, 0.5637905597686768, 0.25714969635009766, 0.2936432361602783 
407, 0.24787785112857819, 0.5653285980224609, 0.25765442848205566, 0.294797420501709 
408, 0.24801531434059143, 0.5617971420288086, 0.2564401626586914, 0.29253482818603516 
409, 0.24815180897712708, 0.5616610050201416, 0.25613999366760254, 0.29314422607421875 
410, 0.248287171125412, 0.5621232986450195, 0.2554178237915039, 0.29392242431640625 
411, 0.24842189252376556, 0.5840106010437012, 0.27694082260131836, 0.2940847873687744 
412, 0.24855555593967438, 0.5630691051483154, 0.25714993476867676, 0.29285407066345215 
413, 0.24868836998939514, 0.5617280006408691, 0.25546741485595703, 0.2934441566467285 
414, 0.2488202154636383, 0.5635123252868652, 0.2572298049926758, 0.29317355155944824 
415, 0.24895110726356506, 0.5669660568237305, 0.25676465034484863, 0.29731011390686035 
416, 0.24908363819122314, 0.5615134239196777, 0.25705528259277344, 0.2924611568450928 
417, 0.24926376342773438, 0.557487964630127, 0.2552025318145752, 0.29007577896118164 
418, 0.24945305287837982, 0.5681216716766357, 0.25446438789367676, 0.29109883308410645 
419, 0.24964308738708496, 0.5600872039794922, 0.2564535140991211, 0.29119014739990234 
420, 0.24983231723308563, 0.5575478076934814, 0.254927396774292, 0.29054737091064453 
421, 0.25002068281173706, 0.561476469039917, 0.259507417678833, 0.28989267349243164 
422, 0.2502080202102661, 0.5576248168945312, 0.25529050827026367, 0.2903938293457031 
423, 0.2503942847251892, 0.5576231479644775, 0.2550547122955322, 0.2904665470123291 
424, 0.25057974457740784, 0.5556991100311279, 0.253037691116333, 0.29067492485046387 
425, 0.2507641315460205, 0.5576775074005127, 0.2563164234161377, 0.2892603874206543 
426, 0.250947505235672, 0.5583274364471436, 0.2546837329864502, 0.29157018661499023 
427, 0.2511298358440399, 0.5578122138977051, 0.25445055961608887, 0.2912564277648926 
428, 0.2513110935688019, 0.5576069355010986, 0.25484275817871094, 0.2905120849609375 
429, 0.25149136781692505, 0.5569207668304443, 0.2545888423919678, 0.29018521308898926 
430, 0.251670777797699, 0.5592517852783203, 0.25453710556030273, 0.2924518585205078 
431, 0.25184884667396545, 0.5636758804321289, 0.25678253173828125, 0.29408812522888184 
432, 0.25202611088752747, 0.5635693073272705, 0.2561204433441162, 0.2945547103881836 
433, 0.25220227241516113, 0.5618948936462402, 0.2568800449371338, 0.2921183109283447 
434, 0.2523774802684784, 0.5636630058288574, 0.2567119598388672, 0.2936410903930664 
435, 0.2525516152381897, 0.5640091896057129, 0.25802111625671387, 0.293102502822876 
436, 0.25272467732429504, 0.5634980201721191, 0.2565741539001465, 0.2942957878112793 
437, 0.25289666652679443, 0.5655467510223389, 0.2577831745147705, 0.29496169090270996 
438, 0.25306767225265503, 0.6859495639801025, 0.25722575187683105, 0.2953050136566162 
439, 0.25323769450187683, 0.5722572803497314, 0.26506900787353516, 0.29439806938171387 
440, 0.25340670347213745, 0.5671863555908203, 0.2585413455963135, 0.2955296039581299 
441, 0.25357475876808167, 0.5793912410736084, 0.25885701179504395, 0.3073136806488037 
442, 0.2537415623664856, 0.5734114646911621, 0.2605874538421631, 0.3002650737762451 
443, 0.2539075016975403, 0.5821046829223633, 0.2611083984375, 0.3079514503479004 
444, 0.2540723383426666, 0.5624637603759766, 0.2567422389984131, 0.2928197383880615 
445, 0.2542363405227661, 0.5640859603881836, 0.25623083114624023, 0.2952580451965332 
446, 0.2543991506099701, 0.561851978302002, 0.2559475898742676, 0.2929844856262207 
447, 0.2545609772205353, 0.5737423896789551, 0.2572653293609619, 0.3038311004638672 
448, 0.25472187995910645, 0.5632374286651611, 0.25690507888793945, 0.2932894229888916 
449, 0.2548816502094269, 0.5625038146972656, 0.2566030025482178, 0.293123722076416 
450, 0.2550404965877533, 0.5625765323638916, 0.256885290145874, 0.29291367530822754 
451, 0.25519829988479614, 0.5632321834564209, 0.257627010345459, 0.2930307388305664 
452, 0.2553550601005554, 0.5623624324798584, 0.25639796257019043, 0.2933189868927002 
453, 0.25551095604896545, 0.5630483627319336, 0.2569999694824219, 0.29343223571777344 
454, 0.2556658089160919, 0.5595862865447998, 0.2566053867340088, 0.29113054275512695 
455, 0.25581949949264526, 0.5569043159484863, 0.25403904914855957, 0.2911059856414795 
456, 0.25597238540649414, 0.560429573059082, 0.2547423839569092, 0.29367494583129883 
457, 0.2561243176460266, 0.5689430236816406, 0.2546210289001465, 0.3022949695587158 
458, 0.2562751770019531, 0.55861496925354, 0.2552671432495117, 0.2911972999572754 
459, 0.2564248740673065, 0.5585968494415283, 0.2554585933685303, 0.29106593132019043 
460, 0.25657379627227783, 0.5590813159942627, 0.2555670738220215, 0.2913689613342285 
461, 0.2567217946052551, 0.5570394992828369, 0.2556726932525635, 0.28940582275390625 
462, 0.2568686008453369, 0.5568122863769531, 0.25443005561828613, 0.290297269821167 
463, 0.25701457262039185, 0.5581221580505371, 0.25461459159851074, 0.29143738746643066 
464, 0.25715965032577515, 0.5657615661621094, 0.25523853302001953, 0.29843759536743164 
465, 0.2573036551475525, 0.5581910610198975, 0.25543212890625, 0.2907404899597168 
466, 0.25744664669036865, 0.5571527481079102, 0.2550795078277588, 0.290069580078125 
467, 0.2575887441635132, 0.5577328205108643, 0.25505900382995605, 0.2906358242034912 
468, 0.25772976875305176, 0.5611147880554199, 0.25540828704833984, 0.2932922840118408 
469, 0.2578699588775635, 0.5611798763275146, 0.2563929557800293, 0.29218482971191406 
470, 0.2580091953277588, 0.5630013942718506, 0.25638556480407715, 0.29360508918762207 
471, 0.2581474184989929, 0.5623984336853027, 0.25705862045288086, 0.2937610149383545 
472, 0.2582847476005554, 0.5685853958129883, 0.25663018226623535, 0.2996213436126709 
473, 0.25842106342315674, 0.5636415481567383, 0.25743722915649414, 0.2933945655822754 
474, 0.2585565447807312, 0.5639219284057617, 0.2578449249267578, 0.29324889183044434 
475, 0.2586909830570221, 0.5640847682952881, 0.25760459899902344, 0.29372382164001465 
476, 0.25882455706596375, 0.5632355213165283, 0.2569239139556885, 0.29341793060302734 
477, 0.258957177400589, 0.564711332321167, 0.25734758377075195, 0.2945289611816406 
478, 0.2590888440608978, 0.5647387504577637, 0.2575979232788086, 0.29427313804626465 
479, 0.2592196464538574, 0.5701248645782471, 0.25795435905456543, 0.29936647415161133 
480, 0.25934943556785583, 0.5635747909545898, 0.2569763660430908, 0.29349756240844727 
481, 0.2594784200191498, 0.5598902702331543, 0.2578117847442627, 0.2901782989501953 
482, 0.2596037983894348, 0.5578041076660156, 0.25480127334594727, 0.29064035415649414 
483, 0.2597278356552124, 0.5576107501983643, 0.2552375793457031, 0.2902967929840088 
484, 0.25985077023506165, 0.5563287734985352, 0.25417661666870117, 0.29019641876220703 
485, 0.2599727511405945, 0.5816490650177002, 0.2709383964538574, 0.2987065315246582 
486, 0.260093629360199, 0.5542728900909424, 0.253847599029541, 0.2885429859161377 
487, 0.2602136731147766, 0.5561258792877197, 0.25519275665283203, 0.2890660762786865 
488, 0.26033270359039307, 0.5554525852203369, 0.25423574447631836, 0.2892951965332031 
489, 0.2604507505893707, 0.5548081398010254, 0.2546508312225342, 0.2883119583129883 
490, 0.26056763529777527, 0.5577187538146973, 0.25466036796569824, 0.2907414436340332 
491, 0.2606838345527649, 0.5673456192016602, 0.25457191467285156, 0.3009345531463623 
492, 0.260798841714859, 0.56691575050354, 0.2640526294708252, 0.28986167907714844 
493, 0.2609129846096039, 0.5616941452026367, 0.25553345680236816, 0.2941553592681885 
494, 0.26103079319000244, 0.5577819347381592, 0.25521421432495117, 0.2905910015106201 
495, 0.2611597180366516, 0.5583600997924805, 0.25484323501586914, 0.2905843257904053 
496, 0.26128798723220825, 0.5711297988891602, 0.2566671371459961, 0.3016514778137207 
497, 0.26141658425331116, 0.5637681484222412, 0.2569420337677002, 0.2942938804626465 
498, 0.2615490257740021, 0.5629959106445312, 0.2572484016418457, 0.2926473617553711 
499, 0.2616809010505676, 0.5609197616577148, 0.2571711540222168, 0.29151344299316406 
500, 0.26181215047836304, 0.5568587779998779, 0.25457763671875, 0.29000091552734375 
501, 0.26194262504577637, 0.556074857711792, 0.25363659858703613, 0.2901630401611328 
502, 0.2620723843574524, 0.5566468238830566, 0.2545199394226074, 0.2898287773132324 
503, 0.2622012794017792, 0.5562233924865723, 0.25431132316589355, 0.2896568775177002 
504, 0.26232942938804626, 0.5571079254150391, 0.2532384395599365, 0.2909257411956787 
505, 0.26245686411857605, 0.5605697631835938, 0.2559926509857178, 0.2920112609863281 
506, 0.2625834345817566, 0.5609440803527832, 0.25605225563049316, 0.2927110195159912 
507, 0.2627091705799103, 0.5630404949188232, 0.25719571113586426, 0.29311466217041016 
508, 0.2628341317176819, 0.5638513565063477, 0.2561378479003906, 0.2943909168243408 
509, 0.2629583179950714, 0.5871689319610596, 0.25693845748901367, 0.29335999488830566 
510, 0.2630816698074341, 0.568486213684082, 0.26090168952941895, 0.2945423126220703 
511, 0.26320427656173706, 0.5711889266967773, 0.2569847106933594, 0.30122876167297363 
512, 0.26332616806030273, 0.5643749237060547, 0.25757765769958496, 0.293790340423584 
513, 0.26344433426856995, 0.5645630359649658, 0.2583475112915039, 0.29317355155944824 
514, 0.26355648040771484, 0.5658235549926758, 0.2571866512298584, 0.2956387996673584 
515, 0.2636675238609314, 0.5638129711151123, 0.257213830947876, 0.29363393783569336 
516, 0.2637779116630554, 0.5739917755126953, 0.2575716972351074, 0.30342650413513184 
517, 0.2638874650001526, 0.5652532577514648, 0.2566549777984619, 0.29559779167175293 
518, 0.26399633288383484, 0.5653908252716064, 0.25754237174987793, 0.29490017890930176 
519, 0.26410430669784546, 0.5583086013793945, 0.2563502788543701, 0.2899644374847412 
520, 0.264211505651474, 0.5672545433044434, 0.2542417049407959, 0.30091190338134766 
521, 0.26431804895401, 0.5565063953399658, 0.25477147102355957, 0.28981852531433105 
522, 0.2644239068031311, 0.5615644454956055, 0.25561094284057617, 0.29309821128845215 
523, 0.26452890038490295, 0.5602977275848389, 0.25596070289611816, 0.29169487953186035 
524, 0.2646332383155823, 0.563237190246582, 0.25764989852905273, 0.292769193649292 
525, 0.26473695039749146, 0.5631740093231201, 0.2567610740661621, 0.2935488224029541 
526, 0.2648397982120514, 0.5628938674926758, 0.25670933723449707, 0.2930171489715576 
527, 0.264941930770874, 0.5642240047454834, 0.25671863555908203, 0.2945103645324707 
528, 0.2650435268878937, 0.5655803680419922, 0.25766444206237793, 0.29502296447753906 
529, 0.2651442885398865, 0.5627691745758057, 0.25649499893188477, 0.29345011711120605 
530, 0.2652444541454315, 0.5650064945220947, 0.25742626190185547, 0.2948026657104492 
531, 0.26534390449523926, 0.5626661777496338, 0.2564430236816406, 0.2933623790740967 
532, 0.2654426395893097, 0.5729200839996338, 0.2574315071105957, 0.3027498722076416 
533, 0.26554074883461, 0.5631451606750488, 0.25630950927734375, 0.2939012050628662 
534, 0.2656382620334625, 0.5632646083831787, 0.2564089298248291, 0.2941474914550781 
535, 0.26573503017425537, 0.5622432231903076, 0.25613832473754883, 0.29338788986206055 
536, 0.2658311426639557, 0.5648007392883301, 0.25707030296325684, 0.2949182987213135 
537, 0.26592665910720825, 0.5589549541473389, 0.2562747001647949, 0.2906944751739502 
538, 0.2660214304924011, 0.556757926940918, 0.25429463386535645, 0.29027342796325684 
539, 0.266115665435791, 0.5816817283630371, 0.2718801498413086, 0.2976346015930176 
540, 0.266209214925766, 0.5581991672515869, 0.25418663024902344, 0.2918410301208496 
541, 0.26630210876464844, 0.5601649284362793, 0.25536656379699707, 0.29218316078186035 
542, 0.2663942873477936, 0.5718467235565186, 0.25611376762390137, 0.30289578437805176 
543, 0.2664859890937805, 0.5655655860900879, 0.25733327865600586, 0.29527711868286133 
544, 0.26657694578170776, 0.5643410682678223, 0.25776100158691406, 0.2935922145843506 
545, 0.26666730642318726, 0.5686805248260498, 0.25983309745788574, 0.29486799240112305 
546, 0.2667570114135742, 0.5652873516082764, 0.2576484680175781, 0.29436612129211426 
547, 0.2668462097644806, 0.5642492771148682, 0.2572212219238281, 0.29424476623535156 
548, 0.26693472266197205, 0.5640053749084473, 0.2567906379699707, 0.29421162605285645 
549, 0.2670225203037262, 0.5642974376678467, 0.25750184059143066, 0.2938239574432373 
550, 0.26710981130599976, 0.5646817684173584, 0.257901668548584, 0.2938830852508545 
551, 0.26719650626182556, 0.5644900798797607, 0.2579312324523926, 0.29366087913513184 
552, 0.26728254556655884, 0.5631299018859863, 0.25751829147338867, 0.2927215099334717 
553, 0.26736801862716675, 0.5631203651428223, 0.25691771507263184, 0.2931818962097168 
554, 0.26745283603668213, 0.5593488216400146, 0.25648069381713867, 0.2909691333770752 
555, 0.26753702759742737, 0.554518461227417, 0.25338172912597656, 0.2892296314239502 
556, 0.26762068271636963, 0.5674147605895996, 0.2549257278442383, 0.30054759979248047 
557, 0.26770368218421936, 0.5581169128417969, 0.25267457962036133, 0.29337334632873535 
558, 0.26778602600097656, 0.5579116344451904, 0.2546694278717041, 0.2913219928741455 
559, 0.26786789298057556, 0.5654089450836182, 0.25507307052612305, 0.29841065406799316 
560, 0.2679491341114044, 0.5575478076934814, 0.2535667419433594, 0.29190993309020996 
561, 0.26802974939346313, 0.5585346221923828, 0.25603246688842773, 0.29044628143310547 
562, 0.26810988783836365, 0.5568406581878662, 0.25404977798461914, 0.2905921936035156 
563, 0.26818928122520447, 0.5750186443328857, 0.260695219039917, 0.3018038272857666 
564, 0.2682681679725647, 0.559349775314331, 0.2551560401916504, 0.2915794849395752 
565, 0.2683464288711548, 0.5652143955230713, 0.25954413414001465, 0.292858362197876 
566, 0.26842421293258667, 0.5618729591369629, 0.25530242919921875, 0.2933664321899414 
567, 0.26850125193595886, 0.5608007907867432, 0.255540132522583, 0.2924790382385254 
568, 0.26857781410217285, 0.5609393119812012, 0.25615620613098145, 0.2921292781829834 
569, 0.2686537206172943, 0.5636978149414062, 0.25638723373413086, 0.2945387363433838 
570, 0.26872920989990234, 0.5622255802154541, 0.2564852237701416, 0.29303693771362305 
571, 0.26880398392677307, 0.5594742298126221, 0.25539612770080566, 0.2913796901702881 
572, 0.2688782513141632, 0.5622565746307373, 0.25623083114624023, 0.2932872772216797 
573, 0.2689518928527832, 0.5632729530334473, 0.25672125816345215, 0.29369187355041504 
574, 0.2690249979496002, 0.5725398063659668, 0.2659883499145508, 0.29379773139953613 
575, 0.2690975069999695, 0.560523271560669, 0.25514793395996094, 0.2926928997039795 
576, 0.26916953921318054, 0.5650837421417236, 0.2575113773345947, 0.2953073978424072 
577, 0.26924094557762146, 0.5693087577819824, 0.25925374031066895, 0.2967534065246582 
578, 0.2693118453025818, 0.580977201461792, 0.25964927673339844, 0.3080103397369385 
579, 0.2693819999694824, 0.5728566646575928, 0.2619197368621826, 0.2984127998352051 
580, 0.2694517970085144, 0.5647833347320557, 0.2563753128051758, 0.29319214820861816 
581, 0.269521027803421, 0.5640196800231934, 0.256946325302124, 0.29412388801574707 
582, 0.2695918083190918, 0.5636653900146484, 0.25646090507507324, 0.2943558692932129 
583, 0.2696651518344879, 0.5633769035339355, 0.25626158714294434, 0.2941296100616455 
584, 0.26973775029182434, 0.5750730037689209, 0.25721025466918945, 0.3049633502960205 
585, 0.2698097229003906, 0.5743062496185303, 0.2575418949127197, 0.30460262298583984 
586, 0.2698811888694763, 0.5654923915863037, 0.25737833976745605, 0.2950704097747803 
587, 0.2699519097805023, 0.5666451454162598, 0.2575533390045166, 0.2960686683654785 
588, 0.27002209424972534, 0.5747497081756592, 0.2576165199279785, 0.30413269996643066 
589, 0.27009162306785583, 0.5635290145874023, 0.2563934326171875, 0.2950937747955322 
590, 0.27016061544418335, 0.558974027633667, 0.25570225715637207, 0.2913246154785156 
591, 0.27022895216941833, 0.5562222003936768, 0.25440454483032227, 0.2898445129394531 
592, 0.2702969014644623, 0.6044328212738037, 0.25443077087402344, 0.30094218254089355 
593, 0.27036404609680176, 0.5577733516693115, 0.25594329833984375, 0.2898433208465576 
594, 0.2704305946826935, 0.5575501918792725, 0.2546391487121582, 0.29075074195861816 
595, 0.2704966068267822, 0.5579297542572021, 0.25512194633483887, 0.29075145721435547 
596, 0.2705620527267456, 0.5584032535552979, 0.25461435317993164, 0.29166364669799805 
597, 0.2706269919872284, 0.5585629940032959, 0.2540717124938965, 0.2925119400024414 
598, 0.2706911861896515, 0.5835902690887451, 0.255051851272583, 0.3160073757171631 
599, 0.27075493335723877, 0.5578641891479492, 0.25543975830078125, 0.29037046432495117 
600, 0.2708181142807007, 0.5577895641326904, 0.254314661026001, 0.2913541793823242 
601, 0.27088066935539246, 0.5574250221252441, 0.25438976287841797, 0.2909359931945801 
602, 0.2709425687789917, 0.5575692653656006, 0.2548713684082031, 0.29033422470092773 
603, 0.2710040509700775, 0.5606555938720703, 0.25614142417907715, 0.292039155960083 
604, 0.2710649371147156, 0.5634622573852539, 0.25673842430114746, 0.2935013771057129 
605, 0.27112510800361633, 0.5623288154602051, 0.25565457344055176, 0.29399633407592773 
606, 0.2711849808692932, 0.564561128616333, 0.25750017166137695, 0.2936875820159912 
607, 0.27124398946762085, 0.560711145401001, 0.2553088665008545, 0.2937462329864502 
608, 0.271302729845047, 0.560723066329956, 0.25530552864074707, 0.2924323081970215 
609, 0.2713607847690582, 0.5637454986572266, 0.25754213333129883, 0.293410062789917 
610, 0.27141818404197693, 0.5650184154510498, 0.2569460868835449, 0.2949984073638916 
611, 0.2714753746986389, 0.5688271522521973, 0.2587594985961914, 0.29688572883605957 
612, 0.2715316712856293, 0.5700404644012451, 0.25896382331848145, 0.2978556156158447 
613, 0.27158743143081665, 0.5728573799133301, 0.26061248779296875, 0.2988595962524414 
614, 0.2716428339481354, 0.572382926940918, 0.260714054107666, 0.29833245277404785 
615, 0.2716975510120392, 0.5710766315460205, 0.25996947288513184, 0.29868006706237793 
616, 0.2717517614364624, 0.5717465877532959, 0.25988316535949707, 0.2983543872833252 
617, 0.27180537581443787, 0.5660953521728516, 0.2598609924316406, 0.29320478439331055 
618, 0.2718585431575775, 0.5783770084381104, 0.2627077102661133, 0.3026394844055176 
619, 0.271911084651947, 0.5624332427978516, 0.2558009624481201, 0.29360485076904297 
620, 0.2719634771347046, 0.5637364387512207, 0.25736188888549805, 0.293292760848999 
621, 0.272015780210495, 0.5626423358917236, 0.2560405731201172, 0.29357218742370605 
622, 0.27206751704216003, 0.561901330947876, 0.25610971450805664, 0.29290771484375 
623, 0.2721187472343445, 0.5743210315704346, 0.25725460052490234, 0.30384206771850586 
624, 0.2721693813800812, 0.6063024997711182, 0.2614426612854004, 0.2945365905761719 
625, 0.2722194790840149, 0.5743997097015381, 0.2682318687438965, 0.2941172122955322 
626, 0.2722691297531128, 0.5602772235870361, 0.25705456733703613, 0.29111766815185547 
627, 0.2723183035850525, 0.5626235008239746, 0.25717806816101074, 0.29302239418029785 
628, 0.27236682176589966, 0.5639922618865967, 0.25748419761657715, 0.2941100597381592 
629, 0.2724149525165558, 0.5660300254821777, 0.2576029300689697, 0.29556846618652344 
630, 0.27246251702308655, 0.5720555782318115, 0.2574164867401123, 0.3019247055053711 
631, 0.2725095748901367, 0.5633375644683838, 0.25679779052734375, 0.29388856887817383 
632, 0.272555947303772, 0.5647783279418945, 0.2575838565826416, 0.2943992614746094 
633, 0.27260205149650574, 0.5768778324127197, 0.2565798759460449, 0.30307674407958984 
634, 0.27264755964279175, 0.5648467540740967, 0.25745296478271484, 0.29482579231262207 
635, 0.2726925015449524, 0.5642428398132324, 0.2574436664581299, 0.29442739486694336 
636, 0.2727370262145996, 0.5624890327453613, 0.2554190158843994, 0.29473018646240234 
637, 0.27278098464012146, 0.5652370452880859, 0.2570381164550781, 0.2949514389038086 
638, 0.2728245258331299, 0.5740725994110107, 0.26639246940612793, 0.2946963310241699 
639, 0.2728674113750458, 0.5676860809326172, 0.25583505630493164, 0.29867982864379883 
640, 0.2729077637195587, 0.568105936050415, 0.25792789459228516, 0.2971773147583008 
641, 0.27294671535491943, 0.5686907768249512, 0.2587738037109375, 0.2968788146972656 
642, 0.27298504114151, 0.5637047290802002, 0.25703859329223633, 0.29380321502685547 
643, 0.27302291989326477, 0.5634307861328125, 0.2566823959350586, 0.2938098907470703 
644, 0.2730603516101837, 0.5632286071777344, 0.2572665214538574, 0.29357409477233887 
645, 0.2730972468852997, 0.5742812156677246, 0.2567474842071533, 0.30466365814208984 
646, 0.2731337547302246, 0.5629682540893555, 0.256575345993042, 0.2934870719909668 
647, 0.2731698155403137, 0.5591623783111572, 0.25619959831237793, 0.2909200191497803 
648, 0.2732052803039551, 0.5567631721496582, 0.25442981719970703, 0.2901911735534668 
649, 0.27324044704437256, 0.5564258098602295, 0.2543764114379883, 0.2903099060058594 
650, 0.2732751965522766, 0.557732343673706, 0.25461673736572266, 0.29018163681030273 
651, 0.27330952882766724, 0.5791807174682617, 0.2601807117462158, 0.3059875965118408 
652, 0.27334344387054443, 0.5673432350158691, 0.2580418586730957, 0.29621100425720215 
653, 0.2733769714832306, 0.5649590492248535, 0.25873899459838867, 0.2943897247314453 
654, 0.2734100818634033, 0.5565111637115479, 0.25410008430480957, 0.2904655933380127 
655, 0.2734428346157074, 0.5791940689086914, 0.25389647483825684, 0.3134124279022217 
656, 0.27347519993782043, 0.5576698780059814, 0.25422143936157227, 0.29140257835388184 
657, 0.27350717782974243, 0.5557806491851807, 0.2545294761657715, 0.28929948806762695 
658, 0.2735387980937958, 0.5659680366516113, 0.25427794456481934, 0.29956483840942383 
659, 0.27356988191604614, 0.5559003353118896, 0.25376272201538086, 0.2903001308441162 
660, 0.27360081672668457, 0.5570533275604248, 0.2546048164367676, 0.29027843475341797 
661, 0.27363136410713196, 0.55568528175354, 0.2537119388580322, 0.2899196147918701 
662, 0.2736614942550659, 0.5567245483398438, 0.25420546531677246, 0.2906668186187744 
663, 0.2736912667751312, 0.5559136867523193, 0.2538795471191406, 0.28986406326293945 
664, 0.2737206220626831, 0.5614259243011475, 0.25615644454956055, 0.29273462295532227 
665, 0.27374976873397827, 0.566795825958252, 0.25490236282348633, 0.2999131679534912 
666, 0.2737785875797272, 0.5571784973144531, 0.254077672958374, 0.2906301021575928 
667, 0.27380698919296265, 0.5575554370880127, 0.2543632984161377, 0.2910947799682617 
668, 0.27383506298065186, 0.5595457553863525, 0.2549421787261963, 0.29247450828552246 
669, 0.27386271953582764, 0.5648572444915771, 0.25522923469543457, 0.29637956619262695 
670, 0.27389010787010193, 0.5795097351074219, 0.2550020217895508, 0.31199169158935547 
671, 0.27391719818115234, 0.5655219554901123, 0.2588009834289551, 0.2914278507232666 
672, 0.27394628524780273, 0.5584959983825684, 0.255173921585083, 0.29116034507751465 
673, 0.2739887535572052, 0.5565714836120605, 0.2545456886291504, 0.2899744510650635 
674, 0.2740306854248047, 0.5554399490356445, 0.25421762466430664, 0.28928065299987793 
675, 0.274072527885437, 0.5572834014892578, 0.25499987602233887, 0.2903878688812256 
676, 0.27411386370658875, 0.57808518409729, 0.2546226978302002, 0.31136536598205566 
677, 0.27415481209754944, 0.5613384246826172, 0.25511741638183594, 0.2942180633544922 
678, 0.27419400215148926, 0.5592877864837646, 0.25687718391418457, 0.290386438369751 
679, 0.2742185592651367, 0.5679478645324707, 0.263355016708374, 0.2923696041107178 
680, 0.2742427587509155, 0.5686333179473877, 0.2561991214752197, 0.3004629611968994 
681, 0.27426689863204956, 0.5574212074279785, 0.2544550895690918, 0.290846586227417 
682, 0.2742907702922821, 0.562079668045044, 0.25568628311157227, 0.2941412925720215 
683, 0.27431434392929077, 0.5590949058532715, 0.25496888160705566, 0.29128050804138184 
684, 0.27433761954307556, 0.5633559226989746, 0.2559835910797119, 0.29476237297058105 
685, 0.274360716342926, 0.565192461013794, 0.25708794593811035, 0.29576921463012695 
686, 0.2743833661079407, 0.5617945194244385, 0.2551107406616211, 0.2942075729370117 
687, 0.27440571784973145, 0.5738041400909424, 0.25702667236328125, 0.3041346073150635 
688, 0.2744278907775879, 0.5635371208190918, 0.25717639923095703, 0.2938981056213379 
689, 0.27444949746131897, 0.5642509460449219, 0.25515317916870117, 0.29648804664611816 
690, 0.2744710147380829, 0.5785272121429443, 0.25779056549072266, 0.30779504776000977 
691, 0.2744920551776886, 0.5744574069976807, 0.25726842880249023, 0.30474209785461426 
692, 0.2745126485824585, 0.567190408706665, 0.25886082649230957, 0.2953150272369385 
693, 0.27453306317329407, 0.5671498775482178, 0.2587850093841553, 0.29564452171325684 
694, 0.2745528817176819, 0.5662631988525391, 0.25721001625061035, 0.2961690425872803 
695, 0.27457237243652344, 0.5656299591064453, 0.2565140724182129, 0.29594850540161133 
696, 0.2745915949344635, 0.5767722129821777, 0.2575857639312744, 0.3060593605041504 
697, 0.27461034059524536, 0.56508469581604, 0.25655603408813477, 0.29576969146728516 
698, 0.2746286988258362, 0.566169261932373, 0.25763511657714844, 0.29552364349365234 
699, 0.27464669942855835, 0.576317548751831, 0.25711655616760254, 0.30614662170410156 
700, 0.2746642231941223, 0.5666947364807129, 0.2577524185180664, 0.2957119941711426 
701, 0.2746813893318176, 0.5663366317749023, 0.25789332389831543, 0.29570960998535156 
702, 0.27469825744628906, 0.5741856098175049, 0.2573435306549072, 0.30440187454223633 
703, 0.2747145891189575, 0.5624029636383057, 0.2547798156738281, 0.2952568531036377 
704, 0.2747305631637573, 0.5680041313171387, 0.258176326751709, 0.29676151275634766 
705, 0.2747460603713989, 0.5652444362640381, 0.25719785690307617, 0.2955136299133301 
706, 0.27476125955581665, 0.5787510871887207, 0.26753664016723633, 0.2982668876647949 
707, 0.2747759521007538, 0.5665478706359863, 0.258023738861084, 0.29593801498413086 
708, 0.27479031682014465, 0.5646927356719971, 0.25699949264526367, 0.294818639755249 
709, 0.2748042345046997, 0.5638792514801025, 0.2573893070220947, 0.2942190170288086 
710, 0.2748177945613861, 0.5634188652038574, 0.2571289539337158, 0.2940022945404053 
711, 0.2748308777809143, 0.5609984397888184, 0.2560446262359619, 0.2929348945617676 
712, 0.27484360337257385, 0.5982232093811035, 0.25515198707580566, 0.29454922676086426 
713, 0.2748558521270752, 0.5714373588562012, 0.2650272846221924, 0.2940959930419922 
714, 0.2748677134513855, 0.5643770694732666, 0.2564890384674072, 0.2948946952819824 
715, 0.2748792767524719, 0.5586709976196289, 0.25523829460144043, 0.2913520336151123 
716, 0.27489036321640015, 0.5574285984039307, 0.2539842128753662, 0.29137706756591797 
717, 0.27490103244781494, 0.569098949432373, 0.2545490264892578, 0.30239152908325195 
718, 0.2749112844467163, 0.5580883026123047, 0.25499606132507324, 0.29103732109069824 
719, 0.27492108941078186, 0.5582156181335449, 0.2548048496246338, 0.2914459705352783 
720, 0.2749307155609131, 0.5714831352233887, 0.2546572685241699, 0.30416107177734375 
721, 0.274939626455307, 0.5601751804351807, 0.25559186935424805, 0.29250264167785645 
722, 0.2749483585357666, 0.5590903759002686, 0.2547323703765869, 0.2922401428222656 
723, 0.2749566435813904, 0.5596935749053955, 0.25475215911865234, 0.29280972480773926 
724, 0.27496445178985596, 0.5601725578308105, 0.2555994987487793, 0.29219889640808105 
725, 0.2749730348587036, 0.5610406398773193, 0.2564270496368408, 0.2924935817718506 
726, 0.2749849557876587, 0.5572068691253662, 0.2544844150543213, 0.29056310653686523 
727, 0.2749965786933899, 0.5583717823028564, 0.25494980812072754, 0.2911956310272217 
728, 0.275007426738739, 0.5584747791290283, 0.2557086944580078, 0.290677547454834 
729, 0.27501779794692993, 0.5580737590789795, 0.25504231452941895, 0.29077720642089844 
730, 0.27503275871276855, 0.5591690540313721, 0.25649476051330566, 0.2907252311706543 
731, 0.2750488221645355, 0.5558059215545654, 0.2535700798034668, 0.28983187675476074 
732, 0.2750644087791443, 0.5597460269927979, 0.25493597984313965, 0.2924478054046631 
733, 0.2750795781612396, 0.5708577632904053, 0.25947093963623047, 0.2972836494445801 
734, 0.2750866115093231, 0.5648188591003418, 0.25994133949279785, 0.2920060157775879 
735, 0.27509695291519165, 0.5609340667724609, 0.2565152645111084, 0.29152464866638184 
736, 0.27510687708854675, 0.5662665367126465, 0.2581043243408203, 0.2947230339050293 
737, 0.2751167416572571, 0.5643675327301025, 0.2584984302520752, 0.2929975986480713 
738, 0.27512621879577637, 0.5660183429718018, 0.2585136890411377, 0.29379701614379883 
739, 0.2751356363296509, 0.5655813217163086, 0.25827527046203613, 0.29439496994018555 
740, 0.2751447558403015, 0.5647602081298828, 0.2575814723968506, 0.29421067237854004 
741, 0.27515363693237305, 0.5640048980712891, 0.257035493850708, 0.29402685165405273 
742, 0.2751622796058655, 0.5680258274078369, 0.2588486671447754, 0.2961130142211914 
743, 0.2751706838607788, 0.5688192844390869, 0.2587568759918213, 0.2970924377441406 
744, 0.2751789689064026, 0.5703389644622803, 0.2602531909942627, 0.29713869094848633 
745, 0.2751869559288025, 0.5694966316223145, 0.2602837085723877, 0.29692649841308594 
746, 0.27519476413726807, 0.5644485950469971, 0.2574605941772461, 0.29408907890319824 
747, 0.2752024233341217, 0.5829074382781982, 0.25720834732055664, 0.29176950454711914 
748, 0.27520978450775146, 0.5772490501403809, 0.257951021194458, 0.3063998222351074 
749, 0.2752170264720917, 0.5652730464935303, 0.25792384147644043, 0.2942674160003662 
750, 0.27522391080856323, 0.5630409717559814, 0.2557229995727539, 0.2944822311401367 
751, 0.2752307057380676, 0.5645804405212402, 0.258042573928833, 0.29386115074157715 
752, 0.2752373218536377, 0.5635857582092285, 0.2571561336517334, 0.2937462329864502 
753, 0.2752436101436615, 0.5644872188568115, 0.25785017013549805, 0.2934451103210449 
754, 0.27524977922439575, 0.5636463165283203, 0.25734663009643555, 0.29376745223999023 
755, 0.2752556800842285, 0.5607836246490479, 0.2564809322357178, 0.2919948101043701 
756, 0.27526146173477173, 0.5610134601593018, 0.2548515796661377, 0.2936387062072754 
757, 0.27526867389678955, 0.5591614246368408, 0.25574445724487305, 0.2913680076599121 
758, 0.2752777636051178, 0.557725191116333, 0.2542879581451416, 0.2912156581878662 
759, 0.27528655529022217, 0.5601592063903809, 0.255692720413208, 0.29041314125061035 
760, 0.2752951681613922, 0.5647590160369873, 0.25490522384643555, 0.2970895767211914 
761, 0.27530336380004883, 0.5631163120269775, 0.25711560249328613, 0.2934539318084717 
762, 0.2753114402294159, 0.5651285648345947, 0.2577371597290039, 0.29468226432800293 
763, 0.27531924843788147, 0.5595998764038086, 0.2562553882598877, 0.29116058349609375 
764, 0.2753266990184784, 0.5576298236846924, 0.25428056716918945, 0.2911968231201172 
765, 0.27533382177352905, 0.5723936557769775, 0.2562432289123535, 0.291276216506958 
766, 0.275340735912323, 0.5799219608306885, 0.2723386287689209, 0.29494237899780273 
767, 0.2753473222255707, 0.5636756420135498, 0.2569103240966797, 0.2941610813140869 
768, 0.27535369992256165, 0.5631599426269531, 0.25768089294433594, 0.29346585273742676 
769, 0.27535974979400635, 0.5569562911987305, 0.2549014091491699, 0.2900733947753906 
770, 0.2753654420375824, 0.5705959796905518, 0.255765438079834, 0.3024752140045166 
771, 0.27537107467651367, 0.5575077533721924, 0.2551751136779785, 0.2903938293457031 
772, 0.2753762900829315, 0.5590169429779053, 0.25403833389282227, 0.2928588390350342 
773, 0.2753812372684479, 0.5609109401702881, 0.256671667098999, 0.29174351692199707 
774, 0.27538585662841797, 0.5620293617248535, 0.25640058517456055, 0.29265284538269043 
775, 0.27539026737213135, 0.5641789436340332, 0.25745153427124023, 0.29392290115356445 
776, 0.27539438009262085, 0.562192440032959, 0.25660061836242676, 0.29258155822753906 
777, 0.27539825439453125, 0.5649840831756592, 0.25713610649108887, 0.2948944568634033 
778, 0.2754017412662506, 0.5632684230804443, 0.2568197250366211, 0.2931210994720459 
779, 0.2754051685333252, 0.5725295543670654, 0.2562730312347412, 0.30337023735046387 
780, 0.2754080295562744, 0.5669693946838379, 0.2570333480834961, 0.2966804504394531 
781, 0.27541083097457886, 0.5631849765777588, 0.25612306594848633, 0.2941923141479492 
782, 0.2754133343696594, 0.5629663467407227, 0.2562236785888672, 0.2934129238128662 
783, 0.2754155397415161, 0.5656270980834961, 0.25763702392578125, 0.29499173164367676 
784, 0.2754174470901489, 0.5638463497161865, 0.25749921798706055, 0.29339599609375 
785, 0.27541911602020264, 0.5630555152893066, 0.25723814964294434, 0.29291486740112305 
786, 0.2754186987876892, 0.5602607727050781, 0.25818395614624023, 0.29021716117858887 
787, 0.2754147946834564, 0.5554635524749756, 0.25353288650512695, 0.28956055641174316 
788, 0.275410532951355, 0.5579319000244141, 0.2552151679992676, 0.2905392646789551 
789, 0.2754060626029968, 0.5579135417938232, 0.25536060333251953, 0.29056882858276367 
790, 0.2754013240337372, 0.5563983917236328, 0.25464749336242676, 0.28934788703918457 
791, 0.2753964066505432, 0.5575900077819824, 0.25455641746520996, 0.2911806106567383 
792, 0.275391161441803, 0.5582711696624756, 0.2557666301727295, 0.2899906635284424 
793, 0.27538561820983887, 0.5590493679046631, 0.25575876235961914, 0.2911403179168701 
794, 0.2753799557685852, 0.5583856105804443, 0.25585317611694336, 0.2904176712036133 
795, 0.27537405490875244, 0.5594017505645752, 0.2565033435821533, 0.2907378673553467 
796, 0.2753680646419525, 0.5568466186523438, 0.2548074722290039, 0.2899031639099121 
797, 0.2753615975379944, 0.556710958480835, 0.25435328483581543, 0.2904531955718994 
798, 0.27535492181777954, 0.6299400329589844, 0.2549879550933838, 0.29666662216186523 
799, 0.2753479480743408, 0.5639994144439697, 0.2616405487060547, 0.29033470153808594 
800, 0.27534088492393494, 0.567253589630127, 0.2645723819732666, 0.2905247211456299 
801, 0.2753336429595947, 0.5577025413513184, 0.2557089328765869, 0.28991007804870605 
802, 0.2753258943557739, 0.5600996017456055, 0.25603747367858887, 0.29076695442199707 
803, 0.27531805634498596, 0.5715560913085938, 0.2571830749511719, 0.30159950256347656 
804, 0.2753099799156189, 0.5626795291900635, 0.25760817527770996, 0.2927236557006836 
805, 0.2753017842769623, 0.562178373336792, 0.2568624019622803, 0.29254817962646484 
806, 0.27529335021972656, 0.5635292530059814, 0.2571535110473633, 0.2940523624420166 
807, 0.27528443932533264, 0.5745043754577637, 0.25783514976501465, 0.30324268341064453 
808, 0.27527543902397156, 0.5656917095184326, 0.2583451271057129, 0.29474902153015137 
809, 0.275266170501709, 0.5648682117462158, 0.25749731063842773, 0.29500555992126465 
810, 0.27525681257247925, 0.5607578754425049, 0.2559385299682617, 0.2922043800354004 
811, 0.27524706721305847, 0.560565710067749, 0.25521063804626465, 0.29314708709716797 
812, 0.27523714303970337, 0.5617108345031738, 0.2569096088409424, 0.29271531105041504 
813, 0.275226891040802, 0.5722413063049316, 0.2552158832550049, 0.30438947677612305 
814, 0.27521663904190063, 0.5624778270721436, 0.25695109367370605, 0.29338717460632324 
815, 0.27521228790283203, 0.5607640743255615, 0.25667595863342285, 0.29194211959838867 
816, 0.2752143144607544, 0.5616376399993896, 0.2567460536956787, 0.29247379302978516 
817, 0.27521592378616333, 0.562084436416626, 0.25664806365966797, 0.2930140495300293 
818, 0.2752174139022827, 0.5617167949676514, 0.25632667541503906, 0.2931365966796875 
819, 0.2752184271812439, 0.5687131881713867, 0.2568356990814209, 0.2992887496948242 
820, 0.2752193808555603, 0.5634200572967529, 0.25797128677368164, 0.29335808753967285 
821, 0.27522003650665283, 0.5667455196380615, 0.25839805603027344, 0.2954695224761963 
822, 0.27522042393684387, 0.5679888725280762, 0.25873756408691406, 0.29622483253479004 
823, 0.2752205729484558, 0.5685021877288818, 0.2592649459838867, 0.2958860397338867 
824, 0.2752203345298767, 0.568925142288208, 0.259324312210083, 0.2965121269226074 
825, 0.27522003650665283, 0.5718424320220947, 0.2600414752960205, 0.29869937896728516 
826, 0.2752193510532379, 0.5713145732879639, 0.26030397415161133, 0.29796385765075684 
827, 0.27521851658821106, 0.5707390308380127, 0.2607755661010742, 0.2967846393585205 
828, 0.2752173840999603, 0.5705211162567139, 0.2603335380554199, 0.29709887504577637 
829, 0.2752159535884857, 0.5638391971588135, 0.2580235004425049, 0.293346643447876 
830, 0.2752143442630768, 0.560565710067749, 0.25682616233825684, 0.2917754650115967 
831, 0.27521246671676636, 0.5606536865234375, 0.25563836097717285, 0.2926614284515381 
832, 0.2752104103565216, 0.5619864463806152, 0.2568376064300537, 0.292722225189209 
833, 0.275208055973053, 0.5634880065917969, 0.25766897201538086, 0.29343390464782715 
834, 0.2752056121826172, 0.5635137557983398, 0.2574014663696289, 0.2936577796936035 
835, 0.2752026915550232, 0.5631282329559326, 0.2562599182128906, 0.2941412925720215 
836, 0.2751994729042053, 0.5635209083557129, 0.25829195976257324, 0.29262208938598633 
837, 0.2751961946487427, 0.564723014831543, 0.25693607330322266, 0.29515600204467773 
838, 0.2751927375793457, 0.5712699890136719, 0.2569105625152588, 0.3018064498901367 
839, 0.27518898248672485, 0.5632691383361816, 0.25673437118530273, 0.29376649856567383 
840, 0.2751850485801697, 0.5647289752960205, 0.257993221282959, 0.2944953441619873 
841, 0.2751806974411011, 0.5620222091674805, 0.2566046714782715, 0.29292750358581543 
842, 0.27517613768577576, 0.5627603530883789, 0.25720930099487305, 0.2930610179901123 
843, 0.27517151832580566, 0.5626280307769775, 0.2570369243621826, 0.29317712783813477 
844, 0.27516645193099976, 0.5631434917449951, 0.257307767868042, 0.2940545082092285 
845, 0.27516135573387146, 0.5615324974060059, 0.2555694580078125, 0.2930145263671875 
846, 0.27515602111816406, 0.5637869834899902, 0.25780582427978516, 0.2936434745788574 
847, 0.2751502990722656, 0.5623133182525635, 0.25644397735595703, 0.2933652400970459 
848, 0.2751445174217224, 0.5603587627410889, 0.2573087215423584, 0.2909722328186035 
849, 0.2751384973526001, 0.5604982376098633, 0.25614023208618164, 0.29212021827697754 
850, 0.27513208985328674, 0.5626876354217529, 0.25673341751098633, 0.29329657554626465 
851, 0.2751401960849762, 0.5619609355926514, 0.2565639019012451, 0.2915918827056885 
852, 0.27514857053756714, 0.5794534683227539, 0.2576866149902344, 0.2927711009979248 
853, 0.2751569151878357, 0.565812349319458, 0.26012682914733887, 0.2930467128753662 
854, 0.2751651704311371, 0.5603525638580322, 0.2566652297973633, 0.2912294864654541 
855, 0.27517324686050415, 0.5612983703613281, 0.2567756175994873, 0.29196810722351074 
856, 0.2751811146736145, 0.5678396224975586, 0.2584116458892822, 0.2968266010284424 
857, 0.2751888632774353, 0.5627243518829346, 0.25685977935791016, 0.29323387145996094 
858, 0.2751964330673218, 0.5636539459228516, 0.2569732666015625, 0.29411983489990234 
859, 0.2752037048339844, 0.562882661819458, 0.25712156295776367, 0.29270482063293457 
860, 0.2752109169960022, 0.5681321620941162, 0.2578699588775635, 0.2972855567932129 
861, 0.27521783113479614, 0.5687406063079834, 0.25882887840270996, 0.29717183113098145 
862, 0.2752246856689453, 0.5797405242919922, 0.27024102210998535, 0.296466588973999 
863, 0.2752312421798706, 0.572289228439331, 0.2605245113372803, 0.2984440326690674 
864, 0.2752377390861511, 0.5669443607330322, 0.2596726417541504, 0.2944636344909668 
865, 0.2752439081668854, 0.5610237121582031, 0.2565138339996338, 0.29176878929138184 
866, 0.27524998784065247, 0.5633244514465332, 0.2571296691894531, 0.2940647602081299 
867, 0.2752557694911957, 0.5607321262359619, 0.2552297115325928, 0.29253411293029785 
868, 0.2752613425254822, 0.5647974014282227, 0.25768566131591797, 0.29421019554138184 
869, 0.27526676654815674, 0.5755398273468018, 0.26789426803588867, 0.294771671295166 
870, 0.27527183294296265, 0.5668013095855713, 0.2585866451263428, 0.2952461242675781 
871, 0.27527689933776855, 0.5743522644042969, 0.257432222366333, 0.30412864685058594 
872, 0.27528154850006104, 0.5657608509063721, 0.2574763298034668, 0.2955625057220459 
873, 0.27528613805770874, 0.5671954154968262, 0.2575068473815918, 0.29665374755859375 
874, 0.2752905488014221, 0.5636003017425537, 0.2573390007019043, 0.2938995361328125 
875, 0.2752947509288788, 0.5635435581207275, 0.25775146484375, 0.2932851314544678 
876, 0.2752986550331116, 0.5605213642120361, 0.25727057456970215, 0.2912425994873047 
877, 0.2753022313117981, 0.5593643188476562, 0.25612759590148926, 0.2908494472503662 
878, 0.2753058075904846, 0.5587246417999268, 0.2559206485748291, 0.2908284664154053 
879, 0.2753089666366577, 0.5575406551361084, 0.2555568218231201, 0.289935827255249 
880, 0.2753121256828308, 0.5578954219818115, 0.255873441696167, 0.28994011878967285 
881, 0.2753150165081024, 0.5558702945709229, 0.25431323051452637, 0.2895839214324951 
882, 0.2753177285194397, 0.5574460029602051, 0.25570154190063477, 0.28971171379089355 
883, 0.2753202021121979, 0.5554244518280029, 0.25376296043395996, 0.28966450691223145 
884, 0.27532246708869934, 0.5564472675323486, 0.25493383407592773, 0.28933215141296387 
885, 0.2753244638442993, 0.555335521697998, 0.2536630630493164, 0.28986430168151855 
886, 0.2753262519836426, 0.5667309761047363, 0.25576281547546387, 0.2991161346435547 
887, 0.2753279209136963, 0.5572366714477539, 0.25533199310302734, 0.2900569438934326 
888, 0.27532926201820374, 0.554166316986084, 0.2547187805175781, 0.28757286071777344 
889, 0.275330513715744, 0.5574681758880615, 0.2552638053894043, 0.29029226303100586 
890, 0.2753315269947052, 0.5561542510986328, 0.255171537399292, 0.2890634536743164 
891, 0.2753323018550873, 0.5591511726379395, 0.25489163398742676, 0.2911818027496338 
892, 0.2753329277038574, 0.5618112087249756, 0.25705766677856445, 0.29233860969543457 
893, 0.2753332853317261, 0.5622422695159912, 0.2585885524749756, 0.29126596450805664 
894, 0.2753334045410156, 0.5632748603820801, 0.25722670555114746, 0.2937188148498535 
895, 0.2753334045410156, 0.5633950233459473, 0.2576484680175781, 0.29344773292541504 
896, 0.2753331959247589, 0.561852216720581, 0.2571382522583008, 0.29298853874206543 
897, 0.2753327488899231, 0.5607221126556396, 0.2559669017791748, 0.29256176948547363 
898, 0.2753322124481201, 0.5601685047149658, 0.2552149295806885, 0.29247379302978516 
899, 0.2753313183784485, 0.6609792709350586, 0.25597548484802246, 0.29325032234191895 
900, 0.2753303349018097, 0.5665030479431152, 0.2644224166870117, 0.2896087169647217 
901, 0.2753291130065918, 0.5582048892974854, 0.25560545921325684, 0.2906627655029297 
902, 0.27532774209976196, 0.5543253421783447, 0.25395679473876953, 0.28788232803344727 
903, 0.27532607316970825, 0.5665562152862549, 0.25434350967407227, 0.3003120422363281 
904, 0.27532437443733215, 0.5563805103302002, 0.2549588680267334, 0.2895476818084717 
905, 0.2753223180770874, 0.554823637008667, 0.254227876663208, 0.28872132301330566 
906, 0.2753201127052307, 0.5540404319763184, 0.2535390853881836, 0.2884695529937744 
907, 0.2753177583217621, 0.5553474426269531, 0.2551274299621582, 0.28820371627807617 
908, 0.27531516551971436, 0.5554301738739014, 0.25453877449035645, 0.28893327713012695 
909, 0.27531251311302185, 0.5621376037597656, 0.2563927173614502, 0.29317641258239746 
910, 0.2753107249736786, 0.5724086761474609, 0.26702094078063965, 0.29250216484069824 
911, 0.27530986070632935, 0.5634980201721191, 0.25707244873046875, 0.2937510013580322 
912, 0.2753089666366577, 0.5606496334075928, 0.2562403678894043, 0.2925682067871094 
913, 0.27530810236930847, 0.5578045845031738, 0.25547051429748535, 0.28989386558532715 
914, 0.2753069996833801, 0.5574667453765869, 0.2546558380126953, 0.29091644287109375 
915, 0.27530592679977417, 0.5586340427398682, 0.25447940826416016, 0.2920827865600586 
916, 0.27530473470687866, 0.561042308807373, 0.256563663482666, 0.2926602363586426 
917, 0.2753034830093384, 0.566655158996582, 0.2549400329589844, 0.29918980598449707 
918, 0.2753022313117981, 0.5558326244354248, 0.2542276382446289, 0.289548397064209 
919, 0.2753007113933563, 0.55845046043396, 0.25438451766967773, 0.2921159267425537 
920, 0.27529916167259216, 0.5576777458190918, 0.2542579174041748, 0.29129528999328613 
921, 0.2752974331378937, 0.5554349422454834, 0.2544882297515869, 0.28905224800109863 
922, 0.27529585361480713, 0.5562310218811035, 0.25534725189208984, 0.2888050079345703 
923, 0.2752937078475952, 0.5559608936309814, 0.2549407482147217, 0.28911280632019043 
924, 0.27529171109199524, 0.5557613372802734, 0.2549450397491455, 0.2888507843017578 
925, 0.2752896547317505, 0.5591332912445068, 0.2534770965576172, 0.2928130626678467 
926, 0.275292307138443, 0.5603740215301514, 0.2554285526275635, 0.2925088405609131 
927, 0.27530795335769653, 0.5621466636657715, 0.2562854290008545, 0.293231725692749 
928, 0.2753234803676605, 0.5716745853424072, 0.2618589401245117, 0.2972450256347656 
929, 0.2753390669822693, 0.5615613460540771, 0.2555994987487793, 0.2925746440887451 
930, 0.2753545045852661, 0.5610153675079346, 0.25598859786987305, 0.29293203353881836 
931, 0.27536970376968384, 0.5651419162750244, 0.2585182189941406, 0.29354143142700195 
932, 0.2753850221633911, 0.5611484050750732, 0.2558596134185791, 0.2924842834472656 
933, 0.27540019154548645, 0.5632648468017578, 0.25697922706604004, 0.29297518730163574 
934, 0.2754153609275818, 0.5676789283752441, 0.25849127769470215, 0.29619526863098145 
935, 0.2754303514957428, 0.5704002380371094, 0.2613203525543213, 0.29609012603759766 
936, 0.2754453420639038, 0.5649580955505371, 0.25790977478027344, 0.29491662979125977 
937, 0.27546027302742004, 0.5668578147888184, 0.25855350494384766, 0.29551005363464355 
938, 0.27547508478164673, 0.5642857551574707, 0.25826120376586914, 0.29385852813720703 
939, 0.2754898965358734, 0.5727849006652832, 0.2560844421386719, 0.30411434173583984 
940, 0.27550458908081055, 0.5631015300750732, 0.2569844722747803, 0.29409027099609375 
941, 0.27551931142807007, 0.5644068717956543, 0.25721216201782227, 0.29425668716430664 
942, 0.2755337357521057, 0.5661647319793701, 0.25847578048706055, 0.2947068214416504 
943, 0.2755482494831085, 0.5671956539154053, 0.25791239738464355, 0.29630041122436523 
944, 0.2755626440048218, 0.5713014602661133, 0.259366512298584, 0.298919677734375 
945, 0.2755770683288574, 0.5732622146606445, 0.2597649097442627, 0.3001377582550049 
946, 0.2755913734436035, 0.5713555812835693, 0.2611734867095947, 0.29761600494384766 
947, 0.27560555934906006, 0.5670435428619385, 0.2580597400665283, 0.2959613800048828 
948, 0.2756197452545166, 0.5672228336334229, 0.25800013542175293, 0.2961082458496094 
949, 0.2756337821483612, 0.5815579891204834, 0.2611973285675049, 0.3078727722167969 
950, 0.2756478786468506, 0.5648057460784912, 0.25826597213745117, 0.2940480709075928 
951, 0.27566179633140564, 0.5642409324645996, 0.2572517395019531, 0.29352879524230957 
952, 0.2756757140159607, 0.5645244121551514, 0.25804877281188965, 0.29444050788879395 
953, 0.2756895124912262, 0.5744690895080566, 0.2607874870300293, 0.2998044490814209 
954, 0.27570319175720215, 0.5760636329650879, 0.2670137882232666, 0.2959775924682617 
955, 0.275714635848999, 0.5644989013671875, 0.25826263427734375, 0.29357409477233887 
956, 0.2757209837436676, 0.574016809463501, 0.25771212577819824, 0.3036224842071533 
957, 0.2757272720336914, 0.5643401145935059, 0.25769758224487305, 0.2942469120025635 
958, 0.27573341131210327, 0.5650334358215332, 0.2577953338623047, 0.294558048248291 
959, 0.27573949098587036, 0.5643789768218994, 0.2578864097595215, 0.29381632804870605 
960, 0.275745689868927, 0.5622923374176025, 0.25812649726867676, 0.2917044162750244 
961, 0.27575165033340454, 0.5586357116699219, 0.25667881965637207, 0.29000377655029297 
962, 0.27575749158859253, 0.5661735534667969, 0.25701451301574707, 0.2965812683105469 
963, 0.2757633924484253, 0.5620748996734619, 0.2572646141052246, 0.2922840118408203 
964, 0.2757691740989685, 0.5634927749633789, 0.2570335865020752, 0.29361724853515625 
965, 0.27577492594718933, 0.5655112266540527, 0.25788354873657227, 0.2946937084197998 
966, 0.27578067779541016, 0.5651874542236328, 0.25838494300842285, 0.2938265800476074 
967, 0.27578628063201904, 0.5670332908630371, 0.25919055938720703, 0.2948768138885498 
968, 0.2757917046546936, 0.5769045352935791, 0.26927876472473145, 0.29471659660339355 
969, 0.2757972180843353, 0.5669333934783936, 0.25940394401550293, 0.29462504386901855 
970, 0.2758025527000427, 0.5619716644287109, 0.25789332389831543, 0.2913060188293457 
971, 0.27580782771110535, 0.5683760643005371, 0.26098060607910156, 0.29433774948120117 
972, 0.2758130431175232, 0.5652425289154053, 0.25842857360839844, 0.29378437995910645 
973, 0.2758183777332306, 0.5605142116546631, 0.25809240341186523, 0.289595365524292 
974, 0.2758234739303589, 0.5600500106811523, 0.2567884922027588, 0.2915043830871582 
975, 0.2758280038833618, 0.5642421245574951, 0.2569594383239746, 0.2945060729980469 
976, 0.275829017162323, 0.563868522644043, 0.2565610408782959, 0.29442477226257324 
977, 0.2758297920227051, 0.5747365951538086, 0.2571887969970703, 0.30477213859558105 
978, 0.27583956718444824, 0.5624780654907227, 0.2560882568359375, 0.2938547134399414 
979, 0.27585887908935547, 0.5630559921264648, 0.2566537857055664, 0.29344749450683594 
980, 0.27587825059890747, 0.5734424591064453, 0.2560899257659912, 0.30446577072143555 
981, 0.2758975923061371, 0.5646519660949707, 0.2577214241027832, 0.29398059844970703 
982, 0.2759169936180115, 0.5646789073944092, 0.2577183246612549, 0.2942543029785156 
983, 0.2759363055229187, 0.5652909278869629, 0.25847291946411133, 0.29382777214050293 
984, 0.27595579624176025, 0.5648252964019775, 0.2570531368255615, 0.2947392463684082 
985, 0.27597540616989136, 0.566657543182373, 0.2584383487701416, 0.2947957515716553 
986, 0.27599480748176575, 0.566845178604126, 0.25812721252441406, 0.29471445083618164 
987, 0.2760143578052521, 0.5696547031402588, 0.2594277858734131, 0.29673099517822266 
988, 0.27603381872177124, 0.5749237537384033, 0.2592167854309082, 0.29763245582580566 
989, 0.27605339884757996, 0.5815079212188721, 0.2597627639770508, 0.3082296848297119 
990, 0.2760728597640991, 0.5700201988220215, 0.2604689598083496, 0.29656100273132324 
991, 0.2760923504829407, 0.5652060508728027, 0.2597358226776123, 0.29294323921203613 
992, 0.2761118412017822, 0.5622923374176025, 0.2570469379425049, 0.29283976554870605 
993, 0.27613145112991333, 0.564692497253418, 0.2569923400878906, 0.29491519927978516 
994, 0.27615082263946533, 0.5631246566772461, 0.2573573589324951, 0.2934868335723877 
995, 0.27617037296295166, 0.5713937282562256, 0.2567317485809326, 0.3023240566253662 
996, 0.2761898934841156, 0.557314395904541, 0.2557518482208252, 0.2896263599395752 
997, 0.27620935440063477, 0.5604586601257324, 0.25445079803466797, 0.29323434829711914 
998, 0.2762288451194763, 0.5624964237213135, 0.2568225860595703, 0.293032169342041 
999, 0.27624833583831787, 0.5607471466064453, 0.2569847106933594, 0.2922072410583496 
