Iteration, loss, time 
0, 1.0577775239944458, 7.207449913024902, 3.5214896202087402, 3.678253412246704 
1, 1.0154987573623657, 6.961899042129517, 3.1973087787628174, 3.7593116760253906 
2, 0.9771847724914551, 6.80078649520874, 3.0530169010162354, 3.742940902709961 
3, 0.9401634931564331, 6.6928136348724365, 3.023660659790039, 3.664181709289551 
4, 0.903255820274353, 6.743767023086548, 3.2013139724731445, 3.5378212928771973 
5, 0.8668454885482788, 6.8884453773498535, 3.101980447769165, 3.7799787521362305 
6, 0.8306564092636108, 6.785140752792358, 3.185863494873047, 3.594085454940796 
7, 0.7951432466506958, 6.708601236343384, 3.2157533168792725, 3.4878036975860596 
8, 0.761195182800293, 6.361530303955078, 2.9211771488189697, 3.427021026611328 
9, 0.7267701625823975, 6.41260838508606, 3.026535987854004, 3.3730199337005615 
