Iteration, loss, time 
0, 1.4980218410491943, 1.6966063976287842, 0.8765394687652588, 0.78790283203125 
1, 1.452195167541504, 1.6166419982910156, 0.7924802303314209, 0.792938232421875 
2, 1.4073965549468994, 1.6160564422607422, 0.7891561985015869, 0.7950839996337891 
3, 1.3636661767959595, 1.6218554973602295, 0.807856559753418, 0.7830071449279785 
4, 1.3210417032241821, 1.6092369556427002, 0.8098800182342529, 0.7689557075500488 
5, 1.2795541286468506, 1.616014003753662, 0.7926456928253174, 0.7919549942016602 
6, 1.2392324209213257, 1.6344242095947266, 0.8032505512237549, 0.8001327514648438 
7, 1.2000985145568848, 1.6599278450012207, 0.8218293190002441, 0.807124137878418 
8, 1.162176489830017, 1.6116979122161865, 0.7915713787078857, 0.7888476848602295 
9, 1.1254793405532837, 1.6561996936798096, 0.8054382801055908, 0.8190054893493652 
10, 1.0900189876556396, 1.6929235458374023, 0.8290364742279053, 0.8316314220428467 
11, 1.0558016300201416, 1.6897408962249756, 0.8506379127502441, 0.807884693145752 
12, 1.0225895643234253, 1.6529195308685303, 0.8264482021331787, 0.794858455657959 
13, 0.9900848865509033, 1.638864517211914, 0.8066275119781494, 0.8008480072021484 
14, 0.9588251709938049, 1.6726253032684326, 0.799487829208374, 0.8403258323669434 
15, 0.9287976622581482, 1.6426870822906494, 0.8259813785552979, 0.7856237888336182 
16, 0.8999898433685303, 1.6440811157226562, 0.8029406070709229, 0.8091578483581543 
17, 0.8723859190940857, 1.648324728012085, 0.8172671794891357, 0.797680139541626 
18, 0.8459644317626953, 1.6872389316558838, 0.8560957908630371, 0.7992398738861084 
19, 0.8207041025161743, 1.676468849182129, 0.830164909362793, 0.814486026763916 
20, 0.7965816259384155, 1.6271374225616455, 0.802424430847168, 0.7932558059692383 
21, 0.7735692858695984, 1.6685004234313965, 0.8151125907897949, 0.8202567100524902 
22, 0.7516169548034668, 1.7004358768463135, 0.8499026298522949, 0.8173353672027588 
23, 0.7305187582969666, 1.687638521194458, 0.8182146549224854, 0.8378996849060059 
24, 0.7104219198226929, 1.6634738445281982, 0.8255507946014404, 0.8061552047729492 
25, 0.6912909150123596, 1.6831064224243164, 0.8308389186859131, 0.8197712898254395 
26, 0.6730943918228149, 1.6770005226135254, 0.8313522338867188, 0.8143460750579834 
27, 0.6557948589324951, 1.6282546520233154, 0.8056352138519287, 0.7914388179779053 
28, 0.6393600702285767, 1.626833438873291, 0.7956969738006592, 0.8007557392120361 
29, 0.6237550973892212, 1.68017578125, 0.808769702911377, 0.8387365341186523 
30, 0.6089443564414978, 1.642418384552002, 0.8183043003082275, 0.793647050857544 
31, 0.5948953628540039, 1.6026556491851807, 0.7888491153717041, 0.7818796634674072 
32, 0.5815734267234802, 1.6274330615997314, 0.7989771366119385, 0.7978348731994629 
33, 0.568946123123169, 1.6631767749786377, 0.8172347545623779, 0.8138899803161621 
34, 0.556293249130249, 1.649726390838623, 0.8136131763458252, 0.8041367530822754 
35, 0.5433418154716492, 1.6474413871765137, 0.8030495643615723, 0.8120646476745605 
36, 0.5310716032981873, 1.695608377456665, 0.8522922992706299, 0.8108787536621094 
37, 0.5194516181945801, 1.7322416305541992, 0.8820443153381348, 0.8179924488067627 
38, 0.5084512233734131, 1.692040205001831, 0.8668296337127686, 0.7937135696411133 
39, 0.49749213457107544, 1.711087703704834, 0.8564736843109131, 0.8219411373138428 
40, 0.4865938127040863, 1.7349750995635986, 0.8581202030181885, 0.8446714878082275 
41, 0.47619542479515076, 1.7204608917236328, 0.8567619323730469, 0.8320479393005371 
42, 0.466274231672287, 1.7103710174560547, 0.8440473079681396, 0.8347992897033691 
43, 0.4568105936050415, 1.6647987365722656, 0.8303372859954834, 0.8033201694488525 
44, 0.4477551281452179, 1.7537007331848145, 0.879080057144165, 0.8425755500793457 
45, 0.4391289949417114, 1.711512804031372, 0.8714332580566406, 0.808192253112793 
46, 0.43091991543769836, 1.6879806518554688, 0.8371617794036865, 0.8199424743652344 
47, 0.4231089651584625, 1.6594059467315674, 0.8225007057189941, 0.8035891056060791 
48, 0.4156777858734131, 1.7497553825378418, 0.8809146881103516, 0.8358433246612549 
49, 0.4086090326309204, 1.6961281299591064, 0.8554186820983887, 0.8076097965240479 
50, 0.401827335357666, 1.6885120868682861, 0.858696460723877, 0.7982268333435059 
51, 0.3949989080429077, 1.703129768371582, 0.8511404991149902, 0.8190956115722656 
52, 0.3884275555610657, 1.718104362487793, 0.852405309677124, 0.8341059684753418 
53, 0.3819895088672638, 1.6589980125427246, 0.8360927104949951, 0.7916159629821777 
54, 0.375474750995636, 1.6600821018218994, 0.8348455429077148, 0.7943787574768066 
55, 0.3692556321620941, 1.6772098541259766, 0.8314673900604248, 0.8126859664916992 
56, 0.36325889825820923, 1.7248172760009766, 0.8594934940338135, 0.8317382335662842 
57, 0.35745036602020264, 1.7486112117767334, 0.8778958320617676, 0.8377163410186768 
58, 0.351689875125885, 1.7362372875213623, 0.8588957786560059, 0.8442745208740234 
59, 0.3458879590034485, 1.7803928852081299, 0.8851850032806396, 0.8586840629577637 
60, 0.33995044231414795, 1.76448392868042, 0.8726005554199219, 0.8604650497436523 
61, 0.33426403999328613, 1.7701005935668945, 0.8772628307342529, 0.8597490787506104 
62, 0.328802227973938, 1.7758402824401855, 0.8696789741516113, 0.8722546100616455 
63, 0.32343435287475586, 1.7877297401428223, 0.878596305847168, 0.8732690811157227 
64, 0.3182834982872009, 1.7801597118377686, 0.870558500289917, 0.8758716583251953 
65, 0.31334152817726135, 1.765028715133667, 0.8676464557647705, 0.8646221160888672 
66, 0.30867865681648254, 1.7683026790618896, 0.8647744655609131, 0.870574951171875 
67, 0.30435192584991455, 1.7240030765533447, 0.8547630310058594, 0.8359541893005371 
68, 0.300176203250885, 1.7221794128417969, 0.8787648677825928, 0.8128387928009033 
69, 0.2960352897644043, 1.7029824256896973, 0.8429868221282959, 0.8250596523284912 
70, 0.2920632064342499, 1.7457268238067627, 0.8848340511322021, 0.8298592567443848 
71, 0.2882000803947449, 1.6825075149536133, 0.8355212211608887, 0.8167884349822998 
72, 0.28449517488479614, 1.665198564529419, 0.810863733291626, 0.8230223655700684 
73, 0.28067612648010254, 1.694563865661621, 0.8289511203765869, 0.8331422805786133 
74, 0.2770238518714905, 1.7649915218353271, 0.8869409561157227, 0.8452446460723877 
75, 0.2738061845302582, 1.767012596130371, 0.8734047412872314, 0.8616728782653809 
76, 0.2704719305038452, 1.7866086959838867, 0.8866448402404785, 0.8677859306335449 
77, 0.26723113656044006, 1.7935781478881836, 0.879302978515625, 0.881145715713501 
78, 0.2641897201538086, 1.7587838172912598, 0.8836650848388672, 0.844567060470581 
79, 0.26127785444259644, 1.7072854042053223, 0.850839376449585, 0.8241796493530273 
80, 0.25848478078842163, 1.7349543571472168, 0.8751997947692871, 0.8291940689086914 
81, 0.2559504806995392, 1.799403429031372, 0.901714563369751, 0.8640289306640625 
82, 0.25354939699172974, 1.7980968952178955, 0.8968021869659424, 0.8686795234680176 
83, 0.2512422204017639, 1.8102784156799316, 0.9100329875946045, 0.8667962551116943 
84, 0.2490280568599701, 1.79012131690979, 0.8714966773986816, 0.8859455585479736 
85, 0.24675066769123077, 1.8588972091674805, 0.9445569515228271, 0.8803613185882568 
86, 0.2444838583469391, 1.8117544651031494, 0.911445140838623, 0.8659844398498535 
87, 0.24230879545211792, 1.8299121856689453, 0.9145803451538086, 0.8818824291229248 
88, 0.24022182822227478, 1.8701770305633545, 0.9283826351165771, 0.9069418907165527 
89, 0.23814967274665833, 1.8388047218322754, 0.9287457466125488, 0.8770241737365723 
90, 0.23616239428520203, 1.7726352214813232, 0.8739979267120361, 0.8661601543426514 
91, 0.23421786725521088, 1.768810510635376, 0.877281665802002, 0.8583416938781738 
92, 0.23225778341293335, 1.801983118057251, 0.9179549217224121, 0.8516314029693604 
93, 0.23036396503448486, 1.7833120822906494, 0.9041934013366699, 0.8472416400909424 
94, 0.2281235307455063, 1.7790861129760742, 0.8843300342559814, 0.8627638816833496 
95, 0.22586995363235474, 1.8504557609558105, 0.9293217658996582, 0.8876991271972656 
96, 0.223693385720253, 1.8008441925048828, 0.9097287654876709, 0.8589890003204346 
97, 0.2215486764907837, 1.809800148010254, 0.933234691619873, 0.8439123630523682 
98, 0.219218909740448, 1.8276116847991943, 0.9320235252380371, 0.8624467849731445 
99, 0.21692056953907013, 1.847614049911499, 0.9449620246887207, 0.8707304000854492 
100, 0.21464860439300537, 1.8114707469940186, 0.9169859886169434, 0.8623981475830078 
101, 0.21245166659355164, 1.7920174598693848, 0.9061386585235596, 0.8546490669250488 
102, 0.2103121280670166, 1.840099573135376, 0.9182100296020508, 0.8896114826202393 
103, 0.20817400515079498, 1.8176836967468262, 0.9161343574523926, 0.868506908416748 
104, 0.2058929055929184, 1.8042633533477783, 0.90596604347229, 0.8671219348907471 
105, 0.20357507467269897, 2.005429983139038, 1.1116235256195068, 0.8615083694458008 
106, 0.2013441026210785, 2.053365707397461, 1.1427738666534424, 0.878535270690918 
107, 0.1991874873638153, 1.9887526035308838, 1.085571527481079, 0.8713517189025879 
108, 0.1971006989479065, 1.9753844738006592, 1.0843260288238525, 0.8581888675689697 
109, 0.19508346915245056, 2.0492587089538574, 1.1346800327301025, 0.8825349807739258 
110, 0.19311854243278503, 2.0009818077087402, 1.097100019454956, 0.872185230255127 
111, 0.19121050834655762, 2.025085687637329, 1.116262435913086, 0.8771789073944092 
112, 0.18936389684677124, 2.0418436527252197, 1.1182618141174316, 0.8907933235168457 
113, 0.18753959238529205, 1.9866466522216797, 1.0903122425079346, 0.8647778034210205 
114, 0.18569615483283997, 2.005392074584961, 1.0992228984832764, 0.8554837703704834 
115, 0.18395990133285522, 2.044346809387207, 1.1132395267486572, 0.8992483615875244 
116, 0.18227428197860718, 1.9810984134674072, 1.0911481380462646, 0.8597371578216553 
117, 0.18041649460792542, 1.9721362590789795, 1.0741026401519775, 0.8668010234832764 
118, 0.17862312495708466, 2.0036444664001465, 1.076808214187622, 0.8962023258209229 
119, 0.17691798508167267, 2.014352798461914, 1.115086555480957, 0.8684132099151611 
120, 0.17526309192180634, 1.975860834121704, 1.0673458576202393, 0.8774261474609375 
121, 0.17366130650043488, 2.1124629974365234, 1.1407570838928223, 0.9383716583251953 
122, 0.17211435735225677, 2.100473403930664, 1.1562843322753906, 0.9119062423706055 
123, 0.17064067721366882, 2.059121608734131, 1.1193735599517822, 0.907332181930542 
124, 0.1692323386669159, 2.0658302307128906, 1.1270654201507568, 0.9065597057342529 
125, 0.1678910255432129, 2.0660784244537354, 1.1480913162231445, 0.8864483833312988 
126, 0.16663971543312073, 1.9945824146270752, 1.0903503894805908, 0.8723134994506836 
127, 0.16544273495674133, 2.0304460525512695, 1.0795133113861084, 0.9184432029724121 
128, 0.16428279876708984, 2.0556509494781494, 1.1183559894561768, 0.9061756134033203 
129, 0.16328305006027222, 1.9885518550872803, 1.0940830707550049, 0.8637669086456299 
130, 0.1623329520225525, 1.999652624130249, 1.0975842475891113, 0.8690781593322754 
131, 0.16142112016677856, 2.0837242603302, 1.123319387435913, 0.9284896850585938 
132, 0.16055169701576233, 2.0721168518066406, 1.1286852359771729, 0.9121835231781006 
133, 0.15972022712230682, 2.065608263015747, 1.1314914226531982, 0.9023950099945068 
134, 0.1589168906211853, 2.1017777919769287, 1.142561435699463, 0.9276206493377686 
135, 0.1581399291753769, 1.9959571361541748, 1.0926682949066162, 0.8719303607940674 
136, 0.15737369656562805, 2.0192198753356934, 1.094139814376831, 0.8941459655761719 
137, 0.1565851867198944, 2.0981783866882324, 1.1456990242004395, 0.9213709831237793 
138, 0.15581098198890686, 2.0245654582977295, 1.1241240501403809, 0.8695998191833496 
139, 0.15505993366241455, 2.030686616897583, 1.1020162105560303, 0.8972938060760498 
140, 0.15433275699615479, 2.091484308242798, 1.1210200786590576, 0.9366390705108643 
141, 0.15362796187400818, 2.1042492389678955, 1.1248550415039062, 0.9468963146209717 
142, 0.1530064344406128, 2.0693602561950684, 1.123415231704712, 0.9133727550506592 
143, 0.15243035554885864, 2.1741015911102295, 1.1811189651489258, 0.9586420059204102 
144, 0.15187329053878784, 2.159996509552002, 1.1472091674804688, 0.9784884452819824 
145, 0.15134002268314362, 2.084975481033325, 1.1131112575531006, 0.9393150806427002 
146, 0.1508263498544693, 2.134066343307495, 1.2011008262634277, 0.9005763530731201 
147, 0.15033024549484253, 2.052067756652832, 1.1109247207641602, 0.909813642501831 
148, 0.1498498022556305, 2.006979465484619, 1.0724270343780518, 0.9033000469207764 
149, 0.1493963599205017, 2.087188482284546, 1.1441709995269775, 0.9114291667938232 
150, 0.14897924661636353, 2.051478385925293, 1.1012184619903564, 0.919456958770752 
151, 0.14857693016529083, 2.060534954071045, 1.112250804901123, 0.9165310859680176 
152, 0.14818745851516724, 2.1368229389190674, 1.1658329963684082, 0.9384293556213379 
153, 0.1478104144334793, 2.1105220317840576, 1.1381323337554932, 0.9400269985198975 
154, 0.14744731783866882, 2.0883703231811523, 1.1308586597442627, 0.9258146286010742 
155, 0.14709800481796265, 2.173628091812134, 1.1930947303771973, 0.9485116004943848 
156, 0.1467619240283966, 2.0379252433776855, 1.115309715270996, 0.8920416831970215 
157, 0.1464383453130722, 2.0499346256256104, 1.0981690883636475, 0.9184327125549316 
158, 0.14612805843353271, 2.112596273422241, 1.1284387111663818, 0.9505970478057861 
159, 0.14582224190235138, 2.0854668617248535, 1.1443355083465576, 0.9093723297119141 
160, 0.14552068710327148, 2.0603225231170654, 1.1233787536621094, 0.904494047164917 
161, 0.1452302783727646, 2.1019678115844727, 1.134042739868164, 0.9336965084075928 
162, 0.1449434459209442, 2.0811233520507812, 1.1231019496917725, 0.9252345561981201 
163, 0.14464935660362244, 2.161048412322998, 1.1449761390686035, 0.9111249446868896 
164, 0.1443595290184021, 2.1411614418029785, 1.156080722808838, 0.9519402980804443 
165, 0.14407989382743835, 2.0412724018096924, 1.1107356548309326, 0.8994927406311035 
166, 0.14381080865859985, 1.9960145950317383, 1.08274245262146, 0.881788969039917 
167, 0.14355167746543884, 2.091780185699463, 1.1128993034362793, 0.946638822555542 
168, 0.143302321434021, 2.035437822341919, 1.0931434631347656, 0.9113249778747559 
169, 0.14306232333183289, 2.0094056129455566, 1.080622673034668, 0.8969128131866455 
170, 0.14283180236816406, 2.066478729248047, 1.0996086597442627, 0.9347383975982666 
171, 0.14254498481750488, 2.0521697998046875, 1.098891258239746, 0.9210062026977539 
172, 0.14226964116096497, 2.037830114364624, 1.0929629802703857, 0.9124486446380615 
173, 0.14200827479362488, 2.0952467918395996, 1.125359058380127, 0.9367227554321289 
174, 0.14169692993164062, 2.0787570476531982, 1.130293846130371, 0.9166314601898193 
175, 0.1413469910621643, 2.058742046356201, 1.0910744667053223, 0.9343984127044678 
176, 0.140943706035614, 2.065736770629883, 1.0988812446594238, 0.9342246055603027 
177, 0.1405506730079651, 2.0783755779266357, 1.1220502853393555, 0.9244740009307861 
178, 0.14016741514205933, 2.0690877437591553, 1.1050899028778076, 0.9318010807037354 
179, 0.13979381322860718, 2.1837692260742188, 1.0985910892486572, 0.9561705589294434 
180, 0.13942953944206238, 2.0608561038970947, 1.1100618839263916, 0.9193408489227295 
181, 0.13907477259635925, 2.0815556049346924, 1.1290135383605957, 0.920299768447876 
182, 0.13877809047698975, 2.1188900470733643, 1.1047770977020264, 0.9802160263061523 
183, 0.13851070404052734, 2.130749225616455, 1.1523807048797607, 0.9460840225219727 
184, 0.13826215267181396, 2.073904037475586, 1.1030786037445068, 0.9380495548248291 
185, 0.13802093267440796, 2.0720691680908203, 1.1155924797058105, 0.9243307113647461 
186, 0.13778690993785858, 2.053704261779785, 1.1294379234313965, 0.8926260471343994 
187, 0.13755998015403748, 2.012199640274048, 1.082698106765747, 0.8981878757476807 
188, 0.13733991980552673, 2.028552770614624, 1.098121166229248, 0.8983893394470215 
189, 0.13712656497955322, 2.0429575443267822, 1.1182796955108643, 0.8940520286560059 
190, 0.136918842792511, 2.003331422805786, 1.066361665725708, 0.905731201171875 
191, 0.13671685755252838, 2.018016815185547, 1.0654854774475098, 0.9206631183624268 
192, 0.1365211009979248, 2.1112473011016846, 1.1232824325561523, 0.917189359664917 
193, 0.13631296157836914, 2.0418524742126465, 1.1076817512512207, 0.9021739959716797 
194, 0.1361059695482254, 2.0899431705474854, 1.101905345916748, 0.954437255859375 
195, 0.13590499758720398, 2.099416494369507, 1.1481678485870361, 0.9185402393341064 
196, 0.13571001589298248, 2.0964128971099854, 1.1464335918426514, 0.9142560958862305 
197, 0.13552077114582062, 2.0692806243896484, 1.1184086799621582, 0.9182639122009277 
198, 0.1353372484445572, 2.08782696723938, 1.1468026638031006, 0.9083442687988281 
199, 0.13515931367874146, 2.048140287399292, 1.095970869064331, 0.9204418659210205 
200, 0.13501355051994324, 2.020353317260742, 1.0897912979125977, 0.8984794616699219 
201, 0.13487520813941956, 2.097391128540039, 1.1226816177368164, 0.9416184425354004 
202, 0.13474199175834656, 2.0095388889312744, 1.0854344367980957, 0.891862154006958 
203, 0.13460108637809753, 2.0317609310150146, 1.103837490081787, 0.8962612152099609 
204, 0.1344648003578186, 2.1539359092712402, 1.1712424755096436, 0.9478702545166016 
205, 0.13433361053466797, 2.097862482070923, 1.1527128219604492, 0.9132530689239502 
206, 0.1342073231935501, 2.032884120941162, 1.0952377319335938, 0.9052488803863525 
207, 0.1340775489807129, 2.073801040649414, 1.0999131202697754, 0.9409351348876953 
208, 0.1339399367570877, 2.0291807651519775, 1.1107735633850098, 0.8874471187591553 
209, 0.13380706310272217, 2.0067038536071777, 1.0702450275421143, 0.9045016765594482 
210, 0.13368436694145203, 2.0358893871307373, 1.0997569561004639, 0.9046671390533447 
211, 0.13355687260627747, 2.054624319076538, 1.1186928749084473, 0.9004614353179932 
212, 0.13343438506126404, 2.0511298179626465, 1.117783546447754, 0.9013092517852783 
213, 0.1333400309085846, 2.050910711288452, 1.094064712524414, 0.9236257076263428 
214, 0.13324964046478271, 2.0692901611328125, 1.1149840354919434, 0.9215385913848877 
215, 0.13316309452056885, 2.1167781352996826, 1.1231889724731445, 0.9601528644561768 
216, 0.1330808401107788, 2.0788590908050537, 1.1089179515838623, 0.9362831115722656 
217, 0.13300800323486328, 2.0915820598602295, 1.1271369457244873, 0.9321732521057129 
218, 0.1329435408115387, 2.058441638946533, 1.1200006008148193, 0.9066839218139648 
219, 0.13288162648677826, 1.8636119365692139, 0.9155404567718506, 0.9159276485443115 
220, 0.1328241229057312, 1.9003486633300781, 0.9454607963562012, 0.9231634140014648 
221, 0.13276992738246918, 1.8399078845977783, 0.9218738079071045, 0.8868484497070312 
222, 0.1327190101146698, 1.8163540363311768, 0.8974514007568359, 0.8884036540985107 
223, 0.1326713263988495, 1.8152077198028564, 0.893498420715332, 0.8902356624603271 
224, 0.1326276659965515, 1.8222475051879883, 0.906792402267456, 0.884800910949707 
225, 0.13259217143058777, 1.817150354385376, 0.8986327648162842, 0.8872971534729004 
226, 0.13253256678581238, 1.858381986618042, 0.9143717288970947, 0.9103484153747559 
227, 0.13247548043727875, 1.9185583591461182, 0.9678046703338623, 0.9160690307617188 
228, 0.13242128491401672, 1.8605144023895264, 0.9291791915893555, 0.8993542194366455 
229, 0.13237322866916656, 1.825021505355835, 0.8956036567687988, 0.896803617477417 
230, 0.13234558701515198, 1.8565881252288818, 0.9172475337982178, 0.9072613716125488 
231, 0.13235558569431305, 1.8224000930786133, 0.905742883682251, 0.882272481918335 
232, 0.13236792385578156, 1.8040072917938232, 0.8915743827819824, 0.8815467357635498 
233, 0.1323823630809784, 1.813558578491211, 0.8943617343902588, 0.8868200778961182 
234, 0.13240087032318115, 1.8724815845489502, 0.9288525581359863, 0.910836935043335 
235, 0.13245999813079834, 1.8346648216247559, 0.9025659561157227, 0.8997383117675781 
236, 0.1325240135192871, 1.8341715335845947, 0.9089717864990234, 0.8922266960144043 
237, 0.13259047269821167, 1.8908851146697998, 0.9139652252197266, 0.9418532848358154 
238, 0.13265933096408844, 1.897596836090088, 0.9450857639312744, 0.9187712669372559 
239, 0.1327306479215622, 1.855323314666748, 0.9146037101745605, 0.9082770347595215 
240, 0.13280439376831055, 1.8536157608032227, 0.917578935623169, 0.9024941921234131 
241, 0.1328803300857544, 1.913865566253662, 0.9697496891021729, 0.9127404689788818 
242, 0.13295850157737732, 1.8071119785308838, 0.8942210674285889, 0.8815901279449463 
243, 0.13303899765014648, 1.7941794395446777, 0.8966491222381592, 0.8660256862640381 
244, 0.13312166929244995, 1.8100755214691162, 0.8836038112640381, 0.8952608108520508 
245, 0.1332065463066101, 1.8155622482299805, 0.9030091762542725, 0.8817262649536133 
246, 0.1332903504371643, 1.7522644996643066, 0.8500182628631592, 0.8711943626403809 
247, 0.13337956368923187, 1.7644388675689697, 0.8502113819122314, 0.8812825679779053 
248, 0.13347098231315613, 1.7881674766540527, 0.8720064163208008, 0.8837621212005615 
249, 0.13355901837348938, 1.8079323768615723, 0.8742871284484863, 0.9021430015563965 
250, 0.1336386799812317, 1.7896220684051514, 0.858567476272583, 0.8986635208129883 
251, 0.13372448086738586, 1.842409610748291, 0.8733975887298584, 0.9357607364654541 
252, 0.13381299376487732, 1.822528600692749, 0.8898451328277588, 0.8999605178833008 
253, 0.1338987499475479, 1.806365728378296, 0.8547611236572266, 0.9198575019836426 
254, 0.133994922041893, 1.8044214248657227, 0.8548436164855957, 0.9158353805541992 
255, 0.1340930461883545, 1.8482577800750732, 0.8806040287017822, 0.9351279735565186 
256, 0.1341930627822876, 1.8105735778808594, 0.8733260631561279, 0.9062106609344482 
257, 0.13429507613182068, 1.817112922668457, 0.8613653182983398, 0.9127717018127441 
258, 0.134398952126503, 1.8310368061065674, 0.8599071502685547, 0.9388196468353271 
259, 0.1345176100730896, 1.8203532695770264, 0.8700487613677979, 0.9185888767242432 
260, 0.13463926315307617, 1.7851486206054688, 0.8538417816162109, 0.8986563682556152 
261, 0.13476261496543884, 1.8180315494537354, 0.860640287399292, 0.9244410991668701 
262, 0.1348877251148224, 1.8643591403961182, 0.9115502834320068, 0.9207010269165039 
263, 0.13501453399658203, 1.8024864196777344, 0.8570668697357178, 0.9135563373565674 
264, 0.135142982006073, 1.7554442882537842, 0.8478212356567383, 0.8764991760253906 
265, 0.13527294993400574, 1.7712647914886475, 0.8411116600036621, 0.8983893394470215 
266, 0.1354045569896698, 1.784013271331787, 0.8495826721191406, 0.9037251472473145 
267, 0.13553129136562347, 1.732841968536377, 0.8271777629852295, 0.8751122951507568 
268, 0.1356392651796341, 1.7252216339111328, 0.8282325267791748, 0.8668935298919678 
269, 0.13574878871440887, 1.7821557521820068, 0.8371856212615967, 0.9134550094604492 
270, 0.13585996627807617, 1.7382633686065674, 0.8451464176177979, 0.862485408782959 
271, 0.13597261905670166, 1.737424373626709, 0.8177931308746338, 0.8892157077789307 
272, 0.1360868513584137, 1.7343707084655762, 0.8344225883483887, 0.868394136428833 
273, 0.13620257377624512, 1.8175134658813477, 0.8697018623352051, 0.915360689163208 
274, 0.13631980121135712, 1.786170244216919, 0.8629050254821777, 0.8911905288696289 
275, 0.13643845915794373, 1.7927229404449463, 0.8540222644805908, 0.9071550369262695 
276, 0.13655848801136017, 1.8345742225646973, 0.8769631385803223, 0.9246399402618408 
277, 0.13667230308055878, 1.81502103805542, 0.8636837005615234, 0.9189860820770264 
278, 0.13676366209983826, 1.793564796447754, 0.8745882511138916, 0.8873250484466553 
279, 0.13685652613639832, 1.7848472595214844, 0.8547849655151367, 0.8977904319763184 
280, 0.1369507610797882, 1.825657606124878, 0.9017996788024902, 0.8914995193481445 
281, 0.13704651594161987, 1.7818360328674316, 0.8596935272216797, 0.8900120258331299 
282, 0.13714364171028137, 1.7606334686279297, 0.8604094982147217, 0.8681204319000244 
283, 0.13724210858345032, 1.8133175373077393, 0.8687036037445068, 0.9126465320587158 
284, 0.1373419165611267, 1.7645220756530762, 0.8513410091400146, 0.8796803951263428 
285, 0.13743731379508972, 1.7399427890777588, 0.8265049457550049, 0.8821439743041992 
286, 0.1375376582145691, 1.7576591968536377, 0.831265926361084, 0.8941555023193359 
287, 0.13763922452926636, 1.7793972492218018, 0.8379600048065186, 0.9092996120452881 
288, 0.13774201273918152, 1.764547348022461, 0.833075761795044, 0.8995881080627441 
289, 0.1378459483385086, 1.7345809936523438, 0.8157603740692139, 0.8890187740325928 
290, 0.13795095682144165, 1.736302375793457, 0.7985961437225342, 0.9056315422058105 
291, 0.13805723190307617, 1.7348382472991943, 0.8197517395019531, 0.8849287033081055 
292, 0.13816861808300018, 1.7045116424560547, 0.7974002361297607, 0.8756570816040039 
293, 0.13828107714653015, 1.6897392272949219, 0.7875490188598633, 0.8717281818389893 
294, 0.13839463889598846, 1.7577567100524902, 0.8104572296142578, 0.9164869785308838 
295, 0.13850924372673035, 1.7122130393981934, 0.8114619255065918, 0.8695619106292725 
296, 0.13862495124340057, 1.697026014328003, 0.7830245494842529, 0.882235050201416 
297, 0.1387397050857544, 1.7330679893493652, 0.8115682601928711, 0.888946533203125 
298, 0.1388532817363739, 1.8308498859405518, 0.8536777496337891, 0.9436590671539307 
299, 0.138967826962471, 1.7919654846191406, 0.8453567028045654, 0.9137279987335205 
300, 0.1390833854675293, 1.7730011940002441, 0.828059196472168, 0.9129893779754639 
301, 0.13920170068740845, 1.8058435916900635, 0.8594698905944824, 0.9118926525115967 
302, 0.1393246352672577, 1.8107397556304932, 0.8526203632354736, 0.9256222248077393 
303, 0.13944870233535767, 1.7295901775360107, 0.8212113380432129, 0.876399040222168 
304, 0.1395738124847412, 1.7370939254760742, 0.8184547424316406, 0.8879728317260742 
305, 0.13969986140727997, 1.7710366249084473, 0.8324227333068848, 0.9069278240203857 
306, 0.13982698321342468, 1.7156038284301758, 0.8108601570129395, 0.872133731842041 
307, 0.139955073595047, 1.6980555057525635, 0.7979433536529541, 0.8700058460235596 
308, 0.14008396863937378, 1.6912004947662354, 0.7951779365539551, 0.8644587993621826 
309, 0.14021338522434235, 1.7695870399475098, 0.8420789241790771, 0.8958842754364014 
310, 0.14031217992305756, 1.7264907360076904, 0.8045847415924072, 0.891242504119873 
311, 0.14041171967983246, 1.7440681457519531, 0.8155653476715088, 0.897486686706543 
312, 0.14050987362861633, 1.7772808074951172, 0.8201935291290283, 0.9248220920562744 
313, 0.14060863852500916, 1.749234676361084, 0.8261971473693848, 0.891291618347168 
314, 0.14070838689804077, 1.7130248546600342, 0.8055989742279053, 0.8765561580657959 
315, 0.1408090889453888, 1.7000575065612793, 0.7971847057342529, 0.8716132640838623 
316, 0.14091071486473083, 1.7422990798950195, 0.8202297687530518, 0.8903627395629883 
317, 0.1410132795572281, 1.713258981704712, 0.8113458156585693, 0.871760368347168 
318, 0.141116663813591, 1.7085392475128174, 0.8071293830871582, 0.8695042133331299 
319, 0.14122086763381958, 1.7320573329925537, 0.8099837303161621, 0.890103816986084 
320, 0.14132583141326904, 1.7868602275848389, 0.867588996887207, 0.8859236240386963 
321, 0.1414317786693573, 1.761023998260498, 0.8351764678955078, 0.8943297863006592 
322, 0.14153844118118286, 1.7527928352355957, 0.8302502632141113, 0.8893306255340576 
323, 0.14164581894874573, 1.8137385845184326, 0.846602201461792, 0.9329547882080078 
324, 0.14175409078598022, 1.8037571907043457, 0.857353925704956, 0.9134829044342041 
325, 0.14186285436153412, 1.7515544891357422, 0.822941780090332, 0.8957602977752686 
326, 0.1419723927974701, 1.7583684921264648, 0.8318300247192383, 0.8935706615447998 
327, 0.1420826017856598, 1.7928974628448486, 0.8557348251342773, 0.9051308631896973 
328, 0.14219345152378082, 1.710301399230957, 0.8250284194946289, 0.8556315898895264 
329, 0.142304927110672, 1.6617629528045654, 0.7742877006530762, 0.8575031757354736 
330, 0.14240330457687378, 1.6843469142913818, 0.7912092208862305, 0.8627450466156006 
331, 0.14249750971794128, 1.705125093460083, 0.794593334197998, 0.8801145553588867 
332, 0.14259222149848938, 1.6734380722045898, 0.7906696796417236, 0.8531665802001953 
333, 0.14268732070922852, 1.6636133193969727, 0.7804539203643799, 0.8529052734375 
334, 0.14278286695480347, 1.7105417251586914, 0.7878134250640869, 0.8908836841583252 
335, 0.14287880063056946, 1.7268071174621582, 0.8037514686584473, 0.8925445079803467 
336, 0.14297518134117126, 1.7326292991638184, 0.8151688575744629, 0.8864688873291016 
337, 0.14307188987731934, 1.7202210426330566, 0.8141372203826904, 0.8740150928497314 
338, 0.14316892623901367, 1.7501904964447021, 0.8102984428405762, 0.9078805446624756 
339, 0.14326635003089905, 1.6975877285003662, 0.8196313381195068, 0.8481283187866211 
340, 0.14336395263671875, 1.8186044692993164, 0.791053295135498, 0.8710634708404541 
341, 0.14346197247505188, 1.7027580738067627, 0.791982889175415, 0.8797478675842285 
342, 0.14356017112731934, 1.7376885414123535, 0.8203372955322266, 0.8859808444976807 
343, 0.14365863800048828, 1.7033991813659668, 0.8094601631164551, 0.8623762130737305 
344, 0.14375737309455872, 1.7370824813842773, 0.813317060470581, 0.8917746543884277 
345, 0.14385616779327393, 1.7424819469451904, 0.8067638874053955, 0.9038245677947998 
346, 0.14395520091056824, 1.7902867794036865, 0.8430173397064209, 0.9105410575866699 
347, 0.1440545916557312, 1.742415189743042, 0.8230488300323486, 0.887747049331665 
348, 0.14415386319160461, 1.7981879711151123, 0.8267061710357666, 0.8974344730377197 
349, 0.1442534625530243, 1.8009498119354248, 0.8842685222625732, 0.8838303089141846 
350, 0.1443530023097992, 1.7381174564361572, 0.8318631649017334, 0.8751411437988281 
351, 0.14445284008979797, 1.7404985427856445, 0.8549752235412598, 0.8527641296386719 
352, 0.14455260336399078, 1.7204203605651855, 0.8105897903442383, 0.8785421848297119 
353, 0.14465254545211792, 1.7079923152923584, 0.8215253353118896, 0.8568277359008789 
354, 0.14475247263908386, 1.6638882160186768, 0.795208215713501, 0.8389427661895752 
355, 0.1448523998260498, 1.6626629829406738, 0.7906315326690674, 0.8419601917266846 
356, 0.14495232701301575, 1.711960792541504, 0.8095331192016602, 0.8714725971221924 
357, 0.14505228400230408, 1.6764726638793945, 0.8072450160980225, 0.8388853073120117 
358, 0.1451522707939148, 1.6701774597167969, 0.7942543029785156, 0.8451688289642334 
359, 0.14524848759174347, 1.7137975692749023, 0.8083813190460205, 0.8738317489624023 
360, 0.14534226059913635, 1.8201911449432373, 0.8573362827301025, 0.8991963863372803 
361, 0.14543595910072327, 1.7399084568023682, 0.8368117809295654, 0.8720951080322266 
362, 0.14553162455558777, 1.6728508472442627, 0.7985153198242188, 0.8437526226043701 
363, 0.14564049243927002, 1.739708423614502, 0.8176417350769043, 0.891970157623291 
364, 0.14574909210205078, 1.7118892669677734, 0.7952892780303955, 0.8845305442810059 
365, 0.1458575427532196, 1.697617530822754, 0.8011598587036133, 0.8658542633056641 
366, 0.14596566557884216, 1.7149641513824463, 0.8077642917633057, 0.8762972354888916 
367, 0.14607350528240204, 1.7788989543914795, 0.8191113471984863, 0.9246244430541992 
368, 0.1461811065673828, 1.7118375301361084, 0.8051939010620117, 0.8756134510040283 
369, 0.14628835022449493, 1.8183670043945312, 0.8334410190582275, 0.9148988723754883 
370, 0.1463952362537384, 1.7505571842193604, 0.8190755844116211, 0.8986589908599854 
371, 0.14650188386440277, 1.7726292610168457, 0.8328266143798828, 0.9068751335144043 
372, 0.14664195477962494, 1.7470695972442627, 0.8142476081848145, 0.9000153541564941 
373, 0.1467856913805008, 1.7397422790527344, 0.8201920986175537, 0.8867855072021484 
374, 0.14692890644073486, 1.7593514919281006, 0.8275165557861328, 0.9003651142120361 
375, 0.14707162976264954, 1.7178962230682373, 0.8064742088317871, 0.8800003528594971 
376, 0.1472139060497284, 1.6604108810424805, 0.7838134765625, 0.845935583114624 
377, 0.14735576510429382, 1.6668813228607178, 0.7804543972015381, 0.8555402755737305 
378, 0.14749717712402344, 1.7082421779632568, 0.8101487159729004, 0.8677024841308594 
379, 0.14763806760311127, 1.6861763000488281, 0.7954857349395752, 0.8608827590942383 
380, 0.14777836203575134, 1.683694839477539, 0.7796342372894287, 0.8390109539031982 
381, 0.14791831374168396, 1.70237398147583, 0.7963662147521973, 0.8749816417694092 
382, 0.14805752038955688, 1.7289092540740967, 0.8367114067077637, 0.8580608367919922 
383, 0.14819633960723877, 1.6760525703430176, 0.7879378795623779, 0.8557028770446777 
384, 0.1483345776796341, 1.7397758960723877, 0.8301305770874023, 0.8782563209533691 
385, 0.1484721153974533, 1.740555763244629, 0.8079204559326172, 0.9013631343841553 
386, 0.14860916137695312, 1.7702069282531738, 0.869835376739502, 0.869556188583374 
387, 0.14874562621116638, 1.697129487991333, 0.8018929958343506, 0.862130880355835 
388, 0.14888149499893188, 1.6960484981536865, 0.8166983127593994, 0.847912073135376 
389, 0.14901654422283173, 1.7695801258087158, 0.8479201793670654, 0.8896558284759521 
390, 0.14914526045322418, 1.7388694286346436, 0.8331074714660645, 0.8747124671936035 
391, 0.1492587774991989, 1.7188465595245361, 0.8189880847930908, 0.8677139282226562 
392, 0.14934879541397095, 1.7514667510986328, 0.8273880481719971, 0.8774921894073486 
393, 0.1494089961051941, 1.7715613842010498, 0.8618025779724121, 0.8784747123718262 
394, 0.14946192502975464, 1.7123494148254395, 0.8224353790283203, 0.8596441745758057 
395, 0.14951440691947937, 1.709745168685913, 0.8099513053894043, 0.8684530258178711 
396, 0.1495664119720459, 1.793114185333252, 0.8407013416290283, 0.919684886932373 
397, 0.14961791038513184, 1.7671515941619873, 0.8320910930633545, 0.9038653373718262 
398, 0.14966894686222076, 1.7212262153625488, 0.8117239475250244, 0.8779191970825195 
399, 0.14971941709518433, 1.7191162109375, 0.7944092750549316, 0.8939487934112549 
400, 0.14976944029331207, 1.7867889404296875, 0.8181130886077881, 0.9049842357635498 
401, 0.14981897175312042, 1.6684837341308594, 0.795280933380127, 0.8436696529388428 
402, 0.1498679220676422, 1.6703062057495117, 0.7787156105041504, 0.8601598739624023 
403, 0.14991647005081177, 1.680696964263916, 0.7803530693054199, 0.8697047233581543 
404, 0.1499643623828888, 1.7139108180999756, 0.8107385635375977, 0.8717246055603027 
405, 0.15001180768013, 1.6576030254364014, 0.7810366153717041, 0.8463771343231201 
406, 0.15005867183208466, 1.6804585456848145, 0.7892739772796631, 0.8614242076873779 
407, 0.1501050889492035, 1.721543312072754, 0.7908627986907959, 0.899446964263916 
408, 0.15016111731529236, 1.7510063648223877, 0.8276474475860596, 0.8910388946533203 
409, 0.1502421796321869, 1.7143638134002686, 0.8015608787536621, 0.8814218044281006 
410, 0.15032261610031128, 1.7192037105560303, 0.8028988838195801, 0.8849244117736816 
411, 0.15040245652198792, 1.7360715866088867, 0.8233883380889893, 0.8809096813201904 
412, 0.1504816710948944, 1.7287912368774414, 0.8180310726165771, 0.879072904586792 
413, 0.1505601853132248, 1.6998043060302734, 0.8055267333984375, 0.8633286952972412 
414, 0.15063801407814026, 1.730074167251587, 0.806779146194458, 0.8916711807250977 
415, 0.15071538090705872, 1.7656490802764893, 0.8440308570861816, 0.8880901336669922 
416, 0.15079200267791748, 1.7204222679138184, 0.8093280792236328, 0.8784527778625488 
417, 0.15086789429187775, 1.719644546508789, 0.8218698501586914, 0.8648269176483154 
418, 0.15094324946403503, 1.7688663005828857, 0.8347001075744629, 0.9016706943511963 
419, 0.15101781487464905, 1.7196040153503418, 0.8298797607421875, 0.8582034111022949 
420, 0.15109163522720337, 1.7526426315307617, 0.8191323280334473, 0.9012961387634277 
421, 0.15116488933563232, 1.8457109928131104, 0.8286271095275879, 0.8868346214294434 
422, 0.15123742818832397, 1.7597432136535645, 0.8425948619842529, 0.8854489326477051 
423, 0.15130925178527832, 1.6887118816375732, 0.7979481220245361, 0.859752893447876 
424, 0.15138033032417297, 1.6805181503295898, 0.8037104606628418, 0.8472781181335449 
425, 0.15145069360733032, 1.7091503143310547, 0.7834298610687256, 0.8950188159942627 
426, 0.15152043104171753, 1.7036292552947998, 0.804429292678833, 0.8682522773742676 
427, 0.15158936381340027, 1.6511878967285156, 0.7871346473693848, 0.8336834907531738 
428, 0.15165767073631287, 1.6653027534484863, 0.7924363613128662, 0.842695951461792 
429, 0.1517251431941986, 1.6993293762207031, 0.8041086196899414, 0.8648748397827148 
430, 0.15179193019866943, 1.6905839443206787, 0.8185195922851562, 0.8415684700012207 
431, 0.1518578827381134, 1.6769757270812988, 0.7962114810943604, 0.850123405456543 
432, 0.15192317962646484, 1.708103895187378, 0.799685001373291, 0.8762576580047607 
433, 0.1519877016544342, 1.797274112701416, 0.8510336875915527, 0.8954472541809082 
434, 0.15205149352550507, 1.7440268993377686, 0.8311033248901367, 0.8810703754425049 
435, 0.15211448073387146, 1.730459213256836, 0.8073122501373291, 0.8916440010070801 
436, 0.15217673778533936, 1.7543113231658936, 0.8113152980804443, 0.9115357398986816 
437, 0.15223824977874756, 1.7671561241149902, 0.8373186588287354, 0.8971884250640869 
438, 0.15229901671409607, 1.7250943183898926, 0.8128900527954102, 0.8794043064117432 
439, 0.1523589938879013, 1.7289447784423828, 0.8239214420318604, 0.8750529289245605 
440, 0.1524181365966797, 1.7372756004333496, 0.8128483295440674, 0.8931064605712891 
441, 0.15247651934623718, 1.7373027801513672, 0.8256747722625732, 0.8539354801177979 
442, 0.15253426134586334, 1.7064354419708252, 0.817192792892456, 0.8556358814239502 
443, 0.15259119868278503, 1.7096045017242432, 0.8273944854736328, 0.8507566452026367 
444, 0.15264010429382324, 1.749211311340332, 0.8209946155548096, 0.8925964832305908 
445, 0.152680903673172, 1.726919174194336, 0.8169815540313721, 0.8784487247467041 
446, 0.152721107006073, 1.7233967781066895, 0.8126864433288574, 0.8802773952484131 
447, 0.1527605652809143, 1.722440242767334, 0.8016889095306396, 0.8893721103668213 
448, 0.15279927849769592, 1.7346951961517334, 0.8198666572570801, 0.8851292133331299 
449, 0.15283726155757904, 1.6597790718078613, 0.7875678539276123, 0.8416914939880371 
450, 0.15288132429122925, 1.6527516841888428, 0.785139799118042, 0.8383114337921143 
451, 0.15293826162815094, 1.7064881324768066, 0.8064043521881104, 0.8699374198913574 
452, 0.15299436450004578, 1.6888854503631592, 0.8186542987823486, 0.838456392288208 
453, 0.15304973721504211, 1.671412467956543, 0.8002395629882812, 0.840031623840332 
454, 0.15310442447662354, 1.693993091583252, 0.8163259029388428, 0.8408806324005127 
455, 0.1531582772731781, 1.7429425716400146, 0.8203856945037842, 0.8817365169525146 
456, 0.15321147441864014, 1.6922810077667236, 0.8050336837768555, 0.8556246757507324 
457, 0.15326403081417084, 1.7528672218322754, 0.8218367099761963, 0.8992674350738525 
458, 0.15331578254699707, 1.7679517269134521, 0.814734697341919, 0.9193329811096191 
459, 0.15336686372756958, 1.771982192993164, 0.8395662307739258, 0.900007963180542 
460, 0.15341714024543762, 1.7276484966278076, 0.8240916728973389, 0.8731420040130615 
461, 0.15346650779247284, 1.8179008960723877, 0.8118319511413574, 0.8720033168792725 
462, 0.1535147726535797, 1.746852159500122, 0.8306760787963867, 0.8842942714691162 
463, 0.15356233716011047, 1.713155746459961, 0.8251984119415283, 0.8575422763824463 
464, 0.15360918641090393, 1.7072839736938477, 0.8197143077850342, 0.8553590774536133 
465, 0.15365540981292725, 1.7156236171722412, 0.8172378540039062, 0.8638558387756348 
466, 0.15370097756385803, 1.7415683269500732, 0.8490784168243408, 0.8607144355773926 
467, 0.1537458896636963, 1.6877140998840332, 0.8073694705963135, 0.849968671798706 
468, 0.15379014611244202, 1.6868207454681396, 0.783837080001831, 0.8724896907806396 
469, 0.1538354903459549, 1.7422173023223877, 0.798015832901001, 0.9128899574279785 
470, 0.15388745069503784, 1.7488329410552979, 0.8205051422119141, 0.8971891403198242 
471, 0.15393878519535065, 1.725975751876831, 0.8075778484344482, 0.885735273361206 
472, 0.15398603677749634, 1.6572442054748535, 0.7574436664581299, 0.8693416118621826 
473, 0.15403608977794647, 1.691436767578125, 0.7839994430541992, 0.876368522644043 
474, 0.15408554673194885, 1.648270845413208, 0.7762408256530762, 0.8424174785614014 
475, 0.15413448214530945, 1.6249041557312012, 0.7555134296417236, 0.8388519287109375 
476, 0.15418791770935059, 1.6369271278381348, 0.7670376300811768, 0.839677095413208 
477, 0.1542409062385559, 1.6968679428100586, 0.7942092418670654, 0.8723299503326416 
478, 0.15429317951202393, 1.6634178161621094, 0.7853472232818604, 0.8420464992523193 
479, 0.15434488654136658, 1.642636775970459, 0.7597060203552246, 0.85129714012146 
480, 0.15439608693122864, 1.6995642185211182, 0.7694745063781738, 0.8967239856719971 
481, 0.15444663166999817, 1.7728524208068848, 0.7918388843536377, 0.9166450500488281 
482, 0.1544966995716095, 1.7409441471099854, 0.7972292900085449, 0.9103314876556396 
483, 0.15454629063606262, 1.734060287475586, 0.8065783977508545, 0.8959026336669922 
484, 0.15459519624710083, 1.7719223499298096, 0.8099822998046875, 0.9296574592590332 
485, 0.1546436846256256, 1.7238593101501465, 0.7999846935272217, 0.8933439254760742 
486, 0.15469154715538025, 1.6726274490356445, 0.7781891822814941, 0.8624513149261475 
487, 0.15473885834217072, 1.673370122909546, 0.7878854274749756, 0.854222297668457 
488, 0.15478560328483582, 1.7127115726470947, 0.8017737865447998, 0.879744291305542 
489, 0.15483184158802032, 1.6837904453277588, 0.8001093864440918, 0.8538374900817871 
490, 0.15487751364707947, 1.6610655784606934, 0.7767395973205566, 0.8535771369934082 
491, 0.15492284297943115, 1.6573739051818848, 0.7582621574401855, 0.8690571784973145 
492, 0.1549675166606903, 1.6877491474151611, 0.7823827266693115, 0.875176191329956 
493, 0.1550116091966629, 1.6600899696350098, 0.7592663764953613, 0.8688411712646484 
494, 0.15505525469779968, 1.7133467197418213, 0.7927627563476562, 0.8892006874084473 
495, 0.155100017786026, 1.7391860485076904, 0.79119873046875, 0.9164996147155762 
496, 0.15514788031578064, 1.6829688549041748, 0.7892606258392334, 0.862755537033081 
497, 0.1551951766014099, 1.6587469577789307, 0.7635016441345215, 0.8635842800140381 
498, 0.1552419513463974, 1.6425108909606934, 0.7705521583557129, 0.8413360118865967 
499, 0.15527594089508057, 1.7890563011169434, 0.7874271869659424, 0.87833571434021 
500, 0.15529778599739075, 1.6614933013916016, 0.7827632427215576, 0.8477451801300049 
501, 0.15531912446022034, 1.6901535987854004, 0.757986307144165, 0.8643453121185303 
502, 0.1553398072719574, 1.6766891479492188, 0.762681245803833, 0.8820490837097168 
503, 0.15536007285118103, 1.714066982269287, 0.7989387512207031, 0.882824182510376 
504, 0.1553797721862793, 1.6808505058288574, 0.776411771774292, 0.8737392425537109 
505, 0.1553986668586731, 1.704031229019165, 0.774878740310669, 0.8967807292938232 
506, 0.1554170548915863, 1.7394537925720215, 0.8059256076812744, 0.9012978076934814 
507, 0.15543502569198608, 1.7630865573883057, 0.8251409530639648, 0.9050121307373047 
508, 0.15545231103897095, 1.7234172821044922, 0.7986729145050049, 0.8932054042816162 
509, 0.15546908974647522, 1.6948115825653076, 0.7902538776397705, 0.8732013702392578 
510, 0.1554851531982422, 1.753514289855957, 0.8264031410217285, 0.8951642513275146 
511, 0.15550079941749573, 1.6760904788970947, 0.777860164642334, 0.8673572540283203 
512, 0.1555158793926239, 1.6652922630310059, 0.7750358581542969, 0.8591861724853516 
513, 0.1555303931236267, 1.647458791732788, 0.751896858215332, 0.863591194152832 
514, 0.15554437041282654, 1.700990915298462, 0.7843213081359863, 0.8856363296508789 
515, 0.155557781457901, 1.6583333015441895, 0.7764959335327148, 0.8523938655853271 
516, 0.15557070076465607, 1.6213479042053223, 0.755394458770752, 0.835517168045044 
517, 0.15558287501335144, 1.6549813747406006, 0.758112907409668, 0.8586719036102295 
518, 0.15559102594852448, 1.7152910232543945, 0.8009037971496582, 0.8820288181304932 
519, 0.15559670329093933, 1.7133278846740723, 0.8048610687255859, 0.8770952224731445 
520, 0.1556018590927124, 1.8008341789245605, 0.7974483966827393, 0.8769662380218506 
521, 0.1556067317724228, 1.7147879600524902, 0.786872386932373, 0.8918721675872803 
522, 0.155611053109169, 1.6879160404205322, 0.7830672264099121, 0.8749606609344482 
523, 0.15561486780643463, 1.6419167518615723, 0.7491488456726074, 0.8628284931182861 
524, 0.15561828017234802, 1.6586058139801025, 0.7657134532928467, 0.8632996082305908 
525, 0.15562143921852112, 1.7017974853515625, 0.7744050025939941, 0.8965170383453369 
526, 0.15562385320663452, 1.670654296875, 0.7860894203186035, 0.8537909984588623 
527, 0.15562595427036285, 1.6679673194885254, 0.7644054889678955, 0.8724820613861084 
528, 0.15562765300273895, 1.6814992427825928, 0.7838637828826904, 0.866530179977417 
529, 0.15562894940376282, 1.7209749221801758, 0.8104157447814941, 0.8787047863006592 
530, 0.1556297242641449, 1.7243614196777344, 0.806657075881958, 0.8867418766021729 
531, 0.1556302160024643, 1.7246019840240479, 0.8048207759857178, 0.8876237869262695 
532, 0.1556301712989807, 1.7291829586029053, 0.7933614253997803, 0.9035549163818359 
533, 0.15562975406646729, 1.7275006771087646, 0.8039066791534424, 0.8915822505950928 
534, 0.15562888979911804, 1.691148281097412, 0.771312952041626, 0.8879208564758301 
535, 0.15562769770622253, 1.6542704105377197, 0.7753543853759766, 0.847602128982544 
536, 0.15562602877616882, 1.6963584423065186, 0.7560267448425293, 0.9004900455474854 
537, 0.15562394261360168, 1.6655786037445068, 0.7727150917053223, 0.8627665042877197 
538, 0.15562155842781067, 1.6293442249298096, 0.7578856945037842, 0.8417799472808838 
539, 0.15561871230602264, 1.6242597103118896, 0.7543315887451172, 0.8395068645477295 
540, 0.15561546385288239, 1.7937264442443848, 0.8008949756622314, 0.8689923286437988 
541, 0.1556117832660675, 1.6765837669372559, 0.7973678112030029, 0.8490400314331055 
542, 0.15560784935951233, 1.6561672687530518, 0.7669382095336914, 0.8581724166870117 
543, 0.15560336410999298, 1.6857831478118896, 0.7721695899963379, 0.8818857669830322 
544, 0.15559856593608856, 1.7629191875457764, 0.8206849098205566, 0.910881757736206 
545, 0.15559333562850952, 1.688701868057251, 0.7817273139953613, 0.8762497901916504 
546, 0.15558797121047974, 1.665348768234253, 0.773592472076416, 0.86098313331604 
547, 0.15558189153671265, 1.7316431999206543, 0.7785148620605469, 0.9103519916534424 
548, 0.15557560324668884, 1.6880474090576172, 0.778651237487793, 0.8770678043365479 
549, 0.155568927526474, 1.657364845275879, 0.7741425037384033, 0.849454402923584 
550, 0.1555619239807129, 1.6784977912902832, 0.7863767147064209, 0.8611493110656738 
551, 0.15555451810359955, 1.7198026180267334, 0.7919838428497314, 0.8955032825469971 
552, 0.15554669499397278, 1.7090907096862793, 0.794891357421875, 0.8826417922973633 
553, 0.15553855895996094, 1.690838098526001, 0.7918274402618408, 0.8679754734039307 
554, 0.15552997589111328, 1.6919853687286377, 0.7801072597503662, 0.8804330825805664 
555, 0.1555211842060089, 1.717707872390747, 0.7855262756347656, 0.9001500606536865 
556, 0.15551193058490753, 1.7226111888885498, 0.7925596237182617, 0.897862434387207 
557, 0.15550237894058228, 1.7418465614318848, 0.7858998775482178, 0.9239652156829834 
558, 0.15549246966838837, 1.70367431640625, 0.7840237617492676, 0.8886325359344482 
559, 0.1554822027683258, 1.7152643203735352, 0.797997236251831, 0.8856921195983887 
560, 0.15547151863574982, 1.7506227493286133, 0.7799828052520752, 0.845695972442627 
561, 0.15546070039272308, 1.6693580150604248, 0.7745680809020996, 0.8559808731079102 
562, 0.1554492712020874, 1.6962521076202393, 0.7764232158660889, 0.888601541519165 
563, 0.155437633395195, 1.6934654712677002, 0.799619197845459, 0.86309814453125 
564, 0.15542557835578918, 1.6383740901947021, 0.7615261077880859, 0.8470942974090576 
565, 0.15541329979896545, 1.6399211883544922, 0.7597932815551758, 0.8505561351776123 
566, 0.1554006040096283, 1.6642701625823975, 0.7550086975097656, 0.8786985874176025 
567, 0.15538766980171204, 1.6789886951446533, 0.7688643932342529, 0.8791966438293457 
568, 0.15537434816360474, 1.6728980541229248, 0.7659683227539062, 0.875861406326294 
569, 0.15536066889762878, 1.739546298980713, 0.7851459980010986, 0.8832840919494629 
570, 0.15534672141075134, 1.737349033355713, 0.8074672222137451, 0.8978936672210693 
571, 0.1553325057029724, 1.697385311126709, 0.787647008895874, 0.8781347274780273 
572, 0.1553177684545517, 1.6748178005218506, 0.7782602310180664, 0.8653440475463867 
573, 0.15530279278755188, 1.7055432796478271, 0.7855486869812012, 0.8707480430603027 
574, 0.15528765320777893, 1.7327096462249756, 0.8163249492645264, 0.8839695453643799 
575, 0.15527208149433136, 1.6965618133544922, 0.7903022766113281, 0.8744199275970459 
576, 0.15525615215301514, 1.6904373168945312, 0.7867164611816406, 0.8726329803466797 
577, 0.1552376002073288, 1.7015581130981445, 0.7818870544433594, 0.886033296585083 
578, 0.15521809458732605, 1.7291133403778076, 0.7967751026153564, 0.9012978076934814 
579, 0.15519827604293823, 1.6716253757476807, 0.7731719017028809, 0.865208625793457 
580, 0.15517829358577728, 1.682295322418213, 0.7641987800598145, 0.8866629600524902 
581, 0.1551579236984253, 1.736809492111206, 0.7845304012298584, 0.918769121170044 
582, 0.155137300491333, 1.7222139835357666, 0.7944307327270508, 0.8963925838470459 
583, 0.15511633455753326, 1.6895496845245361, 0.778883695602417, 0.8770616054534912 
584, 0.155095174908638, 1.6586644649505615, 0.7646944522857666, 0.8639190196990967 
585, 0.15507367253303528, 1.6773662567138672, 0.780571460723877, 0.8643825054168701 
586, 0.15505191683769226, 1.6521992683410645, 0.7803950309753418, 0.8416345119476318 
587, 0.15502996742725372, 1.6384320259094238, 0.758976936340332, 0.8493750095367432 
588, 0.1550077348947525, 1.6463429927825928, 0.7651457786560059, 0.8509807586669922 
589, 0.15498527884483337, 1.729485034942627, 0.7776885032653809, 0.885939359664917 
590, 0.15496249496936798, 1.6671435832977295, 0.7832484245300293, 0.8542265892028809 
591, 0.15493939816951752, 1.6485986709594727, 0.7471761703491211, 0.870246171951294 
592, 0.1549161821603775, 1.6662285327911377, 0.7554709911346436, 0.8724043369293213 
593, 0.1548926830291748, 1.7137932777404785, 0.7939302921295166, 0.8889994621276855 
594, 0.15486888587474823, 1.7029387950897217, 0.7823810577392578, 0.8887138366699219 
595, 0.15484489500522614, 1.6932871341705322, 0.7903316020965576, 0.8695340156555176 
596, 0.15482065081596375, 1.712001085281372, 0.7961785793304443, 0.8841524124145508 
597, 0.1547960638999939, 1.7415413856506348, 0.8172531127929688, 0.8913404941558838 
598, 0.15477140247821808, 1.702965497970581, 0.7896702289581299, 0.8815333843231201 
599, 0.15474636852741241, 1.707792043685913, 0.7881419658660889, 0.8882613182067871 
600, 0.15472117066383362, 1.7276923656463623, 0.7985818386077881, 0.8979973793029785 
601, 0.15469582378864288, 1.6926608085632324, 0.7833461761474609, 0.8786094188690186 
602, 0.15467017889022827, 1.7724988460540771, 0.7572469711303711, 0.8842160701751709 
603, 0.1546441912651062, 1.6595726013183594, 0.7817792892456055, 0.8469624519348145 
604, 0.15461817383766174, 1.694535732269287, 0.7905757427215576, 0.8721163272857666 
605, 0.15459179878234863, 1.6852147579193115, 0.7863848209381104, 0.8680050373077393 
606, 0.1545652151107788, 1.7034823894500732, 0.7942452430725098, 0.8775122165679932 
607, 0.15452934801578522, 1.7072007656097412, 0.7960548400878906, 0.8792028427124023 
608, 0.15448340773582458, 1.7000823020935059, 0.797440767288208, 0.8709149360656738 
609, 0.15443725883960724, 1.6674895286560059, 0.766183614730835, 0.8717367649078369 
610, 0.15439096093177795, 1.6586723327636719, 0.7543916702270508, 0.8743185997009277 
611, 0.1543443500995636, 1.6840898990631104, 0.7494730949401855, 0.8894250392913818 
612, 0.15429773926734924, 1.6620142459869385, 0.7680740356445312, 0.8650283813476562 
613, 0.15424929559230804, 1.6333234310150146, 0.7562737464904785, 0.8473896980285645 
614, 0.1542019248008728, 1.6219744682312012, 0.7540040016174316, 0.8360395431518555 
615, 0.15415740013122559, 1.6918866634368896, 0.771312952041626, 0.8887052536010742 
616, 0.15411277115345, 1.709470272064209, 0.79294753074646, 0.8844404220581055 
617, 0.1540677845478058, 1.6697230339050293, 0.7732436656951904, 0.8654129505157471 
618, 0.15402783453464508, 1.7443020343780518, 0.7891051769256592, 0.9217824935913086 
619, 0.15399140119552612, 1.7919917106628418, 0.7971546649932861, 0.9619832038879395 
620, 0.15395469963550568, 1.7413766384124756, 0.8027002811431885, 0.9041762351989746 
621, 0.15391774475574493, 1.7246320247650146, 0.7965488433837891, 0.8961069583892822 
622, 0.15388059616088867, 1.7806627750396729, 0.7851171493530273, 0.8870928287506104 
623, 0.15384313464164734, 1.7285709381103516, 0.8095972537994385, 0.8874397277832031 
624, 0.1538054198026657, 1.6863675117492676, 0.7896232604980469, 0.8656294345855713 
625, 0.1537644863128662, 1.6671509742736816, 0.7762174606323242, 0.8598926067352295 
626, 0.15372222661972046, 1.6871254444122314, 0.7664089202880859, 0.8900830745697021 
627, 0.1536511480808258, 1.6945843696594238, 0.7772409915924072, 0.8866188526153564 
628, 0.15357369184494019, 1.6617074012756348, 0.7628898620605469, 0.8684468269348145 
629, 0.15349607169628143, 1.6812264919281006, 0.7633121013641357, 0.8797118663787842 
630, 0.15341821312904358, 1.7219853401184082, 0.7847590446472168, 0.9056789875030518 
631, 0.15334025025367737, 1.7362565994262695, 0.7971644401550293, 0.9071187973022461 
632, 0.15326204895973206, 1.672067403793335, 0.7829334735870361, 0.8582398891448975 
633, 0.15318366885185242, 1.6552367210388184, 0.7772727012634277, 0.844428300857544 
634, 0.15310512483119965, 1.6988189220428467, 0.799835205078125, 0.8675522804260254 
635, 0.1530265212059021, 1.703495740890503, 0.7868313789367676, 0.885512113571167 
636, 0.15294764935970306, 1.698915719985962, 0.7776384353637695, 0.8886580467224121 
637, 0.15286864340305328, 1.7353155612945557, 0.8002228736877441, 0.9044921398162842 
638, 0.15278944373130798, 1.7231242656707764, 0.7798972129821777, 0.9107751846313477 
639, 0.15271015465259552, 1.7003390789031982, 0.7804224491119385, 0.8890101909637451 
640, 0.1526307910680771, 1.7006521224975586, 0.7819616794586182, 0.8865756988525391 
641, 0.15255114436149597, 1.6913573741912842, 0.7818081378936768, 0.8768081665039062 
642, 0.1524714082479477, 1.7368865013122559, 0.7975239753723145, 0.9061903953552246 
643, 0.15239153802394867, 1.724938154220581, 0.8097445964813232, 0.8830924034118652 
644, 0.15231162309646606, 1.739757776260376, 0.7976055145263672, 0.9084310531616211 
645, 0.15223130583763123, 1.7097482681274414, 0.8010928630828857, 0.8737289905548096 
646, 0.15213711559772491, 1.7462079524993896, 0.8180885314941406, 0.8952968120574951 
647, 0.1520429104566574, 1.686967134475708, 0.7815632820129395, 0.8730456829071045 
648, 0.1519535332918167, 1.6679315567016602, 0.768852710723877, 0.8673229217529297 
649, 0.1518772542476654, 1.6875383853912354, 0.762984037399292, 0.887937068939209 
650, 0.15180107951164246, 1.7258622646331787, 0.7918281555175781, 0.8899009227752686 
651, 0.15172499418258667, 1.682762861251831, 0.7786824703216553, 0.8698775768280029 
652, 0.15164890885353088, 1.6752333641052246, 0.7725157737731934, 0.8708796501159668 
653, 0.15157277882099152, 1.6903386116027832, 0.7855038642883301, 0.8731136322021484 
654, 0.15149682760238647, 1.7346608638763428, 0.7953910827636719, 0.8962457180023193 
655, 0.15142087638378143, 1.776301622390747, 0.8263747692108154, 0.9181890487670898 
656, 0.1513449102640152, 1.7250680923461914, 0.7916224002838135, 0.8994898796081543 
657, 0.15126913785934448, 1.8102812767028809, 0.8223137855529785, 0.956240177154541 
658, 0.1511932611465454, 1.7651138305664062, 0.8012232780456543, 0.9302806854248047 
659, 0.1511174738407135, 1.7504384517669678, 0.7864301204681396, 0.9323141574859619 
660, 0.15104322135448456, 1.6831767559051514, 0.7756898403167725, 0.8754732608795166 
661, 0.15096992254257202, 1.6779229640960693, 0.7785100936889648, 0.8680317401885986 
662, 0.1508965939283371, 1.7342174053192139, 0.7800464630126953, 0.9210901260375977 
663, 0.15082348883152008, 1.7444524765014648, 0.8035221099853516, 0.9069609642028809 
664, 0.15075045824050903, 1.720210313796997, 0.8061881065368652, 0.8800277709960938 
665, 0.1506773978471756, 1.7144601345062256, 0.8055882453918457, 0.875953197479248 
666, 0.15060444176197052, 1.766730785369873, 0.8221755027770996, 0.911198616027832 
667, 0.15053170919418335, 1.7493841648101807, 0.8029780387878418, 0.9079153537750244 
668, 0.1504601240158081, 1.7672383785247803, 0.8145267963409424, 0.9087033271789551 
669, 0.1503886580467224, 1.7647898197174072, 0.8013491630554199, 0.9269354343414307 
670, 0.15031731128692627, 1.7923557758331299, 0.8095104694366455, 0.9489052295684814 
671, 0.15024599432945251, 1.7874715328216553, 0.816878080368042, 0.9365310668945312 
672, 0.15017469227313995, 1.7384648323059082, 0.802180290222168, 0.9029510021209717 
673, 0.15010342001914978, 1.7447175979614258, 0.791334867477417, 0.9186742305755615 
674, 0.1500321626663208, 1.7443108558654785, 0.7934291362762451, 0.9168124198913574 
675, 0.1499611884355545, 1.7340290546417236, 0.7896280288696289, 0.8831822872161865 
676, 0.14989008009433746, 1.7015435695648193, 0.7980058193206787, 0.8720402717590332 
677, 0.1498190462589264, 1.6951241493225098, 0.7962017059326172, 0.8660998344421387 
678, 0.14974822103977203, 1.7592809200286865, 0.809140682220459, 0.9162697792053223 
679, 0.14967721700668335, 1.730473279953003, 0.8019592761993408, 0.8958101272583008 
680, 0.14960651099681854, 1.821244716644287, 0.7889003753662109, 0.8995506763458252 
681, 0.1495356410741806, 1.7298943996429443, 0.8006885051727295, 0.8960485458374023 
682, 0.14946497976779938, 1.768329381942749, 0.7997183799743652, 0.9339325428009033 
683, 0.1493941843509674, 1.7067859172821045, 0.7922208309173584, 0.8821761608123779 
684, 0.149323508143425, 1.6845729351043701, 0.784562349319458, 0.8688335418701172 
685, 0.1492529809474945, 1.6773383617401123, 0.7697336673736572, 0.8761124610900879 
686, 0.14918245375156403, 1.718498945236206, 0.7996299266815186, 0.8863070011138916 
687, 0.1491120457649231, 1.710005760192871, 0.7902600765228271, 0.8870911598205566 
688, 0.1490415781736374, 1.7204523086547852, 0.7969751358032227, 0.8807425498962402 
689, 0.14897119998931885, 1.7215144634246826, 0.7934629917144775, 0.8941972255706787 
690, 0.14890089631080627, 1.749558687210083, 0.8234269618988037, 0.8936984539031982 
691, 0.14883066713809967, 1.722888469696045, 0.7953431606292725, 0.8887519836425781 
692, 0.1487603336572647, 1.7372241020202637, 0.7913858890533447, 0.9126498699188232 
693, 0.1486901342868805, 1.754615068435669, 0.8020038604736328, 0.9185516834259033 
694, 0.14862005412578583, 1.7466917037963867, 0.7922754287719727, 0.9215409755706787 
695, 0.14854997396469116, 1.715522050857544, 0.7823712825775146, 0.900423526763916 
696, 0.14847998321056366, 1.7506518363952637, 0.7844476699829102, 0.9342865943908691 
697, 0.148409903049469, 1.6681663990020752, 0.7723100185394287, 0.8633828163146973 
698, 0.14834003150463104, 1.686736822128296, 0.7837707996368408, 0.870692253112793 
699, 0.1482701599597931, 1.7865512371063232, 0.7863609790802002, 0.8685331344604492 
700, 0.1482003629207611, 1.6991558074951172, 0.7918884754180908, 0.8740062713623047 
701, 0.14813068509101868, 1.6867189407348633, 0.7685437202453613, 0.8858544826507568 
702, 0.14806106686592102, 1.7076020240783691, 0.7977297306060791, 0.8782265186309814 
703, 0.14799131453037262, 1.677973985671997, 0.7708573341369629, 0.8732233047485352 
704, 0.14792175590991974, 1.688767671585083, 0.7637028694152832, 0.8938179016113281 
705, 0.14785224199295044, 1.724351406097412, 0.7730569839477539, 0.9189662933349609 
706, 0.14778271317481995, 1.7358245849609375, 0.8077516555786133, 0.8960123062133789 
707, 0.14771334826946259, 1.698483943939209, 0.7867450714111328, 0.8798973560333252 
708, 0.14764395356178284, 1.7189581394195557, 0.7883048057556152, 0.8869445323944092 
709, 0.14757469296455383, 1.7182929515838623, 0.8025345802307129, 0.8841037750244141 
710, 0.14750555157661438, 1.7224946022033691, 0.8041679859161377, 0.8844597339630127 
711, 0.1474362313747406, 1.7390305995941162, 0.8046951293945312, 0.9016685485839844 
712, 0.1473671942949295, 1.6854286193847656, 0.7835979461669922, 0.8691918849945068 
713, 0.14729809761047363, 1.6985814571380615, 0.781501054763794, 0.8845696449279785 
714, 0.1472291201353073, 1.7651352882385254, 0.7933812141418457, 0.938438892364502 
715, 0.1471601277589798, 1.7132904529571533, 0.7894549369812012, 0.8871252536773682 
716, 0.14709120988845825, 1.7111520767211914, 0.7898764610290527, 0.8902840614318848 
717, 0.14702242612838745, 1.732344388961792, 0.7858643531799316, 0.8830344676971436 
718, 0.14695362746715546, 1.7369003295898438, 0.8148326873779297, 0.8886051177978516 
719, 0.14688493311405182, 1.7470016479492188, 0.8078584671020508, 0.9059596061706543 
720, 0.14681634306907654, 1.835524320602417, 0.8081972599029541, 0.884023904800415 
721, 0.1467476487159729, 1.7029306888580322, 0.7866606712341309, 0.8836240768432617 
722, 0.14667914807796478, 1.7363901138305664, 0.8133964538574219, 0.8894131183624268 
723, 0.14661067724227905, 1.7093677520751953, 0.778444766998291, 0.8988733291625977 
724, 0.1465422511100769, 1.7214164733886719, 0.7782332897186279, 0.9121623039245605 
725, 0.14647381007671356, 1.7293012142181396, 0.7843983173370361, 0.9131543636322021 
726, 0.1464056819677353, 1.7638568878173828, 0.8369107246398926, 0.8937580585479736 
727, 0.1463373601436615, 1.673152208328247, 0.7727475166320801, 0.8688793182373047 
728, 0.14626923203468323, 1.6798121929168701, 0.7794578075408936, 0.8696284294128418 
729, 0.14620104432106018, 1.7125182151794434, 0.7828733921051025, 0.8957345485687256 
730, 0.14613300561904907, 1.7525320053100586, 0.8037214279174805, 0.917128324508667 
731, 0.14606502652168274, 1.78680419921875, 0.7832555770874023, 0.9649930000305176 
732, 0.14599719643592834, 1.7283620834350586, 0.7845139503479004, 0.9094102382659912 
733, 0.1459292769432068, 1.7880282402038574, 0.8045315742492676, 0.9420104026794434 
734, 0.1458614468574524, 1.8005726337432861, 0.8248541355133057, 0.9423277378082275 
735, 0.14579372107982635, 1.7591934204101562, 0.8053855895996094, 0.919564962387085 
736, 0.14572598040103912, 1.8182549476623535, 0.8062503337860107, 0.9402084350585938 
737, 0.14565834403038025, 1.8250818252563477, 0.8484947681427002, 0.9426383972167969 
738, 0.1455908715724945, 1.8022387027740479, 0.8349919319152832, 0.9340121746063232 
739, 0.1455233097076416, 1.7225923538208008, 0.7904760837554932, 0.896888017654419 
740, 0.1454559564590454, 1.737196445465088, 0.7954370975494385, 0.9087176322937012 
741, 0.14538855850696564, 1.7256975173950195, 0.7792508602142334, 0.9140658378601074 
742, 0.14532119035720825, 1.7479753494262695, 0.7966952323913574, 0.918673038482666 
743, 0.1452540010213852, 1.7405352592468262, 0.7883591651916504, 0.9198257923126221 
744, 0.14518670737743378, 1.7140610218048096, 0.792595624923706, 0.8897967338562012 
745, 0.1451195478439331, 1.7074699401855469, 0.7781553268432617, 0.8976595401763916 
746, 0.14505243301391602, 1.7138996124267578, 0.7932665348052979, 0.8888778686523438 
747, 0.14498765766620636, 1.6583352088928223, 0.7875430583953857, 0.8396193981170654 
748, 0.14495089650154114, 1.6546385288238525, 0.7666912078857422, 0.8556344509124756 
749, 0.1449141651391983, 1.6763663291931152, 0.7701315879821777, 0.8749561309814453 
750, 0.1448775827884674, 1.685589075088501, 0.7839558124542236, 0.8699870109558105 
751, 0.1448410004377365, 1.6845898628234863, 0.7613058090209961, 0.8913075923919678 
752, 0.14480438828468323, 1.6598539352416992, 0.7602181434631348, 0.8680214881896973 
753, 0.14476796984672546, 1.6927587985992432, 0.7707278728485107, 0.8900737762451172 
754, 0.1447315514087677, 1.7029385566711426, 0.7819416522979736, 0.8893177509307861 
755, 0.14469528198242188, 1.684946060180664, 0.7780365943908691, 0.8741786479949951 
756, 0.14465920627117157, 1.7050559520721436, 0.793548583984375, 0.8800239562988281 
757, 0.14462310075759888, 1.7391514778137207, 0.79648756980896, 0.9083542823791504 
758, 0.14458724856376648, 1.7622449398040771, 0.8147222995758057, 0.914808988571167 
759, 0.1445513665676117, 1.7069122791290283, 0.7965202331542969, 0.8778924942016602 
760, 0.14451563358306885, 1.7051167488098145, 0.7886815071105957, 0.8829398155212402 
761, 0.14447999000549316, 1.7416329383850098, 0.7854762077331543, 0.9244863986968994 
762, 0.14444464445114136, 1.7265205383300781, 0.7858452796936035, 0.909759521484375 
763, 0.14440922439098358, 1.7978646755218506, 0.782052755355835, 0.8915057182312012 
764, 0.14437396824359894, 1.7256734371185303, 0.8060352802276611, 0.8877816200256348 
765, 0.14433883130550385, 1.7381904125213623, 0.8083462715148926, 0.8970499038696289 
766, 0.14430373907089233, 1.711763620376587, 0.7950599193572998, 0.8836624622344971 
767, 0.14426879584789276, 1.7234070301055908, 0.8134393692016602, 0.8776490688323975 
768, 0.14423391222953796, 1.7200560569763184, 0.7898666858673096, 0.8969647884368896 
769, 0.14419923722743988, 1.7474262714385986, 0.7990429401397705, 0.9138307571411133 
770, 0.1441645324230194, 1.7200632095336914, 0.7984757423400879, 0.8894484043121338 
771, 0.14412996172904968, 1.6914122104644775, 0.7797019481658936, 0.8799400329589844 
772, 0.14409562945365906, 1.6774768829345703, 0.7652606964111328, 0.880897045135498 
773, 0.14406123757362366, 1.7552680969238281, 0.807405948638916, 0.9145433902740479 
774, 0.1440269947052002, 1.6922788619995117, 0.7968759536743164, 0.8641452789306641 
775, 0.1439928263425827, 1.6535346508026123, 0.7727565765380859, 0.8485660552978516 
776, 0.1439589560031891, 1.7341201305389404, 0.7902932167053223, 0.9047677516937256 
777, 0.14392492175102234, 1.720749855041504, 0.8057501316070557, 0.882587194442749 
778, 0.14389103651046753, 1.6968433856964111, 0.7952268123626709, 0.8588111400604248 
779, 0.14385728538036346, 1.656503677368164, 0.774620532989502, 0.8519599437713623 
780, 0.14382357895374298, 1.6888301372528076, 0.763190746307373, 0.89300537109375 
781, 0.14379003643989563, 1.7530217170715332, 0.8080639839172363, 0.913346529006958 
782, 0.14375656843185425, 1.7232189178466797, 0.7947301864624023, 0.8941371440887451 
783, 0.14372313022613525, 1.6983118057250977, 0.7789011001586914, 0.8869428634643555 
784, 0.14368978142738342, 1.697878122329712, 0.7884321212768555, 0.8766331672668457 
785, 0.14365652203559875, 1.7489013671875, 0.8163540363311768, 0.8987553119659424 
786, 0.14362342655658722, 1.7654149532318115, 0.8362321853637695, 0.8950061798095703 
787, 0.14359039068222046, 1.7205007076263428, 0.7962386608123779, 0.8898239135742188 
788, 0.1435573697090149, 1.7355279922485352, 0.8045969009399414, 0.8970801830291748 
789, 0.1435244083404541, 1.7327818870544434, 0.8122897148132324, 0.8880376815795898 
790, 0.14349150657653809, 1.6858911514282227, 0.7794187068939209, 0.8748233318328857 
791, 0.14345890283584595, 1.7014920711517334, 0.7687208652496338, 0.896895170211792 
792, 0.1434260606765747, 1.72377610206604, 0.7922735214233398, 0.8974583148956299 
793, 0.14339348673820496, 1.7664384841918945, 0.8192121982574463, 0.9141478538513184 
794, 0.143360897898674, 1.7306013107299805, 0.8024046421051025, 0.8964674472808838 
795, 0.14332836866378784, 1.7486143112182617, 0.7956275939941406, 0.8822972774505615 
796, 0.14329594373703003, 1.696901559829712, 0.7901430130004883, 0.874931812286377 
797, 0.1432635486125946, 1.7334749698638916, 0.8062610626220703, 0.8944339752197266 
798, 0.14323124289512634, 1.6759486198425293, 0.7788069248199463, 0.8631315231323242 
799, 0.14319908618927002, 1.656083583831787, 0.7714841365814209, 0.8529653549194336 
800, 0.14316684007644653, 1.7866871356964111, 0.7629733085632324, 0.9127678871154785 
801, 0.14313481748104095, 1.698422908782959, 0.7839326858520508, 0.8831143379211426 
802, 0.14310255646705627, 1.6617846488952637, 0.7699542045593262, 0.8598568439483643 
803, 0.14307062327861786, 1.6588456630706787, 0.7669427394866943, 0.8615710735321045 
804, 0.14303866028785706, 1.7184057235717773, 0.7776107788085938, 0.9083144664764404 
805, 0.14300689101219177, 1.7166059017181396, 0.8037784099578857, 0.8803300857543945 
806, 0.14297491312026978, 1.7247676849365234, 0.8093059062957764, 0.8829057216644287 
807, 0.14294308423995972, 1.7476134300231934, 0.805138349533081, 0.9081172943115234 
808, 0.14291134476661682, 1.786569356918335, 0.8084173202514648, 0.9404973983764648 
809, 0.14287962019443512, 1.7578492164611816, 0.8046841621398926, 0.9201526641845703 
810, 0.14284786581993103, 1.7535362243652344, 0.8014593124389648, 0.8835322856903076 
811, 0.14281624555587769, 1.773118257522583, 0.828155517578125, 0.9121594429016113 
812, 0.14278466999530792, 1.750734806060791, 0.7829828262329102, 0.9353897571563721 
813, 0.14275303483009338, 1.7806735038757324, 0.814849853515625, 0.8956429958343506 
814, 0.1427215188741684, 1.7104902267456055, 0.7860591411590576, 0.8915455341339111 
815, 0.142690047621727, 1.6783466339111328, 0.7890095710754395, 0.8563508987426758 
816, 0.14265862107276917, 1.715355634689331, 0.7892699241638184, 0.8933262825012207 
817, 0.14262722432613373, 1.7054035663604736, 0.7976608276367188, 0.8762235641479492 
818, 0.1425958126783371, 1.8184173107147217, 0.7833082675933838, 0.9018824100494385 
819, 0.14256435632705688, 1.7123870849609375, 0.7931089401245117, 0.8870468139648438 
820, 0.14253295958042145, 1.7438316345214844, 0.8088207244873047, 0.9027321338653564 
821, 0.14250171184539795, 1.7111339569091797, 0.7850849628448486, 0.893857479095459 
822, 0.14247044920921326, 1.6792054176330566, 0.7755813598632812, 0.8717875480651855 
823, 0.14243918657302856, 1.668041467666626, 0.7651605606079102, 0.870682954788208 
824, 0.14240792393684387, 1.705561637878418, 0.79823899269104, 0.8750059604644775 
825, 0.14237673580646515, 1.6658170223236084, 0.7688939571380615, 0.8662564754486084 
826, 0.14234554767608643, 1.6885666847229004, 0.7840960025787354, 0.8723452091217041 
827, 0.14231428503990173, 1.6984179019927979, 0.7843794822692871, 0.8817756175994873 
828, 0.1422831416130066, 1.706787347793579, 0.8014969825744629, 0.8735430240631104 
829, 0.14225199818611145, 1.6865520477294922, 0.7668881416320801, 0.887204647064209 
830, 0.14222083985805511, 1.7308483123779297, 0.7717833518981934, 0.9263105392456055 
831, 0.14218977093696594, 1.775134801864624, 0.8212273120880127, 0.9187066555023193 
832, 0.14215855300426483, 1.7572484016418457, 0.8216948509216309, 0.9024903774261475 
833, 0.14212746918201447, 1.8145513534545898, 0.7983980178833008, 0.9057230949401855 
834, 0.14209631085395813, 1.7714242935180664, 0.820206880569458, 0.9170129299163818 
835, 0.14206533133983612, 1.7624826431274414, 0.8120722770690918, 0.916717529296875 
836, 0.14203429222106934, 1.8642635345458984, 0.8086388111114502, 0.9245033264160156 
837, 0.1420031040906906, 1.7108154296875, 0.7962548732757568, 0.8817541599273682 
838, 0.14197203516960144, 1.6914870738983154, 0.7785525321960449, 0.8819279670715332 
839, 0.1419408619403839, 1.713674783706665, 0.7688565254211426, 0.9122645854949951 
840, 0.14190974831581116, 1.6748754978179932, 0.778052568435669, 0.8658978939056396 
841, 0.14188042283058167, 1.6648411750793457, 0.7642383575439453, 0.8702750205993652 
842, 0.14185793697834015, 1.6436376571655273, 0.7597613334655762, 0.8535828590393066 
843, 0.14183537662029266, 1.6919960975646973, 0.7838733196258545, 0.8756124973297119 
844, 0.14181292057037354, 1.6887524127960205, 0.7942361831665039, 0.862555742263794 
845, 0.14179031550884247, 1.7110464572906494, 0.7885146141052246, 0.8901858329772949 
846, 0.1417679339647293, 1.7216036319732666, 0.7912890911102295, 0.8986282348632812 
847, 0.14174529910087585, 1.747429609298706, 0.8127696514129639, 0.9019813537597656 
848, 0.14172272384166718, 1.6775152683258057, 0.7768411636352539, 0.8686997890472412 
849, 0.14170025289058685, 1.705550193786621, 0.7723698616027832, 0.9020347595214844 
850, 0.1416776478290558, 1.6585569381713867, 0.7628746032714844, 0.8652670383453369 
851, 0.1416550874710083, 1.7005879878997803, 0.7792384624481201, 0.8883705139160156 
852, 0.14163252711296082, 1.722996473312378, 0.783240556716919, 0.8668441772460938 
853, 0.1416098177433014, 1.7412216663360596, 0.8057560920715332, 0.9019176959991455 
854, 0.14158713817596436, 1.7231738567352295, 0.7988455295562744, 0.8914461135864258 
855, 0.1415645331144333, 1.7499363422393799, 0.8176851272583008, 0.8966214656829834 
856, 0.14154189825057983, 1.8400242328643799, 0.7936739921569824, 0.9077987670898438 
857, 0.14151924848556519, 1.751206874847412, 0.7972817420959473, 0.9205822944641113 
858, 0.14149636030197144, 1.7499613761901855, 0.7922022342681885, 0.9236242771148682 
859, 0.1414737105369568, 1.7744736671447754, 0.816439151763916, 0.925168514251709 
860, 0.14145083725452423, 1.7399327754974365, 0.7958869934082031, 0.9112603664398193 
861, 0.14142808318138123, 1.7349812984466553, 0.7924377918243408, 0.90911865234375 
862, 0.14140525460243225, 1.7307884693145752, 0.7924063205718994, 0.9037418365478516 
863, 0.1413823813199997, 1.734774112701416, 0.8167610168457031, 0.8843374252319336 
864, 0.14135941863059998, 1.6991207599639893, 0.7883129119873047, 0.8787157535552979 
865, 0.14133644104003906, 1.70896577835083, 0.8102693557739258, 0.8667099475860596 
866, 0.1413135677576065, 1.6962382793426514, 0.7752277851104736, 0.8889412879943848 
867, 0.14129048585891724, 1.712770700454712, 0.7891662120819092, 0.8922152519226074 
868, 0.14126744866371155, 1.7002348899841309, 0.7667810916900635, 0.8984191417694092 
869, 0.14124435186386108, 1.7694497108459473, 0.7776038646697998, 0.9514052867889404 
870, 0.141221284866333, 1.73378586769104, 0.786545991897583, 0.9141826629638672 
871, 0.141198068857193, 1.7462754249572754, 0.8099405765533447, 0.8971288204193115 
872, 0.14117483794689178, 1.7402777671813965, 0.8186836242675781, 0.8895189762115479 
873, 0.1411515325307846, 1.7057068347930908, 0.8006119728088379, 0.8733103275299072 
874, 0.14112821221351624, 1.7178239822387695, 0.7847762107849121, 0.9002981185913086 
875, 0.14110484719276428, 1.7896511554718018, 0.7910969257354736, 0.8741381168365479 
876, 0.14108145236968994, 1.6825432777404785, 0.7742452621459961, 0.8758678436279297 
877, 0.14105796813964844, 1.6768648624420166, 0.7601048946380615, 0.8858184814453125 
878, 0.14103448390960693, 1.7412362098693848, 0.779381275177002, 0.9281022548675537 
879, 0.14101089537143707, 1.7280313968658447, 0.7944681644439697, 0.8954257965087891 
880, 0.14098720252513885, 1.689453125, 0.7884383201599121, 0.8695549964904785 
881, 0.14096355438232422, 1.6993086338043213, 0.7818405628204346, 0.8850984573364258 
882, 0.14093975722789764, 1.7839934825897217, 0.8161594867706299, 0.9316799640655518 
883, 0.14091593027114868, 1.7720983028411865, 0.838568925857544, 0.899813175201416 
884, 0.14089202880859375, 1.741288661956787, 0.8071396350860596, 0.9011664390563965 
885, 0.14086773991584778, 1.7329049110412598, 0.7882325649261475, 0.9093286991119385 
886, 0.1408417820930481, 1.7428576946258545, 0.7970776557922363, 0.9131577014923096 
887, 0.14081574976444244, 1.734957218170166, 0.7986867427825928, 0.9044802188873291 
888, 0.14078955352306366, 1.6900303363800049, 0.7701382637023926, 0.8885951042175293 
889, 0.14076344668865204, 1.6952714920043945, 0.7877798080444336, 0.874138355255127 
890, 0.1407371461391449, 1.7306063175201416, 0.7989468574523926, 0.9001903533935547 
891, 0.14070864021778107, 1.6814556121826172, 0.7822682857513428, 0.8690345287322998 
892, 0.1406777948141098, 1.645179033279419, 0.7682297229766846, 0.8461658954620361 
893, 0.14064697921276093, 1.6718213558197021, 0.7744555473327637, 0.863816499710083 
894, 0.14061596989631653, 1.7189357280731201, 0.7917881011962891, 0.893923282623291 
895, 0.14058499038219452, 1.7168724536895752, 0.7896289825439453, 0.8956503868103027 
896, 0.14055386185646057, 1.7273674011230469, 0.7747061252593994, 0.8922955989837646 
897, 0.14052271842956543, 1.706812858581543, 0.7840802669525146, 0.8894808292388916 
898, 0.14049144089221954, 1.7525660991668701, 0.8124990463256836, 0.9075362682342529 
899, 0.14046025276184082, 1.6936781406402588, 0.7925989627838135, 0.870358943939209 
900, 0.14042878150939941, 1.6641478538513184, 0.7608833312988281, 0.8724155426025391 
901, 0.14039745926856995, 1.6911323070526123, 0.8038389682769775, 0.8541064262390137 
902, 0.14036601781845093, 1.6953034400939941, 0.7964329719543457, 0.8653063774108887 
903, 0.14033451676368713, 1.7213802337646484, 0.8076746463775635, 0.8790583610534668 
904, 0.140302836894989, 1.7015526294708252, 0.7716660499572754, 0.89666748046875 
905, 0.1402713507413864, 1.7042341232299805, 0.7785751819610596, 0.8906772136688232 
906, 0.1402396261692047, 1.7304961681365967, 0.8013553619384766, 0.896895170211792 
907, 0.1402079313993454, 1.7523884773254395, 0.8092126846313477, 0.9059872627258301 
908, 0.14017611742019653, 1.7673583030700684, 0.7960889339447021, 0.9377892017364502 
909, 0.1401442438364029, 1.7316336631774902, 0.7967252731323242, 0.9017739295959473 
910, 0.14011229574680328, 1.7469305992126465, 0.8077373504638672, 0.9049065113067627 
911, 0.1400803029537201, 1.7224853038787842, 0.8043179512023926, 0.8855581283569336 
912, 0.14004823565483093, 1.7001774311065674, 0.7996580600738525, 0.8694486618041992 
913, 0.14001604914665222, 1.6981611251831055, 0.8041367530822754, 0.8613913059234619 
914, 0.1399838924407959, 1.801377296447754, 0.7964341640472412, 0.889009952545166 
915, 0.13995175063610077, 1.67879056930542, 0.7952072620391846, 0.8519744873046875 
916, 0.13992761075496674, 1.6547317504882812, 0.7557868957519531, 0.8685219287872314 
917, 0.1399049311876297, 1.66563081741333, 0.7566103935241699, 0.8783848285675049 
918, 0.13988281786441803, 1.696040153503418, 0.7847347259521484, 0.8791470527648926 
919, 0.13986065983772278, 1.6541433334350586, 0.7707164287567139, 0.8518946170806885 
920, 0.1398383527994156, 1.6810715198516846, 0.7729787826538086, 0.8753046989440918 
921, 0.13981594145298004, 1.7221949100494385, 0.7954003810882568, 0.8954958915710449 
922, 0.1397934854030609, 1.7380290031433105, 0.8234086036682129, 0.8795351982116699 
923, 0.13977085053920746, 1.710731029510498, 0.7997863292694092, 0.8736557960510254 
924, 0.13975057005882263, 1.6904051303863525, 0.7791945934295654, 0.8795039653778076 
925, 0.13973760604858398, 1.6873481273651123, 0.7774257659912109, 0.8726472854614258 
926, 0.13972453773021698, 1.6955616474151611, 0.7874438762664795, 0.8764448165893555 
927, 0.1397114396095276, 1.6963121891021729, 0.7768237590789795, 0.8864521980285645 
928, 0.13969813287258148, 1.706658124923706, 0.7781214714050293, 0.8967957496643066 
929, 0.1396849900484085, 1.713660478591919, 0.7844126224517822, 0.8965990543365479 
930, 0.1396717131137848, 1.739858627319336, 0.813657283782959, 0.892486572265625 
931, 0.13965821266174316, 1.740995168685913, 0.8078508377075195, 0.8995170593261719 
932, 0.13964475691318512, 1.8939721584320068, 0.8092913627624512, 0.9203424453735352 
933, 0.13963131606578827, 1.7762579917907715, 0.8418071269989014, 0.9015669822692871 
934, 0.1396177113056183, 1.853513240814209, 0.8544585704803467, 0.9268929958343506 
935, 0.13960421085357666, 1.7887864112854004, 0.7940938472747803, 0.9605798721313477 
936, 0.1395905613899231, 1.7916767597198486, 0.814547061920166, 0.9430446624755859 
937, 0.13957686722278595, 1.710402011871338, 0.8103518486022949, 0.8652656078338623 
938, 0.13956311345100403, 1.7372760772705078, 0.8132734298706055, 0.8926846981048584 
939, 0.13954928517341614, 1.6995282173156738, 0.7967031002044678, 0.8713717460632324 
940, 0.13953542709350586, 1.690946340560913, 0.7861053943634033, 0.8678255081176758 
941, 0.13952046632766724, 1.7072482109069824, 0.7887852191925049, 0.8848042488098145 
942, 0.13950315117835999, 1.7095861434936523, 0.8033673763275146, 0.8743882179260254 
943, 0.1394856572151184, 1.6918628215789795, 0.7789285182952881, 0.8778023719787598 
944, 0.13946819305419922, 1.6813035011291504, 0.7646677494049072, 0.8836507797241211 
945, 0.13945063948631287, 1.742560625076294, 0.7960600852966309, 0.9130978584289551 
946, 0.13943298161029816, 1.7490191459655762, 0.8049454689025879, 0.9093351364135742 
947, 0.13941539824008942, 1.7387855052947998, 0.8092441558837891, 0.8959736824035645 
948, 0.13939765095710754, 1.7139835357666016, 0.7889838218688965, 0.8927125930786133 
949, 0.13937966525554657, 1.7239747047424316, 0.8027770519256592, 0.8878412246704102 
950, 0.13936178386211395, 1.7815232276916504, 0.8334786891937256, 0.914414644241333 
951, 0.13934391736984253, 1.7789030075073242, 0.8056209087371826, 0.9017922878265381 
952, 0.13932585716247559, 1.7766072750091553, 0.8184041976928711, 0.8936233520507812 
953, 0.13930778205394745, 1.7165019512176514, 0.7921183109283447, 0.8913309574127197 
954, 0.13928957283496857, 1.7729005813598633, 0.8062000274658203, 0.9316973686218262 
955, 0.13927139341831207, 1.6850361824035645, 0.7814314365386963, 0.8720407485961914 
956, 0.13925309479236603, 1.7130043506622314, 0.7822327613830566, 0.8997678756713867 
957, 0.13923482596874237, 1.6826651096343994, 0.7700362205505371, 0.8806519508361816 
958, 0.13921627402305603, 1.7357511520385742, 0.8006565570831299, 0.8999226093292236 
959, 0.13919785618782043, 1.7320852279663086, 0.803678035736084, 0.8972506523132324 
960, 0.13917922973632812, 1.7027060985565186, 0.797360897064209, 0.8746483325958252 
961, 0.13916057348251343, 1.6909761428833008, 0.781679630279541, 0.8769140243530273 
962, 0.13914193212985992, 1.7008569240570068, 0.7968971729278564, 0.8714900016784668 
963, 0.1391230821609497, 1.6738016605377197, 0.7737030982971191, 0.8688538074493408 
964, 0.1391042023897171, 1.6439731121063232, 0.7540419101715088, 0.8591077327728271 
965, 0.13908526301383972, 1.6707918643951416, 0.7688679695129395, 0.866905689239502 
966, 0.13906627893447876, 1.6981675624847412, 0.7859852313995361, 0.8810954093933105 
967, 0.13904720544815063, 1.65913987159729, 0.768568754196167, 0.8591916561126709 
968, 0.13902811706066132, 1.6637585163116455, 0.7701334953308105, 0.8508636951446533 
969, 0.13900883495807648, 1.7147843837738037, 0.7959458827972412, 0.8642663955688477 
970, 0.13898956775665283, 1.7785956859588623, 0.8438365459442139, 0.9018850326538086 
971, 0.13897016644477844, 1.74709153175354, 0.7983884811401367, 0.8899881839752197 
972, 0.1389506310224533, 1.7089126110076904, 0.7892017364501953, 0.8867957592010498 
973, 0.13893121480941772, 1.7228105068206787, 0.773216724395752, 0.9154729843139648 
974, 0.13891145586967468, 1.7481205463409424, 0.8118269443511963, 0.9040615558624268 
975, 0.13889193534851074, 1.7014946937561035, 0.7888503074645996, 0.8808403015136719 
976, 0.13887205719947815, 1.6963574886322021, 0.7815597057342529, 0.8817873001098633 
977, 0.13885235786437988, 1.7128965854644775, 0.7836127281188965, 0.8960425853729248 
978, 0.13883233070373535, 1.7340781688690186, 0.824317216873169, 0.8776359558105469 
979, 0.13881243765354156, 1.7153761386871338, 0.7882769107818604, 0.8951985836029053 
980, 0.13879217207431793, 1.7096853256225586, 0.7942123413085938, 0.880969762802124 
981, 0.13877207040786743, 1.7168352603912354, 0.7960619926452637, 0.8864572048187256 
982, 0.1387491226196289, 1.7283525466918945, 0.7936379909515381, 0.9001407623291016 
983, 0.13872309029102325, 1.7167086601257324, 0.7830696105957031, 0.9005982875823975 
984, 0.13869699835777283, 1.7429475784301758, 0.8048355579376221, 0.9053435325622559 
985, 0.1386709064245224, 1.7269189357757568, 0.7960007190704346, 0.8985357284545898 
986, 0.13864460587501526, 1.7515347003936768, 0.8075809478759766, 0.9106974601745605 
987, 0.13861840963363647, 1.7225167751312256, 0.8076815605163574, 0.8807411193847656 
988, 0.1385921835899353, 1.7087464332580566, 0.7887148857116699, 0.8849928379058838 
989, 0.13856585323810577, 1.7503015995025635, 0.8372297286987305, 0.8805828094482422 
990, 0.13853950798511505, 1.777663230895996, 0.8205480575561523, 0.8867402076721191 
991, 0.1385129690170288, 1.7012128829956055, 0.8017392158508301, 0.8671107292175293 
992, 0.13848650455474854, 1.7014858722686768, 0.7793633937835693, 0.8900213241577148 
993, 0.1384599506855011, 1.7174193859100342, 0.7757081985473633, 0.9087069034576416 
994, 0.1384333074092865, 1.7243273258209229, 0.7932994365692139, 0.8985214233398438 
995, 0.1384066641330719, 1.6799671649932861, 0.7714684009552002, 0.8765742778778076 
996, 0.13837993144989014, 1.677048683166504, 0.7701003551483154, 0.8737838268280029 
997, 0.138353168964386, 1.727797508239746, 0.7731368541717529, 0.9204330444335938 
998, 0.13832642138004303, 1.7425339221954346, 0.816072940826416, 0.8931124210357666 
999, 0.1382993757724762, 1.7339322566986084, 0.8124861717224121, 0.8856501579284668 
