Iteration, loss, time 
0, 1.8967759609222412, 1.7443087100982666, 0.9147262573242188, 0.8051886558532715 
1, 1.8577187061309814, 1.627077341079712, 0.8077185153961182, 0.7956697940826416 
2, 1.8120973110198975, 1.6164371967315674, 0.7981021404266357, 0.7955045700073242 
3, 1.762265682220459, 1.621983289718628, 0.8017604351043701, 0.7975866794586182 
4, 1.709547519683838, 1.6493749618530273, 0.8261573314666748, 0.8007652759552002 
5, 1.654774785041809, 1.6423451900482178, 0.8242533206939697, 0.7943277359008789 
6, 1.5985186100006104, 1.6389830112457275, 0.8107035160064697, 0.8044657707214355 
7, 1.5411981344223022, 1.6685266494750977, 0.8334710597991943, 0.8121933937072754 
8, 1.4831358194351196, 1.6247010231018066, 0.8072285652160645, 0.7949051856994629 
9, 1.424594521522522, 1.629190444946289, 0.8052341938018799, 0.8013839721679688 
10, 1.3657938241958618, 1.6160666942596436, 0.8116044998168945, 0.781653881072998 
11, 1.3069205284118652, 1.6455228328704834, 0.8268382549285889, 0.7960612773895264 
12, 1.2481379508972168, 1.642181634902954, 0.8316731452941895, 0.7868647575378418 
13, 1.189592957496643, 1.6531531810760498, 0.8193469047546387, 0.8104238510131836 
14, 1.1314178705215454, 1.6190087795257568, 0.8018009662628174, 0.794095516204834 
15, 1.0737318992614746, 1.639040231704712, 0.8084917068481445, 0.8077900409698486 
16, 1.016645908355713, 1.6238415241241455, 0.8022165298461914, 0.7984514236450195 
17, 0.9602664709091187, 1.6371839046478271, 0.8290159702301025, 0.7854399681091309 
18, 0.9046889543533325, 1.6375555992126465, 0.8168790340423584, 0.7974979877471924 
19, 0.8500123023986816, 1.6386303901672363, 0.812349796295166, 0.8035354614257812 
20, 0.7963373064994812, 1.6255569458007812, 0.7977499961853027, 0.8048286437988281 
21, 0.7437577247619629, 1.6514358520507812, 0.8170759677886963, 0.8119595050811768 
22, 0.6923739910125732, 1.6075828075408936, 0.7955796718597412, 0.7895975112915039 
23, 0.6422789096832275, 1.6223092079162598, 0.8029115200042725, 0.7963371276855469 
24, 0.5935671329498291, 1.6414506435394287, 0.8027303218841553, 0.8161725997924805 
25, 0.5463236570358276, 1.6289424896240234, 0.8305976390838623, 0.776010274887085 
26, 0.5006266236305237, 1.623363971710205, 0.8055324554443359, 0.7946176528930664 
27, 0.4565485715866089, 1.6164391040802002, 0.8153724670410156, 0.7788360118865967 
28, 0.4142451882362366, 1.6243562698364258, 0.7895748615264893, 0.8002238273620605 
29, 0.37402641773223877, 1.6547377109527588, 0.8158552646636963, 0.8058018684387207 
30, 0.33566540479660034, 1.635547399520874, 0.795722484588623, 0.8036270141601562 
31, 0.2992556691169739, 1.658851146697998, 0.8309433460235596, 0.7950234413146973 
32, 0.2648870348930359, 1.6508681774139404, 0.8190767765045166, 0.7977509498596191 
33, 0.23261302709579468, 1.6268324851989746, 0.8025193214416504, 0.7905585765838623 
34, 0.20246806740760803, 1.6312611103057861, 0.802567720413208, 0.7953212261199951 
35, 0.17428898811340332, 1.6224644184112549, 0.7901256084442139, 0.8003346920013428 
36, 0.14772337675094604, 1.6588513851165771, 0.8139533996582031, 0.8121387958526611 
37, 0.12161433696746826, 1.6233961582183838, 0.8106122016906738, 0.7799057960510254 
38, 0.09776905179023743, 1.6169512271881104, 0.7982149124145508, 0.786372184753418 
39, 0.07633590698242188, 1.6243257522583008, 0.7853477001190186, 0.8065237998962402 
40, 0.05734974145889282, 1.617720127105713, 0.7952167987823486, 0.7894852161407471 
41, 0.040845513343811035, 1.6158204078674316, 0.7928357124328613, 0.7905392646789551 
42, 0.027164429426193237, 1.6341073513031006, 0.8053238391876221, 0.7964801788330078 
43, 0.01603102684020996, 1.6255059242248535, 0.7953872680664062, 0.7969820499420166 
44, 0.007357388734817505, 1.7763137817382812, 0.9589419364929199, 0.7841904163360596 
45, 0.0008555948734283447, 1.6429128646850586, 0.8255391120910645, 0.7841205596923828 
46, -0.0037275850772857666, 1.6701045036315918, 0.8381273746490479, 0.7993803024291992 
47, -0.005659222602844238, 1.6702790260314941, 0.8288969993591309, 0.8080089092254639 
48, -0.00661313533782959, 1.6609714031219482, 0.8160653114318848, 0.8107705116271973 
49, -0.005424231290817261, 1.6613242626190186, 0.8227188587188721, 0.8058531284332275 
50, -0.0029757916927337646, 1.687394380569458, 0.844254732131958, 0.8092765808105469 
51, 0.0006621778011322021, 1.6846189498901367, 0.8523972034454346, 0.7983417510986328 
52, 0.005399733781814575, 1.6726653575897217, 0.8314664363861084, 0.8085634708404541 
53, 0.010588496923446655, 1.671243667602539, 0.8254220485687256, 0.8133959770202637 
54, 0.017300069332122803, 1.6724953651428223, 0.8254866600036621, 0.8105525970458984 
55, 0.023523062467575073, 1.6965093612670898, 0.8344416618347168, 0.8285524845123291 
56, 0.03139433264732361, 1.6919453144073486, 0.8265151977539062, 0.8317573070526123 
57, 0.04042458534240723, 1.7522387504577637, 0.8465051651000977, 0.8716347217559814 
58, 0.04928302764892578, 1.7341082096099854, 0.85622239112854, 0.8461079597473145 
59, 0.05743610858917236, 1.724461317062378, 0.8617961406707764, 0.8297040462493896 
60, 0.06580615043640137, 1.7391598224639893, 0.8591845035552979, 0.8474125862121582 
61, 0.07567662000656128, 1.7769794464111328, 0.8940033912658691, 0.8497624397277832 
62, 0.0847674310207367, 1.804232120513916, 0.9069266319274902, 0.8644568920135498 
63, 0.09515845775604248, 1.9909389019012451, 1.0868587493896484, 0.8712003231048584 
64, 0.10767549276351929, 1.982576608657837, 1.0963521003723145, 0.854511022567749 
65, 0.1238010972738266, 2.008046865463257, 1.088205337524414, 0.8867831230163574 
66, 0.1415112316608429, 1.9744560718536377, 1.0810933113098145, 0.8603811264038086 
67, 0.16052468121051788, 2.042485237121582, 1.1254303455352783, 0.8849575519561768 
68, 0.18112492561340332, 2.0348331928253174, 1.0914430618286133, 0.9100983142852783 
69, 0.20249533653259277, 2.0452568531036377, 1.1190719604492188, 0.892777681350708 
70, 0.22508859634399414, 2.03233003616333, 1.1004865169525146, 0.899226188659668 
71, 0.2499367892742157, 2.0185718536376953, 1.0990512371063232, 0.8865053653717041 
72, 0.27732419967651367, 2.085639715194702, 1.0909757614135742, 0.9600229263305664 
73, 0.30685725808143616, 1.8405401706695557, 0.9041390419006348, 0.90346360206604 
74, 0.3382994532585144, 1.8132951259613037, 0.8810105323791504, 0.8991475105285645 
75, 0.3713177442550659, 1.8011643886566162, 0.885638952255249, 0.8833532333374023 
76, 0.40606123208999634, 1.784559965133667, 0.8602287769317627, 0.8910033702850342 
77, 0.4423055350780487, 1.9000515937805176, 0.8642807006835938, 0.9770305156707764 
78, 0.47950479388237, 2.161787271499634, 0.8623123168945312, 1.2669165134429932 
79, 0.5167954564094543, 1.7720718383789062, 0.8350579738616943, 0.9032337665557861 
80, 0.5562984943389893, 1.7306184768676758, 0.8229472637176514, 0.8749446868896484 
81, 0.5981359481811523, 1.7318897247314453, 0.823462724685669, 0.8764591217041016 
82, 0.6433453559875488, 1.7363553047180176, 0.8195381164550781, 0.8831984996795654 
83, 0.6896299123764038, 1.7295615673065186, 0.8217158317565918, 0.8757085800170898 
84, 0.7368695735931396, 1.7328970432281494, 0.8238894939422607, 0.8764111995697021 
85, 0.7852996587753296, 1.7119801044464111, 0.8131105899810791, 0.8668763637542725 
86, 0.8344873189926147, 1.730790615081787, 0.8312885761260986, 0.8674407005310059 
87, 0.8846430778503418, 1.7419748306274414, 0.8390598297119141, 0.8700037002563477 
88, 0.938675045967102, 1.7192113399505615, 0.8156986236572266, 0.8712594509124756 
89, 0.9948930740356445, 1.73341703414917, 0.8296287059783936, 0.8713445663452148 
90, 1.0524749755859375, 1.7145061492919922, 0.8172378540039062, 0.8651077747344971 
91, 1.1120613813400269, 1.732410192489624, 0.8473794460296631, 0.8514726161956787 
92, 1.173050880432129, 1.635599136352539, 0.7806622982025146, 0.8214290142059326 
93, 1.2353605031967163, 1.6391336917877197, 0.7606503963470459, 0.8454427719116211 
94, 1.2990833520889282, 1.7024803161621094, 0.8027710914611816, 0.8467035293579102 
95, 1.3638074398040771, 1.6490473747253418, 0.7994611263275146, 0.8165669441223145 
96, 1.430573582649231, 1.6486639976501465, 0.789527177810669, 0.8269133567810059 
97, 1.498742699623108, 1.6736476421356201, 0.7831270694732666, 0.8583686351776123 
98, 1.5683393478393555, 1.6972758769989014, 0.7934441566467285, 0.8716537952423096 
99, 1.6391191482543945, 1.6638877391815186, 0.7921004295349121, 0.8382725715637207 
100, 1.7111501693725586, 1.630854606628418, 0.7686529159545898, 0.8296449184417725 
101, 1.7844109535217285, 1.8275845050811768, 0.9558122158050537, 0.8383357524871826 
102, 1.8587015867233276, 1.7292811870574951, 0.8157098293304443, 0.8793795108795166 
103, 1.9348418712615967, 1.6811003684997559, 0.7961428165435791, 0.8509187698364258 
104, 2.012563943862915, 1.630995273590088, 0.7690181732177734, 0.8305768966674805 
105, 2.091585159301758, 1.6550612449645996, 0.7906363010406494, 0.8313846588134766 
106, 2.1718711853027344, 1.641273021697998, 0.7889382839202881, 0.8201243877410889 
107, 2.2528610229492188, 1.6903927326202393, 0.8058748245239258, 0.8513882160186768 
108, 2.336577892303467, 1.7133939266204834, 0.809795618057251, 0.8697984218597412 
109, 2.4223549365997314, 1.8687341213226318, 0.7979674339294434, 0.8619089126586914 
110, 2.509680986404419, 1.686798095703125, 0.8192970752716064, 0.8357958793640137 
111, 2.5982699394226074, 1.6650800704956055, 0.788585901260376, 0.8440048694610596 
112, 2.6887035369873047, 1.663869857788086, 0.7882206439971924, 0.8428163528442383 
113, 2.7821767330169678, 1.704296588897705, 0.8106458187103271, 0.8607585430145264 
114, 2.8769967555999756, 1.6533703804016113, 0.797978401184082, 0.8227183818817139 
115, 2.9732859134674072, 1.6750099658966064, 0.8084571361541748, 0.8335347175598145 
116, 3.0710225105285645, 1.6463429927825928, 0.7705318927764893, 0.8427672386169434 
117, 3.1708106994628906, 1.7025456428527832, 0.8384344577789307, 0.8322837352752686 
118, 3.2723495960235596, 1.6820449829101562, 0.8033199310302734, 0.8456659317016602 
119, 3.375187397003174, 1.6695239543914795, 0.8106253147125244, 0.826190710067749 
120, 3.479433536529541, 1.668860673904419, 0.7913527488708496, 0.8442409038543701 
121, 3.5838823318481445, 1.6687400341033936, 0.8135392665863037, 0.8228092193603516 
122, 3.6895720958709717, 1.6561193466186523, 0.7929754257202148, 0.8299248218536377 
123, 3.796177864074707, 1.6476867198944092, 0.7865843772888184, 0.8286809921264648 
124, 3.903740406036377, 1.711139440536499, 0.8266105651855469, 0.8511080741882324 
125, 4.012538433074951, 1.668426752090454, 0.802640438079834, 0.8331103324890137 
126, 4.122444152832031, 1.6735703945159912, 0.8181445598602295, 0.8234119415283203 
127, 4.23342752456665, 1.6468353271484375, 0.7851855754852295, 0.8284194469451904 
128, 4.345448017120361, 1.656517744064331, 0.7815361022949219, 0.8409738540649414 
129, 4.4573588371276855, 1.6542439460754395, 0.7892894744873047, 0.8322184085845947 
130, 4.570390701293945, 1.713254690170288, 0.8064930438995361, 0.8734643459320068 
131, 4.684733867645264, 1.642646312713623, 0.7901091575622559, 0.8200702667236328 
132, 4.800313949584961, 1.6277294158935547, 0.7746756076812744, 0.8211071491241455 
133, 4.917305946350098, 1.6405272483825684, 0.7730612754821777, 0.8347313404083252 
134, 5.035523414611816, 1.648437738418579, 0.7883169651031494, 0.8277432918548584 
135, 5.15490198135376, 1.6309759616851807, 0.7742986679077148, 0.8247649669647217 
136, 5.275330066680908, 1.642094612121582, 0.7743465900421143, 0.8333940505981445 
137, 5.396966934204102, 1.7922792434692383, 0.7875936031341553, 0.9712388515472412 
138, 5.5196685791015625, 1.6502106189727783, 0.7901365756988525, 0.8275470733642578 
139, 5.645120143890381, 1.650942325592041, 0.7877035140991211, 0.8304862976074219 
140, 5.7718892097473145, 1.6567671298980713, 0.7984848022460938, 0.8255128860473633 
141, 5.9000630378723145, 1.592500925064087, 0.7583227157592773, 0.8021500110626221 
142, 6.029658794403076, 1.6289758682250977, 0.7617976665496826, 0.833698034286499 
143, 6.160528659820557, 1.6558961868286133, 0.805295467376709, 0.8184025287628174 
144, 6.292766571044922, 1.6041476726531982, 0.7609751224517822, 0.810211181640625 
145, 6.426511764526367, 1.632157564163208, 0.7650043964385986, 0.8339426517486572 
146, 6.561739921569824, 1.6736633777618408, 0.8073246479034424, 0.8340210914611816 
147, 6.6984453201293945, 1.6363215446472168, 0.7954974174499512, 0.8063888549804688 
148, 6.836630344390869, 1.6014790534973145, 0.7712399959564209, 0.797936201095581 
149, 6.976234436035156, 1.6825077533721924, 0.7853314876556396, 0.8652753829956055 
150, 7.117326259613037, 1.6685435771942139, 0.8037745952606201, 0.8318319320678711 
151, 7.259902477264404, 1.694350242614746, 0.8366091251373291, 0.8246674537658691 
152, 7.40382719039917, 1.6074180603027344, 0.7881991863250732, 0.7870614528656006 
153, 7.549002647399902, 1.623230218887329, 0.7686948776245117, 0.8216884136199951 
154, 7.694720268249512, 1.650331974029541, 0.7941412925720215, 0.8238308429718018 
155, 7.841726303100586, 1.6360208988189697, 0.8033790588378906, 0.7999978065490723 
156, 7.990024089813232, 1.7997093200683594, 0.7840836048126221, 0.9831006526947021 
157, 8.139595031738281, 1.6347975730895996, 0.8080110549926758, 0.7933473587036133 
158, 8.290266036987305, 1.6426663398742676, 0.7961633205413818, 0.8092284202575684 
159, 8.442144393920898, 1.6188504695892334, 0.7755870819091797, 0.8103554248809814 
160, 8.595174789428711, 1.6422882080078125, 0.7804510593414307, 0.8294680118560791 
161, 8.749313354492188, 1.662919044494629, 0.7915289402008057, 0.8388571739196777 
162, 8.904573440551758, 1.6395015716552734, 0.7937138080596924, 0.8137228488922119 
163, 9.060955047607422, 1.6297929286956787, 0.7629585266113281, 0.8346819877624512 
164, 9.218462944030762, 1.6299948692321777, 0.8035140037536621, 0.7941417694091797 
165, 9.376769065856934, 1.6141595840454102, 0.7754645347595215, 0.8051447868347168 
166, 9.53587532043457, 1.632542610168457, 0.7920694351196289, 0.8074080944061279 
167, 9.69629955291748, 1.6934444904327393, 0.8199076652526855, 0.8402271270751953 
168, 9.858142852783203, 1.6206591129302979, 0.7761571407318115, 0.8118622303009033 
169, 10.021596908569336, 1.6815969944000244, 0.8079872131347656, 0.8408973217010498 
170, 10.186820983886719, 1.604924201965332, 0.7638278007507324, 0.8030796051025391 
171, 10.353863716125488, 1.642568588256836, 0.7803964614868164, 0.8289530277252197 
172, 10.522568702697754, 1.6401393413543701, 0.7884840965270996, 0.8189077377319336 
173, 10.692980766296387, 1.677253246307373, 0.8264076709747314, 0.8188893795013428 
174, 10.865067481994629, 1.7934930324554443, 0.9029669761657715, 0.8569478988647461 
175, 11.038768768310547, 1.6449096202850342, 0.8151724338531494, 0.7973566055297852 
176, 11.214214324951172, 1.6405236721038818, 0.7773492336273193, 0.8300149440765381 
177, 11.390952110290527, 1.637021780014038, 0.7900643348693848, 0.8143751621246338 
178, 11.568941116333008, 1.6085357666015625, 0.7942841053009033, 0.7822797298431396 
179, 11.748839378356934, 1.63657546043396, 0.7807579040527344, 0.8238468170166016 
180, 11.930097579956055, 1.6605393886566162, 0.812669038772583, 0.8160738945007324 
181, 12.112510681152344, 1.6606347560882568, 0.807873010635376, 0.8202483654022217 
182, 12.296232223510742, 1.6418964862823486, 0.796959638595581, 0.8130929470062256 
183, 12.4811429977417, 1.6439883708953857, 0.8103196620941162, 0.80155348777771 
184, 12.667194366455078, 1.7980248928070068, 0.7948770523071289, 0.8072798252105713 
185, 12.854293823242188, 1.611919641494751, 0.7706859111785889, 0.8089044094085693 
186, 13.042271614074707, 1.6114308834075928, 0.7636878490447998, 0.814774751663208 
187, 13.231367111206055, 1.643998622894287, 0.7950303554534912, 0.8170311450958252 
188, 13.421711921691895, 1.6469910144805908, 0.8077592849731445, 0.8072171211242676 
189, 13.613199234008789, 1.6415345668792725, 0.7977092266082764, 0.8119235038757324 
190, 13.806024551391602, 1.589897871017456, 0.7630960941314697, 0.7949516773223877 
191, 14.000131607055664, 1.6251270771026611, 0.7697763442993164, 0.8227968215942383 
192, 14.195443153381348, 1.6397957801818848, 0.797278642654419, 0.8100252151489258 
193, 14.391861915588379, 1.6824617385864258, 0.8108210563659668, 0.7941279411315918 
194, 14.589367866516113, 1.9177918434143066, 1.0492923259735107, 0.8353271484375 
195, 14.788018226623535, 1.634281873703003, 0.7802534103393555, 0.8220069408416748 
196, 14.987605094909668, 1.6537761688232422, 0.8037047386169434, 0.8171553611755371 
197, 15.187976837158203, 1.6191070079803467, 0.7955484390258789, 0.7916698455810547 
198, 15.389104843139648, 1.6371173858642578, 0.799872875213623, 0.8041071891784668 
199, 15.590822219848633, 1.6642515659332275, 0.7953317165374756, 0.8354382514953613 
200, 15.793119430541992, 1.675290584564209, 0.8152346611022949, 0.8270459175109863 
201, 15.996125221252441, 1.6351466178894043, 0.7914752960205078, 0.8118007183074951 
202, 16.199710845947266, 1.612682819366455, 0.7779004573822021, 0.801889181137085 
203, 16.403759002685547, 1.638113021850586, 0.7916238307952881, 0.7971446514129639 
204, 16.608257293701172, 1.6483345031738281, 0.8101651668548584, 0.8058137893676758 
205, 16.81316566467285, 1.6645300388336182, 0.8102946281433105, 0.8210606575012207 
206, 17.01876449584961, 1.6416246891021729, 0.7991995811462402, 0.8095831871032715 
207, 17.225093841552734, 1.663494348526001, 0.8049306869506836, 0.8266966342926025 
208, 17.432287216186523, 1.6214148998260498, 0.7741804122924805, 0.8145339488983154 
209, 17.64053726196289, 1.6533148288726807, 0.812924861907959, 0.807030200958252 
210, 17.849937438964844, 1.642242670059204, 0.7867996692657471, 0.8226191997528076 
211, 18.060400009155273, 1.6969571113586426, 0.8151404857635498, 0.8066253662109375 
212, 18.27179718017578, 1.656383752822876, 0.7875900268554688, 0.8361718654632568 
213, 18.4836368560791, 1.690873384475708, 0.8570458889007568, 0.8005948066711426 
214, 18.696077346801758, 1.6326463222503662, 0.7793214321136475, 0.8203918933868408 
215, 18.907732009887695, 1.621347427368164, 0.7906918525695801, 0.7986257076263428 
216, 19.1199893951416, 1.6473867893218994, 0.8001642227172852, 0.8143572807312012 
217, 19.33282470703125, 1.6938726902008057, 0.8141465187072754, 0.846991777420044 
218, 19.546201705932617, 1.6131515502929688, 0.7741706371307373, 0.8053019046783447 
219, 19.76015853881836, 1.6421864032745361, 0.7878100872039795, 0.8222534656524658 
220, 19.9747371673584, 1.6104729175567627, 0.772453784942627, 0.8050763607025146 
221, 20.189992904663086, 1.6687438488006592, 0.8255839347839355, 0.8101537227630615 
222, 20.40622901916504, 1.6399457454681396, 0.7890279293060303, 0.8176579475402832 
223, 20.623559951782227, 1.6375644207000732, 0.784414529800415, 0.821603536605835 
224, 20.841917037963867, 1.611151933670044, 0.7844576835632324, 0.7939331531524658 
225, 21.06149673461914, 1.621769905090332, 0.7951748371124268, 0.795041561126709 
226, 21.282310485839844, 1.640493631362915, 0.7839310169219971, 0.8232746124267578 
227, 21.504209518432617, 1.6423759460449219, 0.8057897090911865, 0.8041329383850098 
228, 21.727373123168945, 1.628310203552246, 0.7847926616668701, 0.8114421367645264 
229, 21.95185661315918, 1.6262211799621582, 0.7824482917785645, 0.8115580081939697 
230, 22.177448272705078, 1.6516799926757812, 0.8017854690551758, 0.8163676261901855 
231, 22.404216766357422, 1.6254587173461914, 0.7918908596038818, 0.8016383647918701 
232, 22.632034301757812, 1.6780948638916016, 0.7670705318450928, 0.8099005222320557 
233, 22.86090087890625, 1.6270675659179688, 0.7837660312652588, 0.8108341693878174 
234, 23.09078025817871, 1.631460428237915, 0.8006682395935059, 0.7970044612884521 
235, 23.321674346923828, 1.6290018558502197, 0.7797563076019287, 0.8174042701721191 
236, 23.553647994995117, 1.619657278060913, 0.774456262588501, 0.8125767707824707 
237, 23.78652572631836, 1.672441005706787, 0.8270761966705322, 0.8128993511199951 
238, 24.0203914642334, 1.6357359886169434, 0.7924196720123291, 0.8058481216430664 
239, 24.25532341003418, 1.6375453472137451, 0.7983553409576416, 0.8073265552520752 
240, 24.491371154785156, 1.6473820209503174, 0.8012256622314453, 0.8141558170318604 
241, 24.728336334228516, 1.6030566692352295, 0.7679224014282227, 0.80303955078125 
242, 24.96600914001465, 1.60567045211792, 0.7669260501861572, 0.8075053691864014 
243, 25.204544067382812, 1.6176447868347168, 0.7773661613464355, 0.8075237274169922 
244, 25.443748474121094, 1.6457140445709229, 0.8125076293945312, 0.8011724948883057 
245, 25.683502197265625, 1.641721487045288, 0.7947916984558105, 0.8132054805755615 
246, 25.9237003326416, 1.6150829792022705, 0.799267053604126, 0.783721923828125 
247, 26.1644287109375, 1.6113042831420898, 0.7661941051483154, 0.8126575946807861 
248, 26.405784606933594, 1.6276228427886963, 0.7827432155609131, 0.812030553817749 
249, 26.64789581298828, 1.6090481281280518, 0.7827939987182617, 0.7938194274902344 
250, 26.890605926513672, 1.6428184509277344, 0.7912766933441162, 0.8173360824584961 
251, 27.134361267089844, 1.708775281906128, 0.8418793678283691, 0.8337581157684326 
252, 27.379283905029297, 1.6498620510101318, 0.8151941299438477, 0.8028709888458252 
253, 27.62557029724121, 1.6388976573944092, 0.7914919853210449, 0.8147745132446289 
254, 27.873031616210938, 1.614004135131836, 0.7868375778198242, 0.7943799495697021 
255, 28.121505737304688, 1.6398701667785645, 0.787928581237793, 0.818859338760376 
256, 28.370811462402344, 1.655064344406128, 0.8010129928588867, 0.8221471309661865 
257, 28.62071418762207, 1.6651620864868164, 0.804591178894043, 0.8270461559295654 
258, 28.87158203125, 1.6381409168243408, 0.8120429515838623, 0.7943036556243896 
259, 29.123374938964844, 1.6471936702728271, 0.7775430679321289, 0.837134838104248 
260, 29.376121520996094, 1.6448242664337158, 0.8070507049560547, 0.8056704998016357 
261, 29.629796981811523, 1.6283602714538574, 0.7781960964202881, 0.8172197341918945 
262, 29.884910583496094, 1.6418540477752686, 0.8122386932373047, 0.7975869178771973 
263, 30.141199111938477, 1.6779351234436035, 0.8233792781829834, 0.820347785949707 
264, 30.39864730834961, 1.6405797004699707, 0.803624153137207, 0.803870439529419 
265, 30.657419204711914, 1.6256608963012695, 0.7717859745025635, 0.8205931186676025 
266, 30.91720962524414, 1.6209514141082764, 0.774766206741333, 0.8136696815490723 
267, 31.178009033203125, 1.6452999114990234, 0.8057558536529541, 0.8062214851379395 
268, 31.439590454101562, 1.6212029457092285, 0.7873432636260986, 0.8010008335113525 
269, 31.701704025268555, 1.6482641696929932, 0.7921051979064941, 0.8236019611358643 
270, 31.964305877685547, 1.663102388381958, 0.8002567291259766, 0.8302507400512695 
271, 32.22742462158203, 1.6648592948913574, 0.8090224266052246, 0.8235292434692383 
272, 32.490867614746094, 1.6650586128234863, 0.7946774959564209, 0.8376820087432861 
273, 32.75475311279297, 1.6308186054229736, 0.800377607345581, 0.7981064319610596 
274, 33.0191764831543, 1.6612789630889893, 0.7940502166748047, 0.8335387706756592 
275, 33.28414535522461, 1.649442434310913, 0.7999231815338135, 0.8167541027069092 
276, 33.54962921142578, 1.6530683040618896, 0.8066961765289307, 0.8090670108795166 
277, 33.815494537353516, 1.5888142585754395, 0.7506892681121826, 0.8056323528289795 
278, 34.08231735229492, 1.626621961593628, 0.7672765254974365, 0.8269224166870117 
279, 34.35087203979492, 1.6176376342773438, 0.7963504791259766, 0.7887957096099854 
280, 34.62080383300781, 1.605252981185913, 0.7903971672058105, 0.7817614078521729 
281, 34.8919563293457, 1.6510932445526123, 0.8032863140106201, 0.8144145011901855 
282, 35.164371490478516, 1.6092660427093506, 0.7877020835876465, 0.7895374298095703 
283, 35.43789291381836, 1.5931549072265625, 0.7650930881500244, 0.7964308261871338 
284, 35.712642669677734, 1.6261262893676758, 0.781585693359375, 0.81174635887146 
285, 35.98826217651367, 1.6459507942199707, 0.8056769371032715, 0.8079240322113037 
286, 36.26479721069336, 1.8860678672790527, 1.0664045810699463, 0.7850055694580078 
287, 36.542301177978516, 1.5877907276153564, 0.7687952518463135, 0.7858977317810059 
288, 36.82052993774414, 1.6143014430999756, 0.7671730518341064, 0.815335750579834 
289, 37.09929275512695, 1.6067965030670166, 0.7920839786529541, 0.7823474407196045 
290, 37.37885665893555, 1.5987906455993652, 0.7655503749847412, 0.7994961738586426 
291, 37.659446716308594, 1.6238691806793213, 0.7854790687561035, 0.8066160678863525 
292, 37.941490173339844, 1.6287100315093994, 0.8038191795349121, 0.7926685810089111 
293, 38.225040435791016, 1.6158721446990967, 0.7777726650238037, 0.8039398193359375 
294, 38.510292053222656, 1.6292264461517334, 0.7736549377441406, 0.8233308792114258 
295, 38.79710006713867, 1.6085338592529297, 0.7732958793640137, 0.8033156394958496 
296, 39.08528518676758, 1.5952842235565186, 0.7810959815979004, 0.7818756103515625 
297, 39.3749885559082, 1.6709034442901611, 0.8504407405853271, 0.7873594760894775 
298, 39.66611099243164, 1.6125390529632568, 0.7660658359527588, 0.8143465518951416 
299, 39.95843505859375, 1.6220703125, 0.7930188179016113, 0.7967565059661865 
300, 40.251708984375, 1.6401567459106445, 0.78594970703125, 0.8218474388122559 
301, 40.545921325683594, 1.6539134979248047, 0.796668291091919, 0.8228096961975098 
302, 40.840919494628906, 1.62567138671875, 0.8013207912445068, 0.7924230098724365 
303, 41.13645553588867, 1.622612714767456, 0.7826676368713379, 0.8065669536590576 
304, 41.43252182006836, 1.6249494552612305, 0.7987692356109619, 0.7941815853118896 
305, 41.728981018066406, 1.5832152366638184, 0.7557368278503418, 0.7948145866394043 
306, 42.02613067626953, 1.637850284576416, 0.7887041568756104, 0.8158304691314697 
307, 42.3237190246582, 1.6242122650146484, 0.7864542007446289, 0.8056139945983887 
308, 42.62196350097656, 1.6595988273620605, 0.8045036792755127, 0.8224091529846191 
309, 42.920875549316406, 1.6951098442077637, 0.8871195316314697, 0.7753064632415771 
310, 43.220306396484375, 1.6548237800598145, 0.7747280597686768, 0.8470380306243896 
311, 43.520565032958984, 1.630133867263794, 0.7940547466278076, 0.8033506870269775 
312, 43.82186508178711, 1.6579322814941406, 0.8091011047363281, 0.8163208961486816 
313, 44.12413024902344, 1.6672654151916504, 0.809258222579956, 0.8252604007720947 
314, 44.427310943603516, 1.6268997192382812, 0.8115983009338379, 0.7832081317901611 
315, 44.731449127197266, 1.6238853931427002, 0.7669694423675537, 0.8236935138702393 
316, 45.03627014160156, 1.6489627361297607, 0.7962985038757324, 0.8201122283935547 
317, 45.3415641784668, 1.7094264030456543, 0.850229024887085, 0.8264946937561035 
318, 45.64748764038086, 1.6441683769226074, 0.8090746402740479, 0.8024032115936279 
319, 45.954158782958984, 1.6310172080993652, 0.798673152923584, 0.7996721267700195 
320, 46.26157760620117, 1.5867509841918945, 0.7661304473876953, 0.7885236740112305 
321, 46.569618225097656, 1.6484131813049316, 0.7848467826843262, 0.8308467864990234 
322, 46.87794876098633, 1.6369562149047852, 0.8054895401000977, 0.7993109226226807 
323, 47.186798095703125, 1.6237969398498535, 0.7908310890197754, 0.799954891204834 
324, 47.49613952636719, 1.633265733718872, 0.7957544326782227, 0.8041136264801025 
325, 47.805633544921875, 1.6742236614227295, 0.8239765167236328, 0.8178997039794922 
326, 48.11524200439453, 1.6255807876586914, 0.7737696170806885, 0.8192100524902344 
327, 48.424888610839844, 1.576655387878418, 0.7706484794616699, 0.7739291191101074 
328, 48.734771728515625, 1.6476271152496338, 0.8094727993011475, 0.8060050010681152 
329, 49.04503631591797, 1.6513898372650146, 0.817835807800293, 0.8011841773986816 
330, 49.35610580444336, 1.722322940826416, 0.7924046516418457, 0.8007142543792725 
331, 49.668128967285156, 1.5822620391845703, 0.7739670276641846, 0.7760975360870361 
332, 49.98106002807617, 1.6023414134979248, 0.7655127048492432, 0.7995345592498779 
333, 50.294921875, 1.5982966423034668, 0.7620401382446289, 0.8034679889678955 
334, 50.609954833984375, 1.6071052551269531, 0.7673525810241699, 0.808274507522583 
335, 50.92631149291992, 1.60676908493042, 0.7749652862548828, 0.7996323108673096 
336, 51.244014739990234, 1.6212918758392334, 0.8113822937011719, 0.7779991626739502 
337, 51.562957763671875, 1.6152331829071045, 0.7865040302276611, 0.7954843044281006 
338, 51.883026123046875, 1.6346147060394287, 0.7895607948303223, 0.8131017684936523 
339, 52.20429992675781, 1.6489062309265137, 0.8025517463684082, 0.8142950534820557 
340, 52.527042388916016, 1.6405978202819824, 0.8034839630126953, 0.8049204349517822 
341, 52.851402282714844, 1.6703596115112305, 0.8330471515655518, 0.8039207458496094 
342, 53.17748260498047, 1.6455707550048828, 0.7967476844787598, 0.8163385391235352 
343, 53.5050163269043, 1.626596450805664, 0.7917323112487793, 0.8022785186767578 
344, 53.83412551879883, 1.5830705165863037, 0.7664451599121094, 0.7825431823730469 
345, 54.16501235961914, 1.6311581134796143, 0.7875723838806152, 0.8104274272918701 
346, 54.49725341796875, 1.6546142101287842, 0.8176710605621338, 0.8043866157531738 
347, 54.830684661865234, 1.6098158359527588, 0.8030316829681396, 0.7737479209899902 
348, 55.16560745239258, 1.5906140804290771, 0.7664151191711426, 0.792186975479126 
349, 55.501800537109375, 2.038663864135742, 0.7785687446594238, 0.8246746063232422 
350, 55.83928680419922, 1.68025803565979, 0.8167562484741211, 0.8310184478759766 
351, 56.17843246459961, 1.6771271228790283, 0.8363218307495117, 0.8070552349090576 
352, 56.51906967163086, 1.5948562622070312, 0.7761111259460449, 0.7867202758789062 
353, 56.86035919189453, 1.5925450325012207, 0.7586162090301514, 0.8017702102661133 
354, 57.2027473449707, 1.6434056758880615, 0.7894413471221924, 0.8210673332214355 
355, 57.54594039916992, 1.6085076332092285, 0.7846636772155762, 0.7913928031921387 
356, 57.88962936401367, 1.634535312652588, 0.786963701248169, 0.8147943019866943 
357, 58.23377990722656, 1.639049768447876, 0.8087856769561768, 0.7973010540008545 
358, 58.578712463378906, 1.6124954223632812, 0.7968225479125977, 0.7833046913146973 
359, 58.92448043823242, 1.6441192626953125, 0.7728517055511475, 0.8384296894073486 
360, 59.27126693725586, 1.6032507419586182, 0.805870532989502, 0.7658438682556152 
361, 59.61951446533203, 1.6811926364898682, 0.7550995349884033, 0.848804235458374 
362, 59.968902587890625, 1.7421717643737793, 0.8114383220672607, 0.7717506885528564 
363, 60.31937789916992, 1.6118052005767822, 0.7801234722137451, 0.7991762161254883 
364, 60.67072677612305, 1.6285443305969238, 0.7913084030151367, 0.804750919342041 
365, 61.0233268737793, 1.595656156539917, 0.7556858062744141, 0.808349609375 
366, 61.377079010009766, 1.6018650531768799, 0.7826414108276367, 0.7872586250305176 
367, 61.73182678222656, 1.6274890899658203, 0.7960014343261719, 0.7979300022125244 
368, 62.08781814575195, 1.5729055404663086, 0.7858223915100098, 0.754366397857666 
369, 62.44475555419922, 1.5837454795837402, 0.7537531852722168, 0.7979378700256348 
370, 62.80296325683594, 1.603729486465454, 0.7788567543029785, 0.7934882640838623 
371, 63.16204071044922, 1.6155314445495605, 0.7937607765197754, 0.7897350788116455 
372, 63.522762298583984, 1.5856823921203613, 0.7834227085113525, 0.7709028720855713 
373, 63.88494873046875, 1.6467411518096924, 0.8057699203491211, 0.8073201179504395 
374, 64.24821472167969, 1.6074864864349365, 0.7798123359680176, 0.7958965301513672 
375, 64.61288452148438, 1.6395463943481445, 0.7888145446777344, 0.8189601898193359 
376, 64.97919464111328, 1.6231114864349365, 0.7839174270629883, 0.8067798614501953 
377, 65.34669494628906, 1.6164941787719727, 0.8036801815032959, 0.780827522277832 
378, 65.71501159667969, 1.6142840385437012, 0.7784914970397949, 0.8004817962646484 
379, 66.08397674560547, 1.6670782566070557, 0.8062350749969482, 0.8286008834838867 
380, 66.45408630371094, 1.5923523902893066, 0.7590887546539307, 0.8008065223693848 
381, 66.82560729980469, 1.6728541851043701, 0.7976589202880859, 0.842585563659668 
382, 67.19856262207031, 1.6230788230895996, 0.7837812900543213, 0.8067190647125244 
383, 67.57317352294922, 1.588888168334961, 0.779860258102417, 0.7772364616394043 
384, 67.94944763183594, 1.5839753150939941, 0.7636008262634277, 0.7870934009552002 
385, 68.32720947265625, 1.5804386138916016, 0.7582542896270752, 0.7888033390045166 
386, 68.70686340332031, 1.8345999717712402, 0.7553274631500244, 0.9239840507507324 
387, 69.08821868896484, 1.7616543769836426, 0.9475994110107422, 0.7803871631622314 
388, 69.47093963623047, 1.5847525596618652, 0.7576813697814941, 0.7946858406066895 
389, 69.85466766357422, 1.610368251800537, 0.7888128757476807, 0.7902073860168457 
390, 70.2398910522461, 1.597055196762085, 0.7730135917663574, 0.7905588150024414 
391, 70.62615966796875, 2.375584363937378, 1.2054765224456787, 1.0013411045074463 
392, 71.01321411132812, 1.5716133117675781, 0.7596838474273682, 0.7804391384124756 
393, 71.40078735351562, 1.5583233833312988, 0.7502310276031494, 0.7762770652770996 
394, 71.7894058227539, 1.588883876800537, 0.7670571804046631, 0.7899141311645508 
395, 72.17912292480469, 1.5953330993652344, 0.7792153358459473, 0.7836666107177734 
396, 72.56991577148438, 1.5753157138824463, 0.7731015682220459, 0.7707540988922119 
397, 72.96188354492188, 1.6535704135894775, 0.7508084774017334, 0.8675563335418701 
398, 73.35492706298828, 1.6081593036651611, 0.764209508895874, 0.812230110168457 
399, 73.74900817871094, 1.6215722560882568, 0.7841084003448486, 0.7892909049987793 
400, 74.14419555664062, 1.5838291645050049, 0.785062313079834, 0.7663304805755615 
401, 74.54073333740234, 1.6061453819274902, 0.7865941524505615, 0.7860169410705566 
402, 74.93879699707031, 1.6740522384643555, 0.7849738597869873, 0.8565082550048828 
403, 75.33881378173828, 1.6967010498046875, 0.8603866100311279, 0.8045470714569092 
404, 75.7406005859375, 1.5975165367126465, 0.782550573348999, 0.7841353416442871 
405, 76.14445495605469, 1.7333605289459229, 0.7969615459442139, 0.9036083221435547 
406, 76.55057525634766, 1.5833032131195068, 0.7784478664398193, 0.7725038528442383 
407, 76.95854187011719, 1.580087423324585, 0.7601299285888672, 0.7869687080383301 
408, 77.36812591552734, 1.6132092475891113, 0.7836689949035645, 0.797590970993042 
409, 77.77903747558594, 1.6214630603790283, 0.7796156406402588, 0.8085803985595703 
410, 78.19110107421875, 1.6190736293792725, 0.7962791919708252, 0.789381742477417 
411, 78.6038589477539, 1.6062538623809814, 0.7925746440887451, 0.7805912494659424 
412, 79.01653289794922, 1.6020469665527344, 0.7776796817779541, 0.7920773029327393 
413, 79.43020629882812, 1.6525535583496094, 0.7912905216217041, 0.828660249710083 
414, 79.84522247314453, 1.603708267211914, 0.7896437644958496, 0.7835192680358887 
415, 80.26156616210938, 1.6171598434448242, 0.7841508388519287, 0.8000476360321045 
416, 80.67970275878906, 1.589989185333252, 0.7827258110046387, 0.7695658206939697 
417, 81.09980010986328, 1.6246013641357422, 0.8007359504699707, 0.7906475067138672 
418, 81.5213851928711, 1.608963966369629, 0.7676193714141846, 0.8084356784820557 
419, 81.94419860839844, 1.6339755058288574, 0.7843022346496582, 0.8174974918365479 
420, 82.36839294433594, 1.603426218032837, 0.7805352210998535, 0.788646936416626 
421, 82.79350280761719, 1.6701900959014893, 0.7962057590484619, 0.817807674407959 
422, 83.21932983398438, 1.6168162822723389, 0.7957260608673096, 0.788184404373169 
423, 83.64543914794922, 1.5981709957122803, 0.7853918075561523, 0.7807345390319824 
424, 84.0715560913086, 1.5792739391326904, 0.7576439380645752, 0.7888073921203613 
425, 84.4977798461914, 1.5860953330993652, 0.7669177055358887, 0.7862355709075928 
426, 84.92366790771484, 1.6182146072387695, 0.7950010299682617, 0.790203332901001 
427, 85.34959411621094, 1.5766737461090088, 0.778784990310669, 0.7646603584289551 
428, 85.77577209472656, 1.6034576892852783, 0.7767753601074219, 0.7949051856994629 
429, 86.202392578125, 1.6232237815856934, 0.7795722484588623, 0.8107566833496094 
430, 86.62953186035156, 1.5880913734436035, 0.7741773128509521, 0.7795038223266602 
431, 87.05781555175781, 1.566758394241333, 0.7635691165924072, 0.7711958885192871 
432, 87.48731994628906, 1.6033926010131836, 0.7799129486083984, 0.7909846305847168 
433, 87.91830444335938, 1.5821049213409424, 0.7832026481628418, 0.7664573192596436 
434, 88.35092163085938, 1.5862605571746826, 0.7711479663848877, 0.783099889755249 
435, 88.78553009033203, 1.7864940166473389, 0.7623801231384277, 0.8065576553344727 
436, 89.22132873535156, 1.6207458972930908, 0.8078329563140869, 0.7814722061157227 
437, 89.65797424316406, 1.6034014225006104, 0.7825958728790283, 0.7820379734039307 
438, 90.0958480834961, 2.3451058864593506, 0.7815647125244141, 0.7772538661956787 
439, 90.53517150878906, 1.5711846351623535, 0.7745590209960938, 0.7650749683380127 
440, 90.976318359375, 1.6351604461669922, 0.7686161994934082, 0.8340120315551758 
441, 91.41951751708984, 1.6016719341278076, 0.7816846370697021, 0.7896385192871094 
442, 91.86480712890625, 1.6099824905395508, 0.795201301574707, 0.7824356555938721 
443, 92.31209564208984, 1.6043837070465088, 0.7834868431091309, 0.7872569561004639 
444, 92.76078033447266, 1.5934200286865234, 0.7749624252319336, 0.7869091033935547 
445, 93.21114349365234, 1.610182762145996, 0.780515193939209, 0.7978858947753906 
446, 93.66352844238281, 1.5777602195739746, 0.7797541618347168, 0.7651669979095459 
447, 94.11810302734375, 1.572343111038208, 0.7736203670501709, 0.7662477493286133 
448, 94.57524108886719, 1.5841383934020996, 0.7828490734100342, 0.7691028118133545 
449, 95.03533935546875, 1.576512336730957, 0.7582180500030518, 0.7861759662628174 
450, 95.49836730957031, 1.573901891708374, 0.7462594509124756, 0.7954838275909424 
451, 95.96377563476562, 1.5737464427947998, 0.7779617309570312, 0.7646241188049316 
452, 96.4310531616211, 1.6350841522216797, 0.7940003871917725, 0.8077116012573242 
453, 96.9002685546875, 1.6492109298706055, 0.8107237815856934, 0.8043758869171143 
454, 97.371337890625, 1.630152940750122, 0.8036577701568604, 0.7934262752532959 
455, 97.84383392333984, 1.606612205505371, 0.7476403713226318, 0.7814979553222656 
456, 98.31776428222656, 1.590555191040039, 0.7723782062530518, 0.786001443862915 
457, 98.79344177246094, 1.5938215255737305, 0.7829368114471436, 0.7778899669647217 
458, 99.27056884765625, 1.6126360893249512, 0.8110659122467041, 0.769000768661499 
459, 99.74858093261719, 1.5673651695251465, 0.7525687217712402, 0.7818300724029541 
460, 100.2280044555664, 1.6625144481658936, 0.8040957450866699, 0.7918617725372314 
461, 100.70877838134766, 2.2096164226531982, 1.368307113647461, 0.8007268905639648 
462, 101.1904525756836, 1.6011652946472168, 0.7727975845336914, 0.7949278354644775 
463, 101.6729965209961, 1.6316659450531006, 0.8090724945068359, 0.7906501293182373 
464, 102.15576934814453, 1.5874488353729248, 0.7780005931854248, 0.7771539688110352 
465, 102.63908386230469, 1.6048698425292969, 0.7892389297485352, 0.7832183837890625 
466, 103.12272644042969, 1.6065568923950195, 0.7682414054870605, 0.8054778575897217 
467, 103.60730743408203, 1.5908074378967285, 0.795710563659668, 0.7625861167907715 
468, 104.09317016601562, 1.575596570968628, 0.7653071880340576, 0.7778198719024658 
469, 104.58024597167969, 1.5865087509155273, 0.7728273868560791, 0.7813305854797363 
470, 105.06838989257812, 1.598684310913086, 0.773862361907959, 0.7922158241271973 
471, 105.55802154541016, 1.568493127822876, 0.770078182220459, 0.7671723365783691 
472, 106.04890441894531, 1.5973622798919678, 0.7695763111114502, 0.7949767112731934 
473, 106.54119873046875, 1.8413960933685303, 0.8328185081481934, 0.792550802230835 
474, 107.03433990478516, 1.642496109008789, 0.7975108623504639, 0.8120980262756348 
475, 107.52891540527344, 1.584930419921875, 0.7861649990081787, 0.7661035060882568 
476, 108.02497100830078, 1.578819751739502, 0.767780065536499, 0.7777810096740723 
477, 108.52277374267578, 1.5811378955841064, 0.7716798782348633, 0.776623010635376 
478, 109.02198791503906, 1.598853588104248, 0.7716240882873535, 0.7939281463623047 
479, 109.52249145507812, 1.6133091449737549, 0.7789695262908936, 0.8022208213806152 
480, 110.02394104003906, 1.649489164352417, 0.7846567630767822, 0.8137133121490479 
481, 110.52667999267578, 1.6010651588439941, 0.7821602821350098, 0.7862648963928223 
482, 111.03121948242188, 1.5914242267608643, 0.8011410236358643, 0.7581982612609863 
483, 111.53739929199219, 1.571366786956787, 0.7609188556671143, 0.777777910232544 
484, 112.04499053955078, 2.110556125640869, 1.2818725109100342, 0.7970478534698486 
485, 112.5535888671875, 1.6028316020965576, 0.791412353515625, 0.7799046039581299 
486, 113.06289672851562, 1.5849394798278809, 0.7880854606628418, 0.7650079727172852 
487, 113.57270050048828, 1.5880284309387207, 0.7907426357269287, 0.7639422416687012 
488, 114.08377838134766, 1.5497004985809326, 0.7500743865966797, 0.7679708003997803 
489, 114.59590148925781, 1.585594654083252, 0.7634010314941406, 0.791172981262207 
490, 115.1087875366211, 1.5788376331329346, 0.7846479415893555, 0.7621808052062988 
491, 115.62228393554688, 1.5507194995880127, 0.7453949451446533, 0.7738561630249023 
492, 116.13558959960938, 1.8725368976593018, 0.7766036987304688, 0.8299341201782227 
493, 116.64886474609375, 1.6388154029846191, 0.8105535507202148, 0.7959742546081543 
494, 117.16234588623047, 1.5807173252105713, 0.7815206050872803, 0.7685158252716064 
495, 117.67640686035156, 1.5860984325408936, 0.7809016704559326, 0.7732861042022705 
496, 118.1910171508789, 1.5985655784606934, 0.7885775566101074, 0.7680888175964355 
497, 118.70634460449219, 1.5676932334899902, 0.768458366394043, 0.7675092220306396 
498, 119.22230529785156, 1.5936219692230225, 0.7636277675628662, 0.7977824211120605 
499, 119.7391586303711, 1.5967726707458496, 0.7772519588470459, 0.7884197235107422 
500, 120.25738525390625, 1.6138081550598145, 0.7974522113800049, 0.7837975025177002 
501, 120.77723693847656, 1.5883002281188965, 0.7882101535797119, 0.768406867980957 
502, 121.2986831665039, 1.5893774032592773, 0.7663888931274414, 0.790306806564331 
503, 121.82172393798828, 1.769557237625122, 0.7961184978485107, 0.9291167259216309 
504, 122.34598541259766, 1.5887234210968018, 0.7797389030456543, 0.7770395278930664 
505, 122.87122344970703, 1.6083283424377441, 0.7865381240844727, 0.7761936187744141 
506, 123.39775085449219, 1.5752100944519043, 0.7712669372558594, 0.771430492401123 
507, 123.92530822753906, 1.572960615158081, 0.7564477920532227, 0.7848978042602539 
508, 124.45388793945312, 1.625368356704712, 0.7923293113708496, 0.8004298210144043 
509, 124.98319244384766, 1.594799518585205, 0.7882812023162842, 0.774155855178833 
510, 125.51354217529297, 1.6300327777862549, 0.799626350402832, 0.7976341247558594 
511, 126.04386138916016, 1.6345081329345703, 0.8050343990325928, 0.7947537899017334 
512, 126.5746078491211, 1.6157622337341309, 0.7881636619567871, 0.79534912109375 
513, 127.10662078857422, 1.585916519165039, 0.7836766242980957, 0.7691915035247803 
514, 127.64021301269531, 1.6000218391418457, 0.7903175354003906, 0.7765645980834961 
515, 128.17599487304688, 1.5748870372772217, 0.7610554695129395, 0.7812483310699463 
516, 128.7141571044922, 1.5963187217712402, 0.7622883319854736, 0.8015222549438477 
517, 129.25502014160156, 1.6111953258514404, 0.7772800922393799, 0.8015279769897461 
518, 129.79786682128906, 1.6465635299682617, 0.8123462200164795, 0.8015308380126953 
519, 130.3421630859375, 1.5946910381317139, 0.7812788486480713, 0.7802391052246094 
520, 130.8885040283203, 1.5908024311065674, 0.7911121845245361, 0.7667040824890137 
521, 131.43646240234375, 1.5980360507965088, 0.7659039497375488, 0.7989225387573242 
522, 131.9854736328125, 1.6183991432189941, 0.795781135559082, 0.7906942367553711 
523, 132.53587341308594, 1.604703426361084, 0.7796308994293213, 0.7921342849731445 
524, 133.0872344970703, 1.6428682804107666, 0.7965054512023926, 0.7828464508056641 
525, 133.6394500732422, 1.6589560508728027, 0.8099851608276367, 0.7898187637329102 
526, 134.19207763671875, 1.6754093170166016, 0.7980153560638428, 0.8448727130889893 
527, 134.74545288085938, 1.602787733078003, 0.7864916324615479, 0.782663106918335 
528, 135.29974365234375, 1.5672740936279297, 0.7554833889007568, 0.7754778861999512 
529, 135.8545684814453, 1.613060712814331, 0.7977557182312012, 0.7826485633850098 
530, 136.4091796875, 1.9765872955322266, 0.7859697341918945, 0.9298303127288818 
531, 136.96434020996094, 1.6332321166992188, 0.8096389770507812, 0.7910275459289551 
532, 137.52027893066406, 1.5961494445800781, 0.7925310134887695, 0.7722635269165039 
533, 138.0769500732422, 1.592707633972168, 0.7889101505279541, 0.7719845771789551 
534, 138.6344757080078, 1.6007726192474365, 0.7718493938446045, 0.7906558513641357 
535, 139.1932373046875, 1.6103076934814453, 0.788487434387207, 0.7897088527679443 
536, 139.75332641601562, 1.593141794204712, 0.7765567302703857, 0.7836654186248779 
537, 140.3146514892578, 1.6085858345031738, 0.7952890396118164, 0.7788426876068115 
538, 140.87738037109375, 1.5581929683685303, 0.7680113315582275, 0.7578120231628418 
539, 141.44082641601562, 1.5693471431732178, 0.7656826972961426, 0.7721946239471436 
540, 142.00482177734375, 1.5612292289733887, 0.7453045845031738, 0.7855072021484375 
541, 142.56886291503906, 1.566230058670044, 0.758134126663208, 0.7762203216552734 
542, 143.13352966308594, 1.6159031391143799, 0.7986583709716797, 0.7844972610473633 
543, 143.69827270507812, 1.5983474254608154, 0.790449857711792, 0.7753009796142578 
544, 144.26364135742188, 1.6122562885284424, 0.7895288467407227, 0.7904562950134277 
545, 144.83041381835938, 1.5637242794036865, 0.7696151733398438, 0.7612416744232178 
546, 145.39845275878906, 1.632523775100708, 0.7789716720581055, 0.8216135501861572 
547, 145.96800231933594, 1.5941097736358643, 0.7872204780578613, 0.774688720703125 
548, 146.53855895996094, 1.6014320850372314, 0.7913618087768555, 0.7788510322570801 
549, 147.1100311279297, 1.5912103652954102, 0.7726719379425049, 0.7861201763153076 
550, 147.68263244628906, 1.585481882095337, 0.779205322265625, 0.7759401798248291 
551, 148.25619506835938, 1.5910916328430176, 0.7872977256774902, 0.7711443901062012 
552, 148.8309326171875, 1.556992769241333, 0.7626948356628418, 0.761962890625 
553, 149.4068603515625, 1.5817034244537354, 0.7720541954040527, 0.7780678272247314 
554, 149.98367309570312, 1.6003093719482422, 0.7802531719207764, 0.787708044052124 
555, 150.56077575683594, 1.8423917293548584, 0.8122777938842773, 0.7822728157043457 
556, 151.13851928710938, 1.6190249919891357, 0.8069024085998535, 0.777355432510376 
557, 151.7161407470703, 1.5735552310943604, 0.7668783664703369, 0.7744405269622803 
558, 152.2935791015625, 1.5642509460449219, 0.7701449394226074, 0.7616503238677979 
559, 152.8707275390625, 1.5635097026824951, 0.7604584693908691, 0.7710442543029785 
560, 153.44827270507812, 1.5544054508209229, 0.7522175312042236, 0.7701032161712646 
561, 154.02561950683594, 1.626795768737793, 0.8048980236053467, 0.7892217636108398 
562, 154.60220336914062, 1.754248857498169, 0.7878823280334473, 0.9337530136108398 
563, 155.17906188964844, 1.7901673316955566, 0.961928129196167, 0.7965459823608398 
564, 155.75637817382812, 1.5964131355285645, 0.7755281925201416, 0.7882819175720215 
565, 156.3351287841797, 1.6802468299865723, 0.8649513721466064, 0.7833969593048096 
566, 156.91574096679688, 1.5986533164978027, 0.788844108581543, 0.7777214050292969 
567, 157.49859619140625, 1.7712152004241943, 0.7902600765228271, 0.8027269840240479 
568, 158.08384704589844, 1.6298320293426514, 0.8061950206756592, 0.7923374176025391 
569, 158.6715545654297, 1.609886884689331, 0.8049554824829102, 0.773686408996582 
570, 159.2619171142578, 1.603046178817749, 0.79274582862854, 0.7777600288391113 
571, 159.85433959960938, 1.5509417057037354, 0.7627286911010742, 0.755896806716919 
572, 160.44915771484375, 1.6003148555755615, 0.759913444519043, 0.8082637786865234 
573, 161.04632568359375, 1.6730365753173828, 0.7892627716064453, 0.8512115478515625 
574, 161.6452178955078, 1.8743605613708496, 0.8069677352905273, 0.7824826240539551 
575, 162.24632263183594, 1.5923042297363281, 0.7886626720428467, 0.771355152130127 
576, 162.85031127929688, 1.5707588195800781, 0.760157585144043, 0.7774219512939453 
577, 163.45762634277344, 1.5640864372253418, 0.759136438369751, 0.7718784809112549 
578, 164.06741333007812, 1.6122231483459473, 0.7979183197021484, 0.7816591262817383 
579, 164.67977905273438, 1.5893275737762451, 0.7936563491821289, 0.7628276348114014 
580, 165.29501342773438, 1.586878776550293, 0.7747917175292969, 0.7798371315002441 
581, 165.91259765625, 1.6012673377990723, 0.764622688293457, 0.8041419982910156 
582, 166.5327911376953, 1.578385353088379, 0.7667813301086426, 0.7790780067443848 
583, 167.15554809570312, 1.6867084503173828, 0.7925419807434082, 0.8613474369049072 
584, 167.77999877929688, 1.6382250785827637, 0.8028368949890137, 0.8007895946502686 
585, 168.40582275390625, 1.598560094833374, 0.7738895416259766, 0.7925214767456055 
586, 169.03341674804688, 1.5872020721435547, 0.7577366828918457, 0.7974190711975098 
587, 169.663330078125, 1.6449816226959229, 0.7861175537109375, 0.7906680107116699 
588, 170.29507446289062, 1.5856685638427734, 0.7785921096801758, 0.7746138572692871 
589, 170.9283447265625, 1.583169937133789, 0.7831053733825684, 0.7669057846069336 
590, 171.56333923339844, 1.5649020671844482, 0.764946460723877, 0.7667200565338135 
591, 172.20005798339844, 1.5614333152770996, 0.7467541694641113, 0.782827615737915 
592, 172.83853149414062, 1.5956485271453857, 0.775876522064209, 0.7888956069946289 
593, 173.47862243652344, 1.5996346473693848, 0.7867865562438965, 0.7791492938995361 
594, 174.12014770507812, 1.6070990562438965, 0.7924473285675049, 0.7810206413269043 
595, 174.76242065429688, 1.5906271934509277, 0.7679064273834229, 0.7904438972473145 
596, 175.40501403808594, 1.601536512374878, 0.7790675163269043, 0.7906711101531982 
597, 176.04832458496094, 1.5939123630523682, 0.7912733554840088, 0.7697134017944336 
598, 176.69163513183594, 1.5551550388336182, 0.7647173404693604, 0.7581586837768555 
599, 177.3354034423828, 1.5922813415527344, 0.7782754898071289, 0.7826530933380127 
600, 177.98013305664062, 1.5725631713867188, 0.7717728614807129, 0.7685885429382324 
601, 178.6268768310547, 1.5589845180511475, 0.763002872467041, 0.763568639755249 
602, 179.27508544921875, 1.5482535362243652, 0.7523825168609619, 0.7636454105377197 
603, 179.92481994628906, 1.6220104694366455, 0.811180591583252, 0.7788910865783691 
604, 180.5763702392578, 1.608771562576294, 0.8108725547790527, 0.7662019729614258 
605, 181.22959899902344, 1.744633436203003, 0.7920742034912109, 0.8740634918212891 
606, 181.88487243652344, 1.5839645862579346, 0.795325756072998, 0.7564935684204102 
607, 182.5416717529297, 1.5613651275634766, 0.768836498260498, 0.7608423233032227 
608, 183.20018005371094, 1.621351718902588, 0.7829387187957764, 0.8051948547363281 
609, 183.85983276367188, 1.6155965328216553, 0.8119664192199707, 0.770395040512085 
610, 184.52099609375, 1.5561511516571045, 0.7567794322967529, 0.7678163051605225 
611, 185.18365478515625, 1.5768179893493652, 0.7652368545532227, 0.7795226573944092 
612, 185.84677124023438, 1.6084866523742676, 0.7882146835327148, 0.7866122722625732 
613, 186.50999450683594, 1.64827561378479, 0.8166697025299072, 0.7987241744995117 
614, 187.17019653320312, 1.592057466506958, 0.7891170978546143, 0.7711846828460693 
615, 187.83042907714844, 1.6321122646331787, 0.7868082523345947, 0.8129193782806396 
616, 188.49002075195312, 1.5742127895355225, 0.7811872959136963, 0.7606697082519531 
617, 189.14874267578125, 1.7904596328735352, 0.8072879314422607, 0.7695555686950684 
618, 189.80738830566406, 1.578657627105713, 0.7720222473144531, 0.7744417190551758 
619, 190.4654541015625, 1.5957708358764648, 0.7643475532531738, 0.7988135814666748 
620, 191.1226043701172, 1.591350793838501, 0.7818217277526855, 0.7771835327148438 
621, 191.77914428710938, 1.5798180103302002, 0.7766239643096924, 0.7710072994232178 
622, 192.43446350097656, 1.58345365524292, 0.7595140933990479, 0.7880830764770508 
623, 193.0888214111328, 1.61665678024292, 0.798208475112915, 0.7868614196777344 
624, 193.74270629882812, 1.6133356094360352, 0.7835521697998047, 0.7973225116729736 
625, 194.39674377441406, 1.6010503768920898, 0.7934665679931641, 0.775627851486206 
626, 195.050537109375, 1.5801799297332764, 0.7698359489440918, 0.7778677940368652 
627, 195.70509338378906, 1.6193249225616455, 0.8056294918060303, 0.7681896686553955 
628, 196.35972595214844, 1.6024537086486816, 0.7829422950744629, 0.7863163948059082 
629, 197.01438903808594, 1.5739493370056152, 0.7656736373901367, 0.7766904830932617 
630, 197.66969299316406, 1.6036646366119385, 0.7832489013671875, 0.7874925136566162 
631, 198.3251953125, 1.5619583129882812, 0.7636806964874268, 0.7667169570922852 
632, 198.98046875, 1.5965368747711182, 0.7687134742736816, 0.7950575351715088 
633, 199.63571166992188, 1.6129541397094727, 0.7865993976593018, 0.7934436798095703 
634, 200.2907257080078, 1.6160273551940918, 0.8099989891052246, 0.7743740081787109 
635, 200.94580078125, 1.5911319255828857, 0.7755558490753174, 0.7833659648895264 
636, 201.6015625, 1.791961908340454, 0.7579250335693359, 0.7799160480499268 
637, 202.25848388671875, 1.590961217880249, 0.7799551486968994, 0.7792472839355469 
638, 202.91734313964844, 1.5692558288574219, 0.775951623916626, 0.7607944011688232 
639, 203.57801818847656, 1.5580685138702393, 0.7557859420776367, 0.7707290649414062 
640, 204.24070739746094, 1.5785348415374756, 0.7675449848175049, 0.7780778408050537 
641, 204.90469360351562, 1.5695469379425049, 0.7765495777130127, 0.7608964443206787 
642, 205.56942749023438, 1.5752575397491455, 0.7892706394195557, 0.7538928985595703 
643, 206.23574829101562, 1.5654735565185547, 0.7548186779022217, 0.7771587371826172 
644, 206.9029541015625, 1.5708062648773193, 0.777498722076416, 0.7620291709899902 
645, 207.5709991455078, 1.5578770637512207, 0.7607204914093018, 0.7667663097381592 
646, 208.239990234375, 1.5685298442840576, 0.7591848373413086, 0.7776975631713867 
647, 208.90960693359375, 1.6446113586425781, 0.8015191555023193, 0.8010377883911133 
648, 209.57945251464844, 1.6029253005981445, 0.7789406776428223, 0.7922673225402832 
649, 210.24998474121094, 1.5834448337554932, 0.7814807891845703, 0.7705466747283936 
650, 210.9211883544922, 1.5761804580688477, 0.7609174251556396, 0.765833854675293 
651, 211.59371948242188, 1.5784192085266113, 0.7684588432312012, 0.7785406112670898 
652, 212.26768493652344, 1.5869441032409668, 0.7891290187835693, 0.7660422325134277 
653, 212.94296264648438, 1.649400234222412, 0.7761380672454834, 0.7676651477813721 
654, 213.6193084716797, 1.579857587814331, 0.7607874870300293, 0.7885682582855225 
655, 214.29678344726562, 1.6212997436523438, 0.8058323860168457, 0.7834112644195557 
656, 214.97503662109375, 1.6169769763946533, 0.798530101776123, 0.7848360538482666 
657, 215.65338134765625, 1.6320099830627441, 0.8237621784210205, 0.7734494209289551 
658, 216.33172607421875, 1.5678048133850098, 0.7617049217224121, 0.7746024131774902 
659, 217.01048278808594, 1.5569257736206055, 0.7472987174987793, 0.7781987190246582 
660, 217.6895751953125, 1.6256182193756104, 0.7867505550384521, 0.8059055805206299 
661, 218.36907958984375, 1.6103758811950684, 0.810213565826416, 0.7685537338256836 
662, 219.04873657226562, 1.8478446006774902, 0.7579810619354248, 0.7652139663696289 
663, 219.7283172607422, 1.5691735744476318, 0.7580709457397461, 0.7789878845214844 
664, 220.40821838378906, 1.570641040802002, 0.7740638256072998, 0.7636666297912598 
665, 221.08804321289062, 1.547175407409668, 0.7541122436523438, 0.7611873149871826 
666, 221.7677001953125, 1.5851175785064697, 0.7700710296630859, 0.7825603485107422 
667, 222.44735717773438, 1.59543776512146, 0.7881262302398682, 0.7748525142669678 
668, 223.12661743164062, 1.5662336349487305, 0.7574224472045898, 0.776639461517334 
669, 223.80552673339844, 1.615830659866333, 0.7502059936523438, 0.7999680042266846 
670, 224.48497009277344, 1.7309467792510986, 0.8094382286071777, 0.8890740871429443 
671, 225.1651611328125, 1.615567922592163, 0.7994716167449951, 0.7830393314361572 
672, 225.84512329101562, 1.5844330787658691, 0.7806391716003418, 0.7721750736236572 
673, 226.5242919921875, 1.6240026950836182, 0.7820930480957031, 0.8088562488555908 
674, 227.20314025878906, 1.5931141376495361, 0.7877697944641113, 0.7720303535461426 
675, 227.88185119628906, 1.6267774105072021, 0.8100242614746094, 0.7841830253601074 
676, 228.56072998046875, 1.738814115524292, 0.7677617073059082, 0.7673144340515137 
677, 229.2391815185547, 1.584275245666504, 0.7736198902130127, 0.77838134765625 
678, 229.9180145263672, 1.5863618850708008, 0.7686285972595215, 0.7846388816833496 
679, 230.59765625, 1.633324384689331, 0.8046374320983887, 0.7964179515838623 
680, 231.27804565429688, 1.5904350280761719, 0.7806859016418457, 0.777402400970459 
681, 231.95860290527344, 2.221992015838623, 0.778235912322998, 1.3695476055145264 
682, 232.63966369628906, 2.3017971515655518, 1.4939789772033691, 0.7752730846405029 
683, 233.3210906982422, 1.586160659790039, 0.7773721218109131, 0.7783203125 
684, 234.0018310546875, 1.5991721153259277, 0.7862253189086914, 0.7802236080169678 
685, 234.68238830566406, 1.6042697429656982, 0.7959704399108887, 0.7754828929901123 
686, 235.36253356933594, 1.5907554626464844, 0.7893762588500977, 0.7699816226959229 
687, 236.042236328125, 1.6036818027496338, 0.7734642028808594, 0.7974181175231934 
688, 236.7215118408203, 1.5970804691314697, 0.7852249145507812, 0.7789590358734131 
689, 237.40061950683594, 1.5747549533843994, 0.7875280380249023, 0.7545912265777588 
690, 238.07989501953125, 1.5416853427886963, 0.7545623779296875, 0.7549145221710205 
691, 238.75975036621094, 1.5661754608154297, 0.7634997367858887, 0.7656302452087402 
692, 239.43984985351562, 1.5836730003356934, 0.7850940227508545, 0.7657864093780518 
693, 240.12045288085938, 1.5458807945251465, 0.7629635334014893, 0.7511401176452637 
694, 240.8018035888672, 1.8124263286590576, 1.0253705978393555, 0.7547562122344971 
695, 241.4835662841797, 1.5638329982757568, 0.7613832950592041, 0.7702646255493164 
696, 242.1662139892578, 1.5746817588806152, 0.7703766822814941, 0.7709083557128906 
697, 242.84971618652344, 1.797300100326538, 0.7842421531677246, 0.7709171772003174 
698, 243.53439331054688, 1.5916602611541748, 0.783820629119873, 0.7761578559875488 
699, 244.21995544433594, 1.578927993774414, 0.773324728012085, 0.774029016494751 
700, 244.9066162109375, 1.5721423625946045, 0.7635698318481445, 0.7762846946716309 
701, 245.5939483642578, 1.5741045475006104, 0.7764723300933838, 0.7657797336578369 
702, 246.28225708007812, 1.5739331245422363, 0.7756400108337402, 0.7657885551452637 
703, 246.9717559814453, 1.577956199645996, 0.7757439613342285, 0.7704067230224609 
704, 247.6620635986328, 1.5786933898925781, 0.7752249240875244, 0.7718770503997803 
705, 248.35336303710938, 1.57901930809021, 0.7703883647918701, 0.7784759998321533 
706, 249.0456085205078, 1.5931906700134277, 0.785731315612793, 0.7760217189788818 
707, 249.73892211914062, 1.5743093490600586, 0.7772698402404785, 0.7652900218963623 
708, 250.43338012695312, 1.5965659618377686, 0.776505708694458, 0.7868344783782959 
709, 251.12940979003906, 1.5889716148376465, 0.774946928024292, 0.7816982269287109 
710, 251.82598876953125, 1.7237515449523926, 0.9132788181304932, 0.770878791809082 
711, 252.52012634277344, 1.563779354095459, 0.7765765190124512, 0.7541131973266602 
712, 253.21133422851562, 1.6156744956970215, 0.7862844467163086, 0.7953135967254639 
713, 253.8990478515625, 1.6123621463775635, 0.7899343967437744, 0.7886025905609131 
714, 254.58291625976562, 2.636556386947632, 0.76772141456604, 1.831017255783081 
715, 255.2621612548828, 1.5641369819641113, 0.7759866714477539, 0.7562379837036133 
716, 255.93817138671875, 1.7455415725708008, 0.7508230209350586, 0.7902836799621582 
717, 256.6121826171875, 1.6281561851501465, 0.8097224235534668, 0.7855825424194336 
718, 257.2836608886719, 1.5941312313079834, 0.7841506004333496, 0.7768969535827637 
719, 257.9538269042969, 1.6096656322479248, 0.7947194576263428, 0.7822842597961426 
720, 258.62225341796875, 1.5789265632629395, 0.7583458423614502, 0.7875669002532959 
721, 259.2896423339844, 1.6138403415679932, 0.8027148246765137, 0.7800180912017822 
722, 259.9559326171875, 1.5853242874145508, 0.7594690322875977, 0.7930104732513428 
723, 260.6224060058594, 1.6194274425506592, 0.8111133575439453, 0.775806188583374 
724, 261.28875732421875, 1.6924824714660645, 0.7884838581085205, 0.871164083480835 
725, 261.9548645019531, 1.5550096035003662, 0.7698149681091309, 0.7542574405670166 
726, 262.6204833984375, 1.5913796424865723, 0.7724335193634033, 0.7860596179962158 
727, 263.286376953125, 1.588212490081787, 0.7958600521087646, 0.7602376937866211 
728, 263.9530029296875, 1.603888988494873, 0.7802181243896484, 0.7910778522491455 
729, 264.61968994140625, 1.6089322566986084, 0.7808537483215332, 0.7891082763671875 
730, 265.287353515625, 1.6156389713287354, 0.8005175590515137, 0.7829835414886475 
731, 265.9554748535156, 1.6034584045410156, 0.7784175872802734, 0.7739453315734863 
732, 266.6236572265625, 1.6185283660888672, 0.8056058883666992, 0.7800695896148682 
733, 267.2921142578125, 1.567974328994751, 0.7693190574645996, 0.7616009712219238 
734, 267.96051025390625, 1.6388602256774902, 0.781404972076416, 0.8249554634094238 
735, 268.6283874511719, 1.7897148132324219, 0.781958818435669, 0.7709550857543945 
736, 269.2962646484375, 1.6621403694152832, 0.8467912673950195, 0.7830789089202881 
737, 269.96392822265625, 1.5763323307037354, 0.757648229598999, 0.7835407257080078 
738, 270.6319580078125, 1.5953083038330078, 0.7836318016052246, 0.7794456481933594 
739, 271.3000183105469, 1.6062614917755127, 0.7964942455291748, 0.7784237861633301 
740, 271.96844482421875, 1.6145281791687012, 0.7990655899047852, 0.783149242401123 
741, 272.63763427734375, 1.5832650661468506, 0.7960307598114014, 0.7556948661804199 
742, 273.30853271484375, 1.569873332977295, 0.7657938003540039, 0.7716388702392578 
743, 273.9818115234375, 1.596752643585205, 0.7739980220794678, 0.789114236831665 
744, 274.6575012207031, 1.5820114612579346, 0.7655751705169678, 0.7833235263824463 
745, 275.33587646484375, 1.6230595111846924, 0.793219804763794, 0.7968363761901855 
746, 276.0164489746094, 1.5892939567565918, 0.7759888172149658, 0.7811934947967529 
747, 276.7000732421875, 1.589087724685669, 0.7787985801696777, 0.778017520904541 
748, 277.3857116699219, 1.606518030166626, 0.7876501083374023, 0.7804961204528809 
749, 278.07318115234375, 1.8027687072753906, 0.9943423271179199, 0.7768995761871338 
750, 278.7625732421875, 1.621880292892456, 0.775977611541748, 0.7988035678863525 
751, 279.45440673828125, 1.597701072692871, 0.7874279022216797, 0.7805488109588623 
752, 280.1491394042969, 1.7300081253051758, 0.7926077842712402, 0.7678477764129639 
753, 280.8463134765625, 1.681459665298462, 0.8710203170776367, 0.7782459259033203 
754, 281.54547119140625, 1.577803134918213, 0.7603209018707275, 0.7860329151153564 
755, 282.2477722167969, 1.8170981407165527, 0.7825074195861816, 0.7638821601867676 
756, 282.9522705078125, 1.640700340270996, 0.8310511112213135, 0.776874303817749 
757, 283.65753173828125, 1.5960168838500977, 0.7801699638366699, 0.7843248844146729 
758, 284.3633117675781, 1.612238883972168, 0.7948083877563477, 0.7870655059814453 
759, 285.0700988769531, 1.5854458808898926, 0.781151294708252, 0.772756814956665 
760, 285.7772521972656, 1.5822277069091797, 0.7738809585571289, 0.7767174243927002 
761, 286.48455810546875, 1.599513053894043, 0.7859699726104736, 0.7814574241638184 
762, 287.1920471191406, 1.6330814361572266, 0.7854709625244141, 0.7847137451171875 
763, 287.89996337890625, 1.5754568576812744, 0.7821736335754395, 0.7630071640014648 
764, 288.6089782714844, 1.5972414016723633, 0.7865691184997559, 0.7792589664459229 
765, 289.3200378417969, 1.589543342590332, 0.7912707328796387, 0.7663109302520752 
766, 290.0328369140625, 1.559725046157837, 0.763901948928833, 0.7638721466064453 
767, 290.74755859375, 1.5828258991241455, 0.767219066619873, 0.7738699913024902 
768, 291.4637451171875, 1.5768954753875732, 0.7787766456604004, 0.7665681838989258 
769, 292.1814880371094, 1.6416280269622803, 0.7787289619445801, 0.7830920219421387 
770, 292.900634765625, 1.6354422569274902, 0.8203554153442383, 0.782412052154541 
771, 293.62109375, 1.5673632621765137, 0.7769467830657959, 0.7589774131774902 
772, 294.34307861328125, 2.2367939949035645, 1.3311090469360352, 0.8140969276428223 
773, 295.0661315917969, 1.604597806930542, 0.8213212490081787, 0.7512607574462891 
774, 295.7903137207031, 1.9052889347076416, 0.7688534259796143, 0.7841732501983643 
775, 296.5163879394531, 1.631394624710083, 0.8130059242248535, 0.7877712249755859 
776, 297.2423095703125, 1.6106548309326172, 0.7874453067779541, 0.7891511917114258 
777, 297.968994140625, 1.6099114418029785, 0.8078203201293945, 0.7694728374481201 
778, 298.6959228515625, 1.5780329704284668, 0.7771573066711426, 0.7684712409973145 
779, 299.4221496582031, 1.588240623474121, 0.7747490406036377, 0.7811629772186279 
780, 300.1487121582031, 1.5996251106262207, 0.7681183815002441, 0.798025369644165 
781, 300.8744201660156, 1.5932204723358154, 0.7778987884521484, 0.783104419708252 
782, 301.5990905761719, 1.645756483078003, 0.8100795745849609, 0.8022282123565674 
783, 302.3228454589844, 1.6075749397277832, 0.795264720916748, 0.7798557281494141 
784, 303.0455627441406, 1.634159803390503, 0.7941899299621582, 0.8067550659179688 
785, 303.768798828125, 1.572591781616211, 0.7802677154541016, 0.7610831260681152 
786, 304.49139404296875, 1.613912582397461, 0.8132760524749756, 0.7681565284729004 
787, 305.21282958984375, 1.5798695087432861, 0.769974946975708, 0.7690341472625732 
788, 305.9335021972656, 1.6003057956695557, 0.7792191505432129, 0.7892758846282959 
789, 306.65338134765625, 1.594695806503296, 0.7741799354553223, 0.7875266075134277 
790, 307.3727722167969, 1.5826835632324219, 0.7787294387817383, 0.7717728614807129 
791, 308.0919189453125, 1.5996830463409424, 0.7912294864654541, 0.7753810882568359 
792, 308.810791015625, 1.616424798965454, 0.8044195175170898, 0.7801764011383057 
793, 309.5296325683594, 1.6003570556640625, 0.7777631282806396, 0.7897179126739502 
794, 310.2492370605469, 1.6110761165618896, 0.8023800849914551, 0.7731325626373291 
795, 310.96917724609375, 1.595430850982666, 0.7875206470489502, 0.7759637832641602 
796, 311.68890380859375, 1.6565172672271729, 0.7804021835327148, 0.8329079151153564 
797, 312.4086608886719, 1.5734670162200928, 0.7656824588775635, 0.7751100063323975 
798, 313.1288146972656, 1.5828042030334473, 0.7713735103607178, 0.7787165641784668 
799, 313.8487548828125, 1.5738987922668457, 0.7605423927307129, 0.7814033031463623 
800, 314.56903076171875, 1.5810160636901855, 0.7621934413909912, 0.784919261932373 
801, 315.2895812988281, 1.6278839111328125, 0.8089699745178223, 0.7871131896972656 
802, 316.01043701171875, 1.577859878540039, 0.7727298736572266, 0.7733776569366455 
803, 316.73187255859375, 1.5842006206512451, 0.7786765098571777, 0.7729032039642334 
804, 317.4534912109375, 1.5748286247253418, 0.77115797996521, 0.770510196685791 
805, 318.1753845214844, 1.5894136428833008, 0.7847118377685547, 0.7723805904388428 
806, 318.8977966308594, 1.5891709327697754, 0.788905143737793, 0.7676997184753418 
807, 319.62054443359375, 1.5663440227508545, 0.7692792415618896, 0.7746226787567139 
808, 320.3403015136719, 1.5684292316436768, 0.7798066139221191, 0.7665274143218994 
809, 321.05389404296875, 1.5356380939483643, 0.764559268951416, 0.7487490177154541 
810, 321.75830078125, 1.6447641849517822, 0.7837831974029541, 0.8390209674835205 
811, 322.45135498046875, 1.5761241912841797, 0.7851016521453857, 0.7692263126373291 
812, 323.13031005859375, 1.5711033344268799, 0.7779576778411865, 0.7707259654998779 
813, 323.79351806640625, 1.5551769733428955, 0.7672221660614014, 0.7660858631134033 
814, 324.43914794921875, 1.6460692882537842, 0.7681112289428711, 0.7527318000793457 
815, 325.0648498535156, 1.5888965129852295, 0.7942087650299072, 0.7720661163330078 
816, 325.6697998046875, 1.6098380088806152, 0.822777509689331, 0.7651941776275635 
817, 326.2523193359375, 1.5851547718048096, 0.7825956344604492, 0.7802009582519531 
818, 326.80743408203125, 1.5396592617034912, 0.7691924571990967, 0.748483419418335 
819, 327.3382568359375, 1.5315206050872803, 0.763192892074585, 0.7467503547668457 
820, 327.84332275390625, 1.579833984375, 0.7688591480255127, 0.788520336151123 
821, 328.322021484375, 1.5732214450836182, 0.7929143905639648, 0.7575299739837646 
822, 328.7734069824219, 1.5381965637207031, 0.7625534534454346, 0.7531342506408691 
823, 329.1969299316406, 1.547560453414917, 0.7618846893310547, 0.7640345096588135 
824, 329.59112548828125, 1.5588419437408447, 0.7709050178527832, 0.7645931243896484 
825, 329.9549560546875, 1.571687936782837, 0.7777149677276611, 0.7716076374053955 
826, 330.2895202636719, 1.6059515476226807, 0.7949337959289551, 0.769310474395752 
827, 330.5940856933594, 1.5918090343475342, 0.7866933345794678, 0.7820720672607422 
828, 330.8683776855469, 1.5953009128570557, 0.7858715057373047, 0.786989688873291 
829, 331.1123352050781, 1.598853588104248, 0.7850117683410645, 0.7916622161865234 
830, 331.32550048828125, 1.5714480876922607, 0.7803866863250732, 0.7691261768341064 
831, 331.50750732421875, 1.5838232040405273, 0.7924284934997559, 0.7695305347442627 
832, 331.6585998535156, 1.6525442600250244, 0.7804274559020996, 0.7778332233428955 
833, 331.7784423828125, 1.5973529815673828, 0.792466402053833, 0.7820742130279541 
834, 331.8672180175781, 1.7739288806915283, 0.8048610687255859, 0.7918038368225098 
835, 331.924560546875, 1.599928855895996, 0.7902002334594727, 0.7873914241790771 
836, 331.95068359375, 1.599642276763916, 0.8068153858184814, 0.7706198692321777 
837, 331.9456787109375, 1.6985137462615967, 0.7854902744293213, 0.8807995319366455 
838, 331.9093017578125, 1.5440049171447754, 0.7789120674133301, 0.7437174320220947 
839, 331.841796875, 1.5679113864898682, 0.787327766418457, 0.7584772109985352 
840, 331.7433166503906, 1.598310947418213, 0.8077638149261475, 0.768648624420166 
841, 331.6140441894531, 1.6029062271118164, 0.7979073524475098, 0.7821817398071289 
842, 331.4538879394531, 1.5455560684204102, 0.7697784900665283, 0.7536535263061523 
843, 331.26336669921875, 1.5885660648345947, 0.7839055061340332, 0.7823894023895264 
844, 331.0422058105469, 1.541924238204956, 0.7544770240783691, 0.7640249729156494 
845, 330.7912292480469, 1.611222743988037, 0.8060741424560547, 0.782404899597168 
846, 330.5099182128906, 1.5525412559509277, 0.7741925716400146, 0.7555561065673828 
847, 330.19927978515625, 1.5611109733581543, 0.7668499946594238, 0.7718417644500732 
848, 329.85888671875, 1.5707666873931885, 0.76772141456604, 0.7808983325958252 
849, 329.48944091796875, 1.6132314205169678, 0.8025271892547607, 0.787764310836792 
850, 329.0909118652344, 1.5423340797424316, 0.7680258750915527, 0.751429557800293 
851, 328.663818359375, 1.7290220260620117, 0.7937140464782715, 0.7689507007598877 
852, 328.2081298828125, 1.6034936904907227, 0.7935254573822021, 0.7871973514556885 
853, 327.7247314453125, 1.7623441219329834, 0.7933292388916016, 0.7724385261535645 
854, 327.2133483886719, 1.6006410121917725, 0.8079283237457275, 0.7698354721069336 
855, 326.6745300292969, 1.5517568588256836, 0.7674860954284668, 0.7615602016448975 
856, 326.10858154296875, 1.5845551490783691, 0.7847270965576172, 0.7777059078216553 
857, 325.5158386230469, 1.6014201641082764, 0.7998583316802979, 0.7792954444885254 
858, 324.8965759277344, 1.58878493309021, 0.7859776020050049, 0.7807345390319824 
859, 324.25115966796875, 1.5469019412994385, 0.7639274597167969, 0.760120153427124 
860, 323.5797424316406, 1.5504746437072754, 0.7628772258758545, 0.7656764984130859 
861, 322.8827209472656, 1.578131914138794, 0.7740840911865234, 0.7822844982147217 
862, 322.16058349609375, 1.605611801147461, 0.800187349319458, 0.7830941677093506 
863, 321.4051513671875, 1.5794897079467773, 0.7784500122070312, 0.7775797843933105 
864, 320.62518310546875, 1.569678544998169, 0.7807483673095703, 0.7674057483673096 
865, 319.82110595703125, 1.5725922584533691, 0.7678592205047607, 0.7627105712890625 
866, 318.994873046875, 1.575605869293213, 0.7809450626373291, 0.7716999053955078 
867, 318.1469421386719, 1.6289470195770264, 0.7816379070281982, 0.8256285190582275 
868, 317.2751770019531, 1.5513510704040527, 0.7726337909698486, 0.7570586204528809 
869, 316.3807678222656, 1.5321989059448242, 0.7509055137634277, 0.760272741317749 
870, 315.4635314941406, 1.5995044708251953, 0.7515056133270264, 0.7725965976715088 
871, 314.52386474609375, 1.5882012844085693, 0.8178648948669434, 0.7486836910247803 
872, 313.5622863769531, 1.5432522296905518, 0.7648563385009766, 0.7567722797393799 
873, 312.5791320800781, 1.5636796951293945, 0.763472318649292, 0.7784066200256348 
874, 311.5744934082031, 1.5813395977020264, 0.783393383026123, 0.7748279571533203 
875, 310.5490417480469, 1.5791983604431152, 0.7863442897796631, 0.7711353302001953 
876, 309.50323486328125, 1.592442512512207, 0.8030571937561035, 0.7668800354003906 
877, 308.4371032714844, 1.5424480438232422, 0.7663042545318604, 0.7543694972991943 
878, 307.3511962890625, 1.5440406799316406, 0.765155553817749, 0.7566483020782471 
879, 306.24578857421875, 1.5710279941558838, 0.7713792324066162, 0.7756564617156982 
880, 305.12158203125, 1.5642263889312744, 0.7790296077728271, 0.7634007930755615 
881, 303.9785461425781, 1.5509719848632812, 0.7818095684051514, 0.7474348545074463 
882, 302.8171691894531, 1.6215705871582031, 0.8133590221405029, 0.7784397602081299 
883, 301.63818359375, 1.55256986618042, 0.7649080753326416, 0.7659251689910889 
884, 300.4412841796875, 1.5905532836914062, 0.7857110500335693, 0.7824995517730713 
885, 299.2273864746094, 1.570312738418579, 0.7672810554504395, 0.7796885967254639 
886, 297.9967346191406, 1.6174416542053223, 0.7976541519165039, 0.7958707809448242 
887, 296.74951171875, 1.6173226833343506, 0.8224079608917236, 0.7696018218994141 
888, 295.486328125, 1.5384981632232666, 0.7661409378051758, 0.7499754428863525 
889, 294.2076110839844, 1.5357170104980469, 0.7508823871612549, 0.7626242637634277 
890, 292.9136657714844, 1.559436559677124, 0.769019365310669, 0.7683367729187012 
891, 291.60491943359375, 1.5837254524230957, 0.7715866565704346, 0.7889299392700195 
892, 290.2813720703125, 1.5691840648651123, 0.7826414108276367, 0.7638123035430908 
893, 288.94415283203125, 1.752060890197754, 0.7855749130249023, 0.7767815589904785 
894, 287.5931091308594, 1.5720059871673584, 0.7794020175933838, 0.770444393157959 
895, 286.2289123535156, 1.6025142669677734, 0.788827657699585, 0.790931224822998 
896, 284.8519287109375, 1.5444273948669434, 0.7762329578399658, 0.7471354007720947 
897, 283.46258544921875, 1.5786504745483398, 0.7766492366790771, 0.7794837951660156 
898, 282.0616760253906, 1.5512025356292725, 0.764350414276123, 0.7642529010772705 
899, 280.6491394042969, 1.613454818725586, 0.808157205581665, 0.783226490020752 
900, 279.225830078125, 1.540140151977539, 0.7663764953613281, 0.7517538070678711 
901, 277.7922668457031, 1.5607683658599854, 0.7631289958953857, 0.7751202583312988 
902, 276.34869384765625, 1.5918433666229248, 0.7926578521728516, 0.777062177658081 
903, 274.8956298828125, 1.5977282524108887, 0.7969346046447754, 0.7789452075958252 
904, 273.4331970214844, 1.54396390914917, 0.7626345157623291, 0.7569844722747803 
905, 271.9622497558594, 1.6574652194976807, 0.805121660232544, 0.7611000537872314 
906, 270.4823303222656, 1.9364047050476074, 0.7647035121917725, 0.7909054756164551 
907, 268.9972839355469, 1.5653388500213623, 0.7849252223968506, 0.7488100528717041 
908, 267.50982666015625, 1.575803279876709, 0.7861974239349365, 0.7575101852416992 
909, 266.0220642089844, 1.6203978061676025, 0.7774903774261475, 0.7693843841552734 
910, 264.535400390625, 1.5877678394317627, 0.7851107120513916, 0.7702147960662842 
911, 263.05157470703125, 1.5750150680541992, 0.7792448997497559, 0.7643423080444336 
912, 261.5716247558594, 1.5997869968414307, 0.7834680080413818, 0.783778190612793 
913, 260.0966796875, 1.5964710712432861, 0.7888524532318115, 0.77587890625 
914, 258.6274108886719, 1.602104902267456, 0.7912471294403076, 0.778167724609375 
915, 257.1645202636719, 1.6067204475402832, 0.7928001880645752, 0.7818031311035156 
916, 255.7089080810547, 1.5752015113830566, 0.7877664566040039, 0.7546191215515137 
917, 254.26043701171875, 1.5594325065612793, 0.7749242782592773, 0.7514660358428955 
918, 252.81996154785156, 1.982215166091919, 0.7831399440765381, 0.7705800533294678 
919, 251.3874053955078, 1.601341962814331, 0.776313304901123, 0.7935609817504883 
920, 249.96319580078125, 1.5899434089660645, 0.7813558578491211, 0.7784812450408936 
921, 248.54771423339844, 1.5871787071228027, 0.7864365577697754, 0.7683718204498291 
922, 247.1412811279297, 1.7091355323791504, 0.7973368167877197, 0.8328900337219238 
923, 245.74386596679688, 1.605337381362915, 0.8069868087768555, 0.7656888961791992 
924, 244.35614013671875, 1.5490727424621582, 0.7638053894042969, 0.7539980411529541 
925, 242.97775268554688, 1.5642437934875488, 0.7620406150817871, 0.7665665149688721 
926, 241.609130859375, 1.5849053859710693, 0.7904548645019531, 0.7629899978637695 
927, 240.25022888183594, 1.5552594661712646, 0.7741930484771729, 0.7493860721588135 
928, 238.90093994140625, 1.5559148788452148, 0.7648570537567139, 0.7573070526123047 
929, 237.5615234375, 1.562328577041626, 0.7499608993530273, 0.7809860706329346 
930, 236.22789001464844, 1.64060640335083, 0.7603287696838379, 0.8495633602142334 
931, 234.8983612060547, 1.5878775119781494, 0.7863378524780273, 0.7697374820709229 
932, 233.57850646972656, 1.5900015830993652, 0.7835884094238281, 0.7747507095336914 
933, 232.2680206298828, 1.569446325302124, 0.7789144515991211, 0.7582888603210449 
934, 230.96714782714844, 1.5782933235168457, 0.7595255374908447, 0.7871582508087158 
935, 229.67562866210938, 1.5859429836273193, 0.7761855125427246, 0.7797024250030518 
936, 228.39353942871094, 1.618579387664795, 0.7840633392333984, 0.8024711608886719 
937, 227.12106323242188, 1.6057395935058594, 0.7943243980407715, 0.7793114185333252 
938, 225.85821533203125, 1.585674524307251, 0.7806098461151123, 0.7730975151062012 
939, 224.60494995117188, 1.5937728881835938, 0.779456615447998, 0.7828667163848877 
940, 223.3611602783203, 1.5977318286895752, 0.7679965496063232, 0.7984714508056641 
941, 222.12673950195312, 1.5665292739868164, 0.7622966766357422, 0.7723760604858398 
942, 220.90170288085938, 1.837538242340088, 0.7874336242675781, 0.8288238048553467 
943, 219.6859130859375, 1.6722242832183838, 0.8236026763916016, 0.8155887126922607 
944, 218.47909545898438, 1.6209864616394043, 0.796586275100708, 0.7941462993621826 
945, 217.28121948242188, 1.7234976291656494, 0.9208004474639893, 0.7713336944580078 
946, 216.09255981445312, 1.6575374603271484, 0.8013787269592285, 0.7828671932220459 
947, 214.91265869140625, 1.6080422401428223, 0.793588399887085, 0.7822155952453613 
948, 213.74154663085938, 1.6127755641937256, 0.7872488498687744, 0.7926833629608154 
949, 212.57974243164062, 1.5669519901275635, 0.779994010925293, 0.7539005279541016 
950, 211.42623901367188, 1.5871915817260742, 0.7818748950958252, 0.7730112075805664 
951, 210.28329467773438, 1.5909614562988281, 0.7781684398651123, 0.780820369720459 
952, 209.1493377685547, 1.615837574005127, 0.7848880290985107, 0.7988221645355225 
953, 208.0236053466797, 1.6009910106658936, 0.7826354503631592, 0.7852602005004883 
954, 206.90634155273438, 1.5854837894439697, 0.7967731952667236, 0.7564132213592529 
955, 205.79766845703125, 1.5867934226989746, 0.7848074436187744, 0.7692155838012695 
956, 204.69732666015625, 1.5864217281341553, 0.7818758487701416, 0.7728118896484375 
957, 203.60525512695312, 1.6191189289093018, 0.7817456722259521, 0.8045608997344971 
958, 202.52159118652344, 1.5985167026519775, 0.7953681945800781, 0.7706866264343262 
959, 201.446044921875, 1.61130952835083, 0.7965953350067139, 0.781928539276123 
960, 200.37847900390625, 1.6108088493347168, 0.7970211505889893, 0.7815353870391846 
961, 199.31854248046875, 1.6783006191253662, 0.7750704288482666, 0.8697688579559326 
962, 198.2659912109375, 1.5857832431793213, 0.7907249927520752, 0.7630228996276855 
963, 197.22091674804688, 1.5802557468414307, 0.762981653213501, 0.7780096530914307 
964, 196.18345642089844, 1.5920920372009277, 0.7861995697021484, 0.7738165855407715 
965, 195.15359497070312, 1.6122519969940186, 0.7937545776367188, 0.7860808372497559 
966, 194.13125610351562, 1.5941739082336426, 0.7927677631378174, 0.7696199417114258 
967, 193.11679077148438, 1.6056768894195557, 0.7796332836151123, 0.7933456897735596 
968, 192.1056365966797, 1.6010301113128662, 0.7921314239501953, 0.778479814529419 
969, 191.09906005859375, 1.5991873741149902, 0.7780601978302002, 0.7883548736572266 
970, 190.0999755859375, 1.6102876663208008, 0.7919397354125977, 0.7853972911834717 
971, 189.10845947265625, 1.6220197677612305, 0.8233370780944824, 0.7669367790222168 
972, 188.1243438720703, 1.612060546875, 0.7942430973052979, 0.7864181995391846 
973, 187.14743041992188, 1.5588481426239014, 0.7761569023132324, 0.7514963150024414 
974, 186.17779541015625, 1.5570645332336426, 0.7738053798675537, 0.7515912055969238 
975, 185.21583557128906, 1.582554578781128, 0.7749965190887451, 0.7759726047515869 
976, 184.2611846923828, 1.5799202919006348, 0.7776024341583252, 0.7706005573272705 
977, 183.3133087158203, 1.6096611022949219, 0.7893576622009277, 0.7878952026367188 
978, 182.37258911132812, 1.576167345046997, 0.7681233882904053, 0.7780568599700928 
979, 181.4386749267578, 1.5786123275756836, 0.7823488712310791, 0.7634310722351074 
980, 180.51205444335938, 1.5888793468475342, 0.7819972038269043, 0.7751586437225342 
981, 179.59254455566406, 1.595046043395996, 0.7915363311767578, 0.7721848487854004 
982, 178.68032836914062, 1.590543508529663, 0.7729651927947998, 0.7860944271087646 
983, 177.77577209472656, 1.5882980823516846, 0.7883005142211914, 0.7685060501098633 
984, 176.87875366210938, 1.6403992176055908, 0.7735788822174072, 0.8200836181640625 
985, 175.98895263671875, 1.687819242477417, 0.8396468162536621, 0.7583138942718506 
986, 175.1063690185547, 1.5658128261566162, 0.7807421684265137, 0.753758430480957 
987, 174.2308807373047, 1.5805957317352295, 0.7612600326538086, 0.7877781391143799 
988, 173.3623046875, 1.5820839405059814, 0.7748367786407471, 0.7752509117126465 
989, 172.500244140625, 1.5950207710266113, 0.7973623275756836, 0.766176700592041 
990, 171.64735412597656, 1.5611059665679932, 0.7717363834381104, 0.7579655647277832 
991, 170.80075073242188, 1.779233694076538, 0.8126227855682373, 0.9299688339233398 
992, 169.96022033691406, 1.7079463005065918, 0.8864774703979492, 0.7881882190704346 
993, 169.1258544921875, 1.5828096866607666, 0.7750816345214844, 0.7776741981506348 
994, 168.2971954345703, 1.584073781967163, 0.7802693843841553, 0.771996021270752 
995, 167.4745635986328, 1.5724153518676758, 0.7894155979156494, 0.7513937950134277 
996, 166.65773010253906, 1.5475561618804932, 0.7598893642425537, 0.7563202381134033 
997, 165.84597778320312, 1.8908617496490479, 0.9259483814239502, 0.9334437847137451 
998, 165.03990173339844, 1.582353115081787, 0.7733304500579834, 0.7777678966522217 
999, 164.23965454101562, 1.5865895748138428, 0.794672966003418, 0.7605187892913818 
