Iteration, loss, time 
0, 1.7153329849243164, 0.8916773796081543, 0.44299793243408203, 0.4279789924621582 
1, 1.6611384153366089, 0.8626651763916016, 0.41959309577941895, 0.4229402542114258 
2, 1.6081701517105103, 0.8633873462677002, 0.42608165740966797, 0.4180736541748047 
3, 1.5564732551574707, 0.8665227890014648, 0.42522168159484863, 0.4221642017364502 
4, 1.506088137626648, 0.8608317375183105, 0.4213416576385498, 0.42053771018981934 
5, 1.4570550918579102, 0.8673791885375977, 0.42782115936279297, 0.4194943904876709 
6, 1.4094011783599854, 0.8721828460693359, 0.42585039138793945, 0.4273953437805176 
7, 1.363156795501709, 0.8476860523223877, 0.41893982887268066, 0.40890026092529297 
8, 1.3183445930480957, 0.868337869644165, 0.42296624183654785, 0.42598676681518555 
9, 1.2749810218811035, 0.9019246101379395, 0.44386982917785645, 0.4381861686706543 
