Iteration, loss, time 
0, 1.5825470685958862, 1.3206853866577148, 0.7337102890014648, 0.5669732093811035 
1, 1.510008692741394, 1.148061990737915, 0.5675992965698242, 0.5624468326568604 
2, 1.4393328428268433, 1.1364521980285645, 0.564314603805542, 0.5542507171630859 
3, 1.3705244064331055, 1.1402573585510254, 0.5681853294372559, 0.554011344909668 
4, 1.3035917282104492, 1.1428935527801514, 0.5609261989593506, 0.563791036605835 
5, 1.2385303974151611, 1.1499073505401611, 0.5655384063720703, 0.5663268566131592 
6, 1.1753365993499756, 1.1721653938293457, 0.5811243057250977, 0.5725364685058594 
7, 1.1139973402023315, 1.1600995063781738, 0.5822041034698486, 0.5601522922515869 
8, 1.0545017719268799, 1.1626777648925781, 0.571951150894165, 0.572892427444458 
9, 0.9968365430831909, 1.178898572921753, 0.5845832824707031, 0.5763449668884277 
