Iteration, loss, time 
0, 0.8333174586296082, 5.3094611167907715, 3.1159019470214844, 2.188249111175537 
1, 0.7940322756767273, 4.929053544998169, 2.914055347442627, 2.0112318992614746 
2, 0.7559311985969543, 4.667716979980469, 2.754760980606079, 1.90975022315979 
3, 0.7191330194473267, 4.38502049446106, 2.6050641536712646, 1.7763416767120361 
4, 0.6834337711334229, 4.1650636196136475, 2.5082008838653564, 1.653698444366455 
5, 0.6484763622283936, 3.911328077316284, 2.324671983718872, 1.583827257156372 
6, 0.6145344376564026, 3.8158090114593506, 2.228205442428589, 1.5841948986053467 
7, 0.5817111730575562, 3.5031166076660156, 2.0843966007232666, 1.4158990383148193 
8, 0.5499372482299805, 3.5497419834136963, 2.081629514694214, 1.4647161960601807 
9, 0.5190199613571167, 3.4918739795684814, 2.0768485069274902, 1.408963918685913 
