Iteration, loss, time 
0, 0.9958600401878357, 18.45483660697937 
1, 0.9714862108230591, 17.514477968215942 
2, 0.9334871768951416, 16.82800269126892 
3, 0.9019649028778076, 18.202017784118652 
4, 0.883948802947998, 19.0528302192688 
5, 0.8485314846038818, 17.04583716392517 
6, 0.8081599473953247, 22.95081877708435 
7, 0.7984667420387268, 17.46988081932068 
8, 0.764352023601532, 18.564331769943237 
9, 0.7294793128967285, 22.756070613861084 
10, 0.71381014585495, 21.80383849143982 
11, 0.6992331743240356, 17.516276359558105 
12, 0.6625835299491882, 25.318639993667603 
13, 0.6362640857696533, 22.68345069885254 
14, 0.6175442934036255, 19.535081148147583 
15, 0.5958247184753418, 21.305366277694702 
16, 0.5870517492294312, 19.705734968185425 
17, 0.5570878982543945, 20.5819673538208 
18, 0.5350849628448486, 23.707544803619385 
19, 0.5136241912841797, 19.364373207092285 
20, 0.4999328851699829, 16.74288511276245 
21, 0.48778992891311646, 21.778645992279053 
22, 0.46409061551094055, 14.368524312973022 
23, 0.44650617241859436, 13.761640548706055 
24, 0.42926257848739624, 18.454146146774292 
25, 0.40967875719070435, 20.997661113739014 
26, 0.4013687074184418, 13.761982917785645 
27, 0.38693755865097046, 15.829503536224365 
28, 0.36934155225753784, 23.50961422920227 
29, 0.3511315882205963, 22.161946058273315 
30, 0.3324928283691406, 13.612972259521484 
31, 0.31981009244918823, 19.04501509666443 
32, 0.31051209568977356, 25.140284538269043 
33, 0.294231116771698, 23.97927236557007 
34, 0.2806929349899292, 20.403220176696777 
35, 0.26999762654304504, 21.393945455551147 
36, 0.2508337199687958, 27.61444330215454 
37, 0.24806678295135498, 19.881235361099243 
38, 0.23146753013134003, 27.452561855316162 
39, 0.2276875525712967, 17.040487051010132 
40, 0.21262124180793762, 28.844881296157837 
41, 0.20347179472446442, 15.077993154525757 
42, 0.19749608635902405, 19.053929805755615 
43, 0.18993666768074036, 20.624013662338257 
44, 0.19537118077278137, 32.49169898033142 
45, 0.1878795623779297, 14.459907293319702 
46, 0.18267445266246796, 30.216118574142456 
47, 0.18138554692268372, 14.866695880889893 
48, 0.18319493532180786, 15.80569863319397 
49, 0.18352128565311432, 14.40369200706482 
50, 0.18552547693252563, 26.320797443389893 
51, 0.1871306598186493, 14.525127172470093 
52, 0.18941697478294373, 15.159677505493164 
53, 0.1939152181148529, 15.92036747932434 
54, 0.1923440396785736, 15.663667917251587 
55, 0.19959871470928192, 14.960626125335693 
56, 0.20295307040214539, 21.799468994140625 
57, 0.21274635195732117, 32.144853830337524 
58, 0.22053372859954834, 16.891513347625732 
59, 0.22372695803642273, 17.55003833770752 
60, 0.2423618733882904, 18.73732089996338 
61, 0.2579876184463501, 30.614769458770752 
62, 0.27210164070129395, 20.461949825286865 
63, 0.27983784675598145, 18.750130653381348 
64, 0.2987540066242218, 25.83757758140564 
65, 0.31143489480018616, 15.070906400680542 
66, 0.3287127614021301, 13.675940752029419 
67, 0.344914048910141, 39.20452427864075 
68, 0.3576599657535553, 23.2965829372406 
69, 0.3791828453540802, 24.23212766647339 
70, 0.3885312080383301, 26.515012741088867 
71, 0.4077216386795044, 23.91845989227295 
72, 0.4201928675174713, 28.944184064865112 
73, 0.4437670111656189, 15.20733118057251 
74, 0.4620628356933594, 24.230855226516724 
75, 0.4751812219619751, 13.60666298866272 
76, 0.49763453006744385, 21.086408138275146 
77, 0.5108134746551514, 18.191668272018433 
78, 0.5370566248893738, 23.781261920928955 
79, 0.5579649209976196, 15.292005777359009 
80, 0.5751977562904358, 15.921626091003418 
81, 0.5963813066482544, 17.154903411865234 
82, 0.6096792817115784, 13.65330696105957 
83, 0.6170945167541504, 14.47124695777893 
84, 0.6453267335891724, 18.29432225227356 
85, 0.6583560705184937, 14.000404834747314 
86, 0.6822103261947632, 13.648742914199829 
87, 0.6984875202178955, 15.871981620788574 
88, 0.7168323993682861, 24.99142336845398 
89, 0.734478771686554, 13.867805004119873 
90, 0.7557834386825562, 15.303115606307983 
91, 0.7643263339996338, 14.962716102600098 
92, 0.7763085961341858, 16.846734762191772 
93, 0.804602861404419, 15.540664434432983 
94, 0.8122650384902954, 15.074594497680664 
95, 0.8336062431335449, 22.731334686279297 
96, 0.8497649431228638, 19.618876218795776 
97, 0.8641529679298401, 27.54105567932129 
98, 0.8738459348678589, 14.274818181991577 
99, 0.8738166689872742, 13.901716947555542 
100, 0.8868074417114258, 20.907339572906494 
101, 0.8953188061714172, 15.196194887161255 
102, 0.9073531627655029, 14.420602321624756 
103, 0.9121137857437134, 14.359400510787964 
104, 0.9240478277206421, 19.36827063560486 
105, 0.9320120811462402, 24.806184768676758 
106, 0.937802255153656, 13.012391090393066 
107, 0.9350119829177856, 20.386502027511597 
108, 0.9407306909561157, 19.51088833808899 
109, 0.9464410543441772, 14.3746919631958 
110, 0.9539850950241089, 18.255446910858154 
111, 0.9487265944480896, 15.048817157745361 
112, 0.960881233215332, 16.76443338394165 
113, 0.9581683874130249, 14.096367835998535 
114, 0.9589413404464722, 24.45974111557007 
115, 0.9616594314575195, 13.989457607269287 
116, 0.9587126970291138, 16.774529933929443 
117, 0.9405791163444519, 15.431076288223267 
118, 0.9446196556091309, 14.316629409790039 
119, 0.9415311813354492, 15.979472398757935 
120, 0.9550317525863647, 21.10109281539917 
121, 0.9522174596786499, 16.57964277267456 
122, 0.9491074085235596, 15.77690315246582 
123, 0.9365100860595703, 23.325302124023438 
124, 0.9367936253547668, 15.82430386543274 
125, 0.9270366430282593, 15.3789803981781 
126, 0.9177061319351196, 15.919016122817993 
127, 0.9109749794006348, 15.427950382232666 
128, 0.91501784324646, 14.393560409545898 
129, 0.9076181650161743, 14.886310338973999 
130, 0.8971120119094849, 13.274752855300903 
131, 0.8999409675598145, 13.987550258636475 
132, 0.8878124952316284, 13.340689182281494 
133, 0.8904045820236206, 19.764394760131836 
134, 0.8911904096603394, 14.790018796920776 
135, 0.8722009658813477, 16.29597306251526 
136, 0.8771827220916748, 14.440551519393921 
137, 0.8760026097297668, 14.099714279174805 
138, 0.8749892711639404, 17.511352062225342 
139, 0.8811468482017517, 13.94897174835205 
140, 0.8820818066596985, 14.06845760345459 
141, 0.8903602361679077, 21.307769536972046 
142, 0.8928719162940979, 13.364884614944458 
143, 0.892673134803772, 15.467790126800537 
144, 0.8940004706382751, 14.8541898727417 
145, 0.8935229778289795, 14.775417804718018 
146, 0.900621235370636, 13.866371393203735 
147, 0.9125529527664185, 14.774619817733765 
148, 0.9120174050331116, 13.482433319091797 
149, 0.9138081073760986, 16.86229944229126 
150, 0.9219798445701599, 12.744275331497192 
151, 0.9287747144699097, 13.964011907577515 
152, 0.929589033126831, 14.759242057800293 
153, 0.9211292266845703, 13.345455169677734 
154, 0.9350715279579163, 14.615360975265503 
155, 0.9360722303390503, 13.448823928833008 
156, 0.9454473257064819, 14.013768911361694 
157, 0.942886233329773, 13.491055250167847 
158, 0.956264078617096, 14.041113376617432 
159, 0.9555317163467407, 20.50506567955017 
160, 0.9516834020614624, 14.349848508834839 
161, 0.9508790969848633, 14.841659545898438 
162, 0.9535221457481384, 16.71708035469055 
163, 0.9504101276397705, 14.731937646865845 
164, 0.9525513052940369, 15.010363340377808 
165, 0.9510608911514282, 13.888520002365112 
166, 0.9389742612838745, 15.412734031677246 
167, 0.9429617524147034, 24.077770709991455 
168, 0.9402028322219849, 14.829972743988037 
169, 0.9384488463401794, 15.455504179000854 
170, 0.9379810690879822, 14.377878427505493 
171, 0.9304889440536499, 19.405827045440674 
172, 0.9295230507850647, 17.15348196029663 
173, 0.9301743507385254, 13.257234573364258 
174, 0.9290255308151245, 13.807154178619385 
175, 0.9280111193656921, 14.75862741470337 
176, 0.9348735809326172, 13.87580132484436 
177, 0.9401645660400391, 16.922619342803955 
178, 0.9338067173957825, 15.400956630706787 
179, 0.9361097812652588, 16.32714605331421 
180, 0.9300686717033386, 17.9299955368042 
181, 0.9326797127723694, 30.67606472969055 
182, 0.925379753112793, 14.147281408309937 
183, 0.9313297867774963, 15.42381477355957 
184, 0.9299103021621704, 23.519972801208496 
185, 0.9159815907478333, 16.162440538406372 
186, 0.9321044087409973, 14.077675104141235 
187, 0.9233460426330566, 22.32196044921875 
188, 0.9306304454803467, 17.44592308998108 
189, 0.9283040165901184, 15.03905725479126 
190, 0.9341980218887329, 13.466934204101562 
191, 0.9365110993385315, 14.856837272644043 
192, 0.9380814433097839, 14.650456190109253 
193, 0.9476107358932495, 14.420131206512451 
194, 0.9409555196762085, 15.559977293014526 
195, 0.9390566349029541, 17.365440845489502 
196, 0.948745608329773, 14.029294490814209 
197, 0.9542465806007385, 14.06510305404663 
198, 0.9538247585296631, 13.823798894882202 
199, 0.9525372385978699, 15.354236602783203 
200, 0.9562438130378723, 14.696161985397339 
201, 0.9494208097457886, 14.805387496948242 
202, 0.9525657892227173, 24.727077960968018 
203, 0.9526747465133667, 24.242376565933228 
204, 0.9525625705718994, 27.448940992355347 
205, 0.9484721422195435, 14.756652355194092 
206, 0.9484676718711853, 14.868576288223267 
207, 0.9496271014213562, 13.96974778175354 
208, 0.9524669647216797, 24.416301250457764 
209, 0.9497918486595154, 14.056906938552856 
210, 0.949326753616333, 14.032930850982666 
211, 0.9537874460220337, 15.397049188613892 
212, 0.9533504247665405, 14.863601922988892 
213, 0.9637537002563477, 19.239022254943848 
214, 0.9577340483665466, 15.490343570709229 
215, 0.9627997279167175, 24.401453733444214 
216, 0.9636435508728027, 19.105180740356445 
217, 0.9670997262001038, 14.191246509552002 
218, 0.9654690027236938, 13.928861856460571 
219, 0.9789484739303589, 14.555417776107788 
220, 0.9736758470535278, 18.268353939056396 
221, 0.9768809080123901, 14.998588800430298 
222, 0.9757450819015503, 15.733555555343628 
223, 0.980172872543335, 13.88536787033081 
224, 0.9832724928855896, 13.294684886932373 
225, 0.975104570388794, 25.418796062469482 
226, 0.9903895854949951, 13.303631067276001 
227, 0.9837191104888916, 13.947547912597656 
228, 0.9988892078399658, 13.395354747772217 
229, 1.0017356872558594, 14.035900592803955 
230, 1.0058810710906982, 15.653449058532715 
231, 1.0046459436416626, 15.234119892120361 
232, 1.0076930522918701, 14.11475920677185 
233, 1.01548433303833, 13.97036623954773 
234, 1.0195984840393066, 18.518059730529785 
235, 1.0100456476211548, 16.641435384750366 
236, 1.0100386142730713, 13.321568489074707 
237, 1.0125229358673096, 13.94141149520874 
238, 1.0026472806930542, 13.523231744766235 
239, 1.0110385417938232, 18.448373794555664 
240, 0.9975894093513489, 13.433745622634888 
241, 0.9960334300994873, 18.388786554336548 
242, 0.9950666427612305, 16.62911820411682 
243, 0.9916561245918274, 12.544835805892944 
244, 0.9822115898132324, 13.321335077285767 
245, 0.9804893732070923, 12.806975841522217 
246, 0.984581470489502, 12.940146923065186 
247, 0.9792864918708801, 13.425178527832031 
248, 0.9712870121002197, 12.674003601074219 
249, 0.9693775773048401, 14.100055932998657 
250, 0.9736089110374451, 13.426195859909058 
251, 0.9730518460273743, 13.475210905075073 
252, 0.9711278676986694, 12.67481517791748 
253, 0.9628967046737671, 12.849670171737671 
254, 0.9603455662727356, 12.57916522026062 
255, 0.9589886665344238, 13.147593021392822 
256, 0.9597781896591187, 12.90005350112915 
257, 0.9586342573165894, 19.04926300048828 
258, 0.9479939341545105, 12.622754096984863 
259, 0.9495687484741211, 12.196081399917603 
260, 0.9514172077178955, 12.893847703933716 
261, 0.950802743434906, 12.752769947052002 
262, 0.948249101638794, 12.49490213394165 
263, 0.9456002712249756, 16.40052032470703 
264, 0.9445076584815979, 13.784557342529297 
265, 0.9483574628829956, 17.46122145652771 
266, 0.9562689661979675, 15.279041767120361 
267, 0.9574600458145142, 12.077470541000366 
268, 0.9587962627410889, 15.633147239685059 
269, 0.9533626437187195, 17.733508110046387 
270, 0.9589709043502808, 12.14554214477539 
271, 0.9596233367919922, 14.135419607162476 
272, 0.9688601493835449, 12.869003772735596 
273, 0.9600986242294312, 16.30607557296753 
274, 0.9602113962173462, 11.344411611557007 
275, 0.9629070162773132, 11.947977304458618 
276, 0.9658933281898499, 12.826446056365967 
277, 0.967592716217041, 12.161873579025269 
278, 0.9669203758239746, 11.304678678512573 
279, 0.9616310596466064, 12.671022891998291 
280, 0.9587513208389282, 12.722108840942383 
281, 0.964126706123352, 12.995059251785278 
282, 0.9756407737731934, 13.053796768188477 
283, 0.9795044660568237, 12.367903232574463 
284, 0.9848110675811768, 12.113328456878662 
285, 0.9983178377151489, 12.181130170822144 
286, 0.9965564012527466, 12.190621614456177 
287, 1.0010943412780762, 14.33170485496521 
288, 1.0046131610870361, 12.062173128128052 
289, 1.011646032333374, 12.282860040664673 
290, 1.0008783340454102, 19.044902563095093 
291, 1.0123553276062012, 12.18265676498413 
292, 1.0077309608459473, 15.423412084579468 
293, 1.0221118927001953, 12.095580577850342 
294, 1.0093958377838135, 16.683980703353882 
295, 1.0162322521209717, 11.983989238739014 
296, 1.012649416923523, 11.951723337173462 
297, 1.0268455743789673, 12.041732549667358 
298, 1.0108541250228882, 12.023878335952759 
299, 1.0170633792877197, 12.019294023513794 
300, 1.0051872730255127, 12.231578588485718 
301, 1.0148866176605225, 12.790713548660278 
302, 1.0291526317596436, 12.197341442108154 
303, 1.024802327156067, 13.190905570983887 
304, 1.007990837097168, 12.044193744659424 
305, 1.0183849334716797, 15.178612232208252 
306, 1.0178321599960327, 11.7321617603302 
307, 1.0130643844604492, 11.992714166641235 
308, 1.0144189596176147, 12.161458969116211 
309, 1.0160894393920898, 13.524816751480103 
310, 1.0093036890029907, 11.604546070098877 
311, 0.9978705644607544, 12.176336765289307 
312, 1.0051335096359253, 12.08092999458313 
313, 1.0100979804992676, 11.745094060897827 
314, 1.0066251754760742, 12.07904577255249 
315, 1.0044925212860107, 12.053337812423706 
316, 1.0077478885650635, 11.880781650543213 
317, 1.0049428939819336, 12.064066648483276 
318, 0.9947611689567566, 12.025904655456543 
319, 1.0011811256408691, 12.482430934906006 
320, 0.9929835796356201, 12.089359283447266 
321, 1.00138521194458, 15.411458969116211 
322, 1.0083582401275635, 12.097398519515991 
323, 1.0156166553497314, 12.055333375930786 
324, 1.0128328800201416, 11.517691612243652 
325, 1.0219100713729858, 12.126632690429688 
326, 1.0141907930374146, 12.123510837554932 
327, 1.0193536281585693, 12.286987781524658 
328, 1.0230906009674072, 12.058606147766113 
329, 1.0181399583816528, 14.96726131439209 
330, 1.016080379486084, 21.34496808052063 
331, 1.0299122333526611, 12.909132480621338 
332, 1.0091640949249268, 15.76621127128601 
333, 1.0144128799438477, 12.434688568115234 
334, 1.005398154258728, 13.963719844818115 
335, 1.0022711753845215, 12.10132622718811 
336, 1.0084960460662842, 13.379936456680298 
337, 1.0002647638320923, 12.376376390457153 
338, 0.9916448593139648, 12.256968975067139 
339, 0.9914581179618835, 12.21205735206604 
340, 0.9916957020759583, 11.31820797920227 
341, 1.0091514587402344, 11.364946603775024 
342, 1.0087896585464478, 12.678011178970337 
343, 0.9964473247528076, 11.393399715423584 
344, 1.0152842998504639, 12.023401260375977 
345, 1.0026568174362183, 13.996720314025879 
346, 1.006399393081665, 13.33391547203064 
347, 1.015918254852295, 12.205153226852417 
348, 1.0206571817398071, 14.820617437362671 
349, 1.0207937955856323, 11.935969591140747 
350, 1.0300397872924805, 12.262913703918457 
351, 1.0368807315826416, 12.986704111099243 
352, 1.0349622964859009, 12.247118949890137 
353, 1.0372238159179688, 14.690175294876099 
354, 1.0332794189453125, 12.039418697357178 
355, 1.0422879457473755, 14.76912808418274 
356, 1.0484068393707275, 12.16586184501648 
357, 1.025314211845398, 12.269423961639404 
358, 1.0384619235992432, 12.064349174499512 
359, 1.0411726236343384, 12.248753786087036 
360, 1.0351433753967285, 15.699134588241577 
361, 1.0345110893249512, 13.383124351501465 
362, 1.0306024551391602, 15.554481744766235 
363, 1.0289942026138306, 14.223734617233276 
364, 1.032958745956421, 12.626351356506348 
365, 1.020031452178955, 11.92630672454834 
366, 1.0230993032455444, 12.171957731246948 
367, 1.0336847305297852, 13.51358962059021 
368, 1.0330089330673218, 13.237401008605957 
369, 1.0364880561828613, 12.452105283737183 
370, 1.049828052520752, 13.358433485031128 
371, 1.0498311519622803, 12.525531768798828 
372, 1.0502524375915527, 12.246896505355835 
373, 1.0473459959030151, 18.02116107940674 
374, 1.0433956384658813, 12.055200815200806 
375, 1.0491081476211548, 12.907990455627441 
376, 1.0539616346359253, 12.9857656955719 
377, 1.0477960109710693, 12.15878701210022 
378, 1.0508317947387695, 12.1388521194458 
379, 1.039391040802002, 14.066701650619507 
380, 1.0457711219787598, 12.267584800720215 
381, 1.0439870357513428, 11.853064060211182 
382, 1.045128583908081, 23.215267181396484 
383, 1.031105637550354, 12.849936723709106 
384, 1.0270891189575195, 13.398717641830444 
385, 1.0269579887390137, 14.186629056930542 
386, 1.0241531133651733, 12.755636930465698 
387, 1.019485592842102, 25.182382583618164 
388, 1.0150904655456543, 17.907314777374268 
389, 1.0178382396697998, 13.5945565700531 
390, 1.011788249015808, 13.330369472503662 
391, 1.008752703666687, 12.970552206039429 
392, 1.0017926692962646, 12.900192737579346 
393, 0.9987045526504517, 12.925369262695312 
394, 0.9991246461868286, 12.700497150421143 
395, 1.0044610500335693, 12.8471200466156 
396, 0.9957672357559204, 12.109114408493042 
397, 0.9933284521102905, 14.235798597335815 
398, 0.99687659740448, 13.415168523788452 
399, 1.0053422451019287, 12.724671840667725 
400, 1.0078353881835938, 12.806394577026367 
401, 1.026972770690918, 12.807435512542725 
402, 1.0252106189727783, 12.495840311050415 
403, 1.0257625579833984, 12.195554733276367 
404, 1.0412970781326294, 12.659722328186035 
405, 1.037742257118225, 12.141621589660645 
406, 1.038347840309143, 14.370844841003418 
407, 1.039724588394165, 12.268878936767578 
408, 1.0475900173187256, 12.931278467178345 
409, 1.0473568439483643, 12.026910781860352 
410, 1.0359444618225098, 14.151266098022461 
411, 1.0372776985168457, 12.803688287734985 
412, 1.0461483001708984, 12.877901554107666 
413, 1.0546997785568237, 13.004422426223755 
414, 1.0457712411880493, 12.898189783096313 
415, 1.046661376953125, 12.954913139343262 
416, 1.060482382774353, 12.958788871765137 
417, 1.0650780200958252, 12.091975688934326 
418, 1.0637657642364502, 13.581390142440796 
419, 1.0692803859710693, 13.26073145866394 
420, 1.075364112854004, 12.754287719726562 
421, 1.0692487955093384, 12.972240209579468 
422, 1.064078688621521, 13.370197057723999 
423, 1.0693306922912598, 12.057315587997437 
424, 1.0676026344299316, 12.70141887664795 
425, 1.0584166049957275, 25.70363736152649 
426, 1.0524928569793701, 13.017468214035034 
427, 1.0654823780059814, 13.624494075775146 
428, 1.058673620223999, 12.971057176589966 
429, 1.0753196477890015, 12.306458234786987 
430, 1.0676463842391968, 12.572702169418335 
431, 1.056422472000122, 13.379664421081543 
432, 1.0599069595336914, 12.245055198669434 
433, 1.0549559593200684, 12.783795595169067 
434, 1.0501891374588013, 18.315632581710815 
435, 1.047479510307312, 13.44250750541687 
436, 1.0452876091003418, 12.709957122802734 
437, 1.049001932144165, 14.300058364868164 
438, 1.05354905128479, 12.537476062774658 
439, 1.043524980545044, 15.029539346694946 
440, 1.048076868057251, 12.920198917388916 
441, 1.0545099973678589, 12.312186479568481 
442, 1.0538668632507324, 13.6191725730896 
443, 1.048219919204712, 13.807863712310791 
444, 1.0467537641525269, 13.042023181915283 
445, 1.065042495727539, 15.51753544807434 
446, 1.0531156063079834, 13.425158977508545 
447, 1.0672104358673096, 12.815037250518799 
448, 1.0727778673171997, 12.884316682815552 
449, 1.066232442855835, 13.274243116378784 
450, 1.0807827711105347, 12.66769289970398 
451, 1.0658268928527832, 14.307156324386597 
452, 1.0685886144638062, 12.958427906036377 
453, 1.062293291091919, 14.349525213241577 
454, 1.0730198621749878, 12.79456090927124 
455, 1.0742952823638916, 13.474746942520142 
456, 1.0759639739990234, 13.228372573852539 
457, 1.0686076879501343, 13.324075698852539 
458, 1.0660769939422607, 13.395786046981812 
459, 1.0796990394592285, 13.454883337020874 
460, 1.0872185230255127, 14.301200866699219 
461, 1.088865041732788, 13.431676864624023 
462, 1.0976130962371826, 13.121900081634521 
463, 1.1020350456237793, 14.374538660049438 
464, 1.0977925062179565, 12.760360956192017 
465, 1.119654655456543, 13.563735723495483 
466, 1.1195577383041382, 12.860968828201294 
467, 1.1144435405731201, 13.169830560684204 
468, 1.12192964553833, 13.279211044311523 
469, 1.1050999164581299, 13.562575101852417 
470, 1.1064817905426025, 12.940255165100098 
471, 1.0957388877868652, 14.159254312515259 
472, 1.1030373573303223, 21.91073513031006 
473, 1.1026149988174438, 12.264870166778564 
474, 1.0938003063201904, 12.79704737663269 
475, 1.0773108005523682, 14.135358333587646 
476, 1.075368881225586, 12.672999858856201 
477, 1.0692553520202637, 12.868102073669434 
478, 1.0683903694152832, 13.149989366531372 
479, 1.0702680349349976, 12.77635407447815 
480, 1.0712217092514038, 14.821702718734741 
481, 1.0629429817199707, 13.34379506111145 
482, 1.0610172748565674, 13.674217700958252 
483, 1.0536150932312012, 12.840568780899048 
484, 1.0447051525115967, 12.748974800109863 
485, 1.0436434745788574, 12.795518159866333 
486, 1.0184093713760376, 13.218651056289673 
487, 1.0226123332977295, 13.647756576538086 
488, 1.020727276802063, 12.826578378677368 
489, 1.0216178894042969, 12.95545768737793 
490, 1.011197805404663, 12.736677169799805 
491, 1.0062754154205322, 12.857845067977905 
492, 1.006771445274353, 12.979315042495728 
493, 0.9991068840026855, 13.316753149032593 
494, 1.0037100315093994, 12.651395797729492 
495, 1.0038561820983887, 12.761827230453491 
496, 1.0019497871398926, 12.04457426071167 
497, 1.0115724802017212, 12.245925426483154 
498, 1.0179502964019775, 13.382608890533447 
499, 1.0203392505645752, 13.361159324645996 
500, 1.0153229236602783, 13.553598880767822 
501, 1.0199060440063477, 17.55401039123535 
502, 1.0133076906204224, 12.071267127990723 
503, 1.0313247442245483, 13.429080963134766 
504, 1.0267177820205688, 13.607209205627441 
505, 1.0401251316070557, 13.049346685409546 
506, 1.0511980056762695, 12.222612142562866 
507, 1.053943157196045, 14.26770305633545 
508, 1.0525481700897217, 13.33242154121399 
509, 1.063950777053833, 14.648780822753906 
510, 1.0571826696395874, 12.634493827819824 
511, 1.058511734008789, 13.375102758407593 
512, 1.0549753904342651, 14.223846673965454 
513, 1.0625779628753662, 14.71443247795105 
514, 1.0680911540985107, 12.831700563430786 
515, 1.063668966293335, 13.572609663009644 
516, 1.0638129711151123, 12.768651962280273 
517, 1.0681825876235962, 17.66959857940674 
518, 1.0761988162994385, 12.676973104476929 
519, 1.0733722448349, 13.648277759552002 
520, 1.0619624853134155, 12.149715185165405 
521, 1.0741255283355713, 12.842434167861938 
522, 1.0752475261688232, 12.817868709564209 
523, 1.0674852132797241, 13.818080186843872 
524, 1.0703270435333252, 14.999400615692139 
525, 1.070363163948059, 12.68118667602539 
526, 1.0807908773422241, 13.152299880981445 
527, 1.080984115600586, 13.315715312957764 
528, 1.091711163520813, 13.52182388305664 
529, 1.0833170413970947, 12.95198941230774 
530, 1.0880125761032104, 12.753312826156616 
531, 1.0969879627227783, 12.282833337783813 
532, 1.0994114875793457, 13.171048402786255 
533, 1.0949516296386719, 12.63817048072815 
534, 1.1060736179351807, 13.479536771774292 
535, 1.0944205522537231, 12.947548627853394 
536, 1.0887718200683594, 13.648080110549927 
537, 1.0847891569137573, 12.361752033233643 
538, 1.081697940826416, 12.130558729171753 
539, 1.0771089792251587, 17.71184778213501 
540, 1.0624067783355713, 13.188409328460693 
541, 1.0608325004577637, 13.670479536056519 
542, 1.0660932064056396, 12.761297941207886 
543, 1.0541826486587524, 12.166846752166748 
544, 1.0642338991165161, 12.73728895187378 
545, 1.0632621049880981, 12.720720052719116 
546, 1.051437258720398, 13.760359287261963 
547, 1.0583856105804443, 15.232081174850464 
548, 1.0733542442321777, 12.818693161010742 
549, 1.0681641101837158, 17.069434881210327 
550, 1.0693222284317017, 13.432328224182129 
551, 1.0654398202896118, 13.23487401008606 
552, 1.0719950199127197, 12.080844163894653 
553, 1.0770118236541748, 14.276997089385986 
554, 1.0866787433624268, 11.997972965240479 
555, 1.1029654741287231, 12.64901351928711 
556, 1.113227367401123, 18.393890857696533 
557, 1.1160356998443604, 18.27727746963501 
558, 1.1216509342193604, 14.22027063369751 
559, 1.13523268699646, 13.48090386390686 
560, 1.1545476913452148, 14.716875314712524 
561, 1.1539225578308105, 12.956934213638306 
562, 1.1633374691009521, 12.63549518585205 
563, 1.1652644872665405, 16.851317405700684 
564, 1.1658884286880493, 13.390763282775879 
565, 1.170302391052246, 13.099022150039673 
566, 1.1661057472229004, 14.430567264556885 
567, 1.1581172943115234, 20.31997513771057 
568, 1.1551902294158936, 12.059479236602783 
569, 1.1501199007034302, 21.92993950843811 
570, 1.1317462921142578, 13.458622694015503 
571, 1.1134830713272095, 18.36297607421875 
572, 1.1094330549240112, 12.011574745178223 
573, 1.1064348220825195, 12.988836288452148 
574, 1.0920803546905518, 12.87328577041626 
575, 1.0913885831832886, 16.056882619857788 
576, 1.077214241027832, 12.903926372528076 
577, 1.075819730758667, 13.458595275878906 
578, 1.0718739032745361, 14.203651905059814 
579, 1.065833568572998, 13.284936666488647 
580, 1.0704994201660156, 14.049186706542969 
581, 1.0782849788665771, 13.622902154922485 
582, 1.082261323928833, 12.193315267562866 
583, 1.0850598812103271, 18.059378623962402 
584, 1.0814405679702759, 12.568179607391357 
585, 1.0801931619644165, 14.255076169967651 
586, 1.0718975067138672, 15.04483675956726 
587, 1.0797462463378906, 13.208789348602295 
588, 1.0881233215332031, 14.70082426071167 
589, 1.0837466716766357, 12.945292472839355 
590, 1.0852826833724976, 15.845356464385986 
591, 1.0849378108978271, 15.743824481964111 
592, 1.091815710067749, 12.996672630310059 
593, 1.0944350957870483, 15.910078287124634 
594, 1.0975584983825684, 13.36660885810852 
595, 1.1129704713821411, 13.021480560302734 
596, 1.1181596517562866, 13.376662492752075 
597, 1.1205226182937622, 13.628064393997192 
598, 1.12050461769104, 18.3318350315094 
599, 1.1214067935943604, 14.304266214370728 
600, 1.1316614151000977, 14.430020093917847 
601, 1.1326466798782349, 13.495828866958618 
602, 1.1354345083236694, 12.24070119857788 
603, 1.1438318490982056, 13.439976453781128 
604, 1.1408989429473877, 13.707093954086304 
605, 1.1357684135437012, 14.374425888061523 
606, 1.132770299911499, 13.443702697753906 
607, 1.1166571378707886, 13.409769535064697 
608, 1.1145930290222168, 12.817764282226562 
609, 1.1089222431182861, 12.953969240188599 
610, 1.1063814163208008, 12.68149995803833 
611, 1.0949550867080688, 12.477190494537354 
612, 1.0903222560882568, 13.270336627960205 
613, 1.0819478034973145, 13.221538305282593 
614, 1.083939552307129, 16.93118119239807 
615, 1.0750236511230469, 13.010401010513306 
616, 1.0746560096740723, 12.727338552474976 
617, 1.0762072801589966, 14.609997272491455 
618, 1.088042974472046, 13.5124990940094 
619, 1.091951847076416, 13.674500465393066 
620, 1.0945169925689697, 12.663039207458496 
621, 1.1022639274597168, 20.748107433319092 
622, 1.1069413423538208, 12.865458250045776 
623, 1.1090750694274902, 21.75423502922058 
624, 1.1233713626861572, 12.736239194869995 
625, 1.1206952333450317, 13.760441780090332 
626, 1.1103146076202393, 13.054408311843872 
627, 1.117668628692627, 14.189052820205688 
628, 1.1237380504608154, 14.377046346664429 
629, 1.1247197389602661, 14.896230220794678 
630, 1.133503794670105, 13.101783752441406 
631, 1.1446549892425537, 18.901610851287842 
632, 1.14413321018219, 13.559183359146118 
633, 1.1374248266220093, 12.33748745918274 
634, 1.1371328830718994, 13.163062810897827 
635, 1.1258125305175781, 13.583195924758911 
636, 1.1291416883468628, 13.547616004943848 
637, 1.1175408363342285, 12.919265270233154 
638, 1.1216249465942383, 12.892534732818604 
639, 1.1128183603286743, 13.038223266601562 
640, 1.1002182960510254, 13.099735021591187 
641, 1.0920617580413818, 28.315540552139282 
642, 1.0824638605117798, 12.925674200057983 
643, 1.0769100189208984, 20.694283962249756 
644, 1.0630877017974854, 12.600576639175415 
645, 1.0481202602386475, 20.241861820220947 
646, 1.0452947616577148, 17.153122663497925 
647, 1.0442514419555664, 12.69826889038086 
648, 1.0435340404510498, 13.378401517868042 
649, 1.0448963642120361, 12.87348198890686 
650, 1.0509639978408813, 18.47580051422119 
651, 1.0537689924240112, 13.524264812469482 
652, 1.0605957508087158, 19.35974931716919 
653, 1.0755332708358765, 13.09514594078064 
654, 1.0949692726135254, 16.98643708229065 
655, 1.0993194580078125, 17.895180702209473 
656, 1.1245241165161133, 13.069400072097778 
657, 1.121993064880371, 15.645244598388672 
658, 1.1326117515563965, 21.781827926635742 
659, 1.144417405128479, 14.467421531677246 
660, 1.1485315561294556, 11.315331220626831 
661, 1.1629951000213623, 16.085731267929077 
662, 1.1676976680755615, 11.444141149520874 
663, 1.1746630668640137, 11.690640211105347 
664, 1.1758419275283813, 11.838433265686035 
665, 1.1786495447158813, 12.73735523223877 
666, 1.1874363422393799, 11.407493352890015 
667, 1.1848026514053345, 15.109379529953003 
668, 1.1839299201965332, 17.094005823135376 
669, 1.187743902206421, 12.125490188598633 
670, 1.1768150329589844, 12.087755680084229 
671, 1.194300889968872, 16.983408212661743 
672, 1.1789659261703491, 11.96464204788208 
673, 1.1782689094543457, 12.002204179763794 
674, 1.1778713464736938, 16.493371725082397 
675, 1.1729105710983276, 12.621378183364868 
676, 1.1570303440093994, 12.157368898391724 
677, 1.1601811647415161, 11.761129379272461 
678, 1.1570804119110107, 11.730899572372437 
679, 1.147139549255371, 15.18552851676941 
680, 1.1360549926757812, 12.71138334274292 
681, 1.1336569786071777, 11.906264066696167 
682, 1.128714680671692, 15.59443736076355 
683, 1.122174859046936, 11.857823848724365 
684, 1.1082146167755127, 12.047788381576538 
685, 1.0966821908950806, 14.029160261154175 
686, 1.091437578201294, 11.648067235946655 
687, 1.086020827293396, 13.343667268753052 
688, 1.0735312700271606, 12.148751735687256 
689, 1.0698175430297852, 17.2323157787323 
690, 1.0591857433319092, 11.220773935317993 
691, 1.0551365613937378, 11.930237770080566 
692, 1.059758186340332, 11.221933841705322 
693, 1.0603089332580566, 16.269543886184692 
694, 1.0600998401641846, 13.469480276107788 
695, 1.0602891445159912, 12.293825149536133 
696, 1.073349952697754, 16.606285572052002 
697, 1.0774192810058594, 16.11037302017212 
698, 1.092998743057251, 11.29724931716919 
699, 1.1045300960540771, 11.299100637435913 
700, 1.1227701902389526, 12.516208410263062 
701, 1.1334805488586426, 12.55399775505066 
702, 1.1496376991271973, 15.33337664604187 
703, 1.1532983779907227, 12.468090772628784 
704, 1.164760708808899, 16.294249057769775 
705, 1.1624252796173096, 11.337124824523926 
706, 1.1691404581069946, 13.618827104568481 
707, 1.1781857013702393, 20.80848526954651 
708, 1.1734299659729004, 11.934186458587646 
709, 1.1713651418685913, 13.944328784942627 
710, 1.1687431335449219, 13.164647340774536 
711, 1.162117838859558, 16.66099214553833 
712, 1.1536619663238525, 19.519914388656616 
713, 1.1393924951553345, 12.082955360412598 
714, 1.1349836587905884, 13.515361547470093 
715, 1.1202222108840942, 11.893112182617188 
716, 1.1129539012908936, 12.585026025772095 
717, 1.0992215871810913, 16.4508216381073 
718, 1.0960850715637207, 14.994573831558228 
719, 1.0798319578170776, 11.3341805934906 
720, 1.0790812969207764, 18.210216760635376 
721, 1.0621047019958496, 12.085657835006714 
722, 1.048443078994751, 12.151448965072632 
723, 1.0491139888763428, 11.588196516036987 
724, 1.0360205173492432, 19.07030200958252 
725, 1.034801959991455, 11.770462989807129 
726, 1.0298833847045898, 12.530292272567749 
727, 1.0299962759017944, 16.139023303985596 
728, 1.0348966121673584, 11.805918455123901 
729, 1.048487663269043, 11.77713394165039 
730, 1.0538663864135742, 12.661776781082153 
731, 1.078135371208191, 11.514151573181152 
732, 1.0778422355651855, 17.721773862838745 
733, 1.0812000036239624, 13.333130598068237 
734, 1.0990160703659058, 11.791182041168213 
735, 1.1037194728851318, 15.350234746932983 
736, 1.1058273315429688, 14.428680181503296 
737, 1.107886552810669, 15.887006759643555 
738, 1.106977939605713, 11.738944053649902 
739, 1.107883334159851, 13.181559801101685 
740, 1.1145031452178955, 11.793903827667236 
741, 1.1288056373596191, 15.445940732955933 
742, 1.1345640420913696, 14.349843740463257 
743, 1.1218223571777344, 11.674978017807007 
744, 1.1265798807144165, 13.10631775856018 
745, 1.1270971298217773, 15.14143443107605 
746, 1.112663745880127, 11.93381643295288 
747, 1.1209135055541992, 11.818867921829224 
748, 1.1078625917434692, 15.057928562164307 
749, 1.1007699966430664, 11.984204769134521 
750, 1.115574598312378, 11.535598278045654 
751, 1.11150324344635, 13.659051656723022 
752, 1.1181561946868896, 16.32562255859375 
753, 1.1257654428482056, 13.50091814994812 
754, 1.123087763786316, 12.86256194114685 
755, 1.1183730363845825, 11.790521621704102 
756, 1.1161468029022217, 11.83039116859436 
757, 1.1131503582000732, 11.46533727645874 
758, 1.1099872589111328, 16.09694194793701 
759, 1.1040383577346802, 11.956084966659546 
760, 1.1115851402282715, 11.365314722061157 
761, 1.1034619808197021, 12.227975845336914 
762, 1.1090997457504272, 11.889580726623535 
763, 1.124366283416748, 11.693511962890625 
764, 1.1395479440689087, 11.981106042861938 
765, 1.1338064670562744, 12.004478931427002 
766, 1.1344094276428223, 14.804165840148926 
767, 1.1361188888549805, 11.86292839050293 
768, 1.1504933834075928, 12.351161479949951 
769, 1.1439424753189087, 11.461757898330688 
770, 1.147155523300171, 13.964809656143188 
771, 1.1445040702819824, 12.451654195785522 
772, 1.1491074562072754, 12.428988456726074 
773, 1.1363284587860107, 13.202754974365234 
774, 1.1420214176177979, 12.90729308128357 
775, 1.1282098293304443, 11.923741817474365 
776, 1.1312313079833984, 12.397803544998169 
777, 1.1261510848999023, 11.371912240982056 
778, 1.1163699626922607, 11.487755298614502 
779, 1.1177033185958862, 11.695850133895874 
780, 1.1229928731918335, 12.579312562942505 
781, 1.115515112876892, 11.81732726097107 
782, 1.1222469806671143, 14.412731409072876 
783, 1.1273193359375, 12.756090879440308 
784, 1.134218454360962, 12.597499370574951 
785, 1.1320769786834717, 13.02888011932373 
786, 1.142148494720459, 11.804880380630493 
787, 1.1426382064819336, 11.591670989990234 
788, 1.1642329692840576, 12.227099180221558 
789, 1.1703547239303589, 15.292647361755371 
790, 1.1768865585327148, 11.627333164215088 
791, 1.17854905128479, 12.408490657806396 
792, 1.1739718914031982, 12.323391199111938 
793, 1.1727216243743896, 13.756080389022827 
794, 1.162045955657959, 15.480231285095215 
795, 1.1617463827133179, 12.372308015823364 
796, 1.1583919525146484, 12.682915210723877 
797, 1.1638444662094116, 14.438213348388672 
798, 1.1488971710205078, 12.026947736740112 
799, 1.157791018486023, 12.400137662887573 
800, 1.1541043519973755, 11.81434965133667 
801, 1.1388856172561646, 11.97144341468811 
802, 1.1455957889556885, 12.196080446243286 
803, 1.142864465713501, 14.463887214660645 
804, 1.1469948291778564, 13.023755311965942 
805, 1.156495451927185, 14.419642925262451 
806, 1.1488317251205444, 14.746271133422852 
807, 1.1595609188079834, 11.40279507637024 
808, 1.1573609113693237, 11.997556686401367 
809, 1.1522358655929565, 17.52729296684265 
810, 1.16084623336792, 12.079512357711792 
811, 1.1509830951690674, 12.660774946212769 
812, 1.1558279991149902, 11.841744899749756 
813, 1.1556998491287231, 11.388653039932251 
814, 1.149903416633606, 11.26577615737915 
815, 1.1510770320892334, 11.525477647781372 
816, 1.145572304725647, 12.1746826171875 
817, 1.1356474161148071, 10.644524335861206 
818, 1.1341638565063477, 11.118476390838623 
819, 1.1435489654541016, 11.306126594543457 
820, 1.1502418518066406, 11.547569274902344 
821, 1.1504638195037842, 12.130309581756592 
822, 1.153829574584961, 14.367495059967041 
823, 1.1588178873062134, 11.23452353477478 
824, 1.1416882276535034, 11.147761821746826 
825, 1.1556737422943115, 12.07813286781311 
826, 1.1584564447402954, 11.534917831420898 
827, 1.168845772743225, 11.26691198348999 
828, 1.1569764614105225, 16.397180318832397 
829, 1.1560041904449463, 11.905983448028564 
830, 1.147634506225586, 11.512628316879272 
831, 1.158475399017334, 13.594212055206299 
832, 1.1489536762237549, 11.251510620117188 
833, 1.1404258012771606, 11.326071739196777 
834, 1.1444791555404663, 14.626821517944336 
835, 1.1326751708984375, 11.489893198013306 
836, 1.1386692523956299, 11.52860713005066 
837, 1.1397323608398438, 11.981546878814697 
838, 1.1227200031280518, 12.132808923721313 
839, 1.1335525512695312, 11.182465314865112 
840, 1.1318280696868896, 11.30544400215149 
841, 1.1348636150360107, 11.430517196655273 
842, 1.1392802000045776, 11.55307126045227 
843, 1.138507604598999, 11.812743186950684 
844, 1.1324023008346558, 11.218399047851562 
845, 1.1258654594421387, 11.953072786331177 
846, 1.1237927675247192, 11.31609582901001 
847, 1.123594880104065, 16.119139432907104 
848, 1.1155505180358887, 11.256956100463867 
849, 1.1117364168167114, 11.80139446258545 
850, 1.1069470643997192, 11.252613067626953 
851, 1.1045225858688354, 12.057348489761353 
852, 1.0986155271530151, 15.867332220077515 
853, 1.095194935798645, 11.940659523010254 
854, 1.0975186824798584, 15.177083015441895 
855, 1.0872457027435303, 12.547658443450928 
856, 1.082017421722412, 14.025632858276367 
857, 1.07000732421875, 12.4542818069458 
858, 1.057005763053894, 11.216852903366089 
859, 1.0597634315490723, 15.845995903015137 
860, 1.058875560760498, 12.15239691734314 
861, 1.0514224767684937, 11.481302738189697 
862, 1.0641322135925293, 12.552375078201294 
863, 1.0692087411880493, 17.895352363586426 
864, 1.0670037269592285, 11.479679107666016 
865, 1.0744019746780396, 12.093563556671143 
866, 1.0763542652130127, 12.163244724273682 
867, 1.0877141952514648, 11.983441352844238 
868, 1.0870643854141235, 11.840871810913086 
869, 1.1020143032073975, 13.897722005844116 
870, 1.0937148332595825, 15.300484657287598 
871, 1.1067978143692017, 11.503012657165527 
872, 1.1091032028198242, 11.123896598815918 
873, 1.1161549091339111, 11.197899103164673 
874, 1.1345438957214355, 11.295210361480713 
875, 1.1354182958602905, 11.627106428146362 
876, 1.1458203792572021, 14.086199760437012 
877, 1.1473727226257324, 14.73466968536377 
878, 1.1589035987854004, 11.808557271957397 
879, 1.1700656414031982, 13.34403109550476 
880, 1.1681888103485107, 11.689356088638306 
881, 1.1802197694778442, 11.853470802307129 
882, 1.1681029796600342, 11.770458698272705 
883, 1.1804686784744263, 13.8655264377594 
884, 1.1867337226867676, 12.061611413955688 
885, 1.17317795753479, 14.454476356506348 
886, 1.1757831573486328, 11.890732526779175 
887, 1.1780362129211426, 15.163507461547852 
888, 1.1779946088790894, 12.098374366760254 
889, 1.17519211769104, 17.149638414382935 
890, 1.1787066459655762, 11.31247067451477 
891, 1.1875073909759521, 15.667643308639526 
892, 1.1797070503234863, 14.032880067825317 
893, 1.1838791370391846, 11.436041116714478 
894, 1.176119089126587, 12.250019788742065 
895, 1.1716595888137817, 13.338588237762451 
896, 1.1676357984542847, 14.80558967590332 
897, 1.1638516187667847, 11.248142719268799 
898, 1.1448943614959717, 14.09070634841919 
899, 1.1369647979736328, 15.45304560661316 
900, 1.1303631067276, 10.593589544296265 
901, 1.1196976900100708, 12.058722257614136 
902, 1.1093225479125977, 11.156144618988037 
903, 1.1057382822036743, 11.432027816772461 
904, 1.1029044389724731, 11.694640398025513 
905, 1.101306438446045, 11.14796233177185 
906, 1.1063833236694336, 11.268511772155762 
907, 1.096851110458374, 11.90213680267334 
908, 1.0984430313110352, 12.183282375335693 
909, 1.1058897972106934, 11.968616962432861 
910, 1.1062054634094238, 12.280189275741577 
911, 1.1145334243774414, 11.253524541854858 
912, 1.1105788946151733, 11.330036163330078 
913, 1.1141561269760132, 12.149228572845459 
914, 1.119194507598877, 11.339762926101685 
915, 1.1336803436279297, 14.382921695709229 
916, 1.139018177986145, 12.172382116317749 
917, 1.1443212032318115, 12.134512424468994 
918, 1.1545960903167725, 11.587339401245117 
919, 1.1638190746307373, 11.9303297996521 
920, 1.177018165588379, 11.203455924987793 
921, 1.19260835647583, 11.262309789657593 
922, 1.1869444847106934, 12.366957426071167 
923, 1.186205267906189, 14.223809242248535 
924, 1.196674108505249, 11.446444749832153 
925, 1.2000772953033447, 14.024230003356934 
926, 1.2072186470031738, 11.728067398071289 
927, 1.2023334503173828, 11.846928119659424 
928, 1.1919472217559814, 10.636576175689697 
929, 1.1970136165618896, 12.042136430740356 
930, 1.2061967849731445, 13.193999290466309 
931, 1.1992647647857666, 11.274015426635742 
932, 1.193605899810791, 12.282332181930542 
933, 1.2023903131484985, 11.315801858901978 
934, 1.1949727535247803, 11.843356847763062 
935, 1.1838085651397705, 10.453436374664307 
936, 1.180832862854004, 11.092411041259766 
937, 1.1810436248779297, 13.789912700653076 
938, 1.1713037490844727, 11.518288850784302 
939, 1.1816061735153198, 11.401890516281128 
940, 1.1696377992630005, 12.124220609664917 
941, 1.1543002128601074, 11.828393936157227 
942, 1.1500630378723145, 11.313674688339233 
943, 1.1467232704162598, 11.595269441604614 
944, 1.13614022731781, 11.452430248260498 
945, 1.1336055994033813, 10.555180072784424 
946, 1.1296113729476929, 10.614274978637695 
947, 1.1307430267333984, 11.986377477645874 
948, 1.126401424407959, 11.649606943130493 
949, 1.1274800300598145, 12.104617595672607 
950, 1.1316428184509277, 14.306697368621826 
951, 1.1273343563079834, 12.653201818466187 
952, 1.1257915496826172, 12.225942850112915 
953, 1.1252888441085815, 11.441946506500244 
954, 1.1207406520843506, 12.099324941635132 
955, 1.1304786205291748, 13.755034923553467 
956, 1.123703956604004, 11.256358861923218 
957, 1.118092656135559, 11.171362161636353 
958, 1.1127419471740723, 14.307089567184448 
959, 1.1046396493911743, 11.995716571807861 
960, 1.114682674407959, 12.730636596679688 
961, 1.108100175857544, 11.287088394165039 
962, 1.1191951036453247, 11.229118585586548 
963, 1.1315124034881592, 17.706467628479004 
964, 1.1305605173110962, 11.612039804458618 
965, 1.1437592506408691, 13.071832180023193 
966, 1.1445980072021484, 11.766357898712158 
967, 1.1493303775787354, 13.101310729980469 
968, 1.163931965827942, 11.525972604751587 
969, 1.1675642728805542, 12.194148063659668 
970, 1.1875859498977661, 15.589123487472534 
971, 1.1875290870666504, 13.019020795822144 
972, 1.1937799453735352, 11.984044790267944 
973, 1.2085144519805908, 11.085360288619995 
974, 1.206099510192871, 12.621088743209839 
975, 1.216879963874817, 10.54243516921997 
976, 1.2145074605941772, 12.300291538238525 
977, 1.2145209312438965, 11.988744974136353 
978, 1.217515230178833, 11.491303205490112 
979, 1.2249698638916016, 10.561578750610352 
980, 1.2263357639312744, 11.975095272064209 
981, 1.2092653512954712, 11.154173374176025 
982, 1.1996370553970337, 12.856664419174194 
983, 1.1896274089813232, 13.398097276687622 
984, 1.1812018156051636, 12.525075435638428 
985, 1.1744568347930908, 10.881003856658936 
986, 1.1692681312561035, 11.79763150215149 
987, 1.1556379795074463, 14.621544599533081 
988, 1.1562293767929077, 14.49035930633545 
989, 1.139353632926941, 11.542704105377197 
990, 1.1474838256835938, 11.890184164047241 
991, 1.1467008590698242, 11.295547723770142 
992, 1.1445996761322021, 11.16745924949646 
993, 1.1483322381973267, 10.745465755462646 
994, 1.1425602436065674, 13.4156653881073 
995, 1.137160301208496, 11.207888126373291 
996, 1.1256624460220337, 14.135282278060913 
997, 1.1368836164474487, 11.923137664794922 
998, 1.1238536834716797, 11.496086120605469 
999, 1.1287760734558105, 11.355689525604248 
