Iteration, loss, time 
0, 1.2409744262695312, 4.127241611480713, 1.8891961574554443, 2.2321910858154297 
1, 1.1945149898529053, 4.07275128364563, 1.8384010791778564, 2.2303214073181152 
2, 1.1504671573638916, 4.073310375213623, 1.8391602039337158, 2.230187177658081 
3, 1.1074823141098022, 4.101388931274414, 1.8641459941864014, 2.23333477973938 
4, 1.0661720037460327, 4.092548370361328, 1.853963851928711, 2.2346322536468506 
5, 1.0260636806488037, 4.061522006988525, 1.8482799530029297, 2.209326982498169 
6, 0.9868975877761841, 3.965190887451172, 1.819913625717163, 2.1411828994750977 
7, 0.9490407705307007, 3.9747414588928223, 1.817659854888916, 2.152390241622925 
8, 0.912491500377655, 3.9652233123779297, 1.8135340213775635, 2.147660732269287 
9, 0.877449095249176, 3.9247682094573975, 1.8091411590576172, 2.111142158508301 
10, 0.8433723449707031, 3.910156488418579, 1.7804226875305176, 2.1252963542938232 
11, 0.8103501796722412, 3.895946979522705, 1.8007214069366455, 2.0872464179992676 
12, 0.7776063680648804, 3.92510724067688, 1.788832187652588, 2.1080493927001953 
13, 0.7455133199691772, 4.035474061965942, 1.794706106185913, 2.122739791870117 
14, 0.7143784761428833, 4.150716781616211, 1.815593957901001, 2.1898891925811768 
15, 0.6844088435173035, 4.0431458950042725, 1.8716168403625488, 2.1283321380615234 
16, 0.6553083658218384, 3.9201200008392334, 1.8153297901153564, 2.1006991863250732 
17, 0.6270448565483093, 4.006918668746948, 1.793050765991211, 2.1815998554229736 
18, 0.5997158288955688, 3.961629867553711, 1.8415629863739014, 2.115321397781372 
19, 0.5735948085784912, 3.9228975772857666, 1.7890269756317139, 2.1256473064422607 
20, 0.5483753681182861, 3.9215340614318848, 1.8151333332061768, 2.1002254486083984 
21, 0.5234898328781128, 3.917996406555176, 1.7912631034851074, 2.1214494705200195 
22, 0.4989543855190277, 4.410526752471924, 1.8003089427947998, 2.149507761001587 
23, 0.4752129316329956, 3.973109483718872, 1.856316328048706, 2.1111886501312256 
24, 0.45230531692504883, 3.9684743881225586, 1.8058860301971436, 2.1212198734283447 
25, 0.43004900217056274, 3.944659471511841, 1.8009541034698486, 2.1340479850769043 
26, 0.40925922989845276, 3.9323599338531494, 1.8074004650115967, 2.1204991340637207 
27, 0.3887737989425659, 4.134675741195679, 1.8856031894683838, 2.221414566040039 
28, 0.3684937059879303, 4.10470724105835, 1.8485240936279297, 2.251512050628662 
29, 0.34848567843437195, 4.120127201080322, 1.8609857559204102, 2.255018472671509 
30, 0.328971803188324, 4.385046720504761, 1.918060302734375, 2.3134515285491943 
31, 0.3102114200592041, 4.17697811126709, 1.916780710220337, 2.2560582160949707 
32, 0.2919936776161194, 4.18569016456604, 1.9095959663391113, 2.237253427505493 
33, 0.2744373381137848, 4.110179424285889, 1.8564653396606445, 2.2483198642730713 
34, 0.25733959674835205, 4.069845914840698, 1.8411407470703125, 2.224649429321289 
35, 0.24070152640342712, 5.118803024291992, 2.319453239440918, 2.7901318073272705 
36, 0.2245568335056305, 5.097530126571655, 2.342580795288086, 2.7494730949401855 
37, 0.20889507234096527, 5.09719443321228, 2.250500440597534, 2.841191053390503 
38, 0.19370171427726746, 5.091625452041626, 2.3532466888427734, 2.7333171367645264 
39, 0.17900735139846802, 5.092212438583374, 2.339674234390259, 2.7470483779907227 
40, 0.16482746601104736, 5.164158821105957, 2.442673444747925, 2.701157569885254 
41, 0.1511426866054535, 5.005326271057129, 2.3042185306549072, 2.69564151763916 
42, 0.13785886764526367, 5.150947332382202, 2.365734577178955, 2.779482364654541 
43, 0.12499761581420898, 5.0442280769348145, 2.258432626724243, 2.77993106842041 
44, 0.11250144243240356, 5.214108228683472, 2.4621312618255615, 2.746356964111328 
45, 0.10027630627155304, 5.1736955642700195, 2.257279396057129, 2.7768373489379883 
46, 0.08846986293792725, 5.0557637214660645, 2.3346147537231445, 2.7149384021759033 
47, 0.07738305628299713, 5.188255786895752, 2.4559056758880615, 2.725830554962158 
48, 0.06702663004398346, 4.931331396102905, 2.3110082149505615, 2.615495204925537 
49, 0.056945934891700745, 4.539752960205078, 2.1457226276397705, 2.388099193572998 
50, 0.04714854061603546, 4.001347541809082, 1.830096960067749, 2.154528856277466 
51, 0.03754222393035889, 3.910053014755249, 1.7919323444366455, 2.1135873794555664 
52, 0.028118491172790527, 3.92151141166687, 1.788217306137085, 2.126896381378174 
53, 0.019243746995925903, 3.9299774169921875, 1.7920308113098145, 2.122361660003662 
54, 0.010533437132835388, 3.933824300765991, 1.8021202087402344, 2.1266167163848877 
55, 0.0024095624685287476, 3.93778395652771, 1.813579797744751, 2.119621992111206 
56, -0.005514919757843018, 4.098577499389648, 1.850550889968872, 2.119124412536621 
57, -0.013401895761489868, 3.9875829219818115, 1.8009867668151855, 2.153374433517456 
58, -0.021245330572128296, 3.9160079956054688, 1.7890284061431885, 2.1115431785583496 
59, -0.029076769948005676, 3.894951581954956, 1.7863588333129883, 2.103278160095215 
60, -0.03672993183135986, 3.8715531826019287, 1.771446704864502, 2.095672607421875 
61, -0.04419976472854614, 3.882683515548706, 1.7818944454193115, 2.0961310863494873 
62, -0.05178844928741455, 3.8979668617248535, 1.7847249507904053, 2.0944533348083496 
63, -0.05918914079666138, 3.9850194454193115, 1.8037025928497314, 2.149843215942383 
64, -0.06623384356498718, 4.028884649276733, 1.800203561782837, 2.1094088554382324 
65, -0.0731583684682846, 3.9077396392822266, 1.8016483783721924, 2.1005849838256836 
66, -0.07973048090934753, 3.9641799926757812, 1.7753241062164307, 2.176133632659912 
67, -0.08630482852458954, 3.9372076988220215, 1.7998161315917969, 2.1310927867889404 
68, -0.09291458129882812, 3.9100663661956787, 1.7952508926391602, 2.1106998920440674 
69, -0.09919734299182892, 3.9039690494537354, 1.7889845371246338, 2.1101510524749756 
70, -0.10533799231052399, 3.94901704788208, 1.7912023067474365, 2.137014150619507 
71, -0.11156854033470154, 3.990398406982422, 1.800081491470337, 2.15287184715271 
72, -0.11771145462989807, 4.0030601024627686, 1.8836472034454346, 2.1144158840179443 
73, -0.1237965077161789, 4.021276950836182, 1.7905981540679932, 2.11297345161438 
74, -0.12976621091365814, 3.9062726497650146, 1.7994561195373535, 2.0991392135620117 
75, -0.13567601144313812, 3.9530978202819824, 1.8069398403167725, 2.119159460067749 
76, -0.14152951538562775, 3.9186787605285645, 1.7920076847076416, 2.122235059738159 
77, -0.14675582945346832, 3.985762596130371, 1.8603405952453613, 2.1145174503326416 
78, -0.15153907239437103, 3.917421340942383, 1.7868003845214844, 2.125946044921875 
79, -0.15631359815597534, 3.980140209197998, 1.804271936416626, 2.128755569458008 
80, -0.16098959743976593, 3.951082229614258, 1.802572250366211, 2.1438770294189453 
81, -0.16565796732902527, 4.024457216262817, 1.787010908126831, 2.120938539505005 
82, -0.17030028998851776, 3.9306650161743164, 1.8079335689544678, 2.113729953765869 
83, -0.174826979637146, 3.9367516040802, 1.7954938411712646, 2.13333797454834 
84, -0.17926037311553955, 3.9194250106811523, 1.810676097869873, 2.1041998863220215 
85, -0.1836320459842682, 3.9618682861328125, 1.7930641174316406, 2.1466422080993652 
86, -0.1879122108221054, 3.949309825897217, 1.8116776943206787, 2.11814546585083 
87, -0.1921977996826172, 3.9405553340911865, 1.7930967807769775, 2.1385817527770996 
88, -0.19641225039958954, 3.9896676540374756, 1.7945847511291504, 2.137179374694824 
89, -0.20052334666252136, 3.9597108364105225, 1.8367111682891846, 2.1184306144714355 
90, -0.20453616976737976, 4.063293218612671, 1.8037829399108887, 2.139126777648926 
91, -0.2083439826965332, 3.948017120361328, 1.8113501071929932, 2.1300463676452637 
92, -0.21198339760303497, 3.9314239025115967, 1.8090977668762207, 2.117880344390869 
93, -0.2155229151248932, 3.9271843433380127, 1.7965826988220215, 2.126127004623413 
94, -0.21897460520267487, 3.966259717941284, 1.8099801540374756, 2.130678653717041 
95, -0.22235049307346344, 3.9707813262939453, 1.8304226398468018, 2.1321728229522705 
96, -0.2255544513463974, 3.928858995437622, 1.8091087341308594, 2.1139073371887207 
97, -0.22862224280834198, 4.064913749694824, 1.804725170135498, 2.2336513996124268 
98, -0.23169703781604767, 4.019256353378296, 1.8001973628997803, 2.1023318767547607 
99, -0.23469915986061096, 3.949174642562866, 1.8193762302398682, 2.120561361312866 
100, -0.23761986196041107, 3.898139715194702, 1.795999526977539, 2.097561836242676 
101, -0.24045978486537933, 3.9062254428863525, 1.7894580364227295, 2.111872911453247 
102, -0.2432260662317276, 3.982715606689453, 1.7886099815368652, 2.168292760848999 
103, -0.24591319262981415, 3.968534469604492, 1.8532569408416748, 2.108896493911743 
104, -0.24844026565551758, 3.933295488357544, 1.8060157299041748, 2.1206042766571045 
105, -0.25094932317733765, 3.95792555809021, 1.7916300296783447, 2.1340246200561523 
106, -0.2534745931625366, 4.095461368560791, 1.856234073638916, 2.1189701557159424 
107, -0.25596940517425537, 3.924272298812866, 1.8065788745880127, 2.1087725162506104 
108, -0.25830304622650146, 3.886836290359497, 1.7896268367767334, 2.0926826000213623 
109, -0.2605234980583191, 3.909292221069336, 1.7864205837249756, 2.1183245182037354 
110, -0.2626678943634033, 3.9648709297180176, 1.8040409088134766, 2.1356208324432373 
111, -0.2648739516735077, 3.946209669113159, 1.8223276138305664, 2.119367837905884 
112, -0.26702046394348145, 3.9160706996917725, 1.7764358520507812, 2.1310391426086426 
113, -0.2691548466682434, 4.0461156368255615, 1.7739529609680176, 2.1242361068725586 
114, -0.27124547958374023, 4.029783487319946, 1.8270263671875, 2.197465419769287 
115, -0.2732810974121094, 3.9266321659088135, 1.7986555099487305, 2.1226136684417725 
116, -0.27519041299819946, 3.919455051422119, 1.7927358150482178, 2.1197712421417236 
117, -0.27700820565223694, 3.914693593978882, 1.790926218032837, 2.118828773498535 
118, -0.27877870202064514, 3.969939708709717, 1.795158863067627, 2.149548053741455 
119, -0.2805219292640686, 3.944389820098877, 1.8172528743743896, 2.1226723194122314 
120, -0.2822827994823456, 3.9239721298217773, 1.7931115627288818, 2.1262428760528564 
121, -0.28404468297958374, 4.14572286605835, 1.8946473598480225, 2.114135265350342 
122, -0.28584718704223633, 3.9748764038085938, 1.8179399967193604, 2.1297595500946045 
123, -0.2876337766647339, 3.9614503383636475, 1.8264856338500977, 2.129854440689087 
124, -0.2894338369369507, 3.9113752841949463, 1.794640064239502, 2.1087262630462646 
125, -0.2911367416381836, 3.8959295749664307, 1.77919340133667, 2.111616373062134 
126, -0.2928006649017334, 3.9124648571014404, 1.7915053367614746, 2.1163673400878906 
127, -0.29441365599632263, 3.961880922317505, 1.8252496719360352, 2.116285800933838 
128, -0.29596182703971863, 3.8973183631896973, 1.7898368835449219, 2.1021413803100586 
129, -0.29750755429267883, 4.000524282455444, 1.7703945636749268, 2.109844923019409 
130, -0.299002468585968, 4.06595778465271, 1.8089699745178223, 2.200404644012451 
131, -0.30046385526657104, 3.981858253479004, 1.8527331352233887, 2.1237902641296387 
132, -0.30186623334884644, 3.912928342819214, 1.8024218082427979, 2.106400489807129 
133, -0.3032383322715759, 3.9089388847351074, 1.7842514514923096, 2.114640474319458 
134, -0.3045349717140198, 3.9246160984039307, 1.797060489654541, 2.1217920780181885 
135, -0.30585217475891113, 3.9528307914733887, 1.8268413543701172, 2.1027936935424805 
136, -0.3071509003639221, 3.924084186553955, 1.8012092113494873, 2.1187007427215576 
137, -0.3084120452404022, 3.9172537326812744, 1.792433500289917, 2.120241641998291 
138, -0.3096391260623932, 3.9505083560943604, 1.7951395511627197, 2.1237294673919678 
139, -0.31083571910858154, 4.171806812286377, 1.8750441074371338, 2.1557867527008057 
140, -0.31203728914260864, 3.9148995876312256, 1.8116412162780762, 2.0968589782714844 
141, -0.31324660778045654, 3.9144160747528076, 1.7933809757232666, 2.1099538803100586 
142, -0.3144722580909729, 3.9270317554473877, 1.7927167415618896, 2.128112316131592 
143, -0.31566864252090454, 3.9719724655151367, 1.8102037906646729, 2.138263463973999 
144, -0.31683820486068726, 3.920206308364868, 1.798600196838379, 2.1174187660217285 
145, -0.31797194480895996, 3.920358419418335, 1.7907993793487549, 2.1248974800109863 
146, -0.3190702795982361, 3.9501450061798096, 1.7979917526245117, 2.1190621852874756 
147, -0.32018089294433594, 4.067481517791748, 1.8252272605895996, 2.1220617294311523 
148, -0.32125264406204224, 3.9359841346740723, 1.7992265224456787, 2.122737169265747 
149, -0.32229992747306824, 3.927563190460205, 1.7996468544006348, 2.1163249015808105 
150, -0.3233121633529663, 3.9143872261047363, 1.7948527336120605, 2.113476276397705 
151, -0.3242989778518677, 3.9381494522094727, 1.8106276988983154, 2.104457378387451 
152, -0.3252878189086914, 3.9271256923675537, 1.7966384887695312, 2.1263015270233154 
153, -0.32622581720352173, 3.920577049255371, 1.7969892024993896, 2.119027614593506 
154, -0.32718712091445923, 3.9472522735595703, 1.7975091934204102, 2.1174168586730957 
155, -0.32809317111968994, 4.0476109981536865, 1.8275609016418457, 2.0964815616607666 
156, -0.3289843201637268, 3.936164617538452, 1.81416916847229, 2.11657452583313 
157, -0.3298596739768982, 3.9510810375213623, 1.8181068897247314, 2.1221723556518555 
158, -0.3307238221168518, 3.980740785598755, 1.7957429885864258, 2.158580780029297 
159, -0.33157482743263245, 3.972609519958496, 1.828683853149414, 2.122093439102173 
160, -0.3324057459831238, 3.9251914024353027, 1.7935736179351807, 2.1268091201782227 
161, -0.33321934938430786, 3.919163465499878, 1.7927546501159668, 2.12176775932312 
162, -0.33403050899505615, 3.9598212242126465, 1.7998521327972412, 2.129512310028076 
163, -0.33481988310813904, 3.9551875591278076, 1.805307388305664, 2.144390821456909 
164, -0.33557361364364624, 3.927934408187866, 1.8083302974700928, 2.1155805587768555 
165, -0.33634060621261597, 4.043644666671753, 1.791583776473999, 2.133714199066162 
166, -0.33707529306411743, 3.9308290481567383, 1.8042855262756348, 2.115090847015381 
167, -0.33779215812683105, 4.008532762527466, 1.8275198936462402, 2.152069091796875 
168, -0.3385006785392761, 3.9311113357543945, 1.8009405136108398, 2.1252424716949463 
169, -0.3391838073730469, 3.9239373207092285, 1.7938623428344727, 2.125906467437744 
170, -0.33989983797073364, 3.964414358139038, 1.7986888885498047, 2.132236957550049 
171, -0.34058988094329834, 3.955326795578003, 1.8184871673583984, 2.1321613788604736 
172, -0.34125691652297974, 3.9175212383270264, 1.7978417873382568, 2.1148948669433594 
173, -0.3418858051300049, 3.9163591861724854, 1.789677619934082, 2.122523784637451 
174, -0.342517614364624, 3.920797348022461, 1.7897400856018066, 2.116763114929199 
175, -0.3431413769721985, 4.337804079055786, 1.828084945678711, 2.3208813667297363 
176, -0.3437269926071167, 3.9342684745788574, 1.8136413097381592, 2.114961624145508 
177, -0.3442949056625366, 4.035336017608643, 1.8531498908996582, 2.1639373302459717 
178, -0.3448503315448761, 3.975276231765747, 1.8006103038787842, 2.139441967010498 
179, -0.34539565443992615, 3.952772617340088, 1.805720567703247, 2.1420490741729736 
180, -0.3459513783454895, 3.912296772003174, 1.7994296550750732, 2.1073849201202393 
181, -0.3465019464492798, 3.9245848655700684, 1.7954490184783936, 2.1245851516723633 
182, -0.3470509946346283, 3.934156894683838, 1.803633451461792, 2.1206881999969482 
183, -0.3475944399833679, 4.077510595321655, 1.819460391998291, 2.1179537773132324 
184, -0.3481065630912781, 3.948650598526001, 1.8289847373962402, 2.1140401363372803 
185, -0.34861552715301514, 3.9873697757720947, 1.8046021461486816, 2.156466245651245 
186, -0.3491057753562927, 4.031209707260132, 1.8570008277893066, 2.1396467685699463 
187, -0.34958770871162415, 3.977726697921753, 1.8422131538391113, 2.1301774978637695 
188, -0.3500502109527588, 3.863229990005493, 1.7723560333251953, 2.086244583129883 
189, -0.3504916727542877, 3.9177629947662354, 1.780397891998291, 2.1327414512634277 
190, -0.35092443227767944, 3.926671028137207, 1.8052582740783691, 2.1149516105651855 
191, -0.3513639569282532, 3.948514938354492, 1.8062961101531982, 2.1196203231811523 
192, -0.35177844762802124, 3.9242007732391357, 1.808194875717163, 2.111828565597534 
193, -0.3521919846534729, 3.9139175415039062, 1.7934887409210205, 2.1156704425811768 
194, -0.35262078046798706, 4.262009859085083, 1.869872808456421, 2.2266597747802734 
195, -0.35303130745887756, 3.9588000774383545, 1.8094091415405273, 2.141146183013916 
196, -0.3534173369407654, 3.922841787338257, 1.807750940322876, 2.1087095737457275 
197, -0.3537861108779907, 3.8874199390411377, 1.7808716297149658, 2.101393461227417 
198, -0.3541456460952759, 3.8951683044433594, 1.7805750370025635, 2.1088082790374756 
199, -0.3544982671737671, 3.962040901184082, 1.8100109100341797, 2.122086763381958 
200, -0.3548409938812256, 3.916259527206421, 1.796201229095459, 2.1158430576324463 
201, -0.35511815547943115, 3.908522844314575, 1.7906720638275146, 2.1131081581115723 
202, -0.35542401671409607, 4.112839460372925, 1.8136303424835205, 2.136470079421997 
203, -0.35573911666870117, 3.957604169845581, 1.82395601272583, 2.127714157104492 
204, -0.35609257221221924, 4.004670858383179, 1.7973427772521973, 2.189074993133545 
205, -0.3564879596233368, 3.932868003845215, 1.7952890396118164, 2.1310248374938965 
206, -0.3568001985549927, 3.949644088745117, 1.8127517700195312, 2.127009391784668 
207, -0.35710078477859497, 3.9567904472351074, 1.8051235675811768, 2.1233060359954834 
208, -0.3574211597442627, 3.9267985820770264, 1.810652256011963, 2.111953020095825 
209, -0.35772639513015747, 3.9141812324523926, 1.7907962799072266, 2.1186888217926025 
210, -0.3580229878425598, 3.966437816619873, 1.7979412078857422, 2.137362003326416 
211, -0.3583301305770874, 4.029440641403198, 1.8118696212768555, 2.1022727489471436 
212, -0.3585963249206543, 4.066251039505005, 1.8901093006134033, 2.160484790802002 
213, -0.35887885093688965, 3.9432523250579834, 1.8007397651672363, 2.1365907192230225 
214, -0.3591575026512146, 3.9054102897644043, 1.7945709228515625, 2.1049821376800537 
215, -0.35941922664642334, 3.9482762813568115, 1.794184923171997, 2.128326416015625 
216, -0.35967934131622314, 3.9230782985687256, 1.7875490188598633, 2.1300506591796875 
217, -0.3599473834037781, 3.938145399093628, 1.8148460388183594, 2.11848521232605 
218, -0.3601911962032318, 3.97229266166687, 1.8086400032043457, 2.128136396408081 
219, -0.360461950302124, 3.921384572982788, 1.793656349182129, 2.1216869354248047 
220, -0.3607429265975952, 3.9078450202941895, 1.787543773651123, 2.1161625385284424 
221, -0.3610398471355438, 4.02260684967041, 1.8825500011444092, 2.128622531890869 
222, -0.36131951212882996, 4.024446249008179, 1.77958083152771, 2.126696825027466 
223, -0.3615974187850952, 3.9797160625457764, 1.818084716796875, 2.135449171066284 
224, -0.36188578605651855, 3.9276862144470215, 1.803049087524414, 2.1191670894622803 
225, -0.3621669411659241, 3.9047608375549316, 1.7838859558105469, 2.1157307624816895 
226, -0.3624182343482971, 3.936297655105591, 1.7735395431518555, 2.128847599029541 
227, -0.3626587688922882, 3.965484857559204, 1.8194446563720703, 2.138359308242798 
228, -0.36289483308792114, 3.9067201614379883, 1.7926361560821533, 2.1099984645843506 
229, -0.3631346821784973, 3.917370319366455, 1.7929103374481201, 2.119386672973633 
230, -0.36335957050323486, 4.029006004333496, 1.8050243854522705, 2.1053781509399414 
231, -0.3635803461074829, 4.092160940170288, 1.9192886352539062, 2.1355204582214355 
232, -0.3637736439704895, 3.895172595977783, 1.7852046489715576, 2.1045081615448 
233, -0.3639744520187378, 3.929009199142456, 1.79386568069458, 2.1304171085357666 
234, -0.3641590178012848, 3.936068058013916, 1.798332929611206, 2.1025264263153076 
235, -0.36434274911880493, 3.939610242843628, 1.8099911212921143, 2.1228506565093994 
236, -0.36453574895858765, 3.9601850509643555, 1.8149585723876953, 2.141089677810669 
237, -0.3647109866142273, 3.908356189727783, 1.7967510223388672, 2.106879472732544 
238, -0.3648846447467804, 3.9093141555786133, 1.7939422130584717, 2.1091372966766357 
239, -0.3650590479373932, 4.080174922943115, 1.8003945350646973, 2.1243467330932617 
240, -0.3652331233024597, 3.928422451019287, 1.8026361465454102, 2.1215884685516357 
241, -0.36539530754089355, 4.0213541984558105, 1.897447109222412, 2.1069672107696533 
242, -0.36558228731155396, 3.9798054695129395, 1.7735018730163574, 2.117288827896118 
243, -0.36574283242225647, 3.9576988220214844, 1.8069384098052979, 2.1430606842041016 
244, -0.36589115858078003, 3.947641134262085, 1.8230526447296143, 2.120406150817871 
245, -0.36601516604423523, 3.9044857025146484, 1.7890384197235107, 2.1099631786346436 
246, -0.36615699529647827, 3.900731086730957, 1.7835643291473389, 2.1112678050994873 
247, -0.3662695288658142, 4.077833890914917, 1.8182709217071533, 2.105672836303711 
248, -0.36638596653938293, 3.9361813068389893, 1.8101990222930908, 2.1218488216400146 
249, -0.3665035367012024, 3.9272944927215576, 1.7980973720550537, 2.1244616508483887 
250, -0.36662012338638306, 3.96734619140625, 1.792348861694336, 2.1407384872436523 
251, -0.36674630641937256, 4.049796104431152, 1.866781234741211, 2.164777994155884 
252, -0.3668730556964874, 3.963399887084961, 1.8381688594818115, 2.12101674079895 
253, -0.3669886589050293, 3.8912250995635986, 1.7776546478271484, 2.1089019775390625 
254, -0.36711692810058594, 3.916712760925293, 1.7868406772613525, 2.123614549636841 
255, -0.3672413229942322, 4.11860466003418, 1.819556713104248, 2.115553617477417 
256, -0.36735448241233826, 3.9176950454711914, 1.798774003982544, 2.1147382259368896 
257, -0.3674567639827728, 3.923753261566162, 1.8045613765716553, 2.114483594894409 
258, -0.3675113916397095, 3.930079460144043, 1.7705092430114746, 2.124380588531494 
259, -0.36761367321014404, 3.938102960586548, 1.8155431747436523, 2.115170478820801 
260, -0.3677227199077606, 3.9472451210021973, 1.826000690460205, 2.117055654525757 
261, -0.3678196668624878, 4.061800956726074, 1.8750176429748535, 2.170652389526367 
262, -0.36789920926094055, 3.9030256271362305, 1.7853543758392334, 2.111426830291748 
263, -0.36798095703125, 3.9305880069732666, 1.8236973285675049, 2.0983259677886963 
264, -0.36808016896247864, 3.8596689701080322, 1.7633423805236816, 2.092087745666504 
265, -0.3682054281234741, 3.925868511199951, 1.7882025241851807, 2.1324665546417236 
266, -0.3683309555053711, 4.0866780281066895, 1.7992897033691406, 2.124163866043091 
267, -0.36844438314437866, 3.933645725250244, 1.8023314476013184, 2.125548839569092 
268, -0.3685520887374878, 3.943345069885254, 1.8132493495941162, 2.1236352920532227 
269, -0.36864376068115234, 3.89152455329895, 1.778106689453125, 2.106804132461548 
270, -0.3687581419944763, 4.027759313583374, 1.8160808086395264, 2.1811106204986572 
271, -0.36885303258895874, 3.9784047603607178, 1.8529226779937744, 2.1165096759796143 
272, -0.3689187169075012, 3.902672290802002, 1.7923781871795654, 2.106095314025879 
273, -0.3690125048160553, 3.9276158809661865, 1.7946434020996094, 2.1282429695129395 
274, -0.36905738711357117, 3.99699330329895, 1.8034119606018066, 2.144545555114746 
275, -0.3691563308238983, 4.090464115142822, 1.7840378284454346, 2.185509204864502 
276, -0.36924493312835693, 3.9352259635925293, 1.825359582901001, 2.1056923866271973 
277, -0.36934012174606323, 3.8976197242736816, 1.7900772094726562, 2.10209321975708 
278, -0.36942556500434875, 3.921647071838379, 1.7931911945343018, 2.122683525085449 
279, -0.3695105314254761, 3.9970929622650146, 1.8574461936950684, 2.1229665279388428 
280, -0.36958974599838257, 3.929814100265503, 1.8094508647918701, 2.1134092807769775 
281, -0.369659423828125, 3.9063494205474854, 1.791351079940796, 2.110285520553589 
282, -0.36971694231033325, 3.954677104949951, 1.7911732196807861, 2.1143932342529297 
283, -0.36976635456085205, 4.0347771644592285, 1.788682460784912, 2.125828981399536 
284, -0.36981987953186035, 3.94010591506958, 1.8241238594055176, 2.11184024810791 
285, -0.36986520886421204, 3.9130845069885254, 1.7936110496520996, 2.114330768585205 
286, -0.3699359893798828, 3.9096579551696777, 1.7992448806762695, 2.104151964187622 
287, -0.36999326944351196, 3.94215989112854, 1.8123409748077393, 2.119699001312256 
288, -0.3700428605079651, 4.040161371231079, 1.8433411121368408, 2.181114435195923 
289, -0.3700922131538391, 3.9253993034362793, 1.8057405948638916, 2.1128289699554443 
290, -0.37012118101119995, 3.9739696979522705, 1.7868051528930664, 2.13594913482666 
291, -0.37014299631118774, 3.930790901184082, 1.8088791370391846, 2.1165506839752197 
292, -0.37015077471733093, 3.9365038871765137, 1.7973887920379639, 2.13494610786438 
293, -0.37018758058547974, 3.919381856918335, 1.8117799758911133, 2.102543830871582 
294, -0.370219349861145, 4.051045894622803, 1.8153777122497559, 2.115678071975708 
295, -0.37027138471603394, 3.936929941177368, 1.8183376789093018, 2.1042704582214355 
296, -0.37031543254852295, 3.910158395767212, 1.796787977218628, 2.109219551086426 
297, -0.3703593909740448, 3.9089467525482178, 1.7888147830963135, 2.115377902984619 
298, -0.37035027146339417, 4.059690237045288, 1.8005328178405762, 2.1867339611053467 
299, -0.3703289031982422, 3.9549484252929688, 1.8132624626159668, 2.1366677284240723 
300, -0.370313435792923, 3.943683385848999, 1.8077468872070312, 2.1135895252227783 
301, -0.37025946378707886, 3.897313356399536, 1.7613677978515625, 2.1290059089660645 
302, -0.37019604444503784, 4.040266513824463, 1.7961056232452393, 2.123610734939575 
303, -0.3700934648513794, 3.9358744621276855, 1.8103203773498535, 2.1154937744140625 
304, -0.3699835538864136, 3.949174165725708, 1.8057153224945068, 2.1392669677734375 
305, -0.3698795437812805, 3.9137086868286133, 1.7970709800720215, 2.1119070053100586 
306, -0.3698727488517761, 3.9674758911132812, 1.8007986545562744, 2.1157567501068115 
307, -0.36986321210861206, 3.916083812713623, 1.806420087814331, 2.1041784286499023 
308, -0.36988258361816406, 4.026857137680054, 1.804741382598877, 2.205873727798462 
309, -0.3699365258216858, 3.9350273609161377, 1.8017351627349854, 2.1282143592834473 
310, -0.37001413106918335, 3.914090394973755, 1.8016142845153809, 2.1060678958892822 
311, -0.3700905442237854, 3.942756175994873, 1.8264620304107666, 2.103746175765991 
312, -0.370199590921402, 3.9112110137939453, 1.8007373809814453, 2.1039199829101562 
313, -0.37030380964279175, 4.035192966461182, 1.7964458465576172, 2.12034010887146 
314, -0.37038135528564453, 3.980168104171753, 1.8066456317901611, 2.1218881607055664 
315, -0.37046515941619873, 3.9394030570983887, 1.809525489807129, 2.124721050262451 
316, -0.37056881189346313, 3.9068095684051514, 1.7964015007019043, 2.1062464714050293 
317, -0.3706539571285248, 3.912161111831665, 1.7995405197143555, 2.107976198196411 
318, -0.37071964144706726, 4.0383477210998535, 1.8953301906585693, 2.1255600452423096 
319, -0.37077051401138306, 3.956979274749756, 1.8257639408111572, 2.1153337955474854 
320, -0.37084347009658813, 3.938643217086792, 1.8006703853607178, 2.1311795711517334 
321, -0.3709355890750885, 3.9189391136169434, 1.8051555156707764, 2.1090500354766846 
322, -0.3710049092769623, 4.1390540599823, 1.8066728115081787, 2.152446985244751 
323, -0.3710595965385437, 3.951937198638916, 1.8271408081054688, 2.11918568611145 
324, -0.3711179494857788, 3.9043684005737305, 1.7973699569702148, 2.102850914001465 
325, -0.37117886543273926, 3.9103152751922607, 1.7949373722076416, 2.110323190689087 
326, -0.3712405264377594, 4.000208616256714, 1.856891393661499, 2.1271543502807617 
327, -0.37129396200180054, 3.9556357860565186, 1.815518856048584, 2.126014471054077 
328, -0.3713375926017761, 3.926356554031372, 1.7993650436401367, 2.1172006130218506 
329, -0.3713770806789398, 3.919959306716919, 1.8070404529571533, 2.1087472438812256 
330, -0.37142932415008545, 4.075133800506592, 1.7818899154663086, 2.12623929977417 
331, -0.3714791536331177, 3.9220235347747803, 1.789654016494751, 2.1278574466705322 
332, -0.37153106927871704, 3.931736469268799, 1.8067450523376465, 2.120325803756714 
333, -0.37159478664398193, 3.9187817573547363, 1.7955701351165771, 2.1190903186798096 
334, -0.37166717648506165, 3.9144413471221924, 1.787034273147583, 2.1213035583496094 
335, -0.3717188835144043, 4.03153920173645, 1.8876500129699707, 2.1336143016815186 
336, -0.37175801396369934, 3.9227936267852783, 1.8015904426574707, 2.112859010696411 
337, -0.3717784881591797, 3.9246816635131836, 1.7955336570739746, 2.1250269412994385 
338, -0.3718169927597046, 4.114976406097412, 1.7945427894592285, 2.126127243041992 
339, -0.37182772159576416, 3.9780564308166504, 1.856675148010254, 2.1135737895965576 
340, -0.3718399405479431, 3.920098066329956, 1.8126678466796875, 2.1032872200012207 
341, -0.3718641400337219, 3.9108595848083496, 1.8050155639648438, 2.1007189750671387 
342, -0.3718247413635254, 3.908987283706665, 1.790614128112793, 2.1125106811523438 
343, -0.3718031048774719, 3.966845750808716, 1.8115646839141846, 2.1430795192718506 
344, -0.37182021141052246, 3.920969247817993, 1.7882981300354004, 2.125584363937378 
345, -0.37180161476135254, 3.908560276031494, 1.7946314811706543, 2.1094090938568115 
346, -0.3718000650405884, 4.088928699493408, 1.7899775505065918, 2.132434844970703 
347, -0.371812641620636, 3.9569272994995117, 1.8236441612243652, 2.1257500648498535 
348, -0.3717944622039795, 3.9335391521453857, 1.8228504657745361, 2.1060068607330322 
349, -0.37179476022720337, 3.907485008239746, 1.800492763519287, 2.102898120880127 
350, -0.37181854248046875, 3.882363796234131, 1.7801721096038818, 2.092212677001953 
351, -0.3718385696411133, 3.933452606201172, 1.808262825012207, 2.1189966201782227 
352, -0.37184739112854004, 3.8920438289642334, 1.7889978885650635, 2.0959043502807617 
353, -0.3718370199203491, 4.000749588012695, 1.7854225635528564, 2.1978304386138916 
354, -0.3718387186527252, 4.065569639205933, 1.7852859497070312, 2.105060577392578 
355, -0.3718324899673462, 3.8790040016174316, 1.7949669361114502, 2.0772757530212402 
356, -0.3718169927597046, 3.854947328567505, 1.7760035991668701, 2.0743274688720703 
357, -0.37184008955955505, 3.8712141513824463, 1.773336410522461, 2.0908405780792236 
358, -0.3718658685684204, 3.8968665599823, 1.8066716194152832, 2.0828967094421387 
359, -0.3718586564064026, 3.893843173980713, 1.811079502105713, 2.0767300128936768 
360, -0.3718322515487671, 3.940587043762207, 1.7641122341156006, 2.075350522994995 
361, -0.3718080222606659, 3.9551382064819336, 1.7721657752990723, 2.1512207984924316 
362, -0.3717603087425232, 3.8774194717407227, 1.8184287548065186, 2.0535707473754883 
363, -0.3717024326324463, 4.035644292831421, 1.7931783199310303, 2.083138942718506 
364, -0.3716859817504883, 3.930104970932007, 1.8246774673461914, 2.0842702388763428 
365, -0.3716513514518738, 3.8579440116882324, 1.7651503086090088, 2.08561635017395 
366, -0.3716352581977844, 3.908311605453491, 1.83133864402771, 2.069277763366699 
367, -0.3716239631175995, 3.84063720703125, 1.756791114807129, 2.077878475189209 
368, -0.3716888725757599, 3.845432996749878, 1.7666780948638916, 2.0741634368896484 
369, -0.371778666973114, 3.8532955646514893, 1.76670503616333, 2.0824477672576904 
370, -0.371861070394516, 3.8478000164031982, 1.7693865299224854, 2.073817253112793 
371, -0.37193185091018677, 4.080361366271973, 1.7649500370025635, 2.1580352783203125 
372, -0.37197667360305786, 3.910613536834717, 1.779033899307251, 2.0900495052337646 
373, -0.3720369040966034, 3.8790340423583984, 1.7837989330291748, 2.0906927585601807 
374, -0.3720780611038208, 3.8856940269470215, 1.806567907333374, 2.071898937225342 
375, -0.3720923662185669, 3.8595733642578125, 1.7786860466003418, 2.074824810028076 
376, -0.37206339836120605, 3.8718948364257812, 1.771587610244751, 2.092355966567993 
377, -0.37209516763687134, 3.8367397785186768, 1.76212477684021, 2.069286346435547 
378, -0.37215203046798706, 3.8370308876037598, 1.7524025440216064, 2.079808473587036 
379, -0.3721698522567749, 3.8767099380493164, 1.768014907836914, 2.0887138843536377 
380, -0.37216779589653015, 3.8633241653442383, 1.781723976135254, 2.0770976543426514 
381, -0.37220609188079834, 3.906282424926758, 1.8072214126586914, 2.090057849884033 
382, -0.3722209334373474, 3.9934895038604736, 1.7869558334350586, 2.0765340328216553 
383, -0.3722389340400696, 3.922903299331665, 1.8085756301879883, 2.08730149269104 
384, -0.3722606897354126, 3.849958658218384, 1.7647950649261475, 2.0805749893188477 
385, -0.37227863073349, 3.8755669593811035, 1.7842261791229248, 2.0857396125793457 
386, -0.37232011556625366, 3.845957040786743, 1.7648954391479492, 2.076483964920044 
387, -0.37233585119247437, 3.8915064334869385, 1.7685692310333252, 2.098402738571167 
388, -0.37235239148139954, 3.8487563133239746, 1.7770004272460938, 2.0659537315368652 
389, -0.3723950982093811, 3.8505403995513916, 1.774200439453125, 2.0719003677368164 
390, -0.3723941445350647, 3.988964557647705, 1.787625789642334, 2.0797431468963623 
391, -0.37241458892822266, 4.052744626998901, 1.8349478244781494, 2.1638107299804688 
392, -0.3724796175956726, 3.8569345474243164, 1.7854063510894775, 2.06691575050354 
393, -0.37252843379974365, 3.840819835662842, 1.763514518737793, 2.069753885269165 
394, -0.37254583835601807, 3.847501516342163, 1.76993989944458, 2.0729610919952393 
395, -0.37258607149124146, 3.88470196723938, 1.763908863067627, 2.0957958698272705 
396, -0.3726339638233185, 3.86628794670105, 1.7770533561706543, 2.0829050540924072 
397, -0.3726629912853241, 3.8575856685638428, 1.7645587921142578, 2.0889182090759277 
398, -0.37268826365470886, 3.883382558822632, 1.8068385124206543, 2.0701122283935547 
399, -0.37271368503570557, 3.887679100036621, 1.804091215133667, 2.076484203338623 
400, -0.37273842096328735, 3.8373265266418457, 1.764310598373413, 2.0683934688568115 
401, -0.3727680444717407, 4.069823980331421, 1.7768652439117432, 2.134544610977173 
402, -0.3727801442146301, 3.9120514392852783, 1.8022849559783936, 2.0819194316864014 
403, -0.3727816939353943, 3.8619632720947266, 1.7710437774658203, 2.0669705867767334 
404, -0.3727923333644867, 3.884131669998169, 1.7862889766693115, 2.0878398418426514 
405, -0.3727380633354187, 3.857602119445801, 1.769606590270996, 2.0829429626464844 
406, -0.372730553150177, 3.861302137374878, 1.7760627269744873, 2.0789642333984375 
407, -0.3727568984031677, 3.8719263076782227, 1.790445327758789, 2.075300931930542 
408, -0.3727828860282898, 3.849123239517212, 1.7652266025543213, 2.0792763233184814 
409, -0.37279319763183594, 3.9548227787017822, 1.7682280540466309, 2.074622631072998 
410, -0.37279003858566284, 3.979703187942505, 1.78179931640625, 2.1310315132141113 
411, -0.37281495332717896, 3.908602237701416, 1.803316354751587, 2.081662654876709 
412, -0.37281274795532227, 3.8543031215667725, 1.7759110927581787, 2.068359136581421 
413, -0.37280693650245667, 3.8372795581817627, 1.7651371955871582, 2.0680289268493652 
414, -0.37279966473579407, 3.8611602783203125, 1.7750306129455566, 2.0774354934692383 
415, -0.3727962076663971, 3.8912599086761475, 1.808086633682251, 2.0770769119262695 
416, -0.37277457118034363, 3.8544037342071533, 1.7691116333007812, 2.0807931423187256 
417, -0.37272071838378906, 3.854607343673706, 1.76735520362854, 2.083256959915161 
418, -0.37267643213272095, 3.854257583618164, 1.773285150527954, 2.076353073120117 
419, -0.372667133808136, 3.9864048957824707, 1.7764091491699219, 2.0757501125335693 
420, -0.37268006801605225, 4.012357711791992, 1.850691556930542, 2.1372790336608887 
421, -0.3726796805858612, 3.943355083465576, 1.8151905536651611, 2.1005430221557617 
422, -0.3726766109466553, 3.8690648078918457, 1.7843337059020996, 2.0757968425750732 
423, -0.3726850748062134, 3.8861448764801025, 1.8043949604034424, 2.075779914855957 
424, -0.37271571159362793, 3.872255563735962, 1.7723615169525146, 2.0952703952789307 
425, -0.37275564670562744, 3.832272529602051, 1.7711033821105957, 2.057016134262085 
426, -0.37276506423950195, 3.840972900390625, 1.7650487422943115, 2.0713350772857666 
427, -0.3727720379829407, 3.8546931743621826, 1.7655837535858154, 2.084667444229126 
428, -0.37274932861328125, 4.05473518371582, 1.7669878005981445, 2.1265132427215576 
429, -0.3727092444896698, 3.960545301437378, 1.8475010395050049, 2.0697574615478516 
430, -0.3726731836795807, 3.8677821159362793, 1.790337324142456, 2.0687015056610107 
431, -0.37264198064804077, 3.8898918628692627, 1.8098080158233643, 2.071678876876831 
432, -0.37264373898506165, 3.8453924655914307, 1.7606704235076904, 2.0801029205322266 
433, -0.37259894609451294, 3.8117337226867676, 1.753068208694458, 2.0545151233673096 
434, -0.37254971265792847, 3.81674861907959, 1.7610032558441162, 2.0511634349823 
435, -0.37252312898635864, 3.825993299484253, 1.7581939697265625, 2.0629329681396484 
436, -0.37245607376098633, 3.827660083770752, 1.765732765197754, 2.0572926998138428 
437, -0.3724648952484131, 3.8436763286590576, 1.76682448387146, 2.058488607406616 
438, -0.3725168704986572, 3.963010549545288, 1.803044080734253, 2.129559278488159 
439, -0.37253397703170776, 4.011320352554321, 1.819509506225586, 2.0635907649993896 
440, -0.37255239486694336, 3.876279830932617, 1.7708134651184082, 2.0785939693450928 
441, -0.3725861608982086, 3.8130180835723877, 1.7501499652862549, 2.0587990283966064 
442, -0.37263214588165283, 3.8107423782348633, 1.754080057144165, 2.0520453453063965 
443, -0.3726917505264282, 3.818507194519043, 1.7577228546142578, 2.056342840194702 
444, -0.37273862957954407, 3.822628974914551, 1.7546756267547607, 2.0633039474487305 
445, -0.3727235198020935, 3.850097417831421, 1.7600452899932861, 2.0677490234375 
446, -0.37275153398513794, 3.8370306491851807, 1.7592613697052002, 2.069182872772217 
447, -0.37279224395751953, 4.0346527099609375, 1.8388850688934326, 2.0615437030792236 
448, -0.3727724552154541, 3.9685981273651123, 1.7718331813812256, 2.1321089267730713 
449, -0.37276703119277954, 3.857708215713501, 1.7952463626861572, 2.058318614959717 
450, -0.37274169921875, 3.823925495147705, 1.7559115886688232, 2.062828540802002 
451, -0.37272900342941284, 3.8373634815216064, 1.7598650455474854, 2.0725228786468506 
452, -0.37272804975509644, 3.8247861862182617, 1.7618625164031982, 2.0582826137542725 
453, -0.3727577328681946, 3.847592353820801, 1.7559068202972412, 2.0690062046051025 
454, -0.3727986216545105, 3.854194402694702, 1.7671778202056885, 2.0780861377716064 
455, -0.37281638383865356, 4.027682304382324, 1.8189857006072998, 2.072491407394409 
456, -0.3728194236755371, 3.8948655128479004, 1.7776257991790771, 2.0855295658111572 
457, -0.37282681465148926, 3.835965394973755, 1.7700321674346924, 2.060887336730957 
458, -0.37283217906951904, 3.871047258377075, 1.7572972774505615, 2.1012485027313232 
459, -0.37287724018096924, 3.8423259258270264, 1.7801198959350586, 2.0577585697174072 
460, -0.3729121685028076, 3.8117268085479736, 1.7544431686401367, 2.0523898601531982 
461, -0.3729487955570221, 3.846867799758911, 1.7571964263916016, 2.067837715148926 
462, -0.37297508120536804, 3.8439621925354004, 1.768200159072876, 2.066295862197876 
463, -0.37299293279647827, 3.8953192234039307, 1.8043875694274902, 2.0796332359313965 
464, -0.37300240993499756, 3.887195110321045, 1.7644143104553223, 2.078346014022827 
465, -0.37301141023635864, 3.8465304374694824, 1.7732667922973633, 2.0691192150115967 
466, -0.3730064630508423, 3.9458229541778564, 1.7698509693145752, 2.0636322498321533 
467, -0.37300124764442444, 3.9277353286743164, 1.771784782409668, 2.1297714710235596 
468, -0.37300992012023926, 3.8503048419952393, 1.7838208675384521, 2.0618903636932373 
469, -0.3730214238166809, 3.836200714111328, 1.758892297744751, 2.053607940673828 
470, -0.3730478286743164, 3.8435068130493164, 1.7648539543151855, 2.069410800933838 
471, -0.37302693724632263, 3.867339611053467, 1.7899367809295654, 2.066190242767334 
472, -0.37301552295684814, 3.8885438442230225, 1.7727627754211426, 2.0846946239471436 
473, -0.37298017740249634, 3.8392486572265625, 1.7769670486450195, 2.0581204891204834 
474, -0.37299180030822754, 3.9501841068267822, 1.757894515991211, 2.0793135166168213 
475, -0.3730110228061676, 3.836069107055664, 1.7660188674926758, 2.065457582473755 
476, -0.3730080723762512, 3.848525047302246, 1.777137279510498, 2.0627808570861816 
477, -0.3730167746543884, 3.822148084640503, 1.7519795894622803, 2.0660741329193115 
478, -0.3730183243751526, 3.8393328189849854, 1.7648108005523682, 2.0679433345794678 
479, -0.3730572462081909, 3.863809823989868, 1.7838058471679688, 2.0740084648132324 
480, -0.37309932708740234, 3.864567518234253, 1.7711219787597656, 2.0750949382781982 
481, -0.3730955719947815, 3.86553955078125, 1.7764878273010254, 2.080930233001709 
482, -0.37307679653167725, 3.8350696563720703, 1.7652294635772705, 2.059877395629883 
483, -0.3730658292770386, 3.9022436141967773, 1.7853968143463135, 2.0776047706604004 
484, -0.37309277057647705, 3.919029474258423, 1.7741038799285889, 2.1322743892669678 
485, -0.37311893701553345, 3.941586494445801, 1.7497248649597168, 2.078890323638916 
486, -0.37314707040786743, 3.8222575187683105, 1.7625348567962646, 2.0524120330810547 
487, -0.37314826250076294, 3.8654494285583496, 1.7856719493865967, 2.0736336708068848 
488, -0.37312382459640503, 3.872941493988037, 1.7731835842132568, 2.078380584716797 
489, -0.37311530113220215, 3.8046576976776123, 1.7439992427825928, 2.0565624237060547 
490, -0.373110830783844, 3.833005905151367, 1.7579951286315918, 2.0703980922698975 
491, -0.373115599155426, 3.863044261932373, 1.765916109085083, 2.062453269958496 
492, -0.37312185764312744, 3.936300754547119, 1.7823076248168945, 2.123976469039917 
493, -0.37315303087234497, 3.8606743812561035, 1.7781262397766113, 2.072688341140747 
494, -0.37314552068710327, 3.9412057399749756, 1.758915662765503, 2.06352162361145 
495, -0.37317609786987305, 3.876675844192505, 1.7938029766082764, 2.076089382171631 
496, -0.37315893173217773, 3.869441509246826, 1.7828443050384521, 2.0658371448516846 
497, -0.37314826250076294, 3.8261516094207764, 1.7616183757781982, 2.0598888397216797 
498, -0.3731500804424286, 3.8235437870025635, 1.7560250759124756, 2.0634047985076904 
499, -0.3731468915939331, 3.82772159576416, 1.7646589279174805, 2.057654857635498 
500, -0.3731503486633301, 3.829289197921753, 1.7636430263519287, 2.0616447925567627 
501, -0.37316393852233887, 3.9293668270111084, 1.8357679843902588, 2.0589778423309326 
502, -0.37314701080322266, 3.9870340824127197, 1.766770362854004, 2.0701558589935303 
503, -0.3731316924095154, 3.863403081893921, 1.7644381523132324, 2.081303596496582 
504, -0.3731418550014496, 3.9350404739379883, 1.773317575454712, 2.0666513442993164 
505, -0.37314778566360474, 3.8376216888427734, 1.7621023654937744, 2.0703275203704834 
506, -0.37315720319747925, 3.830739974975586, 1.7624151706695557, 2.0642507076263428 
507, -0.3731245994567871, 3.854301691055298, 1.781080722808838, 2.068263292312622 
508, -0.373124361038208, 3.8284759521484375, 1.7592134475708008, 2.0651438236236572 
509, -0.3730728030204773, 3.82686710357666, 1.755713939666748, 2.061129331588745 
510, -0.37303799390792847, 4.003431558609009, 1.764805793762207, 2.0714659690856934 
511, -0.3730395436286926, 3.9978160858154297, 1.8755078315734863, 2.0901882648468018 
512, -0.3730676770210266, 3.8720102310180664, 1.7856221199035645, 2.0660548210144043 
513, -0.37310999631881714, 3.823939085006714, 1.7651970386505127, 2.0541489124298096 
514, -0.37314367294311523, 3.850264310836792, 1.7697868347167969, 2.074314832687378 
515, -0.3731440305709839, 3.8449244499206543, 1.7717759609222412, 2.0675597190856934 
516, -0.37316352128982544, 3.828869342803955, 1.756474494934082, 2.0682971477508545 
517, -0.37315839529037476, 3.8370866775512695, 1.7618741989135742, 2.0649328231811523 
518, -0.3731549084186554, 3.9824702739715576, 1.7559261322021484, 2.069856882095337 
519, -0.3731485605239868, 3.8740293979644775, 1.8095228672027588, 2.0560805797576904 
520, -0.3731517791748047, 3.849590301513672, 1.7749247550964355, 2.0538134574890137 
521, -0.3731679320335388, 3.931959867477417, 1.8356239795684814, 2.0804765224456787 
522, -0.37316620349884033, 3.8301796913146973, 1.758446216583252, 2.067612409591675 
523, -0.3731641173362732, 3.847858190536499, 1.7799384593963623, 2.062912940979004 
524, -0.3731309175491333, 3.8269567489624023, 1.7612049579620361, 2.0616188049316406 
525, -0.37308740615844727, 3.861914873123169, 1.7678468227386475, 2.0814619064331055 
526, -0.3731023073196411, 3.8728854656219482, 1.7653660774230957, 2.071922540664673 
527, -0.37313035130500793, 3.9940454959869385, 1.8090147972106934, 2.0634653568267822 
528, -0.37314870953559875, 3.8887267112731934, 1.7923293113708496, 2.0741217136383057 
529, -0.3731762766838074, 3.833507776260376, 1.7691569328308105, 2.0598106384277344 
530, -0.37320807576179504, 3.819714307785034, 1.754760503768921, 2.0608198642730713 
531, -0.3732169568538666, 3.99654483795166, 1.8572447299957275, 2.1260361671447754 
532, -0.37319502234458923, 3.8345413208007812, 1.7608082294464111, 2.069612503051758 
533, -0.3732239305973053, 3.8451666831970215, 1.7636148929595947, 2.0701982975006104 
534, -0.3732364773750305, 3.8858072757720947, 1.772571086883545, 2.066450595855713 
535, -0.3732726275920868, 3.863450765609741, 1.795814037322998, 2.0594513416290283 
536, -0.3732526898384094, 3.973963975906372, 1.7744786739349365, 2.066711187362671 
537, -0.3732607364654541, 3.8501436710357666, 1.780543565750122, 2.0641098022460938 
538, -0.37323516607284546, 3.818897008895874, 1.751434087753296, 2.063349723815918 
539, -0.3732020854949951, 3.8236329555511475, 1.7637698650360107, 2.0548925399780273 
540, -0.37320590019226074, 3.830183267593384, 1.759533166885376, 2.066500425338745 
541, -0.3732346296310425, 3.8809165954589844, 1.7939388751983643, 2.0723273754119873 
542, -0.3732379674911499, 3.876981735229492, 1.7750229835510254, 2.0687472820281982 
543, -0.37325137853622437, 3.8471689224243164, 1.7754862308502197, 2.063655376434326 
544, -0.3732578754425049, 3.879143714904785, 1.77647066116333, 2.0816287994384766 
545, -0.37325531244277954, 3.9493558406829834, 1.7621710300445557, 2.0686302185058594 
546, -0.3732357621192932, 3.8380954265594482, 1.7687995433807373, 2.065159559249878 
547, -0.37324225902557373, 3.832416534423828, 1.7690198421478271, 2.058043956756592 
548, -0.3732501268386841, 3.8199915885925293, 1.7564938068389893, 2.059391975402832 
549, -0.3732530474662781, 3.838820219039917, 1.756263017654419, 2.071244716644287 
550, -0.3732469975948334, 3.8770816326141357, 1.767944574356079, 2.0645110607147217 
551, -0.3731876015663147, 3.9978201389312744, 1.8960132598876953, 2.0839929580688477 
552, -0.3731815814971924, 3.8802578449249268, 1.7778570652008057, 2.0784831047058105 
553, -0.373190313577652, 3.8240621089935303, 1.7573506832122803, 2.0621230602264404 
554, -0.37319034337997437, 3.8278794288635254, 1.7598459720611572, 2.062227725982666 
555, -0.37317731976509094, 3.8449127674102783, 1.7778520584106445, 2.0614185333251953 
556, -0.37317216396331787, 3.9435880184173584, 1.759929895401001, 2.0699994564056396 
557, -0.3731406331062317, 3.839864492416382, 1.7602920532226562, 2.0687105655670166 
558, -0.3731027841567993, 3.885552406311035, 1.788055181503296, 2.064117193222046 
559, -0.37307488918304443, 3.8696129322052, 1.7914724349975586, 2.07161021232605 
560, -0.37304991483688354, 3.857137441635132, 1.7692973613739014, 2.0837202072143555 
561, -0.373079776763916, 3.966041088104248, 1.823033332824707, 2.1134033203125 
562, -0.3731147050857544, 3.8317716121673584, 1.7659778594970703, 2.060105800628662 
563, -0.3731015920639038, 3.82356595993042, 1.7512295246124268, 2.066943407058716 
564, -0.3730802536010742, 3.960008144378662, 1.76239013671875, 2.0693304538726807 
565, -0.3731001019477844, 3.8874478340148926, 1.7788958549499512, 2.096881151199341 
566, -0.37308821082115173, 3.8841536045074463, 1.773620367050171, 2.0656259059906006 
567, -0.373052179813385, 3.8597464561462402, 1.7937123775482178, 2.0595757961273193 
568, -0.37299829721450806, 3.8511977195739746, 1.7622950077056885, 2.0836756229400635 
569, -0.3729475736618042, 3.8376762866973877, 1.7540457248687744, 2.0602867603302 
570, -0.37292736768722534, 3.838390350341797, 1.7682008743286133, 2.064436197280884 
571, -0.3728879690170288, 3.9371256828308105, 1.8122329711914062, 2.108736753463745 
572, -0.37282446026802063, 3.8285820484161377, 1.7586052417755127, 2.065002918243408 
573, -0.37275439500808716, 3.8353753089904785, 1.7585737705230713, 2.0665011405944824 
574, -0.3727433681488037, 3.845309019088745, 1.782644271850586, 2.0561084747314453 
575, -0.3727516531944275, 4.027082681655884, 1.8235960006713867, 2.062743663787842 
576, -0.3727608919143677, 3.8444340229034424, 1.766397476196289, 2.0734565258026123 
577, -0.37276697158813477, 3.828676700592041, 1.7706279754638672, 2.052946090698242 
578, -0.3728102445602417, 3.8533947467803955, 1.7617197036743164, 2.0724575519561768 
579, -0.37287595868110657, 3.8233864307403564, 1.7587690353393555, 2.05975079536438 
580, -0.3729016184806824, 3.8216960430145264, 1.754023790359497, 2.06302809715271 
581, -0.37290433049201965, 3.9642279148101807, 1.759159803390503, 2.164818286895752 
582, -0.3729057312011719, 3.8892340660095215, 1.821202278137207, 2.0612659454345703 
583, -0.3728733956813812, 4.030215740203857, 1.7848289012908936, 2.079334020614624 
584, -0.3728344738483429, 3.8773317337036133, 1.7992820739746094, 2.0734808444976807 
585, -0.3728240132331848, 3.844085931777954, 1.781900405883789, 2.0575973987579346 
586, -0.37284010648727417, 3.8459527492523193, 1.7630860805511475, 2.0612101554870605 
587, -0.37281233072280884, 3.8399925231933594, 1.7632334232330322, 2.07228422164917 
588, -0.3728330135345459, 3.8401730060577393, 1.7577593326568604, 2.0670299530029297 
589, -0.3728961944580078, 3.834881544113159, 1.7609076499938965, 2.067342519760132 
590, -0.37287741899490356, 3.8355109691619873, 1.7632195949554443, 2.0657598972320557 
591, -0.3728419542312622, 4.067514657974243, 1.802757740020752, 2.067199945449829 
592, -0.37284839153289795, 3.8796489238739014, 1.7954847812652588, 2.0744969844818115 
593, -0.3728576898574829, 3.847154378890991, 1.7810781002044678, 2.061993360519409 
594, -0.3728885054588318, 3.8356211185455322, 1.7511589527130127, 2.06390380859375 
595, -0.3729258179664612, 3.827922821044922, 1.7626335620880127, 2.0604565143585205 
596, -0.37294813990592957, 3.8218653202056885, 1.758145809173584, 2.0592117309570312 
597, -0.372936487197876, 3.8239054679870605, 1.7589330673217773, 2.058267116546631 
598, -0.3729504346847534, 3.8213329315185547, 1.7563447952270508, 2.0588371753692627 
599, -0.372977077960968, 4.034804344177246, 1.7756965160369873, 2.0959017276763916 
600, -0.3729698956012726, 3.8474082946777344, 1.7768356800079346, 2.0657029151916504 
601, -0.3729683756828308, 3.848130464553833, 1.7801530361175537, 2.0638678073883057 
602, -0.37296146154403687, 3.8520169258117676, 1.750797986984253, 2.0805788040161133 
603, -0.3729490041732788, 3.871413469314575, 1.7893357276916504, 2.0721681118011475 
604, -0.37292519211769104, 3.8272085189819336, 1.7610387802124023, 2.061610221862793 
605, -0.3729008138179779, 3.8273837566375732, 1.7584679126739502, 2.0626630783081055 
606, -0.3728739619255066, 3.825735330581665, 1.7612829208374023, 2.0577657222747803 
607, -0.3728787899017334, 3.860579490661621, 1.7983624935150146, 2.0559890270233154 
608, -0.3728724718093872, 3.9110960960388184, 1.7526435852050781, 2.137375593185425 
609, -0.37283772230148315, 3.857095241546631, 1.782020092010498, 2.0709807872772217 
610, -0.37284940481185913, 4.010039567947388, 1.7652244567871094, 2.083111524581909 
611, -0.3728239834308624, 3.8393337726593018, 1.7827377319335938, 2.0517022609710693 
612, -0.37276387214660645, 3.8173797130584717, 1.7523207664489746, 2.0606415271759033 
613, -0.3727625012397766, 3.848775863647461, 1.7700858116149902, 2.074206590652466 
614, -0.3727600872516632, 3.8626255989074707, 1.7641167640686035, 2.0869243144989014 
615, -0.372678279876709, 3.8628649711608887, 1.7885181903839111, 2.064161777496338 
616, -0.37259793281555176, 3.8303627967834473, 1.751413106918335, 2.0724129676818848 
617, -0.37255555391311646, 3.908106803894043, 1.7828385829925537, 2.099494695663452 
618, -0.37247392535209656, 4.4154887199401855, 1.7734904289245605, 2.0741143226623535 
619, -0.37245529890060425, 3.850839376449585, 1.7848687171936035, 2.0614097118377686 
620, -0.3724361062049866, 3.8125364780426025, 1.7497570514678955, 2.05769944190979 
621, -0.372469425201416, 3.8555426597595215, 1.7562768459320068, 2.0809450149536133 
622, -0.37252554297447205, 3.827836513519287, 1.7623858451843262, 2.0586671829223633 
623, -0.3725839853286743, 3.8727903366088867, 1.7848215103149414, 2.081766128540039 
624, -0.37261611223220825, 3.82822585105896, 1.752507209777832, 2.0710511207580566 
625, -0.37258321046829224, 3.9389939308166504, 1.77362060546875, 2.1343979835510254 
626, -0.37256181240081787, 3.876361131668091, 1.7948226928710938, 2.0769801139831543 
627, -0.37258321046829224, 3.835949420928955, 1.766993522644043, 2.0618739128112793 
628, -0.3726252019405365, 3.8151416778564453, 1.7543718814849854, 2.056072950363159 
629, -0.3726239800453186, 4.014982223510742, 1.759354591369629, 2.082193613052368 
630, -0.3726583421230316, 3.8370108604431152, 1.7756259441375732, 2.0539207458496094 
631, -0.3726658821105957, 3.8821609020233154, 1.7980148792266846, 2.077756881713867 
632, -0.3726734519004822, 3.840054988861084, 1.7566020488739014, 2.0787081718444824 
633, -0.3726884126663208, 3.850163459777832, 1.775334358215332, 2.070709228515625 
634, -0.37272176146507263, 3.8261308670043945, 1.7578551769256592, 2.0636918544769287 
635, -0.3727404475212097, 3.908890724182129, 1.7605700492858887, 2.120821714401245 
636, -0.3727889060974121, 3.872932195663452, 1.7879242897033691, 2.0748252868652344 
637, -0.37281370162963867, 4.014768123626709, 1.7658050060272217, 2.0715386867523193 
638, -0.3728860020637512, 3.9052109718322754, 1.7978589534759521, 2.0688910484313965 
639, -0.3729041814804077, 3.8652615547180176, 1.7858936786651611, 2.0732197761535645 
640, -0.37292346358299255, 3.8472039699554443, 1.7584481239318848, 2.084172487258911 
641, -0.3729040026664734, 3.8301620483398438, 1.7664380073547363, 2.0596208572387695 
642, -0.3729090392589569, 3.8264987468719482, 1.7531113624572754, 2.068676233291626 
643, -0.3728763461112976, 3.907473564147949, 1.7693955898284912, 2.1120779514312744 
644, -0.3728707730770111, 3.840487480163574, 1.7689998149871826, 2.0618464946746826 
645, -0.37287575006484985, 4.014468431472778, 1.7752537727355957, 2.065091371536255 
646, -0.37285885214805603, 3.8630197048187256, 1.7919507026672363, 2.062873601913452 
647, -0.3728780150413513, 3.8598484992980957, 1.7745494842529297, 2.0758020877838135 
648, -0.3728618621826172, 3.853358507156372, 1.777214527130127, 2.0714776515960693 
649, -0.3728640675544739, 3.8576533794403076, 1.7834274768829346, 2.070131778717041 
650, -0.37289440631866455, 3.8267009258270264, 1.7557263374328613, 2.0663363933563232 
651, -0.3729182481765747, 3.8292465209960938, 1.7618534564971924, 2.062925100326538 
652, -0.3729560375213623, 3.833986759185791, 1.7525303363800049, 2.0721216201782227 
653, -0.37298092246055603, 4.105273962020874, 1.7780141830444336, 2.1272265911102295 
654, -0.3729965090751648, 3.915224313735962, 1.8401892185211182, 2.066044807434082 
655, -0.37303465604782104, 3.873006582260132, 1.7800910472869873, 2.0862462520599365 
656, -0.3729856312274933, 3.8353800773620605, 1.7587859630584717, 2.072042226791382 
657, -0.3730130195617676, 3.8720929622650146, 1.8090829849243164, 2.058901786804199 
658, -0.3730827867984772, 3.814847230911255, 1.759258508682251, 2.050966501235962 
659, -0.3730706572532654, 3.8309459686279297, 1.7539336681365967, 2.072145938873291 
660, -0.3730652332305908, 3.8307769298553467, 1.7462410926818848, 2.075291395187378 
661, -0.3730523884296417, 4.018813133239746, 1.779632568359375, 2.06491756439209 
662, -0.3730456233024597, 3.8461191654205322, 1.7842624187469482, 2.0522618293762207 
663, -0.37303125858306885, 3.9553306102752686, 1.792168140411377, 2.1363322734832764 
664, -0.3730531930923462, 3.8468363285064697, 1.7791941165924072, 2.062608242034912 
665, -0.37301164865493774, 3.8814101219177246, 1.7808856964111328, 2.0958685874938965 
666, -0.3728940784931183, 3.8321847915649414, 1.7612123489379883, 2.066394090652466 
667, -0.37281304597854614, 3.815427303314209, 1.7536392211914062, 2.057232618331909 
668, -0.37280458211898804, 3.840419292449951, 1.7621397972106934, 2.068831205368042 
669, -0.37273934483528137, 4.047421932220459, 1.7750942707061768, 2.074903964996338 
670, -0.3727281093597412, 3.87861704826355, 1.8024158477783203, 2.067121744155884 
671, -0.3727629780769348, 3.917905569076538, 1.8356566429138184, 2.076096296310425 
672, -0.37280598282814026, 3.8205602169036865, 1.7558248043060303, 2.0601320266723633 
673, -0.37284067273139954, 3.9541027545928955, 1.7621021270751953, 2.1710116863250732 
674, -0.37285304069519043, 3.9716405868530273, 1.8982117176055908, 2.0688982009887695 
675, -0.37284210324287415, 3.8228228092193604, 1.7576472759246826, 2.0604043006896973 
676, -0.37285885214805603, 3.8196823596954346, 1.7490923404693604, 2.061034679412842 
677, -0.37292540073394775, 4.026094436645508, 1.7787489891052246, 2.08126163482666 
678, -0.37297600507736206, 3.858182907104492, 1.7850708961486816, 2.065483331680298 
679, -0.3729669451713562, 3.8614604473114014, 1.7793622016906738, 2.0759148597717285 
680, -0.3729633688926697, 3.835495948791504, 1.7640881538391113, 2.0667638778686523 
681, -0.3729231059551239, 3.8459200859069824, 1.765486717224121, 2.0763370990753174 
682, -0.3728436827659607, 3.911163091659546, 1.7700016498565674, 2.116699695587158 
683, -0.37281495332717896, 3.855686902999878, 1.783351182937622, 2.0674686431884766 
684, -0.3728160560131073, 3.8799214363098145, 1.7710013389587402, 2.0998733043670654 
685, -0.37284183502197266, 4.002779006958008, 1.7728118896484375, 2.0681686401367188 
686, -0.37279433012008667, 3.8877298831939697, 1.7939536571502686, 2.0719480514526367 
687, -0.37277355790138245, 3.863762855529785, 1.7844152450561523, 2.0734357833862305 
688, -0.37279531359672546, 3.8119969367980957, 1.7542049884796143, 2.053166627883911 
689, -0.37281280755996704, 3.8584322929382324, 1.770824670791626, 2.0834853649139404 
690, -0.37281569838523865, 3.813838005065918, 1.7516601085662842, 2.0575780868530273 
691, -0.37281814217567444, 3.9320337772369385, 1.8142735958099365, 2.101726531982422 
692, -0.3728156089782715, 3.827425241470337, 1.7574117183685303, 2.061030387878418 
693, -0.3728105425834656, 3.87804913520813, 1.7728018760681152, 2.0734457969665527 
694, -0.37281695008277893, 3.997220516204834, 1.7734906673431396, 2.0821850299835205 
695, -0.3727695941925049, 3.868039846420288, 1.7986114025115967, 2.0631191730499268 
696, -0.37274640798568726, 3.8334062099456787, 1.7599482536315918, 2.0688350200653076 
697, -0.372764527797699, 3.8673298358917236, 1.7756452560424805, 2.08756685256958 
698, -0.3727988004684448, 3.847980260848999, 1.7834458351135254, 2.059950351715088 
699, -0.3728126883506775, 3.838916301727295, 1.768200159072876, 2.066237688064575 
700, -0.37283405661582947, 3.822573184967041, 1.7505698204040527, 2.0673651695251465 
701, -0.3728513717651367, 3.9011611938476562, 1.8195710182189941, 2.0724925994873047 
702, -0.3728768825531006, 3.8436176776885986, 1.7639853954315186, 2.055929660797119 
703, -0.37295830249786377, 3.890028953552246, 1.7993454933166504, 2.0793099403381348 
704, -0.3730214238166809, 3.895418405532837, 1.7770187854766846, 2.078686237335205 
705, -0.3730526566505432, 3.9747161865234375, 1.7688829898834229, 2.088430404663086 
706, -0.3730487525463104, 3.82597279548645, 1.757817029953003, 2.063460350036621 
707, -0.3730521500110626, 3.816981315612793, 1.7502927780151367, 2.061458110809326 
708, -0.37301844358444214, 3.836042881011963, 1.7559473514556885, 2.075410842895508 
709, -0.3729783892631531, 3.845017433166504, 1.7636425495147705, 2.0769236087799072 
710, -0.3729705512523651, 3.81949520111084, 1.7548553943634033, 2.058351516723633 
711, -0.37299486994743347, 3.9336724281311035, 1.8397696018218994, 2.0822858810424805 
712, -0.3729413151741028, 3.882208824157715, 1.773536205291748, 2.077178716659546 
713, -0.37292414903640747, 4.029552459716797, 1.775475263595581, 2.0907957553863525 
714, -0.3729291558265686, 3.875887632369995, 1.7841928005218506, 2.0816714763641357 
715, -0.3729248642921448, 3.8218441009521484, 1.755380630493164, 2.0605337619781494 
716, -0.37293997406959534, 3.8587374687194824, 1.772693157196045, 2.079123020172119 
717, -0.3729724586009979, 3.8156185150146484, 1.75333833694458, 2.058175802230835 
718, -0.3730100989341736, 3.8272669315338135, 1.7598867416381836, 2.0605287551879883 
719, -0.37305063009262085, 3.844611167907715, 1.7820279598236084, 2.0563743114471436 
720, -0.3730837106704712, 3.866581439971924, 1.7618868350982666, 2.0619428157806396 
721, -0.3731299042701721, 4.101693391799927, 1.848886251449585, 2.079923391342163 
722, -0.3731405735015869, 3.8544721603393555, 1.7750706672668457, 2.070402145385742 
723, -0.3731534481048584, 3.823572874069214, 1.7642760276794434, 2.0534889698028564 
724, -0.37316566705703735, 3.8566434383392334, 1.7653214931488037, 2.0865700244903564 
725, -0.37318623065948486, 3.829958200454712, 1.7585177421569824, 2.0666134357452393 
726, -0.37317997217178345, 3.834968090057373, 1.7690839767456055, 2.058396339416504 
727, -0.37314069271087646, 3.8472113609313965, 1.7828764915466309, 2.0550928115844727 
728, -0.37314170598983765, 3.867670774459839, 1.7514269351959229, 2.0851614475250244 
729, -0.37309783697128296, 3.8658385276794434, 1.7655987739562988, 2.077200174331665 
730, -0.37308990955352783, 3.852733612060547, 1.7725319862365723, 2.0714240074157715 
731, -0.3730609118938446, 4.027373313903809, 1.8159990310668945, 2.074441909790039 
732, -0.3730512857437134, 3.8452389240264893, 1.7592432498931885, 2.0818936824798584 
733, -0.3730103373527527, 3.825608491897583, 1.7596919536590576, 2.0613701343536377 
734, -0.3729926347732544, 3.845883369445801, 1.7738714218139648, 2.0618503093719482 
735, -0.37298864126205444, 3.8682007789611816, 1.7715485095977783, 2.0694196224212646 
736, -0.3729519546031952, 3.868471145629883, 1.7564077377319336, 2.06943416595459 
737, -0.3729175925254822, 3.87349534034729, 1.7680718898773193, 2.083301305770874 
738, -0.3729252517223358, 3.858715295791626, 1.7840354442596436, 2.070585012435913 
739, -0.37294843792915344, 3.8363873958587646, 1.7663607597351074, 2.064649820327759 
740, -0.3729550838470459, 3.83561110496521, 1.7598450183868408, 2.0716326236724854 
741, -0.37298163771629333, 3.9630539417266846, 1.8285765647888184, 2.1070079803466797 
742, -0.3730255663394928, 3.961935043334961, 1.7621326446533203, 2.0740907192230225 
743, -0.37301838397979736, 3.883941650390625, 1.7985975742340088, 2.067927837371826 
744, -0.37296974658966064, 3.905024766921997, 1.7522077560424805, 2.120483636856079 
745, -0.3729925751686096, 3.873939037322998, 1.7734911441802979, 2.078599214553833 
746, -0.37292930483818054, 3.8680200576782227, 1.7993857860565186, 2.0645217895507812 
747, -0.37295329570770264, 3.8932509422302246, 1.7571349143981934, 2.060554265975952 
748, -0.372972309589386, 3.828705072402954, 1.7617177963256836, 2.06207537651062 
749, -0.3729570508003235, 3.840681314468384, 1.7702057361602783, 2.0659024715423584 
750, -0.3729126453399658, 3.9587361812591553, 1.7632036209106445, 2.069061279296875 
751, -0.3729124665260315, 4.204624652862549, 1.8728713989257812, 2.2667391300201416 
752, -0.37290215492248535, 3.921830654144287, 1.7731950283050537, 2.101311683654785 
753, -0.37292593717575073, 3.858914613723755, 1.773111343383789, 2.0645556449890137 
754, -0.37288713455200195, 3.860171318054199, 1.79490327835083, 2.0611259937286377 
755, -0.37292224168777466, 3.8191707134246826, 1.7528355121612549, 2.0605361461639404 
756, -0.3729221820831299, 3.8421576023101807, 1.772005319595337, 2.0660300254821777 
757, -0.3728441894054413, 3.8326785564422607, 1.7647430896759033, 2.0628340244293213 
758, -0.37288808822631836, 3.9479732513427734, 1.7612524032592773, 2.062645196914673 
759, -0.3728978931903839, 3.844006299972534, 1.7736120223999023, 2.0629608631134033 
760, -0.3729235529899597, 3.8321571350097656, 1.7660191059112549, 2.061979293823242 
761, -0.372984379529953, 3.9454329013824463, 1.7908682823181152, 2.117520809173584 
762, -0.3730199933052063, 3.8552541732788086, 1.789278268814087, 2.0597574710845947 
763, -0.3730221688747406, 3.898717164993286, 1.7732360363006592, 2.0934066772460938 
764, -0.37304067611694336, 3.823112726211548, 1.7636241912841797, 2.055398464202881 
765, -0.37303808331489563, 3.832583427429199, 1.7598779201507568, 2.0675623416900635 
766, -0.37305620312690735, 3.844080686569214, 1.768967866897583, 2.068913459777832 
767, -0.3730717897415161, 3.8609070777893066, 1.789158582687378, 2.065431833267212 
768, -0.3730134963989258, 3.830636501312256, 1.7663390636444092, 2.060182809829712 
769, -0.37295663356781006, 4.005139589309692, 1.756070852279663, 2.1021718978881836 
770, -0.37295079231262207, 3.871964931488037, 1.8000028133392334, 2.0615110397338867 
771, -0.3728984594345093, 3.928701162338257, 1.7837519645690918, 2.093026876449585 
772, -0.37288713455200195, 3.8416805267333984, 1.7843518257141113, 2.0532219409942627 
773, -0.3728635311126709, 3.8300156593322754, 1.7593622207641602, 2.0651023387908936 
774, -0.37282198667526245, 3.8345532417297363, 1.7692961692810059, 2.059553384780884 
775, -0.3727499842643738, 3.870147466659546, 1.7898213863372803, 2.0650181770324707 
776, -0.37269243597984314, 3.839418411254883, 1.7642991542816162, 2.071011543273926 
777, -0.37252140045166016, 4.019341230392456, 1.755720615386963, 2.124796152114868 
778, -0.3724129796028137, 3.8669075965881348, 1.7863080501556396, 2.0734434127807617 
779, -0.3723844289779663, 3.951010227203369, 1.8331613540649414, 2.0768375396728516 
780, -0.3723886013031006, 3.8608696460723877, 1.783693790435791, 2.0730206966400146 
781, -0.3724084198474884, 3.817338705062866, 1.7570319175720215, 2.0557444095611572 
782, -0.3723159432411194, 3.8422560691833496, 1.7645306587219238, 2.0666916370391846 
783, -0.3722672462463379, 3.8508331775665283, 1.7775535583496094, 2.0668139457702637 
784, -0.3722366988658905, 3.821021556854248, 1.757957935333252, 2.058943033218384 
785, -0.37226033210754395, 3.986072301864624, 1.7613062858581543, 2.0832583904266357 
786, -0.37232720851898193, 3.8525798320770264, 1.782407283782959, 2.0628440380096436 
787, -0.37241432070732117, 3.99875545501709, 1.7727000713348389, 2.1550028324127197 
788, -0.3724783658981323, 3.898526430130005, 1.8198468685150146, 2.074204683303833 
789, -0.37251123785972595, 3.8219244480133057, 1.7534050941467285, 2.0635530948638916 
790, -0.3725513219833374, 3.8520405292510986, 1.7665083408355713, 2.079890727996826 
791, -0.37257862091064453, 3.852985143661499, 1.7893564701080322, 2.0571255683898926 
792, -0.3726043105125427, 3.834855079650879, 1.7711775302886963, 2.0595808029174805 
793, -0.3726557493209839, 3.986109733581543, 1.7724323272705078, 2.0732433795928955 
794, -0.37271079421043396, 3.8445799350738525, 1.7788758277893066, 2.0578112602233887 
795, -0.37274181842803955, 3.8857836723327637, 1.764115571975708, 2.085418939590454 
796, -0.37277665734291077, 3.964695930480957, 1.8733386993408203, 2.0758256912231445 
797, -0.3728101849555969, 3.8277716636657715, 1.755061388015747, 2.0681684017181396 
798, -0.3728683888912201, 3.8300724029541016, 1.7603073120117188, 2.064389228820801 
799, -0.372920960187912, 3.8544533252716064, 1.7831437587738037, 2.0647168159484863 
800, -0.37294894456863403, 3.8269734382629395, 1.7563068866729736, 2.06596040725708 
801, -0.37297216057777405, 3.869509220123291, 1.7625436782836914, 2.085163116455078 
802, -0.37297555804252625, 3.9584014415740967, 1.7708158493041992, 2.0644006729125977 
803, -0.372963011264801, 3.916175365447998, 1.7724287509918213, 2.09455943107605 
804, -0.37296590209007263, 3.910813808441162, 1.824033498764038, 2.0827181339263916 
805, -0.3729439377784729, 3.939864158630371, 1.8246090412139893, 2.0866925716400146 
806, -0.37297749519348145, 3.8330740928649902, 1.7589051723480225, 2.0685746669769287 
807, -0.37296003103256226, 3.8485991954803467, 1.779768466949463, 2.062330961227417 
808, -0.37287092208862305, 3.825106620788574, 1.760312557220459, 2.0607681274414062 
809, -0.37281566858291626, 3.852616786956787, 1.7688391208648682, 2.0790350437164307 
810, -0.3727816641330719, 3.830672025680542, 1.7665128707885742, 2.060044288635254 
811, -0.37279218435287476, 3.996272563934326, 1.7580218315124512, 2.0794942378997803 
812, -0.37283480167388916, 3.921966791152954, 1.829836368560791, 2.075810432434082 
813, -0.37286996841430664, 3.9590914249420166, 1.7679800987243652, 2.1620559692382812 
814, -0.37284669280052185, 3.862581968307495, 1.7886922359466553, 2.0676486492156982 
815, -0.3728369474411011, 3.8595662117004395, 1.7837190628051758, 2.0691614151000977 
816, -0.3728489875793457, 3.8206064701080322, 1.7565655708312988, 2.0599498748779297 
817, -0.3728637099266052, 3.8315141201019287, 1.7602312564849854, 2.0666708946228027 
818, -0.37280720472335815, 3.8308944702148438, 1.7655606269836426, 2.0612714290618896 
819, -0.37276843190193176, 3.841402530670166, 1.7645082473754883, 2.0715885162353516 
820, -0.37269270420074463, 3.9987521171569824, 1.7894446849822998, 2.0727715492248535 
821, -0.3726117014884949, 3.8512184619903564, 1.7824766635894775, 2.062922477722168 
822, -0.3725705146789551, 3.911402463912964, 1.7735323905944824, 2.0945117473602295 
823, -0.37255966663360596, 3.8977277278900146, 1.7911593914031982, 2.0943398475646973 
824, -0.3725639581680298, 3.836491823196411, 1.7612786293029785, 2.067870616912842 
825, -0.3725716173648834, 3.835988998413086, 1.767479419708252, 2.063202142715454 
826, -0.3725757598876953, 3.815394163131714, 1.7554121017456055, 2.055891990661621 
827, -0.3725937604904175, 3.8438632488250732, 1.758653163909912, 2.080296277999878 
828, -0.37259936332702637, 3.8569846153259277, 1.7874083518981934, 2.0654704570770264 
829, -0.3725990653038025, 3.9549524784088135, 1.7611806392669678, 2.0603840351104736 
830, -0.3725960850715637, 3.8857476711273193, 1.7705140113830566, 2.082094192504883 
831, -0.3726063370704651, 3.8947641849517822, 1.8080661296844482, 2.066256523132324 
832, -0.37259888648986816, 3.8383116722106934, 1.7771060466766357, 2.057096004486084 
833, -0.372622549533844, 4.173974514007568, 1.76322340965271, 2.33107328414917 
834, -0.3726547658443451, 3.8461592197418213, 1.782832384109497, 2.0592081546783447 
835, -0.37265563011169434, 3.8441717624664307, 1.759639024734497, 2.0758559703826904 
836, -0.37268930673599243, 3.8444619178771973, 1.774350643157959, 2.066004753112793 
837, -0.37271803617477417, 3.943796157836914, 1.7666003704071045, 2.0559561252593994 
838, -0.37274307012557983, 3.8997445106506348, 1.7732386589050293, 2.084156036376953 
839, -0.37274643778800964, 3.8842620849609375, 1.7939667701721191, 2.0679218769073486 
840, -0.3727084994316101, 3.838569164276123, 1.7695996761322021, 2.0648396015167236 
841, -0.3726498782634735, 3.821223020553589, 1.7537503242492676, 2.0628929138183594 
842, -0.3726338744163513, 3.8153250217437744, 1.7545356750488281, 2.0566775798797607 
843, -0.37262529134750366, 3.9590041637420654, 1.7646231651306152, 2.140327215194702 
844, -0.3726558983325958, 3.9043397903442383, 1.8140594959259033, 2.080009698867798 
845, -0.3726637065410614, 3.942814826965332, 1.7614502906799316, 2.0586140155792236 
846, -0.3726329207420349, 3.891979455947876, 1.7796695232391357, 2.0759894847869873 
847, -0.37262678146362305, 3.8845129013061523, 1.7935192584991455, 2.066553831100464 
848, -0.37261855602264404, 3.8446853160858154, 1.7705605030059814, 2.0700368881225586 
849, -0.3726242184638977, 3.843135118484497, 1.7742254734039307, 2.0642778873443604 
850, -0.37258219718933105, 3.845249652862549, 1.7632639408111572, 2.0778744220733643 
851, -0.3725171685218811, 3.852111577987671, 1.7586925029754639, 2.088087558746338 
852, -0.3724815249443054, 3.855189323425293, 1.787184476852417, 2.063878059387207 
853, -0.37247753143310547, 4.024876832962036, 1.7562432289123535, 2.1197540760040283 
854, -0.3724665641784668, 3.9144809246063232, 1.7961242198944092, 2.072535991668701 
855, -0.37242844700813293, 3.9217240810394287, 1.809541940689087, 2.0825674533843994 
856, -0.3723738193511963, 3.8390798568725586, 1.767563819885254, 2.0674095153808594 
857, -0.3723675012588501, 3.842937707901001, 1.7738049030303955, 2.064532518386841 
858, -0.372367799282074, 3.8469367027282715, 1.776578426361084, 2.0662338733673096 
859, -0.37238240242004395, 3.84608793258667, 1.7624115943908691, 2.0787625312805176 
860, -0.372428297996521, 3.858323335647583, 1.7845542430877686, 2.069772720336914 
861, -0.37242698669433594, 3.9671578407287598, 1.7689926624298096, 2.074164867401123 
862, -0.3723967671394348, 3.8851535320281982, 1.778135061264038, 2.0679609775543213 
863, -0.37221863865852356, 3.970508337020874, 1.8033709526062012, 2.13403582572937 
864, -0.3721211552619934, 3.8589487075805664, 1.791421890258789, 2.06339955329895 
865, -0.3721540570259094, 3.835981845855713, 1.7708485126495361, 2.0602216720581055 
866, -0.37224167585372925, 3.834188461303711, 1.7563316822052002, 2.073741912841797 
867, -0.3722843527793884, 3.852433681488037, 1.759899616241455, 2.087099552154541 
868, -0.3723359704017639, 3.858940362930298, 1.7906455993652344, 2.0642201900482178 
869, -0.3723583221435547, 3.953896999359131, 1.7599987983703613, 2.0694799423217773 
870, -0.372391939163208, 3.88858962059021, 1.7761073112487793, 2.0694425106048584 
871, -0.37241825461387634, 3.8998918533325195, 1.798949956893921, 2.0736989974975586 
872, -0.37243008613586426, 3.935293197631836, 1.7806949615478516, 2.136794328689575 
873, -0.37238287925720215, 3.847099781036377, 1.7730722427368164, 2.069108486175537 
874, -0.37227368354797363, 3.8339877128601074, 1.7625396251678467, 2.0673434734344482 
875, -0.3722226619720459, 3.835994005203247, 1.7566227912902832, 2.0736701488494873 
876, -0.3721696734428406, 3.8610665798187256, 1.784254550933838, 2.0728275775909424 
877, -0.3719281852245331, 3.943936824798584, 1.7518858909606934, 2.068862199783325 
878, -0.3717842102050781, 3.8894641399383545, 1.7809419631958008, 2.0736677646636963 
879, -0.37175464630126953, 3.905449390411377, 1.8105359077453613, 2.0668866634368896 
880, -0.37178653478622437, 3.8620448112487793, 1.7872560024261475, 2.070634365081787 
881, -0.3718011975288391, 3.8710782527923584, 1.8003320693969727, 2.0597259998321533 
882, -0.371817946434021, 3.829050064086914, 1.7573587894439697, 2.067117691040039 
883, -0.3717854917049408, 3.8409790992736816, 1.7597339153289795, 2.0764639377593994 
884, -0.37166374921798706, 3.8622639179229736, 1.7809200286865234, 2.076742649078369 
885, -0.37149327993392944, 3.9661576747894287, 1.772657871246338, 2.0694117546081543 
886, -0.37141335010528564, 3.8904879093170166, 1.780886173248291, 2.064568519592285 
887, -0.37145328521728516, 3.888479709625244, 1.7933251857757568, 2.069483757019043 
888, -0.37142032384872437, 3.855520725250244, 1.7859933376312256, 2.0649595260620117 
889, -0.37144461274147034, 3.8694095611572266, 1.769744634628296, 2.09102725982666 
890, -0.3715016841888428, 3.838130235671997, 1.767390489578247, 2.0658087730407715 
891, -0.37158527970314026, 3.8535397052764893, 1.7727689743041992, 2.0763659477233887 
892, -0.37169110774993896, 3.8728795051574707, 1.79093599319458, 2.0773849487304688 
893, -0.37180036306381226, 3.969249963760376, 1.7690608501434326, 2.0633974075317383 
894, -0.37192073464393616, 3.88181209564209, 1.7757222652435303, 2.068587303161621 
895, -0.3719903230667114, 3.8910176753997803, 1.7963511943817139, 2.067072629928589 
896, -0.37210869789123535, 3.858868360519409, 1.7848854064941406, 2.069288730621338 
897, -0.37218818068504333, 3.8486435413360596, 1.7721049785614014, 2.0724077224731445 
898, -0.3722185492515564, 3.84441876411438, 1.7589869499206543, 2.0764176845550537 
899, -0.3721851110458374, 3.847015857696533, 1.7777841091156006, 2.0643794536590576 
900, -0.3721659779548645, 3.850316047668457, 1.7800421714782715, 2.0655531883239746 
901, -0.3721795380115509, 3.959735870361328, 1.7488703727722168, 2.082261800765991 
902, -0.372224897146225, 3.8909752368927, 1.7794067859649658, 2.067181348800659 
903, -0.3722755014896393, 3.9109673500061035, 1.8041026592254639, 2.0787031650543213 
904, -0.37232550978660583, 3.862213134765625, 1.7885146141052246, 2.069040060043335 
905, -0.3723618686199188, 3.8486616611480713, 1.77878737449646, 2.065791130065918 
906, -0.37241190671920776, 3.847456693649292, 1.7633769512176514, 2.079453706741333 
907, -0.3724786639213562, 3.8595166206359863, 1.7616772651672363, 2.0892839431762695 
908, -0.37257125973701477, 3.8745687007904053, 1.7813198566436768, 2.0885982513427734 
909, -0.37255507707595825, 3.9421088695526123, 1.7568206787109375, 2.067678213119507 
910, -0.37255051732063293, 3.883714199066162, 1.774266004562378, 2.074213981628418 
911, -0.37256067991256714, 3.9028165340423584, 1.8085472583770752, 2.0656886100769043 
912, -0.372568279504776, 3.866603136062622, 1.7914681434631348, 2.070627450942993 
913, -0.3725559115409851, 3.843839168548584, 1.772101879119873, 2.0676262378692627 
914, -0.37254664301872253, 3.839771032333374, 1.7727508544921875, 2.0624022483825684 
915, -0.37256336212158203, 3.8491461277008057, 1.7736141681671143, 2.0706779956817627 
916, -0.37260666489601135, 3.9516854286193848, 1.8181452751159668, 2.115922689437866 
917, -0.3726623058319092, 3.94649076461792, 1.7561311721801758, 2.068645477294922 
918, -0.3726484477519989, 3.8801422119140625, 1.7705252170562744, 2.063408851623535 
919, -0.372658908367157, 3.913219690322876, 1.8127284049987793, 2.0729784965515137 
920, -0.37268486618995667, 3.84621000289917, 1.7797601222991943, 2.061361789703369 
921, -0.3727031350135803, 3.8388168811798096, 1.773397445678711, 2.0613226890563965 
922, -0.37268388271331787, 3.840132474899292, 1.770521879196167, 2.064931869506836 
923, -0.3726273775100708, 3.8348143100738525, 1.7625946998596191, 2.067742347717285 
924, -0.3726001977920532, 3.841218948364258, 1.7609858512878418, 2.0756752490997314 
925, -0.3725948929786682, 4.033614635467529, 1.7752532958984375, 2.250065565109253 
926, -0.3725188374519348, 3.9469151496887207, 1.7539019584655762, 2.0708329677581787 
927, -0.3725072741508484, 3.8841426372528076, 1.7967360019683838, 2.0633456707000732 
928, -0.37252622842788696, 3.8417108058929443, 1.7743661403656006, 2.06278395652771 
929, -0.3724971413612366, 3.89575457572937, 1.778003454208374, 2.088695526123047 
930, -0.3724963366985321, 3.8551976680755615, 1.772355318069458, 2.0727365016937256 
931, -0.37248390913009644, 3.8382015228271484, 1.7667088508605957, 2.0666463375091553 
932, -0.3724987506866455, 3.8463289737701416, 1.758284330368042, 2.0835161209106445 
933, -0.3725259304046631, 3.8571746349334717, 1.7851536273956299, 2.067453145980835 
934, -0.3725758194923401, 3.89791202545166, 1.8181214332580566, 2.068667411804199 
935, -0.3726091682910919, 3.882875680923462, 1.7834808826446533, 2.0769102573394775 
936, -0.3726217746734619, 3.82216739654541, 1.7563347816467285, 2.0612757205963135 
937, -0.3726544678211212, 4.007208347320557, 1.7686798572540283, 2.0732855796813965 
938, -0.3725467026233673, 3.862307548522949, 1.7949395179748535, 2.061882257461548 
939, -0.3725980818271637, 3.8246569633483887, 1.7549784183502197, 2.0652337074279785 
940, -0.3726157546043396, 3.8427369594573975, 1.7651112079620361, 2.070122718811035 
941, -0.37265220284461975, 3.871691942214966, 1.7771055698394775, 2.0851030349731445 
942, -0.3726348280906677, 3.8602001667022705, 1.7792370319366455, 2.075171709060669 
943, -0.37264227867126465, 3.9392895698547363, 1.791264533996582, 2.1258296966552734 
944, -0.3726772665977478, 3.829348564147949, 1.7628297805786133, 2.06193208694458 
945, -0.37270766496658325, 3.9201695919036865, 1.77366304397583, 2.0824391841888428 
946, -0.37275123596191406, 4.415259599685669, 1.9980988502502441, 2.4127256870269775 
947, -0.372820109128952, 4.461764812469482, 2.024798631668091, 2.431551694869995 
948, -0.3728901743888855, 4.641898155212402, 2.0433189868927, 2.4634640216827393 
949, -0.37286263704299927, 4.583508014678955, 2.0968973636627197, 2.4780540466308594 
950, -0.37289008498191833, 4.627753973007202, 2.0715348720550537, 2.545191526412964 
951, -0.37295418977737427, 4.607659578323364, 2.108128309249878, 2.4913270473480225 
952, -0.3729620575904846, 4.6606903076171875, 2.0738213062286377, 2.511575222015381 
953, -0.37297362089157104, 4.6078996658325195, 2.102731943130493, 2.500053644180298 
954, -0.37292179465293884, 4.602497577667236, 2.0925452709198, 2.5047695636749268 
955, -0.372882604598999, 4.734983682632446, 2.0808844566345215, 2.514153242111206 
956, -0.3727833032608032, 4.300058841705322, 2.0994417667388916, 2.195396661758423 
957, -0.37267202138900757, 4.032014846801758, 1.8113892078399658, 2.2062020301818848 
958, -0.3726249933242798, 4.641486883163452, 2.1266603469848633, 2.507896661758423 
959, -0.37263983488082886, 4.864406585693359, 2.084733724594116, 2.6001455783843994 
960, -0.37263748049736023, 4.642115592956543, 2.1240315437316895, 2.5127434730529785 
961, -0.3726317584514618, 4.604848861694336, 2.0994229316711426, 2.499645709991455 
962, -0.37268131971359253, 4.740251779556274, 2.0924863815307617, 2.5112524032592773 
963, -0.37275630235671997, 4.608226299285889, 2.095973253250122, 2.506855010986328 
964, -0.37278980016708374, 4.645588397979736, 2.1192424297332764, 2.516270637512207 
965, -0.37280234694480896, 4.639778137207031, 2.12557053565979, 2.5066916942596436 
966, -0.37276512384414673, 4.831371068954468, 2.092283010482788, 2.6575183868408203 
967, -0.37274667620658875, 4.610795736312866, 2.099032163619995, 2.506662130355835 
968, -0.37272438406944275, 4.577661991119385, 2.084761381149292, 2.4869484901428223 
969, -0.37269818782806396, 4.679955720901489, 2.065671443939209, 2.4781253337860107 
970, -0.3726719319820404, 4.54036808013916, 2.0512619018554688, 2.4837703704833984 
971, -0.37264102697372437, 4.6205735206604, 2.1098690032958984, 2.49924635887146 
972, -0.3726232647895813, 4.570022106170654, 2.089224100112915, 2.4737608432769775 
973, -0.37260156869888306, 4.790237188339233, 2.1600563526153564, 2.571599006652832 
974, -0.3725970983505249, 4.602985620498657, 2.101564407348633, 2.4957852363586426 
975, -0.3725932836532593, 4.583326816558838, 2.0720582008361816, 2.499739408493042 
976, -0.37261560559272766, 4.743606090545654, 2.0888092517852783, 2.5177502632141113 
977, -0.3726402521133423, 4.639845848083496, 2.100536346435547, 2.5330231189727783 
978, -0.3725851774215698, 4.57419490814209, 2.0815060138702393, 2.4862921237945557 
979, -0.37254512310028076, 4.6138014793396, 2.119194269180298, 2.4869701862335205 
980, -0.37254858016967773, 4.673658847808838, 2.0865213871002197, 2.5191409587860107 
981, -0.37255144119262695, 4.625256538391113, 2.1029558181762695, 2.516634225845337 
982, -0.37259045243263245, 4.68506646156311, 2.087987184524536, 2.5749456882476807 
983, -0.372604101896286, 4.587707281112671, 2.100897789001465, 2.480742931365967 
984, -0.3726126551628113, 4.729809284210205, 2.0905702114105225, 2.5057120323181152 
985, -0.3726445436477661, 4.544771671295166, 2.056182622909546, 2.4803192615509033 
986, -0.37268662452697754, 4.592929363250732, 2.0869789123535156, 2.49819016456604 
987, -0.37270915508270264, 4.628313064575195, 2.0917017459869385, 2.511291265487671 
988, -0.37274229526519775, 4.604137897491455, 2.099776029586792, 2.499586582183838 
989, -0.3728090524673462, 4.5823974609375, 2.0675439834594727, 2.4762067794799805 
990, -0.3728703260421753, 4.70330810546875, 2.1419219970703125, 2.5423192977905273 
991, -0.37286460399627686, 4.773953199386597, 2.1035656929016113, 2.53694748878479 
992, -0.3728744089603424, 4.603661775588989, 2.115825653076172, 2.481511116027832 
993, -0.37286293506622314, 4.5973968505859375, 2.0875678062438965, 2.5021727085113525 
994, -0.3727453052997589, 4.645782470703125, 2.091989278793335, 2.509648084640503 
995, -0.37262633442878723, 4.6018993854522705, 2.0964150428771973, 2.500072479248047 
996, -0.37253379821777344, 4.6462225914001465, 2.087552309036255, 2.5068516731262207 
997, -0.37255290150642395, 4.595811367034912, 2.096381187438965, 2.4945590496063232 
998, -0.3725948929786682, 4.721069812774658, 2.1423401832580566, 2.5563666820526123 
999, -0.37263500690460205, 4.579111814498901, 2.0755252838134766, 2.4987967014312744 
