Iteration, loss, time 
0, 0.8734120726585388, 3.9830386638641357, 1.8528823852539062, 2.124293804168701 
1, 0.8410015106201172, 3.5967421531677246, 1.4812877178192139, 2.111454963684082 
2, 0.8107690811157227, 3.5996816158294678, 1.4806413650512695, 2.1149630546569824 
3, 0.780566930770874, 3.9713215827941895, 1.7666418552398682, 2.2006919384002686 
4, 0.7519577741622925, 3.9149155616760254, 1.7818779945373535, 2.12892746925354 
5, 0.7243133783340454, 3.874194622039795, 1.780578374862671, 2.0874276161193848 
6, 0.6975123286247253, 3.851588726043701, 1.763672113418579, 2.0836124420166016 
7, 0.6705576181411743, 3.941192388534546, 1.7528104782104492, 2.1823909282684326 
8, 0.6445176601409912, 3.882868766784668, 1.7844905853271484, 2.0942978858947754 
9, 0.6191000938415527, 3.874307155609131, 1.7683119773864746, 2.1019649505615234 
10, 0.5943555235862732, 3.943225622177124, 1.7749686241149902, 2.1478023529052734 
11, 0.5699037313461304, 3.9617061614990234, 1.7897603511810303, 2.1677463054656982 
12, 0.5459136962890625, 3.9304990768432617, 1.8080275058746338, 2.118238925933838 
13, 0.5226133465766907, 3.926618814468384, 1.794511318206787, 2.128105401992798 
14, 0.5005038976669312, 4.107665061950684, 1.829634428024292, 2.27388596534729 
15, 0.4789471924304962, 4.191919803619385, 1.88649320602417, 2.300196886062622 
16, 0.4580678939819336, 4.039574861526489, 1.8374710083007812, 2.190985918045044 
17, 0.43787848949432373, 4.198317050933838, 1.9233121871948242, 2.2705204486846924 
18, 0.418038934469223, 4.03083872795105, 1.8318238258361816, 2.1950254440307617 
19, 0.39869505167007446, 4.248109579086304, 1.94956374168396, 2.294377565383911 
20, 0.3802366256713867, 4.072487115859985, 1.8614609241485596, 2.2054996490478516 
21, 0.3624410033226013, 4.218241930007935, 1.8608753681182861, 2.3483834266662598 
22, 0.34534603357315063, 4.060046911239624, 1.8741405010223389, 2.1804497241973877 
23, 0.3287562131881714, 4.183934688568115, 1.9353680610656738, 2.24432635307312 
24, 0.3126811385154724, 4.077529191970825, 1.8421695232391357, 2.230548620223999 
25, 0.297061949968338, 4.11203408241272, 1.7962932586669922, 2.2649893760681152 
26, 0.28210151195526123, 4.250312328338623, 1.9398071765899658, 2.3062143325805664 
27, 0.2681933343410492, 4.003402233123779, 1.8313424587249756, 2.167719602584839 
28, 0.25486481189727783, 4.182586669921875, 1.9217281341552734, 2.2555127143859863 
29, 0.242141455411911, 4.109286785125732, 1.8536491394042969, 2.250575065612793 
30, 0.22974945604801178, 4.24089241027832, 1.811485767364502, 2.2676126956939697 
31, 0.21762840449810028, 4.228767395019531, 1.9560518264770508, 2.264951705932617 
32, 0.2057037204504013, 4.069442272186279, 1.860088586807251, 2.2018938064575195 
33, 0.1937762051820755, 4.213139533996582, 1.8627781867980957, 2.314634323120117 
34, 0.18249651789665222, 4.189007997512817, 1.949944257736206, 2.23429012298584 
35, 0.17125079035758972, 4.093804121017456, 1.840592384338379, 2.2486987113952637 
36, 0.15993209183216095, 4.052035093307495, 1.8639047145843506, 2.1831865310668945 
37, 0.14869607985019684, 4.138202905654907, 1.8704049587249756, 2.263397455215454 
38, 0.13795356452465057, 4.142810583114624, 1.8873512744903564, 2.2322540283203125 
39, 0.1274995356798172, 4.238801956176758, 1.9170868396759033, 2.2629661560058594 
40, 0.11745847761631012, 4.188438892364502, 1.8676280975341797, 2.2714414596557617 
41, 0.10778942704200745, 4.095978736877441, 1.8341825008392334, 2.2576112747192383 
42, 0.09827332198619843, 4.149024724960327, 1.8634653091430664, 2.280597448348999 
43, 0.08900071680545807, 4.149674892425537, 1.8721458911895752, 2.2733232975006104 
44, 0.07963375747203827, 3.9969334602355957, 1.8039891719818115, 2.188206672668457 
45, 0.07100048661231995, 4.135353326797485, 1.8569324016571045, 2.274134397506714 
46, 0.06264664232730865, 4.0959391593933105, 1.8409271240234375, 2.2508208751678467 
47, 0.05456158518791199, 4.047734975814819, 1.8174192905426025, 2.226203441619873 
48, 0.04693418741226196, 4.175000429153442, 1.9181885719299316, 2.24489688873291 
49, 0.0395553857088089, 4.26671576499939, 1.948164701461792, 2.270840644836426 
50, 0.032168932259082794, 4.122847557067871, 1.8559677600860596, 2.261528968811035 
51, 0.024641506373882294, 4.279041290283203, 1.888711929321289, 2.2540953159332275 
52, 0.01715032011270523, 4.180364370346069, 1.8492984771728516, 2.326481342315674 
53, 0.009742677211761475, 4.268893480300903, 1.929093837738037, 2.3352437019348145 
54, 0.0025198012590408325, 4.245811700820923, 1.9465415477752686, 2.2945005893707275 
55, -0.0044639259576797485, 4.144418239593506, 1.8478739261627197, 2.292145013809204 
56, -0.011108353734016418, 4.311840772628784, 1.9569158554077148, 2.350581407546997 
57, -0.017570942640304565, 4.226247310638428, 1.884436845779419, 2.334000825881958 
58, -0.02372582256793976, 4.307816743850708, 1.9234206676483154, 2.378141403198242 
59, -0.029797092080116272, 4.236307382583618, 1.9022958278656006, 2.3219757080078125 
60, -0.03550952672958374, 4.387804985046387, 2.006369113922119, 2.3761355876922607 
61, -0.04069924354553223, 4.240997791290283, 1.9086365699768066, 2.3279976844787598 
62, -0.046169787645339966, 4.220456123352051, 1.8894848823547363, 2.326552391052246 
63, -0.05190901458263397, 4.439021825790405, 1.9458017349243164, 2.4639968872070312 
64, -0.05790672451257706, 4.6033453941345215, 1.9505178928375244, 2.354982376098633 
65, -0.06373200565576553, 4.307115077972412, 1.9608488082885742, 2.3418185710906982 
66, -0.06892924755811691, 4.089521169662476, 1.8802006244659424, 2.205155849456787 
67, -0.07382051646709442, 4.092954635620117, 1.8148562908172607, 2.266986131668091 
68, -0.07868430018424988, 4.13264274597168, 1.8818295001983643, 2.2461090087890625 
69, -0.08359068632125854, 4.032501220703125, 1.8117783069610596, 2.2117106914520264 
70, -0.08839595317840576, 4.123238801956177, 1.866272211074829, 2.2526986598968506 
71, -0.0928616002202034, 4.1005871295928955, 1.9272749423980713, 2.1693103313446045 
72, -0.09700028598308563, 4.272572755813599, 1.9049468040466309, 2.35300612449646 
73, -0.10111954808235168, 4.241276264190674, 1.8385469913482666, 2.235447645187378 
74, -0.10502762347459793, 4.062778949737549, 1.8584229946136475, 2.1944854259490967 
75, -0.10874181985855103, 4.185978412628174, 1.9047973155975342, 2.2542243003845215 
76, -0.11222957819700241, 4.040198564529419, 1.8312010765075684, 2.204404830932617 
77, -0.11558014899492264, 4.133167028427124, 1.881582498550415, 2.2469723224639893 
78, -0.11891376227140427, 4.059788942337036, 1.842315912246704, 2.2105813026428223 
79, -0.12222741544246674, 4.134307146072388, 1.8916122913360596, 2.2317211627960205 
80, -0.12517878413200378, 3.9791860580444336, 1.8041911125183105, 2.170694589614868 
81, -0.12820658087730408, 4.262510776519775, 1.948052167892456, 2.296826124191284 
82, -0.13136354088783264, 4.2353901863098145, 1.8652310371398926, 2.2918002605438232 
83, -0.1346093863248825, 4.1463282108306885, 1.8796229362487793, 2.249028205871582 
84, -0.13776925206184387, 3.9804909229278564, 1.8247849941253662, 2.151505708694458 
85, -0.1406416893005371, 4.149078369140625, 1.8867335319519043, 2.2573657035827637 
86, -0.14349216222763062, 4.086599588394165, 1.9036200046539307, 2.1788103580474854 
87, -0.1460636705160141, 4.1746790409088135, 1.8474407196044922, 2.323011875152588 
88, -0.14863622188568115, 4.040297985076904, 1.852766752243042, 2.1816554069519043 
89, -0.15122877061367035, 4.111692667007446, 1.8438019752502441, 2.260443925857544 
90, -0.1537570357322693, 4.232690095901489, 1.9623427391052246, 2.230957269668579 
91, -0.1563105583190918, 4.305732250213623, 1.9094266891479492, 2.2673861980438232 
92, -0.1588062345981598, 4.009955644607544, 1.8446948528289795, 2.1587095260620117 
93, -0.16120073199272156, 4.112926006317139, 1.8329088687896729, 2.275794506072998 
94, -0.16348040103912354, 4.029829740524292, 1.8542582988739014, 2.169356107711792 
95, -0.16545259952545166, 4.091369152069092, 1.828878402709961, 2.258222818374634 
96, -0.1674613058567047, 4.047871112823486, 1.8599894046783447, 2.183109998703003 
97, -0.16938935220241547, 4.143344163894653, 1.8143656253814697, 2.3187692165374756 
98, -0.17143920063972473, 4.165095806121826, 1.8848721981048584, 2.2380926609039307 
99, -0.1735146939754486, 4.167489290237427, 1.830005407333374, 2.2783563137054443 
100, -0.1755138337612152, 4.279468059539795, 1.9054770469665527, 2.247110366821289 
101, -0.17744718492031097, 4.129191637039185, 1.9192063808441162, 2.205247163772583 
102, -0.17938914895057678, 4.059654474258423, 1.7990951538085938, 2.25657057762146 
103, -0.1811825931072235, 4.108299493789673, 1.8607399463653564, 2.2421929836273193 
104, -0.18297654390335083, 4.049928426742554, 1.8008036613464355, 2.243738889694214 
105, -0.1848333477973938, 4.203181266784668, 1.941770076751709, 2.24931263923645 
106, -0.18644317984580994, 4.11372971534729, 1.8408405780792236, 2.244547128677368 
107, -0.18800535798072815, 4.101072549819946, 1.8107519149780273, 2.283515214920044 
108, -0.1896698921918869, 4.23673415184021, 1.9352858066558838, 2.2954044342041016 
109, -0.19138948619365692, 4.119671106338501, 1.8099958896636963, 2.2400870323181152 
110, -0.19305649399757385, 4.1582350730896, 1.8866522312164307, 2.2659072875976562 
111, -0.19473513960838318, 4.026694297790527, 1.8458929061889648, 2.1724328994750977 
112, -0.19635765254497528, 4.215174198150635, 1.9131534099578857, 2.292813301086426 
113, -0.19798879325389862, 4.047863721847534, 1.8748390674591064, 2.166381597518921 
114, -0.1994762122631073, 4.134593963623047, 1.836655855178833, 2.2926526069641113 
115, -0.2010103166103363, 4.087759017944336, 1.866776466369629, 2.202603816986084 
116, -0.20250752568244934, 4.250994920730591, 1.8483173847198486, 2.26487398147583 
117, -0.2038538008928299, 4.125595331192017, 1.8751587867736816, 2.244724988937378 
118, -0.20526275038719177, 4.161077260971069, 1.825434684753418, 2.3089709281921387 
119, -0.20670780539512634, 4.130126237869263, 1.8872196674346924, 2.235940456390381 
120, -0.20805716514587402, 4.112218856811523, 1.8504161834716797, 2.2553718090057373 
121, -0.20934340357780457, 4.222135543823242, 1.9307622909545898, 2.24910044670105 
122, -0.2105647623538971, 4.017444610595703, 1.8401458263397217, 2.1732118129730225 
123, -0.21180924773216248, 4.245358228683472, 1.9089336395263672, 2.315601110458374 
124, -0.21297502517700195, 4.042705059051514, 1.8547892570495605, 2.1832175254821777 
125, -0.2139640748500824, 4.283579111099243, 1.882399082183838, 2.2681283950805664 
126, -0.21485240757465363, 4.082898139953613, 1.8294401168823242, 2.225217342376709 
127, -0.21580468118190765, 4.178937673568726, 1.8967578411102295, 2.2757089138031006 
128, -0.21684867143630981, 4.084951639175415, 1.8700895309448242, 2.1828196048736572 
129, -0.2179984152317047, 4.093674421310425, 1.8331239223480225, 2.2555620670318604 
130, -0.2190677523612976, 4.027434587478638, 1.8460826873779297, 2.17539119720459 
131, -0.22002962231636047, 4.202779769897461, 1.8291435241699219, 2.3582210540771484 
132, -0.22089210152626038, 4.183021545410156, 1.9195222854614258, 2.2574405670166016 
133, -0.22184839844703674, 4.004582405090332, 1.840606451034546, 2.159238815307617 
134, -0.22287940979003906, 4.265817165374756, 1.8815293312072754, 2.2610135078430176 
135, -0.22390636801719666, 4.063773155212402, 1.8885776996612549, 2.169574737548828 
136, -0.22471897304058075, 4.204585075378418, 1.8933141231536865, 2.287262439727783 
137, -0.2254776656627655, 4.123434782028198, 1.8590452671051025, 2.2571325302124023 
138, -0.22617483139038086, 4.036789894104004, 1.796778917312622, 2.2343950271606445 
139, -0.22699779272079468, 4.180179834365845, 1.9110772609710693, 2.2487642765045166 
140, -0.227736234664917, 4.058198928833008, 1.8663249015808105, 2.187147378921509 
141, -0.22844374179840088, 4.152421951293945, 1.8522169589996338, 2.293461322784424 
142, -0.22922030091285706, 4.134656190872192, 1.850583553314209, 2.2790162563323975 
143, -0.22988833487033844, 4.0853118896484375, 1.8639304637908936, 2.161849021911621 
144, -0.23070642352104187, 4.114056825637817, 1.8354098796844482, 2.2743961811065674 
145, -0.23128671944141388, 4.184398651123047, 1.8630149364471436, 2.30376935005188 
146, -0.23185420036315918, 4.1095898151397705, 1.8538644313812256, 2.246145725250244 
147, -0.23243269324302673, 4.166918754577637, 1.8713469505310059, 2.277362823486328 
148, -0.23292772471904755, 4.028445720672607, 1.8473231792449951, 2.1764588356018066 
149, -0.23345538973808289, 4.084080934524536, 1.806417465209961, 2.2727925777435303 
150, -0.23413994908332825, 4.141939401626587, 1.9072930812835693, 2.2298731803894043 
151, -0.23480165004730225, 4.04719614982605, 1.84712815284729, 2.1930062770843506 
152, -0.2353026568889618, 4.137196779251099, 1.837768316268921, 2.2396037578582764 
153, -0.23574542999267578, 4.098726987838745, 1.8473269939422607, 2.245253086090088 
154, -0.23632773756980896, 4.221322774887085, 1.9293098449707031, 2.274867534637451 
155, -0.23694342374801636, 4.19340705871582, 1.8474876880645752, 2.328275680541992 
156, -0.2374621331691742, 4.0265748500823975, 1.845383644104004, 2.176020622253418 
157, -0.23791930079460144, 4.171930313110352, 1.8193652629852295, 2.3470895290374756 
158, -0.23832783102989197, 4.102735280990601, 1.8499062061309814, 2.248206377029419 
159, -0.23886699974536896, 4.024182081222534, 1.7956578731536865, 2.21759295463562 
160, -0.2393641620874405, 4.281988143920898, 1.874281406402588, 2.2516658306121826 
161, -0.23991775512695312, 4.132763624191284, 1.848127841949463, 2.2787387371063232 
162, -0.24041718244552612, 4.236298322677612, 1.8172016143798828, 2.350487232208252 
163, -0.24094679951667786, 4.160482406616211, 1.8946287631988525, 2.2476608753204346 
164, -0.2414802461862564, 3.9741313457489014, 1.794886827468872, 2.1734066009521484 
165, -0.2419719696044922, 4.21200156211853, 1.946221113204956, 2.261054039001465 
166, -0.24246712028980255, 3.995682716369629, 1.838099479675293, 2.1514203548431396 
167, -0.24293333292007446, 4.270347595214844, 1.8917088508605957, 2.24070405960083 
168, -0.24327869713306427, 4.113595962524414, 1.8460187911987305, 2.2627594470977783 
169, -0.24359147250652313, 4.123441934585571, 1.9140253067016602, 2.204580783843994 
170, -0.2438959777355194, 4.208199501037598, 1.9107768535614014, 2.2691986560821533 
171, -0.24421167373657227, 4.114742755889893, 1.864567756652832, 2.2418949604034424 
172, -0.24451008439064026, 4.2299909591674805, 1.8602402210235596, 2.364574432373047 
173, -0.24466118216514587, 4.1027512550354, 1.8446040153503418, 2.2533657550811768 
174, -0.2449621856212616, 4.045340299606323, 1.8625295162200928, 2.170994997024536 
175, -0.24525219202041626, 4.1471781730651855, 1.8759589195251465, 2.2669849395751953 
176, -0.24556124210357666, 4.291839361190796, 1.8630626201629639, 2.305556535720825 
177, -0.24590596556663513, 4.059685230255127, 1.8683083057403564, 2.1751933097839355 
178, -0.24627918004989624, 4.158256530761719, 1.8872528076171875, 2.2667040824890137 
179, -0.24662242829799652, 4.120786666870117, 1.847127914428711, 2.2532832622528076 
180, -0.24698024988174438, 4.127609014511108, 1.9236769676208496, 2.1979401111602783 
181, -0.24728591740131378, 4.145994663238525, 1.8736507892608643, 2.2642831802368164 
182, -0.24755293130874634, 4.121530532836914, 1.8477458953857422, 2.265211343765259 
183, -0.24781328439712524, 4.023839235305786, 1.8505609035491943, 2.167729616165161 
184, -0.24800369143486023, 4.283331871032715, 1.9717483520507812, 2.264299154281616 
185, -0.2482893317937851, 4.259615421295166, 1.8666470050811768, 2.2646899223327637 
186, -0.2485930621623993, 3.992297649383545, 1.7983644008636475, 2.187795400619507 
187, -0.24887505173683167, 4.238161087036133, 1.8824868202209473, 2.334770679473877 
188, -0.24914011359214783, 4.091948509216309, 1.8628003597259521, 2.2244391441345215 
189, -0.2494080662727356, 4.118166923522949, 1.8698596954345703, 2.236926317214966 
190, -0.249668151140213, 4.080515146255493, 1.8443975448608398, 2.231609344482422 
191, -0.24982334673404694, 4.138007640838623, 1.90537691116333, 2.2258732318878174 
192, -0.2501336634159088, 4.136530876159668, 1.8328661918640137, 2.2687323093414307 
193, -0.25038304924964905, 4.233565330505371, 1.8458149433135986, 2.251690149307251 
194, -0.25065889954566956, 4.055447578430176, 1.8648834228515625, 2.185898542404175 
195, -0.2508586645126343, 4.237201929092407, 1.9444563388824463, 2.2679855823516846 
196, -0.251006543636322, 3.996250867843628, 1.8303070068359375, 2.1612043380737305 
197, -0.2511679530143738, 4.323651075363159, 1.9012949466705322, 2.4023983478546143 
198, -0.2512851059436798, 4.191941022872925, 1.8545563220977783, 2.313514232635498 
199, -0.2513786554336548, 4.143454551696777, 1.8902771472930908, 2.174692153930664 
200, -0.2516021728515625, 4.146239280700684, 1.8694007396697998, 2.272601842880249 
201, -0.2517814338207245, 4.042795419692993, 1.8546664714813232, 2.180055618286133 
202, -0.2518923878669739, 4.181081771850586, 1.8289854526519775, 2.291520357131958 
203, -0.2521438002586365, 4.139514207839966, 1.864271879196167, 2.2573134899139404 
204, -0.25235769152641296, 4.0236663818359375, 1.8079311847686768, 2.2113938331604004 
205, -0.2525550425052643, 4.246086597442627, 1.9278981685638428, 2.300565719604492 
206, -0.2527696490287781, 4.114073276519775, 1.877044677734375, 2.228821039199829 
207, -0.25290071964263916, 4.262554407119751, 1.8619842529296875, 2.352792978286743 
208, -0.25304335355758667, 4.1043877601623535, 1.8631153106689453, 2.234772205352783 
209, -0.25323957204818726, 4.084856271743774, 1.848282814025879, 2.2302753925323486 
210, -0.2535003125667572, 4.1066179275512695, 1.8712477684020996, 2.231130361557007 
211, -0.25369343161582947, 4.370772838592529, 1.9096298217773438, 2.285776138305664 
212, -0.2537916302680969, 4.206741571426392, 1.8565893173217773, 2.3204290866851807 
213, -0.25388413667678833, 4.121653318405151, 1.8844375610351562, 2.232773780822754 
214, -0.25400325655937195, 4.1426708698272705, 1.8858287334442139, 2.251359701156616 
215, -0.2541407346725464, 4.093652009963989, 1.8705224990844727, 2.195246696472168 
216, -0.2542109489440918, 4.13229513168335, 1.8222510814666748, 2.3057804107666016 
217, -0.254317969083786, 4.157602310180664, 1.8634998798370361, 2.284071445465088 
218, -0.2546244263648987, 4.100972414016724, 1.8591334819793701, 2.1773123741149902 
219, -0.2548433542251587, 4.156964540481567, 1.8740298748016357, 2.26419997215271 
220, -0.25495803356170654, 4.09216046333313, 1.8372125625610352, 2.249631404876709 
221, -0.2550635039806366, 4.1902172565460205, 1.9006967544555664, 2.282521963119507 
222, -0.2552013397216797, 4.087646245956421, 1.8546123504638672, 2.2279515266418457 
223, -0.25541067123413086, 4.036801815032959, 1.8257331848144531, 2.205122947692871 
224, -0.2555820345878601, 4.17227578163147, 1.8429982662200928, 2.2776975631713867 
225, -0.25560593605041504, 4.120896577835083, 1.895880937576294, 2.2201430797576904 
226, -0.2556436061859131, 4.158498048782349, 1.8642215728759766, 2.2843618392944336 
227, -0.2557700276374817, 4.03620719909668, 1.8410160541534424, 2.1895134449005127 
228, -0.2559577226638794, 4.232313394546509, 1.8251142501831055, 2.270897626876831 
229, -0.25600534677505493, 4.112592935562134, 1.8553717136383057, 2.2515103816986084 
230, -0.2562143802642822, 4.060175180435181, 1.799330234527588, 2.2486279010772705 
231, -0.2564283311367035, 4.155902862548828, 1.8901629447937012, 2.260988235473633 
232, -0.2565953731536865, 4.115064382553101, 1.8399696350097656, 2.2699007987976074 
233, -0.25664862990379333, 4.147312164306641, 1.8339598178863525, 2.2999367713928223 
234, -0.2567172050476074, 4.0859315395355225, 1.8690221309661865, 2.208439588546753 
235, -0.2567919194698334, 4.12592625617981, 1.8433918952941895, 2.265333414077759 
236, -0.25686007738113403, 4.160125494003296, 1.8706419467926025, 2.2852768898010254 
237, -0.2569970488548279, 4.106656789779663, 1.7905185222625732, 2.187509536743164 
238, -0.2570032775402069, 4.297464370727539, 1.980527400970459, 2.296398401260376 
239, -0.2570188641548157, 4.099889278411865, 1.8511881828308105, 2.243680715560913 
240, -0.2570866048336029, 4.207262754440308, 1.925201416015625, 2.24289608001709 
241, -0.25718963146209717, 4.0395472049713135, 1.844270944595337, 2.190513849258423 
242, -0.2573006749153137, 4.132275342941284, 1.839792251586914, 2.280606746673584 
243, -0.25740790367126465, 4.137049674987793, 1.864290475845337, 2.2523951530456543 
244, -0.2574656009674072, 4.089515686035156, 1.9161791801452637, 2.168705463409424 
245, -0.25754308700561523, 4.1667869091033936, 1.903404712677002, 2.2589735984802246 
246, -0.25760143995285034, 4.379510164260864, 1.8750176429748535, 2.3211352825164795 
247, -0.2577240467071533, 4.161117076873779, 1.9144325256347656, 2.242023229598999 
248, -0.2577904462814331, 4.218385934829712, 1.8553893566131592, 2.3238818645477295 
249, -0.25792092084884644, 4.110220670700073, 1.8747069835662842, 2.229797601699829 
250, -0.2580135464668274, 4.034652471542358, 1.8462059497833252, 2.184117078781128 
251, -0.258041113615036, 4.158917188644409, 1.807830572128296, 2.333331823348999 
252, -0.2581055760383606, 4.129289150238037, 1.8777732849121094, 2.244029998779297 
253, -0.2582451105117798, 4.0631935596466064, 1.7904291152954102, 2.2647595405578613 
254, -0.2583341896533966, 4.1330626010894775, 1.897080659866333, 2.230940341949463 
255, -0.258392870426178, 4.167609453201294, 1.9348294734954834, 2.17646861076355 
256, -0.2584536671638489, 4.357818603515625, 1.8330426216125488, 2.487863302230835 
257, -0.258415162563324, 4.113389015197754, 1.8695895671844482, 2.2386913299560547 
258, -0.2583960294723511, 4.115405559539795, 1.8454313278198242, 2.2618937492370605 
259, -0.25836652517318726, 4.047473192214966, 1.8308098316192627, 2.209890604019165 
260, -0.25838685035705566, 4.126706838607788, 1.872361660003662, 2.246685028076172 
261, -0.258404016494751, 4.060539722442627, 1.8697848320007324, 2.1841843128204346 
262, -0.25854313373565674, 4.127055883407593, 1.7990527153015137, 2.3233025074005127 
263, -0.2586149275302887, 4.080925703048706, 1.85349702835083, 2.1759731769561768 
264, -0.2587646245956421, 4.266270399093628, 1.8651442527770996, 2.3505871295928955 
265, -0.2588275372982025, 4.111906290054321, 1.8659358024597168, 2.2412455081939697 
266, -0.25876519083976746, 4.06655740737915, 1.8398737907409668, 2.222444534301758 
267, -0.2588074803352356, 4.138169050216675, 1.813056468963623, 2.2998480796813965 
268, -0.25891023874282837, 4.0910561084747314, 1.8485438823699951, 2.23744535446167 
269, -0.25905418395996094, 4.007594585418701, 1.8117315769195557, 2.1899361610412598 
270, -0.2591233551502228, 4.198235511779785, 1.9384307861328125, 2.255424976348877 
271, -0.2591853141784668, 4.103495836257935, 1.8542425632476807, 2.1926825046539307 
272, -0.25919610261917114, 4.173964262008667, 1.8607580661773682, 2.2991156578063965 
273, -0.2591908574104309, 4.156483173370361, 1.8762924671173096, 2.252434253692627 
274, -0.25914645195007324, 4.059596300125122, 1.860382080078125, 2.194277048110962 
275, -0.2591804265975952, 4.130840301513672, 1.851240873336792, 2.2533535957336426 
276, -0.2592005729675293, 4.0283362865448, 1.827096939086914, 2.1903276443481445 
277, -0.2592664957046509, 4.185131311416626, 1.8594064712524414, 2.320620059967041 
278, -0.259274959564209, 4.012660503387451, 1.8039085865020752, 2.197391986846924 
279, -0.25938159227371216, 4.1493518352508545, 1.8825945854187012, 2.2612733840942383 
280, -0.2594797611236572, 4.1044921875, 1.8401434421539307, 2.259521007537842 
281, -0.25948143005371094, 4.1024603843688965, 1.8422431945800781, 2.209852695465088 
282, -0.25952020287513733, 4.488729476928711, 1.9171295166015625, 2.499269723892212 
283, -0.2595565617084503, 4.138906478881836, 1.8570013046264648, 2.2627692222595215 
284, -0.2595589756965637, 4.02728796005249, 1.8465964794158936, 2.1747260093688965 
285, -0.259500116109848, 4.217578649520874, 1.9616496562957764, 2.250190019607544 
286, -0.25959187746047974, 4.047804355621338, 1.8459007740020752, 2.1972944736480713 
287, -0.25975272059440613, 4.183837652206421, 1.9210050106048584, 2.258090019226074 
288, -0.2598632574081421, 4.022019386291504, 1.8489665985107422, 2.168769598007202 
289, -0.2598991394042969, 4.258789777755737, 1.858672857284546, 2.291658639907837 
290, -0.2599473297595978, 4.161397457122803, 1.8512554168701172, 2.269479274749756 
291, -0.2599189281463623, 4.020056962966919, 1.852034330368042, 2.1601085662841797 
292, -0.25989270210266113, 4.1701273918151855, 1.8393023014068604, 2.320894956588745 
293, -0.2600192427635193, 4.086431980133057, 1.8421518802642822, 2.23922061920166 
294, -0.2600717544555664, 4.011990785598755, 1.827803373336792, 2.1772568225860596 
295, -0.2600688934326172, 4.1474363803863525, 1.869779348373413, 2.2733535766601562 
296, -0.26014238595962524, 4.184825420379639, 1.8570396900177002, 2.2129693031311035 
297, -0.2601144313812256, 4.170205354690552, 1.8649497032165527, 2.270756483078003 
298, -0.26010483503341675, 4.129995584487915, 1.8742876052856445, 2.2509591579437256 
299, -0.2601812779903412, 4.135321140289307, 1.8512144088745117, 2.2638463973999023 
300, -0.26023799180984497, 4.181594133377075, 1.9154613018035889, 2.2577810287475586 
301, -0.26028090715408325, 4.0433080196380615, 1.8500611782073975, 2.1865596771240234 
302, -0.26033347845077515, 4.326950311660767, 1.9786360263824463, 2.3332695960998535 
303, -0.26031699776649475, 4.025632858276367, 1.8385443687438965, 2.1812515258789062 
304, -0.26031172275543213, 4.103720664978027, 1.842297077178955, 2.2571120262145996 
305, -0.26036879420280457, 4.038955926895142, 1.844588041305542, 2.1895008087158203 
306, -0.2604033350944519, 4.231328964233398, 1.806337833404541, 2.2543387413024902 
307, -0.26035720109939575, 4.233215570449829, 1.8857884407043457, 2.322016477584839 
308, -0.2603675127029419, 4.106929063796997, 1.923553228378296, 2.178183078765869 
309, -0.26038894057273865, 4.115232706069946, 1.8644380569458008, 2.246551990509033 
310, -0.26044905185699463, 3.9912915229797363, 1.8183469772338867, 2.168701410293579 
311, -0.2604953646659851, 4.317698955535889, 1.8999218940734863, 2.3882977962493896 
312, -0.2604787051677704, 4.047667503356934, 1.8502297401428223, 2.1931707859039307 
313, -0.26054972410202026, 4.1096391677856445, 1.8137784004211426, 2.2909343242645264 
314, -0.26058197021484375, 4.1081383228302, 1.850825309753418, 2.2284724712371826 
315, -0.2605985105037689, 4.142467498779297, 1.80116605758667, 2.327275037765503 
316, -0.26058802008628845, 4.258374214172363, 1.896665096282959, 2.231287717819214 
317, -0.26046615839004517, 4.02201771736145, 1.8178088665008545, 2.1998708248138428 
318, -0.2605143189430237, 4.115957736968994, 1.8598477840423584, 2.250563144683838 
319, -0.2606954872608185, 4.1847288608551025, 1.9092788696289062, 2.2679312229156494 
320, -0.2606604993343353, 4.082756996154785, 1.8100733757019043, 2.2665016651153564 
321, -0.2606295347213745, 4.153129816055298, 1.9159574508666992, 2.2283735275268555 
322, -0.26066088676452637, 4.090327262878418, 1.8126275539398193, 2.2270305156707764 
323, -0.26070767641067505, 4.1960015296936035, 1.9303550720214844, 2.245131492614746 
324, -0.2607511281967163, 4.109361886978149, 1.8352327346801758, 2.1562082767486572 
325, -0.26062291860580444, 4.204429388046265, 1.9293901920318604, 2.2654640674591064 
326, -0.2606305480003357, 4.092592477798462, 1.816826343536377, 2.271144151687622 
327, -0.26075658202171326, 4.160137176513672, 1.906785249710083, 2.247530698776245 
328, -0.26076263189315796, 4.048576354980469, 1.872922420501709, 2.171386957168579 
329, -0.26075589656829834, 4.236939191818237, 1.8797979354858398, 2.3476898670196533 
330, -0.2607433497905731, 4.192652940750122, 1.832481861114502, 2.307462453842163 
331, -0.26067686080932617, 4.067842245101929, 1.8867628574371338, 2.1734328269958496 
332, -0.2606779932975769, 4.078854560852051, 1.8141236305236816, 2.2604308128356934 
333, -0.2607705593109131, 4.362704277038574, 1.8557307720184326, 2.3534741401672363 
334, -0.2606942653656006, 4.154301643371582, 1.8895630836486816, 2.259209156036377 
335, -0.2607274055480957, 4.087455987930298, 1.8490455150604248, 2.2292537689208984 
336, -0.2608196437358856, 4.061039686203003, 1.8276646137237549, 2.2290797233581543 
337, -0.2608032524585724, 4.121030569076538, 1.8575313091278076, 2.254945755004883 
338, -0.2608150541782379, 4.169469356536865, 1.936751127243042, 2.210310220718384 
339, -0.2608688175678253, 4.1525421142578125, 1.8516287803649902, 2.2953057289123535 
340, -0.26086360216140747, 4.086150646209717, 1.8513593673706055, 2.2299485206604004 
341, -0.26087620854377747, 4.243157386779785, 1.8078773021697998, 2.302238702774048 
342, -0.26086708903312683, 4.2711756229400635, 1.932084083557129, 2.3228204250335693 
343, -0.2608591914176941, 4.053171873092651, 1.8150153160095215, 2.232607841491699 
344, -0.26091641187667847, 4.1719982624053955, 1.9090254306793213, 2.2526512145996094 
345, -0.2608919143676758, 4.1286070346832275, 1.8761351108551025, 2.2476353645324707 
346, -0.26081976294517517, 4.1413328647613525, 1.807596206665039, 2.2771859169006348 
347, -0.2608516216278076, 4.1751182079315186, 1.9194984436035156, 2.2484569549560547 
348, -0.2608375549316406, 4.059328079223633, 1.8237383365631104, 2.2301859855651855 
349, -0.26087838411331177, 4.178954601287842, 1.927274227142334, 2.2437374591827393 
350, -0.26090264320373535, 4.023210525512695, 1.8485183715820312, 2.1699936389923096 
351, -0.2609405517578125, 4.299307107925415, 1.8790338039398193, 2.3162670135498047 
352, -0.2608960270881653, 4.30359148979187, 1.9154832363128662, 2.3681540489196777 
353, -0.2608950138092041, 4.066083669662476, 1.8736820220947266, 2.185230016708374 
354, -0.2609623968601227, 4.19482421875, 1.91457200050354, 2.262096881866455 
355, -0.2609867453575134, 4.101758003234863, 1.8824915885925293, 2.18734073638916 
356, -0.26097631454467773, 4.1651835441589355, 1.8462188243865967, 2.314586877822876 
357, -0.2608765661716461, 4.086138963699341, 1.8596715927124023, 2.218148708343506 
358, -0.26086580753326416, 4.044584512710571, 1.8265154361724854, 2.168299436569214 
359, -0.2609468102455139, 4.088881015777588, 1.8238019943237305, 2.2589893341064453 
360, -0.2609403729438782, 4.086390256881714, 1.857546091079712, 2.224116563796997 
361, -0.2610369920730591, 4.1623687744140625, 1.8584685325622559, 2.28877592086792 
362, -0.2610636353492737, 4.139835834503174, 1.8581016063690186, 2.256441593170166 
363, -0.261020302772522, 4.074652671813965, 1.8680901527404785, 2.20045804977417 
364, -0.26102983951568604, 4.2671058177948, 1.9483022689819336, 2.2775521278381348 
365, -0.26106876134872437, 4.033865690231323, 1.8619914054870605, 2.167649745941162 
366, -0.26098722219467163, 4.064168214797974, 1.8013136386871338, 2.258540630340576 
367, -0.2609366178512573, 4.052350759506226, 1.8306429386138916, 2.2165212631225586 
368, -0.26091694831848145, 4.26842737197876, 1.9275364875793457, 2.2805120944976807 
369, -0.26097071170806885, 4.183119773864746, 1.9046759605407715, 2.2720789909362793 
370, -0.2609651982784271, 4.1457788944244385, 1.8598175048828125, 2.264963150024414 
371, -0.26105213165283203, 4.121523141860962, 1.8579542636871338, 2.257545232772827 
372, -0.26121294498443604, 4.120348691940308, 1.8549525737762451, 2.261129856109619 
373, -0.2612067461013794, 4.066850185394287, 1.8785476684570312, 2.1809051036834717 
374, -0.2611158490180969, 4.143362998962402, 1.859471321105957, 2.2788498401641846 
375, -0.26106077432632446, 4.072819709777832, 1.8428597450256348, 2.2250781059265137 
376, -0.26090776920318604, 4.311151742935181, 1.8584039211273193, 2.3779802322387695 
377, -0.26081955432891846, 4.03158974647522, 1.849503517150879, 2.17789626121521 
378, -0.260701060295105, 4.13122034072876, 1.831294059753418, 2.2761611938476562 
379, -0.2607930898666382, 4.161134719848633, 1.941103219985962, 2.2122581005096436 
380, -0.26101231575012207, 4.079637050628662, 1.7987666130065918, 2.2761104106903076 
381, -0.2611604928970337, 4.108762741088867, 1.857137680053711, 2.2435836791992188 
382, -0.26116159558296204, 4.053208351135254, 1.8530473709106445, 2.170933246612549 
383, -0.26116424798965454, 4.202908039093018, 1.8888115882873535, 2.309828281402588 
384, -0.2612189054489136, 4.339022874832153, 1.8566632270812988, 2.3440752029418945 
385, -0.26122671365737915, 4.022582054138184, 1.8300065994262695, 2.1876957416534424 
386, -0.26124584674835205, 4.234110116958618, 1.8673269748687744, 2.3340370655059814 
387, -0.2612190246582031, 4.060822248458862, 1.8226099014282227, 2.2340846061706543 
388, -0.26116669178009033, 4.144868612289429, 1.894261360168457, 2.2431530952453613 
389, -0.2611788511276245, 4.074533224105835, 1.8264567852020264, 2.2410874366760254 
390, -0.2612162232398987, 4.187047719955444, 1.8576126098632812, 2.290846586227417 
391, -0.2612142562866211, 4.050803899765015, 1.8679921627044678, 2.1780526638031006 
392, -0.26122555136680603, 4.193712472915649, 1.8066651821136475, 2.358912944793701 
393, -0.26124224066734314, 4.26594090461731, 1.8813133239746094, 2.2542123794555664 
394, -0.26125624775886536, 4.234838247299194, 1.9055595397949219, 2.319284677505493 
395, -0.2611345648765564, 4.211083173751831, 1.9497392177581787, 2.2571005821228027 
396, -0.26117974519729614, 4.01091456413269, 1.8412737846374512, 2.1654176712036133 
397, -0.26131144165992737, 4.092236757278442, 1.8611335754394531, 2.2265164852142334 
398, -0.26126760244369507, 4.150047302246094, 1.8859689235687256, 2.2592525482177734 
399, -0.26123514771461487, 4.124644041061401, 1.7998943328857422, 2.2840142250061035 
400, -0.26121366024017334, 4.189397096633911, 1.9300737380981445, 2.25506854057312 
401, -0.26118314266204834, 4.10482382774353, 1.8248357772827148, 2.256578207015991 
402, -0.26124173402786255, 4.397953748703003, 1.94339919090271, 2.2992935180664062 
403, -0.261271595954895, 4.021805286407471, 1.8385848999023438, 2.1762263774871826 
404, -0.26127034425735474, 4.144842863082886, 1.8404850959777832, 2.297208786010742 
405, -0.2612432837486267, 4.183396339416504, 1.8506765365600586, 2.3279614448547363 
406, -0.2612724304199219, 4.021485090255737, 1.8515269756317139, 2.1653285026550293 
407, -0.26126164197921753, 4.11572527885437, 1.8694229125976562, 2.2420480251312256 
408, -0.2612319588661194, 4.035245180130005, 1.832165241241455, 2.1616086959838867 
409, -0.26123690605163574, 4.240745544433594, 1.9658384323120117, 2.2706620693206787 
410, -0.26120004057884216, 4.256439685821533, 1.912858486175537, 2.311354398727417 
411, -0.2612687349319458, 4.139031171798706, 1.835014820098877, 2.2378077507019043 
412, -0.2612641453742981, 4.112449884414673, 1.848773717880249, 2.258389472961426 
413, -0.26128363609313965, 4.078420877456665, 1.8449888229370117, 2.2282092571258545 
414, -0.2613063454627991, 4.116398811340332, 1.8555035591125488, 2.256131649017334 
415, -0.26129385828971863, 4.080300569534302, 1.8358056545257568, 2.239689588546753 
416, -0.26124849915504456, 4.107089281082153, 1.8163135051727295, 2.2830684185028076 
417, -0.26121985912323, 4.1410815715789795, 1.87583589553833, 2.260242462158203 
418, -0.26121771335601807, 4.077773571014404, 1.885812520980835, 2.169323205947876 
419, -0.26130223274230957, 4.226855516433716, 1.8954458236694336, 2.326202154159546 
420, -0.2613029181957245, 4.128787994384766, 1.8439075946807861, 2.232654333114624 
421, -0.26131486892700195, 4.113137722015381, 1.8341712951660156, 2.2678585052490234 
422, -0.26127421855926514, 4.10316276550293, 1.8603615760803223, 2.2345454692840576 
423, -0.2611958980560303, 4.002273082733154, 1.829016923904419, 2.1674070358276367 
424, -0.26120930910110474, 4.329449892044067, 1.9906561374664307, 2.299659490585327 
425, -0.2611994743347168, 4.059783697128296, 1.870696783065796, 2.1816701889038086 
426, -0.2612454295158386, 4.113054513931274, 1.8304009437561035, 2.2783520221710205 
427, -0.26122069358825684, 4.005344867706299, 1.8422491550445557, 2.1580491065979004 
428, -0.2611967921257019, 4.432755470275879, 1.8953742980957031, 2.368237257003784 
429, -0.2611411213874817, 4.119356632232666, 1.861877679824829, 2.2526907920837402 
430, -0.2611953318119049, 4.062235593795776, 1.7789809703826904, 2.27846097946167 
431, -0.26114851236343384, 4.228490114212036, 1.9143836498260498, 2.3075945377349854 
432, -0.2611181139945984, 4.043540954589844, 1.8592555522918701, 2.179837226867676 
433, -0.26113778352737427, 4.215742111206055, 1.8479156494140625, 2.335386037826538 
434, -0.2611251473426819, 4.17060399055481, 1.9188857078552246, 2.2412078380584717 
435, -0.2611040771007538, 4.110907077789307, 1.7749145030975342, 2.3312833309173584 
436, -0.2610589265823364, 4.177883863449097, 1.9073991775512695, 2.2525672912597656 
437, -0.2611365020275116, 4.205965995788574, 1.8265326023101807, 2.222507953643799 
438, -0.26119545102119446, 4.179947376251221, 1.9175143241882324, 2.2562766075134277 
439, -0.26117444038391113, 4.109011888504028, 1.9069035053253174, 2.197826623916626 
440, -0.2612032890319824, 4.167371988296509, 1.8461413383483887, 2.316918134689331 
441, -0.2611963152885437, 4.081753969192505, 1.8335075378417969, 2.240908145904541 
442, -0.2611197829246521, 4.082689523696899, 1.8614764213562012, 2.170362949371338 
443, -0.2610343396663666, 4.154384613037109, 1.903026819229126, 2.24704909324646 
444, -0.26113080978393555, 4.048842668533325, 1.8376553058624268, 2.203723192214966 
445, -0.2611486315727234, 4.179095983505249, 1.8092045783996582, 2.360093832015991 
446, -0.2610812485218048, 4.153409242630005, 1.8565571308135986, 2.292095422744751 
447, -0.26107025146484375, 4.2317938804626465, 1.8101723194122314, 2.276090145111084 
448, -0.2611525356769562, 4.134644031524658, 1.910395622253418, 2.2198688983917236 
449, -0.2611538767814636, 4.052025556564331, 1.8097076416015625, 2.2291245460510254 
450, -0.2611178159713745, 4.1975603103637695, 1.863030195236206, 2.2944178581237793 
451, -0.26113831996917725, 4.045701265335083, 1.8488311767578125, 2.1904714107513428 
452, -0.2612028121948242, 4.149152755737305, 1.837209701538086, 2.2923190593719482 
453, -0.2612060010433197, 4.1291093826293945, 1.856665849685669, 2.259974956512451 
454, -0.2611698508262634, 4.141014814376831, 1.8620553016662598, 2.2742867469787598 
455, -0.2611241340637207, 4.2224507331848145, 1.9476163387298584, 2.2676916122436523 
456, -0.2610980272293091, 4.180917978286743, 1.8483271598815918, 2.178609848022461 
457, -0.2611525058746338, 4.194581747055054, 1.8919885158538818, 2.296943187713623 
458, -0.2611733675003052, 4.093040466308594, 1.8501348495483398, 2.2362477779388428 
459, -0.2611621022224426, 4.14202094078064, 1.8341827392578125, 2.2761824131011963 
460, -0.2612040638923645, 4.0640339851379395, 1.881789207458496, 2.176351308822632 
461, -0.26110613346099854, 4.211677074432373, 1.9003634452819824, 2.3070952892303467 
462, -0.2610032558441162, 4.212831974029541, 1.8805351257324219, 2.29944109916687 
463, -0.26102036237716675, 4.01024866104126, 1.8280408382415771, 2.1770706176757812 
464, -0.26109427213668823, 4.156594753265381, 1.8805723190307617, 2.2697908878326416 
465, -0.2611430287361145, 4.148014068603516, 1.8638765811920166, 2.232542037963867 
466, -0.2611697018146515, 4.207051753997803, 1.8677611351013184, 2.293025493621826 
467, -0.26120710372924805, 4.065670728683472, 1.8336989879608154, 2.2272558212280273 
468, -0.2612147331237793, 4.088585376739502, 1.8134894371032715, 2.2649121284484863 
469, -0.26117026805877686, 4.187041759490967, 1.913109540939331, 2.2689340114593506 
470, -0.26115190982818604, 4.0487189292907715, 1.810448408126831, 2.230541467666626 
471, -0.2611750364303589, 4.212863445281982, 1.9541833400726318, 2.2494747638702393 
472, -0.2610807716846466, 4.041329622268677, 1.8304216861724854, 2.2026851177215576 
473, -0.2611076831817627, 4.394629001617432, 1.9676523208618164, 2.2710766792297363 
474, -0.26119464635849, 3.9893176555633545, 1.8269965648651123, 2.1567223072052 
475, -0.2611687183380127, 4.091025114059448, 1.8164246082305908, 2.267390727996826 
476, -0.2610863447189331, 4.194272994995117, 1.8804636001586914, 2.295180320739746 
477, -0.26111090183258057, 4.010835409164429, 1.8438446521759033, 2.1624622344970703 
478, -0.2611057758331299, 4.186181306838989, 1.8548038005828857, 2.320349931716919 
479, -0.261136531829834, 4.0787434577941895, 1.8454854488372803, 2.2276484966278076 
480, -0.2612031400203705, 4.091186046600342, 1.822068214416504, 2.2617361545562744 
481, -0.26120272278785706, 4.225118637084961, 1.8936264514923096, 2.2861547470092773 
482, -0.2612111568450928, 4.061297416687012, 1.8483562469482422, 2.1797122955322266 
483, -0.2612351179122925, 4.109891176223755, 1.8448994159698486, 2.2599081993103027 
484, -0.2612864375114441, 4.146963834762573, 1.931685209274292, 2.2081735134124756 
485, -0.2611747980117798, 4.102572441101074, 1.8031320571899414, 2.292855978012085 
486, -0.26107674837112427, 4.082617998123169, 1.8404157161712646, 2.2346858978271484 
487, -0.26108622550964355, 4.100943088531494, 1.841736078262329, 2.2533562183380127 
488, -0.26114705204963684, 4.074374437332153, 1.8834147453308105, 2.1858437061309814 
489, -0.26134392619132996, 4.241136074066162, 1.872279405593872, 2.3160698413848877 
490, -0.2612460255622864, 4.0382115840911865, 1.852454662322998, 2.1808509826660156 
491, -0.26127344369888306, 4.390749216079712, 1.9205899238586426, 2.3203680515289307 
492, -0.26124894618988037, 4.054947137832642, 1.866931676864624, 2.1811227798461914 
493, -0.2611774802207947, 4.108404874801636, 1.842189073562622, 2.2618868350982666 
494, -0.2611842751502991, 4.033275604248047, 1.8485972881317139, 2.1791205406188965 
495, -0.2611875534057617, 4.1627357006073, 1.8347499370574951, 2.3162472248077393 
496, -0.2611807584762573, 4.142322063446045, 1.8705403804779053, 2.2303555011749268 
497, -0.26122310757637024, 4.088501214981079, 1.8445446491241455, 2.2185893058776855 
498, -0.261297345161438, 4.276845693588257, 1.8676695823669434, 2.4018502235412598 
499, -0.2612484097480774, 4.238821744918823, 1.9749574661254883, 2.2585012912750244 
500, -0.26119452714920044, 4.126285076141357, 1.7951321601867676, 2.2344696521759033 
501, -0.26116621494293213, 4.150311708450317, 1.8844664096832275, 2.261615514755249 
502, -0.2612273395061493, 4.02100396156311, 1.8457517623901367, 2.1670732498168945 
503, -0.26122403144836426, 4.168443202972412, 1.8774726390838623, 2.286825656890869 
504, -0.2612549364566803, 4.133747339248657, 1.845235824584961, 2.2597548961639404 
505, -0.2612989544868469, 4.153457880020142, 1.85359787940979, 2.290440320968628 
506, -0.26129966974258423, 4.18903374671936, 1.8478460311889648, 2.3363986015319824 
507, -0.2612120509147644, 4.01306414604187, 1.8498589992523193, 2.1585936546325684 
508, -0.26108407974243164, 4.198946952819824, 1.8723247051239014, 2.308117151260376 
509, -0.26104333996772766, 4.014917850494385, 1.8420560359954834, 2.1667747497558594 
510, -0.26111865043640137, 4.256500482559204, 1.83095383644104, 2.3106818199157715 
511, -0.2612239718437195, 4.158694267272949, 1.8753747940063477, 2.236298084259033 
512, -0.26125985383987427, 4.015980005264282, 1.8506336212158203, 2.160994291305542 
513, -0.26128166913986206, 4.157137155532837, 1.8404262065887451, 2.3084003925323486 
514, -0.26133957505226135, 4.3772218227386475, 1.9169378280639648, 2.4070546627044678 
515, -0.26124322414398193, 4.132364511489868, 1.9362022876739502, 2.191956043243408 
516, -0.26125961542129517, 4.117245674133301, 1.8246171474456787, 2.271507978439331 
517, -0.2612999975681305, 4.012397527694702, 1.8283426761627197, 2.1786749362945557 
518, -0.2611134648323059, 4.219529628753662, 1.8525664806365967, 2.3027050495147705 
519, -0.26099324226379395, 4.139594078063965, 1.860236406326294, 2.2508113384246826 
520, -0.2609480619430542, 4.0238142013549805, 1.7905046939849854, 2.2289600372314453 
521, -0.26099273562431335, 4.224854230880737, 1.893669843673706, 2.3264877796173096 
522, -0.2610549032688141, 3.996168613433838, 1.8272082805633545, 2.164285659790039 
523, -0.2610991597175598, 4.237631797790527, 1.897193431854248, 2.3212435245513916 
524, -0.26119810342788696, 4.117210865020752, 1.8646929264068604, 2.2339258193969727 
525, -0.2612631320953369, 4.098990201950073, 1.8230130672454834, 2.2650344371795654 
526, -0.26120081543922424, 4.222488880157471, 1.8848536014556885, 2.260312557220459 
527, -0.26109206676483154, 4.059218406677246, 1.8377022743225098, 2.159794330596924 
528, -0.2611202597618103, 4.140437602996826, 1.8812956809997559, 2.250729560852051 
529, -0.2611441910266876, 4.085043907165527, 1.8839466571807861, 2.196423053741455 
530, -0.2611671984195709, 4.190237760543823, 1.9201724529266357, 2.265763998031616 
531, -0.26116883754730225, 4.118680000305176, 1.8521065711975098, 2.260406970977783 
532, -0.2611953318119049, 4.125136375427246, 1.8022847175598145, 2.302111864089966 
533, -0.261227548122406, 4.2138683795928955, 1.944605827331543, 2.2620067596435547 
534, -0.2612711787223816, 4.047518253326416, 1.8502047061920166, 2.173764944076538 
535, -0.2613147497177124, 4.118457317352295, 1.8332929611206055, 2.2786366939544678 
536, -0.2612634301185608, 4.290019989013672, 1.8584117889404297, 2.282627820968628 
537, -0.2612496316432953, 4.033795595169067, 1.860473871231079, 2.1687934398651123 
538, -0.2612472474575043, 4.133631706237793, 1.87068772315979, 2.2581722736358643 
539, -0.2612726390361786, 4.065403461456299, 1.8405089378356934, 2.216035842895508 
540, -0.261318564414978, 4.0874505043029785, 1.80617356300354, 2.269047260284424 
541, -0.2613413333892822, 4.279622554779053, 1.958225965499878, 2.265348196029663 
542, -0.2612520754337311, 4.117003679275513, 1.8172285556793213, 2.291247844696045 
543, -0.2612268924713135, 4.204773902893066, 1.9556629657745361, 2.2435221672058105 
544, -0.26116612553596497, 4.185218811035156, 1.901581048965454, 2.277395486831665 
545, -0.26115483045578003, 4.052906513214111, 1.8363995552062988, 2.180847644805908 
546, -0.2612038254737854, 4.10753870010376, 1.8451287746429443, 2.2581419944763184 
547, -0.26118403673171997, 4.053390741348267, 1.8408560752868652, 2.2073447704315186 
548, -0.26125606894493103, 4.143011569976807, 1.8781731128692627, 2.246993064880371 
549, -0.26134157180786133, 4.1495678424835205, 1.8631911277770996, 2.2527623176574707 
550, -0.26130300760269165, 4.126949310302734, 1.799001693725586, 2.299175500869751 
551, -0.26125454902648926, 4.2511680126190186, 1.940406322479248, 2.305833101272583 
552, -0.2611682415008545, 4.022521257400513, 1.8079071044921875, 2.204603910446167 
553, -0.26117563247680664, 4.250847101211548, 1.856738805770874, 2.2645206451416016 
554, -0.26123589277267456, 3.963568925857544, 1.7969107627868652, 2.162536144256592 
555, -0.2611793279647827, 4.20719575881958, 1.8974719047546387, 2.295271873474121 
556, -0.26113617420196533, 4.191525459289551, 1.8848850727081299, 2.2469482421875 
557, -0.26120635867118835, 4.055288314819336, 1.8361642360687256, 2.21478009223938 
558, -0.2611466944217682, 4.1291422843933105, 1.869048833847046, 2.2546069622039795 
559, -0.2610734701156616, 4.15628981590271, 1.8720567226409912, 2.2751595973968506 
560, -0.2611062526702881, 4.156897068023682, 1.8711111545562744, 2.278383255004883 
561, -0.2610904574394226, 4.051868200302124, 1.8358609676361084, 2.199578046798706 
562, -0.2610936760902405, 4.13872504234314, 1.8425474166870117, 2.2896337509155273 
563, -0.26108652353286743, 4.165745496749878, 1.904005765914917, 2.2543022632598877 
564, -0.26114022731781006, 4.001653671264648, 1.8233466148376465, 2.167398691177368 
565, -0.26124441623687744, 4.175505638122559, 1.9061198234558105, 2.2631728649139404 
566, -0.2612916827201843, 4.096555233001709, 1.8533389568328857, 2.2389321327209473 
567, -0.2611895203590393, 4.2490479946136475, 1.8545210361480713, 2.371204137802124 
568, -0.26120108366012573, 4.068632364273071, 1.8480534553527832, 2.213714599609375 
569, -0.2611731290817261, 4.064593315124512, 1.8126389980316162, 2.2471673488616943 
570, -0.261133074760437, 4.174196720123291, 1.8663835525512695, 2.2986748218536377 
571, -0.2611846923828125, 4.117295980453491, 1.83573579788208, 2.1805880069732666 
572, -0.2611589729785919, 4.250595331192017, 1.9330706596374512, 2.2976834774017334 
573, -0.2611309289932251, 4.11158013343811, 1.8595550060272217, 2.2452666759490967 
574, -0.26115456223487854, 4.029093980789185, 1.7919349670410156, 2.2329564094543457 
575, -0.2612069249153137, 4.21141791343689, 1.856374740600586, 2.3223676681518555 
576, -0.2611137926578522, 4.085606336593628, 1.8984193801879883, 2.1818885803222656 
577, -0.26110512018203735, 4.127520799636841, 1.8519387245178223, 2.270989179611206 
578, -0.26127320528030396, 4.360414266586304, 1.944213628768921, 2.2733700275421143 
579, -0.2610459625720978, 4.101881742477417, 1.8304672241210938, 2.2362849712371826 
580, -0.2609579265117645, 4.153478145599365, 1.8904290199279785, 2.2449004650115967 
581, -0.26091551780700684, 4.002817153930664, 1.8264732360839844, 2.1719610691070557 
582, -0.2609409689903259, 4.193152904510498, 1.9241139888763428, 2.2632062435150146 
583, -0.26104387640953064, 4.073436260223389, 1.825556993484497, 2.2394344806671143 
584, -0.2610771358013153, 4.120400667190552, 1.7950901985168457, 2.311138391494751 
585, -0.2610788345336914, 4.2334489822387695, 1.8777287006378174, 2.343675136566162 
586, -0.26116764545440674, 4.069448709487915, 1.8356115818023682, 2.2279205322265625 
587, -0.26120883226394653, 4.134679317474365, 1.877892255783081, 2.252530574798584 
588, -0.26117461919784546, 4.103288173675537, 1.8487474918365479, 2.1778361797332764 
589, -0.26125314831733704, 4.18998122215271, 1.8255059719085693, 2.356135845184326 
590, -0.26118016242980957, 4.074804782867432, 1.8627376556396484, 2.2077412605285645 
591, -0.2611437439918518, 4.135295152664185, 1.8216726779937744, 2.3082501888275146 
592, -0.2611922025680542, 4.111905574798584, 1.8649647235870361, 2.241713047027588 
593, -0.26123201847076416, 4.201003551483154, 1.9335565567016602, 2.239410400390625 
594, -0.26124057173728943, 4.200052261352539, 1.8953592777252197, 2.3003547191619873 
595, -0.26129260659217834, 4.102063894271851, 1.8422801494598389, 2.2543625831604004 
596, -0.26114922761917114, 4.207615852355957, 1.8097083568572998, 2.2430853843688965 
597, -0.261111855506897, 4.208428621292114, 1.9559907913208008, 2.2445802688598633 
598, -0.26121455430984497, 4.004544258117676, 1.83024001121521, 2.167416572570801 
599, -0.26110589504241943, 4.0958240032196045, 1.829298734664917, 2.260728597640991 
600, -0.26103147864341736, 4.185732126235962, 1.8440988063812256, 2.330507516860962 
601, -0.26108747720718384, 4.1092529296875, 1.8342759609222412, 2.263566255569458 
602, -0.26112842559814453, 4.139861345291138, 1.887824535369873, 2.2469747066497803 
603, -0.2611456513404846, 3.98745059967041, 1.7932438850402832, 2.189940929412842 
604, -0.26117461919784546, 4.256620407104492, 1.8560776710510254, 2.3491861820220947 
605, -0.26114070415496826, 4.173793792724609, 1.911799669265747, 2.254859685897827 
606, -0.2611728310585022, 4.057232618331909, 1.8021831512451172, 2.2228243350982666 
607, -0.26130253076553345, 4.132343292236328, 1.8817996978759766, 2.2440438270568848 
608, -0.2612389326095581, 4.143247127532959, 1.9178576469421387, 2.218597173690796 
609, -0.2611934542655945, 4.139866352081299, 1.8939366340637207, 2.2417619228363037 
610, -0.2612379789352417, 4.161053419113159, 1.8378887176513672, 2.2938809394836426 
611, -0.26119565963745117, 4.106596946716309, 1.8916807174682617, 2.193068504333496 
612, -0.2611277103424072, 4.196912050247192, 1.887242078781128, 2.2927379608154297 
613, -0.26109620928764343, 4.052910327911377, 1.8509151935577393, 2.1962802410125732 
614, -0.26107004284858704, 4.1429221630096436, 1.8303840160369873, 2.3068642616271973 
615, -0.26109838485717773, 4.291030168533325, 1.865724802017212, 2.2821767330169678 
616, -0.26118335127830505, 4.081470966339111, 1.8420286178588867, 2.2344605922698975 
617, -0.26124104857444763, 4.139649391174316, 1.8891830444335938, 2.2457287311553955 
618, -0.2612602710723877, 4.043309450149536, 1.8346452713012695, 2.175625801086426 
619, -0.26131105422973633, 4.426685333251953, 2.0062196254730225, 2.329181432723999 
620, -0.2613077759742737, 4.143693923950195, 1.8754565715789795, 2.2502949237823486 
621, -0.26130014657974243, 3.9782779216766357, 1.8300507068634033, 2.1435978412628174 
622, -0.2612929344177246, 4.116146564483643, 1.8277826309204102, 2.2835521697998047 
623, -0.2612001895904541, 4.140742301940918, 1.9206173419952393, 2.2126591205596924 
624, -0.2611595392227173, 4.233142375946045, 1.8563547134399414, 2.3142738342285156 
625, -0.2612113654613495, 4.105680465698242, 1.8415849208831787, 2.2574543952941895 
626, -0.26131296157836914, 4.211490869522095, 1.855689525604248, 2.3082900047302246 
627, -0.26121461391448975, 4.152385950088501, 1.8686857223510742, 2.2789084911346436 
628, -0.2612006664276123, 4.142784595489502, 1.8671276569366455, 2.2568564414978027 
629, -0.2612255811691284, 4.021505117416382, 1.8332428932189941, 2.1820716857910156 
630, -0.261152058839798, 4.14530611038208, 1.8197121620178223, 2.315843343734741 
631, -0.2611157298088074, 4.19918155670166, 1.8712270259857178, 2.2019004821777344 
632, -0.2610645294189453, 4.136724233627319, 1.8404009342193604, 2.292083978652954 
633, -0.26101940870285034, 4.089228630065918, 1.8565843105316162, 2.2240915298461914 
634, -0.2611744999885559, 4.072171211242676, 1.8241729736328125, 2.221348762512207 
635, -0.26121950149536133, 4.307490825653076, 2.0021989345550537, 2.2873988151550293 
636, -0.26127657294273376, 4.137015104293823, 1.8518753051757812, 2.266796827316284 
637, -0.2613492012023926, 4.087031841278076, 1.8071129322052002, 2.2697536945343018 
638, -0.26141685247421265, 4.248366832733154, 1.9627671241760254, 2.2666256427764893 
639, -0.2613722085952759, 4.249828338623047, 1.8530158996582031, 2.2699551582336426 
640, -0.26135969161987305, 4.048952341079712, 1.825674057006836, 2.2185347080230713 
641, -0.2613195478916168, 4.176177501678467, 1.9148879051208496, 2.254532814025879 
642, -0.26132166385650635, 4.096744775772095, 1.8980658054351807, 2.1933743953704834 
643, -0.26128852367401123, 4.197721004486084, 1.8591454029083252, 2.300049304962158 
644, -0.2612755596637726, 4.3566083908081055, 2.0672521591186523, 2.2582616806030273 
645, -0.2612088918685913, 4.107597827911377, 1.8290801048278809, 2.2684106826782227 
646, -0.2612161934375763, 4.106029748916626, 1.8526594638824463, 2.2491767406463623 
647, -0.2611781358718872, 4.094209671020508, 1.818190336227417, 2.1418800354003906 
648, -0.2611251473426819, 4.1178224086761475, 1.835193157196045, 2.2768805027008057 
649, -0.26115262508392334, 4.148817777633667, 1.8409318923950195, 2.300771713256836 
650, -0.2612840533256531, 4.162212610244751, 1.849231243133545, 2.252406597137451 
651, -0.26126909255981445, 4.049872875213623, 1.8537168502807617, 2.19099497795105 
652, -0.2613365650177002, 4.211808204650879, 1.809502363204956, 2.3603365421295166 
653, -0.2613201141357422, 4.242289066314697, 1.9824981689453125, 2.2519619464874268 
654, -0.26133477687835693, 3.995516538619995, 1.8223865032196045, 2.1684021949768066 
655, -0.26132750511169434, 4.179889678955078, 1.8986237049102783, 2.270054817199707 
656, -0.2612244486808777, 4.213419675827026, 1.844301462173462, 2.2332847118377686 
657, -0.2612038850784302, 4.0742716789245605, 1.8633906841278076, 2.2060916423797607 
658, -0.2611873745918274, 4.131774187088013, 1.8722162246704102, 2.2547030448913574 
659, -0.2611806392669678, 4.140132188796997, 1.8427326679229736, 2.25300931930542 
660, -0.26112473011016846, 4.097546577453613, 1.8193705081939697, 2.269061326980591 
661, -0.261114239692688, 4.143445014953613, 1.8933255672454834, 2.2447457313537598 
662, -0.26111531257629395, 4.0993945598602295, 1.8490698337554932, 2.2429375648498535 
663, -0.2612225413322449, 4.159814357757568, 1.8860044479370117, 2.268514633178711 
664, -0.26112478971481323, 4.105175495147705, 1.8347349166870117, 2.264253854751587 
665, -0.26101791858673096, 4.099798202514648, 1.8637475967407227, 2.198652744293213 
666, -0.26098114252090454, 4.119475603103638, 1.8653068542480469, 2.249573230743408 
667, -0.2610369026660919, 4.0187788009643555, 1.8226697444915771, 2.1917433738708496 
668, -0.26102718710899353, 4.324347734451294, 1.998854398727417, 2.2815489768981934 
669, -0.26116469502449036, 4.026988744735718, 1.860753059387207, 2.161869764328003 
670, -0.2613013982772827, 4.103721380233765, 1.816223382949829, 2.277822971343994 
671, -0.2613081932067871, 4.088271141052246, 1.8571231365203857, 2.226418972015381 
672, -0.2612796425819397, 4.089616537094116, 1.8139207363128662, 2.268069267272949 
673, -0.2612481713294983, 4.26984167098999, 1.8764595985412598, 2.2586750984191895 
674, -0.26119184494018555, 4.020747184753418, 1.8507330417633057, 2.165750503540039 
675, -0.2612243890762329, 4.478983402252197, 1.9076814651489258, 2.56141996383667 
676, -0.2611417770385742, 4.1261680126190186, 1.8525586128234863, 2.2547502517700195 
677, -0.26112431287765503, 4.030942678451538, 1.809924602508545, 2.2113113403320312 
678, -0.2611222267150879, 4.15384578704834, 1.9030632972717285, 2.245882511138916 
679, -0.2612518072128296, 4.064611196517944, 1.8501980304718018, 2.2101805210113525 
680, -0.26127326488494873, 4.20493221282959, 1.869694471359253, 2.320767402648926 
681, -0.2612413167953491, 4.089812755584717, 1.8487091064453125, 2.2338156700134277 
682, -0.2612757086753845, 4.123689889907837, 1.8017940521240234, 2.245123863220215 
683, -0.26125776767730713, 4.206240177154541, 1.9380502700805664, 2.260876178741455 
684, -0.2612587809562683, 4.046842098236084, 1.8106074333190918, 2.2300052642822266 
685, -0.26128631830215454, 4.129145622253418, 1.8795061111450195, 2.2448740005493164 
686, -0.261172890663147, 4.1223368644714355, 1.846029281616211, 2.2316067218780518 
687, -0.2611459493637085, 4.0965354442596436, 1.8561980724334717, 2.228255033493042 
688, -0.2612166702747345, 4.118159055709839, 1.8555119037628174, 2.2565054893493652 
689, -0.26120346784591675, 4.0270044803619385, 1.8238842487335205, 2.198474645614624 
690, -0.2611299753189087, 4.227178335189819, 1.881471872329712, 2.3245930671691895 
691, -0.2611824870109558, 4.10084080696106, 1.8898673057556152, 2.1773853302001953 
692, -0.2611670196056366, 4.224237442016602, 1.8729863166809082, 2.333547830581665 
693, -0.261175274848938, 4.0892486572265625, 1.8473877906799316, 2.236391067504883 
694, -0.26126614212989807, 4.068325042724609, 1.8143196105957031, 2.2479352951049805 
695, -0.2612065076828003, 4.170787572860718, 1.857311487197876, 2.2784218788146973 
696, -0.26127302646636963, 4.094525337219238, 1.8258004188537598, 2.240255832672119 
697, -0.26125892996788025, 4.198731422424316, 1.9237160682678223, 2.26703143119812 
698, -0.2612040042877197, 4.102572441101074, 1.9027607440948486, 2.1941792964935303 
699, -0.2610899806022644, 4.105306148529053, 1.8217458724975586, 2.2751095294952393 
700, -0.2611604332923889, 4.043015480041504, 1.8400468826293945, 2.1960864067077637 
701, -0.2611802816390991, 4.20013165473938, 1.8048193454742432, 2.2855520248413086 
702, -0.2612393796443939, 4.123173952102661, 1.882793664932251, 2.2357311248779297 
703, -0.2612445652484894, 4.076725482940674, 1.8112199306488037, 2.257040500640869 
704, -0.26122984290122986, 4.1326494216918945, 1.8616447448730469, 2.266828775405884 
705, -0.261162132024765, 3.9995522499084473, 1.8167023658752441, 2.1781973838806152 
706, -0.26113274693489075, 4.388906240463257, 2.058225631713867, 2.309767246246338 
707, -0.2612338066101074, 4.043759822845459, 1.859442949295044, 2.180124521255493 
708, -0.2612706124782562, 4.141063451766968, 1.8043277263641357, 2.3165066242218018 
709, -0.2612972557544708, 4.153510332107544, 1.8685591220855713, 2.280240774154663 
710, -0.26135867834091187, 4.10292911529541, 1.8062775135040283, 2.1857972145080566 
711, -0.26135122776031494, 4.191223859786987, 1.9246551990509033, 2.2619996070861816 
712, -0.2612990736961365, 4.0141730308532715, 1.8566431999206543, 2.1518452167510986 
713, -0.261335551738739, 4.1438562870025635, 1.812896728515625, 2.3212385177612305 
714, -0.26119935512542725, 4.12440824508667, 1.873596429824829, 2.246128797531128 
715, -0.261192262172699, 4.0751190185546875, 1.7969801425933838, 2.249572277069092 
716, -0.26120245456695557, 4.209546089172363, 1.8976211547851562, 2.2853481769561768 
717, -0.2612925171852112, 4.0655694007873535, 1.8796274662017822, 2.1809427738189697 
718, -0.2612385153770447, 4.269721984863281, 1.9307239055633545, 2.313068151473999 
719, -0.261246919631958, 4.111161708831787, 1.8618788719177246, 2.244443893432617 
720, -0.2612660527229309, 4.171557188034058, 1.794844150543213, 2.2632415294647217 
721, -0.2612888813018799, 4.1642982959747314, 1.9169981479644775, 2.239783763885498 
722, -0.2612331509590149, 3.993626832962036, 1.8257474899291992, 2.1632940769195557 
723, -0.26121026277542114, 4.142917156219482, 1.8438851833343506, 2.294095277786255 
724, -0.2612482011318207, 4.101460933685303, 1.8375847339630127, 2.256976842880249 
725, -0.26133090257644653, 4.191702365875244, 1.8150298595428467, 2.3377490043640137 
726, -0.2613106966018677, 4.141077756881714, 1.8766393661499023, 2.2594187259674072 
727, -0.2613142132759094, 3.9652860164642334, 1.8041484355926514, 2.153221607208252 
728, -0.26122963428497314, 4.201000213623047, 1.8809025287628174, 2.311737298965454 
729, -0.2612093985080719, 4.032388210296631, 1.8486499786376953, 2.179595708847046 
730, -0.26114124059677124, 4.255206346511841, 1.8682529926300049, 2.2617428302764893 
731, -0.261177122592926, 4.008681774139404, 1.854783058166504, 2.149812698364258 
732, -0.26109200716018677, 4.209807634353638, 1.8897154331207275, 2.2980239391326904 
733, -0.2610335350036621, 4.188856840133667, 1.8531074523925781, 2.2747976779937744 
734, -0.2611128091812134, 4.090073347091675, 1.8498482704162598, 2.232065439224243 
735, -0.26121145486831665, 4.116842746734619, 1.8784141540527344, 2.233908176422119 
736, -0.2612560987472534, 4.09515118598938, 1.8993070125579834, 2.189126968383789 
737, -0.26118558645248413, 4.1135571002960205, 1.8082334995269775, 2.2970383167266846 
738, -0.26117944717407227, 4.077055931091309, 1.842904806137085, 2.2287092208862305 
739, -0.2612016201019287, 4.104171276092529, 1.8222365379333496, 2.2483925819396973 
740, -0.26121798157691956, 4.186847448348999, 1.8339314460754395, 2.2985026836395264 
741, -0.26123446226119995, 4.1369194984436035, 1.8711085319519043, 2.260561466217041 
742, -0.26115530729293823, 4.039258718490601, 1.8080601692199707, 2.224222421646118 
743, -0.26124700903892517, 4.159786701202393, 1.8784635066986084, 2.2715706825256348 
744, -0.26123204827308655, 4.0331645011901855, 1.8693125247955322, 2.159008026123047 
745, -0.26122239232063293, 4.121270418167114, 1.854621171951294, 2.2618284225463867 
746, -0.26117828488349915, 4.096776962280273, 1.8326821327209473, 2.2593748569488525 
747, -0.2610601782798767, 4.238827466964722, 1.9001028537750244, 2.2295114994049072 
748, -0.2610146701335907, 4.227859020233154, 1.86991286277771, 2.309166669845581 
749, -0.2611006796360016, 4.280609130859375, 1.9333815574645996, 2.303378105163574 
750, -0.26120102405548096, 4.044464349746704, 1.845442533493042, 2.193819761276245 
751, -0.26115095615386963, 4.214787244796753, 1.9586212635040283, 2.249523639678955 
752, -0.2611684799194336, 4.0060460567474365, 1.8398716449737549, 2.1610894203186035 
753, -0.2611503005027771, 4.090190649032593, 1.8157153129577637, 2.269498109817505 
754, -0.2611285448074341, 4.14537787437439, 1.8503355979919434, 2.2902796268463135 
755, -0.26121217012405396, 4.128849506378174, 1.844465732574463, 2.159515142440796 
756, -0.2611531615257263, 4.202560663223267, 1.8823955059051514, 2.275932550430298 
757, -0.26116013526916504, 4.019522428512573, 1.8354127407073975, 2.1766130924224854 
758, -0.261199951171875, 4.2364280223846436, 1.865825891494751, 2.348936080932617 
759, -0.2610889673233032, 4.0682361125946045, 1.84981369972229, 2.2136270999908447 
760, -0.2610852122306824, 4.077101230621338, 1.824554681777954, 2.246351480484009 
761, -0.2611895799636841, 4.0925281047821045, 1.852393627166748, 2.2358345985412598 
762, -0.2612226605415344, 4.1400206089019775, 1.8637187480926514, 2.269479274749756 
763, -0.26119890809059143, 4.135549545288086, 1.873098373413086, 2.2559921741485596 
764, -0.26120859384536743, 3.997764825820923, 1.856640338897705, 2.1367852687835693 
765, -0.261222779750824, 4.3163158893585205, 1.8395521640777588, 2.2914397716522217 
766, -0.26126426458358765, 4.171342372894287, 1.8915338516235352, 2.272617816925049 
767, -0.2611721158027649, 4.029595851898193, 1.8232977390289307, 2.2007861137390137 
768, -0.26115840673446655, 4.269415378570557, 1.9892799854278564, 2.262261390686035 
769, -0.261199414730072, 4.127471208572388, 1.8434982299804688, 2.27817964553833 
770, -0.26133495569229126, 4.065626382827759, 1.8084261417388916, 2.2524139881134033 
771, -0.2611769437789917, 4.132597923278809, 1.881648302078247, 2.24442195892334 
772, -0.2613179683685303, 4.001531362533569, 1.8166494369506836, 2.1786675453186035 
773, -0.26129311323165894, 4.212613105773926, 1.8942766189575195, 2.299234390258789 
774, -0.26128193736076355, 4.113312005996704, 1.8596153259277344, 2.247756004333496 
775, -0.2612447142601013, 4.0852296352386475, 1.8662824630737305, 2.158545970916748 
776, -0.26126277446746826, 4.2412497997283936, 1.950331449508667, 2.284465789794922 
777, -0.2612971365451813, 4.140862941741943, 1.8954944610595703, 2.240238666534424 
778, -0.2612271308898926, 4.109813690185547, 1.8345105648040771, 2.2694053649902344 
779, -0.2612574100494385, 4.127189874649048, 1.8663196563720703, 2.254957675933838 
780, -0.2612210512161255, 4.112092971801758, 1.8060393333435059, 2.2416470050811768 
781, -0.26128220558166504, 4.232597827911377, 1.9445576667785645, 2.268071174621582 
782, -0.26125502586364746, 4.097611904144287, 1.833723545074463, 2.256253957748413 
783, -0.26116105914115906, 4.299345254898071, 1.8299386501312256, 2.3268797397613525 
784, -0.26117652654647827, 4.222541332244873, 1.930431604385376, 2.2878360748291016 
785, -0.2612590491771698, 4.014206647872925, 1.8404624462127686, 2.168745994567871 
786, -0.2612866163253784, 4.1149797439575195, 1.843977928161621, 2.2662086486816406 
787, -0.26131105422973633, 4.102555990219116, 1.8566148281097412, 2.24079966545105 
788, -0.26116859912872314, 4.1142578125, 1.834035873413086, 2.25952410697937 
789, -0.26114368438720703, 4.174378156661987, 1.8896777629852295, 2.2659683227539062 
790, -0.2610776424407959, 4.099251747131348, 1.8611304759979248, 2.1843631267547607 
791, -0.26100096106529236, 4.176634311676025, 1.8725090026855469, 2.2968952655792236 
792, -0.2610759139060974, 4.201054334640503, 1.896073818206787, 2.2953028678894043 
793, -0.26108211278915405, 4.085078239440918, 1.863023042678833, 2.2170562744140625 
794, -0.26114118099212646, 4.02202844619751, 1.8011112213134766, 2.216794967651367 
795, -0.26124387979507446, 4.163485288619995, 1.910259485244751, 2.2486016750335693 
796, -0.2612658739089966, 4.1132683753967285, 1.8977818489074707, 2.1969072818756104 
797, -0.261203408241272, 4.093821048736572, 1.803107500076294, 2.2756192684173584 
798, -0.2611868977546692, 4.262019872665405, 1.8588008880615234, 2.2449731826782227 
799, -0.261107861995697, 4.136368274688721, 1.8867857456207275, 2.2413060665130615 
800, -0.2611318826675415, 4.166021347045898, 1.8438019752502441, 2.313140630722046 
801, -0.26118335127830505, 4.118701219558716, 1.863374948501587, 2.2485883235931396 
802, -0.26122552156448364, 4.126316785812378, 1.951375961303711, 2.168687582015991 
803, -0.2613070607185364, 4.181697607040405, 1.9057810306549072, 2.271677255630493 
804, -0.2612059712409973, 4.128789901733398, 1.838221788406372, 2.2555787563323975 
805, -0.26121294498443604, 4.031307697296143, 1.8164613246917725, 2.2080371379852295 
806, -0.26117628812789917, 4.133703708648682, 1.8836126327514648, 2.245837450027466 
807, -0.2611277103424072, 4.254786014556885, 1.914409875869751, 2.2852180004119873 
808, -0.2610836327075958, 4.145029783248901, 1.864501953125, 2.274106979370117 
809, -0.26117807626724243, 4.0799689292907715, 1.8494272232055664, 2.2257442474365234 
810, -0.26127997040748596, 4.011864423751831, 1.8441414833068848, 2.1630682945251465 
811, -0.26138484477996826, 4.248233795166016, 1.8802969455718994, 2.3382647037506104 
812, -0.26137158274650574, 4.172206878662109, 1.8903357982635498, 2.247438907623291 
813, -0.2613310217857361, 3.991025686264038, 1.825714349746704, 2.159172773361206 
814, -0.26129788160324097, 4.154439449310303, 1.8346703052520752, 2.313413381576538 
815, -0.26134467124938965, 4.321738004684448, 1.8937501907348633, 2.2953975200653076 
816, -0.2613574266433716, 4.0249059200286865, 1.8036820888519287, 2.216639757156372 
817, -0.26131266355514526, 4.1260666847229, 1.8745455741882324, 2.2472734451293945 
818, -0.26127803325653076, 4.118025779724121, 1.84934663772583, 2.2623674869537354 
819, -0.26116836071014404, 4.088735818862915, 1.8151171207427979, 2.2366394996643066 
820, -0.2611525058746338, 4.102153062820435, 1.8618261814117432, 2.2361366748809814 
821, -0.26117193698883057, 4.122461557388306, 1.8911612033843994, 2.224318504333496 
822, -0.26131874322891235, 4.225289583206177, 1.8283679485321045, 2.3901147842407227 
823, -0.26131898164749146, 4.267821788787842, 1.864988088607788, 2.2626383304595947 
824, -0.2612851858139038, 4.130777359008789, 1.8878686428070068, 2.238591194152832 
825, -0.26129668951034546, 3.9797756671905518, 1.8186335563659668, 2.1569643020629883 
826, -0.26132047176361084, 4.2053844928741455, 1.9265096187591553, 2.274091958999634 
827, -0.26123929023742676, 4.146301507949829, 1.8523249626159668, 2.262089729309082 
828, -0.26113659143447876, 4.019313335418701, 1.8294005393981934, 2.1855063438415527 
829, -0.26104217767715454, 4.18281364440918, 1.8568646907806396, 2.3063666820526123 
830, -0.2611069083213806, 4.177128553390503, 1.9106285572052002, 2.243969202041626 
831, -0.2612125277519226, 4.111607789993286, 1.8544402122497559, 2.251905679702759 
832, -0.26124775409698486, 4.10997200012207, 1.8618943691253662, 2.2411391735076904 
833, -0.26118209958076477, 4.140639543533325, 1.867494821548462, 2.2380125522613525 
834, -0.2611843943595886, 4.2022809982299805, 1.8391387462615967, 2.3270697593688965 
835, -0.2612498998641968, 4.146108627319336, 1.8894174098968506, 2.247272491455078 
836, -0.2613196074962616, 3.9861717224121094, 1.8034286499023438, 2.17793607711792 
837, -0.26130592823028564, 4.212653636932373, 1.8894829750061035, 2.3046517372131348 
838, -0.261214017868042, 4.078013181686401, 1.8455655574798584, 2.224630832672119 
839, -0.26119858026504517, 4.116676092147827, 1.8231284618377686, 2.2892935276031494 
840, -0.2611789107322693, 4.149660587310791, 1.8895072937011719, 2.250875949859619 
841, -0.2612594962120056, 4.272400140762329, 1.898531436920166, 2.2621443271636963 
842, -0.2612457871437073, 4.165428876876831, 1.863070011138916, 2.2591028213500977 
843, -0.2612451910972595, 4.000767707824707, 1.8291592597961426, 2.1673874855041504 
844, -0.2612196207046509, 4.183760404586792, 1.9002881050109863, 2.278301239013672 
845, -0.261281281709671, 4.072366237640381, 1.8751180171966553, 2.190220594406128 
846, -0.26125526428222656, 4.105982542037964, 1.8006312847137451, 2.293349266052246 
847, -0.2612401843070984, 4.076624631881714, 1.826131820678711, 2.2462522983551025 
848, -0.26121073961257935, 4.086406230926514, 1.7790446281433105, 2.3025941848754883 
849, -0.26122766733169556, 4.483123302459717, 2.0341742038726807, 2.2824997901916504 
850, -0.261200487613678, 4.037492990493774, 1.863224983215332, 2.1686673164367676 
851, -0.2612597942352295, 4.200267553329468, 1.8600809574127197, 2.3040268421173096 
852, -0.26115816831588745, 4.192785024642944, 1.8780605792999268, 2.3095457553863525 
853, -0.2610432505607605, 4.047067880630493, 1.8471593856811523, 2.176217794418335 
854, -0.2610071301460266, 4.1392388343811035, 1.8604254722595215, 2.2726852893829346 
855, -0.2608530521392822, 4.102943658828735, 1.863168478012085, 2.2340242862701416 
856, -0.26078081130981445, 4.0736403465271, 1.9097316265106201, 2.159242630004883 
857, -0.26084235310554504, 4.255190134048462, 1.8492636680603027, 2.3763670921325684 
858, -0.2610660791397095, 4.386685609817505, 1.8878600597381592, 2.3317832946777344 
859, -0.26110926270484924, 4.096039533615112, 1.870959758758545, 2.21804141998291 
860, -0.26104897260665894, 4.157531499862671, 1.9036979675292969, 2.247387409210205 
861, -0.26110532879829407, 4.017175674438477, 1.8292579650878906, 2.1812610626220703 
862, -0.2610839605331421, 4.153150796890259, 1.87125825881958, 2.275914192199707 
863, -0.26096975803375244, 4.102353572845459, 1.8386685848236084, 2.2589304447174072 
864, -0.2608705163002014, 4.0844151973724365, 1.832580804824829, 2.2455456256866455 
865, -0.26088231801986694, 4.112828016281128, 1.8650803565979004, 2.243534564971924 
866, -0.26098206639289856, 4.036850929260254, 1.855525016784668, 2.176590919494629 
867, -0.2609766125679016, 4.489977121353149, 1.9098730087280273, 2.4001007080078125 
868, -0.26099973917007446, 4.05398964881897, 1.8690426349639893, 2.179490327835083 
869, -0.2610740661621094, 4.0998640060424805, 1.7913568019866943, 2.2880773544311523 
870, -0.2612437307834625, 4.123716831207275, 1.88883638381958, 2.2263147830963135 
871, -0.2610238194465637, 4.048850059509277, 1.8729462623596191, 2.171236991882324 
872, -0.2609289288520813, 4.0992021560668945, 1.8335905075073242, 2.2614662647247314 
873, -0.26098859310150146, 4.043187618255615, 1.8471734523773193, 2.1905274391174316 
874, -0.260991632938385, 4.1281797885894775, 1.802316427230835, 2.3207457065582275 
875, -0.26113641262054443, 4.177361965179443, 1.9296400547027588, 2.2426209449768066 
876, -0.26115238666534424, 4.297066688537598, 1.8434233665466309, 2.2901360988616943 
877, -0.2610890567302704, 4.164964914321899, 1.8842840194702148, 2.2549564838409424 
878, -0.26114535331726074, 4.081684350967407, 1.8722937107086182, 2.204207420349121 
879, -0.26118478178977966, 4.1470046043396, 1.8746886253356934, 2.2680180072784424 
880, -0.2612454891204834, 4.097816705703735, 1.8451316356658936, 2.247347593307495 
881, -0.2610400319099426, 4.064128875732422, 1.845226764678955, 2.214031457901001 
882, -0.2609504461288452, 4.212955713272095, 1.8667221069335938, 2.3407177925109863 
883, -0.26090285181999207, 4.16224479675293, 1.8414301872253418, 2.2728800773620605 
884, -0.26094818115234375, 4.030502796173096, 1.8321967124938965, 2.193476438522339 
885, -0.26114198565483093, 4.320467472076416, 1.8631482124328613, 2.4145383834838867 
886, -0.2612265348434448, 4.306708812713623, 2.048215389251709, 2.204397439956665 
887, -0.2612628936767578, 4.15399694442749, 1.8364801406860352, 2.312579870223999 
888, -0.2612868547439575, 4.125662803649902, 1.8756732940673828, 2.24452543258667 
889, -0.2610059976577759, 4.101657867431641, 1.8500301837921143, 2.2473673820495605 
890, -0.2608776092529297, 4.110594034194946, 1.83711576461792, 2.268921375274658 
891, -0.2608928680419922, 4.11239767074585, 1.8568394184112549, 2.246593713760376 
892, -0.2609555423259735, 4.027057886123657, 1.8162469863891602, 2.205942153930664 
893, -0.2609217166900635, 4.347456693649292, 1.8688995838165283, 2.4259138107299805 
894, -0.26095157861709595, 4.144052743911743, 1.8893065452575684, 2.1886301040649414 
895, -0.26107266545295715, 4.083005666732788, 1.8231124877929688, 2.255279064178467 
896, -0.2611362636089325, 4.067074298858643, 1.8254289627075195, 2.2369186878204346 
897, -0.26117852330207825, 4.055475473403931, 1.829185962677002, 2.2212460041046143 
898, -0.2611275315284729, 4.143906354904175, 1.8905842304229736, 2.2484705448150635 
899, -0.26122891902923584, 3.9906184673309326, 1.8382775783538818, 2.147627830505371 
900, -0.2613637447357178, 4.062364339828491, 1.8190324306488037, 2.2390506267547607 
901, -0.2613212764263153, 4.156476736068726, 1.9511289596557617, 2.1931960582733154 
902, -0.2611488699913025, 4.168126344680786, 1.80352783203125, 2.3105413913726807 
903, -0.2611698508262634, 4.13060188293457, 1.8826992511749268, 2.2425150871276855 
904, -0.26112544536590576, 4.346293687820435, 1.8942415714263916, 2.37488055229187 
905, -0.26104071736335754, 4.127362489700317, 1.857431411743164, 2.2648162841796875 
906, -0.2610662579536438, 4.105630397796631, 1.8474712371826172, 2.2534351348876953 
907, -0.2611822485923767, 4.062081336975098, 1.8445830345153809, 2.212595224380493 
908, -0.2613098621368408, 4.169659614562988, 1.8116247653961182, 2.345974922180176 
909, -0.261232852935791, 4.163602590560913, 1.8932716846466064, 2.248856544494629 
910, -0.2612484097480774, 4.145507335662842, 1.8602778911590576, 2.2572062015533447 
911, -0.2614002227783203, 4.071334600448608, 1.8047313690185547, 2.262322425842285 
912, -0.2613188624382019, 4.370009899139404, 1.8682880401611328, 2.334371328353882 
913, -0.26118552684783936, 4.106845855712891, 1.894822120666504, 2.2058918476104736 
914, -0.26107674837112427, 4.094534635543823, 1.8315956592559814, 2.2582848072052 
915, -0.26095452904701233, 4.090563535690308, 1.8453097343444824, 2.240647554397583 
916, -0.26096975803375244, 4.106475353240967, 1.8909897804260254, 2.2072994709014893 
917, -0.2611422538757324, 4.185296297073364, 1.8837940692901611, 2.2826061248779297 
918, -0.2611265182495117, 4.038211345672607, 1.8445155620574951, 2.188288927078247 
919, -0.2611459493637085, 4.139008045196533, 1.8037941455841064, 2.2776684761047363 
920, -0.26132655143737793, 4.158949375152588, 1.9038307666778564, 2.2500016689300537 
921, -0.26114746928215027, 4.247374773025513, 1.8460819721221924, 2.2696945667266846 
922, -0.26104599237442017, 4.0188469886779785, 1.8235671520233154, 2.186798095703125 
923, -0.26129019260406494, 4.2024829387664795, 1.875060796737671, 2.3186447620391846 
924, -0.26121604442596436, 4.063370227813721, 1.8668766021728516, 2.188941717147827 
925, -0.2611250877380371, 4.152679920196533, 1.8352696895599365, 2.301870584487915 
926, -0.2611309885978699, 4.032341480255127, 1.8513638973236084, 2.1762659549713135 
927, -0.2611144185066223, 4.158020257949829, 1.8217189311981201, 2.3001456260681152 
928, -0.26120954751968384, 4.092761516571045, 1.8442189693450928, 2.2430367469787598 
929, -0.26119542121887207, 3.9848217964172363, 1.7983944416046143, 2.1798741817474365 
930, -0.26128438115119934, 4.252202033996582, 1.8725833892822266, 2.2506465911865234 
931, -0.2612738609313965, 4.1070427894592285, 1.9186596870422363, 2.18234920501709 
932, -0.2612382769584656, 4.240319728851318, 1.8981289863586426, 2.3210604190826416 
933, -0.26125627756118774, 4.042522668838501, 1.8593494892120361, 2.1750431060791016 
934, -0.2612231969833374, 4.114858627319336, 1.824967861175537, 2.2853457927703857 
935, -0.26108673214912415, 4.1305012702941895, 1.8846442699432373, 2.240509510040283 
936, -0.260975182056427, 4.011029481887817, 1.8500678539276123, 2.153810739517212 
937, -0.2609483003616333, 4.07621693611145, 1.8277206420898438, 2.2412946224212646 
938, -0.2611091136932373, 4.096717357635498, 1.8272199630737305, 2.2601983547210693 
939, -0.261221706867218, 4.25714635848999, 1.8429625034332275, 2.3062965869903564 
940, -0.2610962688922882, 4.106020212173462, 1.8725802898406982, 2.228508472442627 
941, -0.26098939776420593, 4.037381887435913, 1.8089594841003418, 2.2112534046173096 
942, -0.2610192894935608, 4.166977643966675, 1.864600419998169, 2.297639846801758 
943, -0.26104211807250977, 4.062232971191406, 1.8676893711090088, 2.1882755756378174 
944, -0.26108214259147644, 4.085375785827637, 1.8107106685638428, 2.270449638366699 
945, -0.2609293460845947, 4.1448073387146, 1.8485476970672607, 2.253310203552246 
946, -0.2608586549758911, 4.269329786300659, 1.9052023887634277, 2.3550515174865723 
947, -0.26087498664855957, 4.028606176376343, 1.816788911819458, 2.2075915336608887 
948, -0.26082563400268555, 4.219885587692261, 1.8564362525939941, 2.231104612350464 
949, -0.2608957588672638, 4.0251381397247314, 1.8537018299102783, 2.165440320968628 
950, -0.26109403371810913, 4.140363693237305, 1.8643934726715088, 2.271393060684204 
951, -0.26111477613449097, 4.150556325912476, 1.836716651916504, 2.288470983505249 
952, -0.261074036359787, 4.115407466888428, 1.8236851692199707, 2.272599935531616 
953, -0.26096177101135254, 4.1266865730285645, 1.829897165298462, 2.292185068130493 
954, -0.26110732555389404, 4.067765235900879, 1.9055843353271484, 2.1543173789978027 
955, -0.2612859904766083, 4.12790846824646, 1.8649425506591797, 2.2558529376983643 
956, -0.26117146015167236, 4.039746284484863, 1.810295581817627, 2.2246205806732178 
957, -0.2610243558883667, 4.121586561203003, 1.84037184715271, 2.247481107711792 
958, -0.2610343396663666, 4.167442560195923, 1.8501269817352295, 2.312227725982666 
959, -0.26110100746154785, 4.069149017333984, 1.8554813861846924, 2.1697914600372314 
960, -0.2612239122390747, 4.409259796142578, 1.9377524852752686, 2.4543490409851074 
961, -0.2612369656562805, 4.190223932266235, 1.8715393543243408, 2.3104336261749268 
962, -0.26128244400024414, 4.084789991378784, 1.818690299987793, 2.257657766342163 
963, -0.2612925171852112, 4.124120473861694, 1.8722715377807617, 2.2413294315338135 
964, -0.2612873911857605, 4.023693084716797, 1.8460125923156738, 2.172942638397217 
965, -0.26123544573783875, 4.283359527587891, 1.8618547916412354, 2.280144691467285 
966, -0.2611611783504486, 4.065628290176392, 1.8247129917144775, 2.236152172088623 
967, -0.2612570822238922, 4.04445743560791, 1.80035400390625, 2.211984872817993 
968, -0.2614033818244934, 4.17221212387085, 1.8990669250488281, 2.268021583557129 
969, -0.26121705770492554, 4.152894020080566, 1.9171812534332275, 2.227789878845215 
970, -0.26113080978393555, 4.193278074264526, 1.9364500045776367, 2.2468652725219727 
971, -0.2613268494606018, 4.106909275054932, 1.8623688220977783, 2.2375731468200684 
972, -0.2612673044204712, 4.044295072555542, 1.8137669563293457, 2.223623514175415 
973, -0.2611321210861206, 4.175712585449219, 1.8936541080474854, 2.261028528213501 
974, -0.261059433221817, 4.213278532028198, 1.8387255668640137, 2.2459309101104736 
975, -0.2610156536102295, 4.060650110244751, 1.869903564453125, 2.1786749362945557 
976, -0.2610584795475006, 4.236462354660034, 1.894404411315918, 2.334092140197754 
977, -0.26103639602661133, 4.187270879745483, 1.8429789543151855, 2.3130624294281006 
978, -0.2609789967536926, 4.127140283584595, 1.8721652030944824, 2.2456746101379395 
979, -0.26097890734672546, 4.007606267929077, 1.809535026550293, 2.193692445755005 
980, -0.2611062526702881, 4.1310038566589355, 1.8861472606658936, 2.2397546768188477 
981, -0.26121044158935547, 4.0521440505981445, 1.8812267780303955, 2.162851333618164 
982, -0.2612338662147522, 4.0653908252716064, 1.8081603050231934, 2.252936601638794 
983, -0.26117247343063354, 4.133504152297974, 1.8323421478271484, 2.2180581092834473 
984, -0.26109611988067627, 4.229897737503052, 1.917273759841919, 2.307260751724243 
985, -0.26112955808639526, 4.120157718658447, 1.8704383373260498, 2.2449965476989746 
986, -0.26119130849838257, 4.0214550495147705, 1.8549411296844482, 2.162196397781372 
987, -0.2611963748931885, 4.202082633972168, 1.8557958602905273, 2.3395330905914307 
988, -0.2612196207046509, 4.0774452686309814, 1.8503482341766357, 2.21728515625 
989, -0.2612343430519104, 4.047943353652954, 1.7885043621063232, 2.2394511699676514 
990, -0.2612445056438446, 4.09350323677063, 1.8594768047332764, 2.2297563552856445 
991, -0.2612246572971344, 4.157142162322998, 1.8519866466522217, 2.234415054321289 
992, -0.26129376888275146, 4.1232383251190186, 1.8408241271972656, 2.2763609886169434 
993, -0.2612726092338562, 4.013094902038574, 1.8517301082611084, 2.152658700942993 
994, -0.2612610161304474, 4.329212665557861, 1.8448610305786133, 2.3513481616973877 
995, -0.2612597942352295, 4.275906324386597, 2.0336036682128906, 2.2331736087799072 
996, -0.261160284280777, 3.985382318496704, 1.8034048080444336, 2.1771647930145264 
997, -0.26116514205932617, 4.143160104751587, 1.8633978366851807, 2.2605206966400146 
998, -0.2611290216445923, 4.102707386016846, 1.8430042266845703, 2.2540247440338135 
999, -0.2610864043235779, 4.103564023971558, 1.8675949573516846, 2.227877140045166 
