Iteration, loss, time 
0, 0.8613166213035583, 3.890483856201172, 1.7886872291564941, 2.0963261127471924 
1, 0.827102780342102, 3.950101852416992, 1.7449371814727783, 2.201848268508911 
2, 0.7935866713523865, 3.8923187255859375, 1.7500112056732178, 2.1388626098632812 
3, 0.7614197134971619, 3.864548444747925, 1.7494170665740967, 2.111588478088379 
4, 0.7303928136825562, 3.6283204555511475, 1.4911093711853027, 2.1337850093841553 
5, 0.7014672160148621, 3.9486916065216064, 1.7794229984283447, 2.165830612182617 
6, 0.6732935905456543, 3.8957834243774414, 1.7751078605651855, 2.1171352863311768 
7, 0.6461989879608154, 3.8912298679351807, 1.7884809970855713, 2.0989315509796143 
8, 0.6195673942565918, 3.8816146850585938, 1.7736890316009521, 2.104248285293579 
9, 0.593787670135498, 3.898297071456909, 1.8069465160369873, 2.08767032623291 
10, 0.5686675310134888, 3.8848609924316406, 1.7536516189575195, 2.127560615539551 
11, 0.5443123579025269, 3.85477614402771, 1.7562029361724854, 2.094820976257324 
12, 0.520615816116333, 3.850499391555786, 1.743945837020874, 2.102623224258423 
13, 0.4979672431945801, 3.884251356124878, 1.774054765701294, 2.1064465045928955 
14, 0.4760970175266266, 3.8878681659698486, 1.7869513034820557, 2.0960443019866943 
15, 0.4548776149749756, 3.8045012950897217, 1.742520809173584, 2.0579793453216553 
16, 0.4345586597919464, 3.86541485786438, 1.8040096759796143, 2.0577614307403564 
17, 0.41447216272354126, 3.595021963119507, 1.4611294269561768, 2.1295218467712402 
18, 0.3944167494773865, 3.864097833633423, 1.7459502220153809, 2.114335060119629 
19, 0.37457841634750366, 3.8665847778320312, 1.7739441394805908, 2.0883822441101074 
20, 0.35571572184562683, 3.9097423553466797, 1.7823114395141602, 2.1236684322357178 
21, 0.33767253160476685, 3.946335554122925, 1.7460737228393555, 2.196068525314331 
22, 0.3203538954257965, 3.9037013053894043, 1.7674896717071533, 2.1321425437927246 
23, 0.3038216829299927, 3.9098377227783203, 1.7714283466339111, 2.1345291137695312 
24, 0.2876431941986084, 3.8711936473846436, 1.7565908432006836, 2.110496759414673 
25, 0.2716769576072693, 3.8700785636901855, 1.763230562210083, 2.1031088829040527 
26, 0.2559162378311157, 3.865680456161499, 1.7598869800567627, 2.1019275188446045 
27, 0.24055682122707367, 3.89577579498291, 1.766601324081421, 2.125067710876465 
28, 0.22566939890384674, 3.8561081886291504, 1.7600767612457275, 2.0918285846710205 
29, 0.211176335811615, 3.8479857444763184, 1.7415833473205566, 2.1022794246673584 
30, 0.19699563086032867, 3.852614641189575, 1.745439052581787, 2.102957248687744 
31, 0.1832423210144043, 3.89152455329895, 1.7550294399261475, 2.1327850818634033 
32, 0.16961151361465454, 3.877918243408203, 1.769108772277832, 2.104783058166504 
33, 0.15619602799415588, 3.8979287147521973, 1.7746176719665527, 2.1196200847625732 
34, 0.1431730091571808, 3.8785078525543213, 1.7607314586639404, 2.1139543056488037 
35, 0.1308494508266449, 3.8859424591064453, 1.7556977272033691, 2.125342845916748 
36, 0.11883027851581573, 3.875290632247925, 1.7540462017059326, 2.117521286010742 
37, 0.10716384649276733, 3.852191925048828, 1.7535111904144287, 2.0943691730499268 
38, 0.09604983031749725, 3.877652168273926, 1.7700960636138916, 2.1033966541290283 
39, 0.08542118966579437, 3.908022880554199, 1.7598381042480469, 2.1440930366516113 
40, 0.07496753334999084, 3.8568639755249023, 1.7652921676635742, 2.0878560543060303 
41, 0.06455525755882263, 3.8678505420684814, 1.7356774806976318, 2.1282639503479004 
42, 0.05418543517589569, 3.8936784267425537, 1.751960277557373, 2.137694835662842 
43, 0.04407349228858948, 3.846827507019043, 1.7553019523620605, 2.0877246856689453 
44, 0.034255415201187134, 3.8950130939483643, 1.763274908065796, 2.1279754638671875 
45, 0.024859562516212463, 3.9191436767578125, 1.7489144802093506, 2.1648833751678467 
46, 0.01581476628780365, 3.8891706466674805, 1.7832105159759521, 2.1017210483551025 
47, 0.007305502891540527, 3.918485403060913, 1.7979154586791992, 2.1164958477020264 
48, -0.0007209181785583496, 3.8483364582061768, 1.7465450763702393, 2.097048044204712 
49, -0.008150428533554077, 3.884577751159668, 1.7624256610870361, 2.118314266204834 
50, -0.015325576066970825, 3.8648626804351807, 1.7515037059783936, 2.109565258026123 
51, -0.022466138005256653, 3.884589910507202, 1.7650201320648193, 2.115421772003174 
52, -0.029426410794258118, 3.8795535564422607, 1.762773036956787, 2.1130623817443848 
53, -0.036601126194000244, 3.8576557636260986, 1.7551753520965576, 2.0968246459960938 
54, -0.043617650866508484, 3.879176378250122, 1.763873815536499, 2.1103031635284424 
55, -0.05057312548160553, 3.893490791320801, 1.7710816860198975, 2.1181650161743164 
56, -0.05745092034339905, 3.8822128772735596, 1.7576768398284912, 2.0825634002685547 
57, -0.06415155529975891, 3.801271677017212, 1.7377851009368896, 2.05956768989563 
58, -0.07063852250576019, 3.7354485988616943, 1.7204382419586182, 2.010491132736206 
59, -0.0768812745809555, 3.7394237518310547, 1.7187201976776123, 2.017055034637451 
60, -0.08290114998817444, 3.7646303176879883, 1.760854959487915, 2.0001254081726074 
61, -0.08904165029525757, 3.6934688091278076, 1.6984641551971436, 1.988081693649292 
62, -0.09481057524681091, 3.677701473236084, 1.688342571258545, 1.9856441020965576 
63, -0.10025346279144287, 3.7088065147399902, 1.700108289718628, 2.005061626434326 
64, -0.10553126037120819, 3.7166285514831543, 1.6903440952301025, 2.0225741863250732 
65, -0.11098170280456543, 3.7244865894317627, 1.7116568088531494, 2.0059661865234375 
66, -0.11628730595111847, 3.714808225631714, 1.706101417541504, 2.004284620285034 
67, -0.1214587390422821, 3.7133827209472656, 1.7083680629730225, 1.9991786479949951 
68, -0.1264660805463791, 3.7455995082855225, 1.7348911762237549, 2.006618022918701 
69, -0.13128024339675903, 3.7111706733703613, 1.708977460861206, 1.998474359512329 
70, -0.13595451414585114, 3.7263023853302, 1.6962618827819824, 2.026350498199463 
71, -0.14052028954029083, 3.732051134109497, 1.7106695175170898, 2.01721453666687 
72, -0.14492975175380707, 3.7302541732788086, 1.7147886753082275, 2.011073112487793 
73, -0.14908014237880707, 3.723085641860962, 1.7075459957122803, 2.0118825435638428 
74, -0.152771458029747, 3.7273993492126465, 1.7064428329467773, 2.0171921253204346 
75, -0.15627789497375488, 3.736917734146118, 1.7120883464813232, 2.020700216293335 
76, -0.15961360931396484, 3.728854179382324, 1.7073097229003906, 2.017376661300659 
77, -0.16280339658260345, 3.7076990604400635, 1.7102689743041992, 1.993346929550171 
78, -0.16613323986530304, 3.6872527599334717, 1.684814691543579, 1.9986906051635742 
79, -0.16932162642478943, 3.7251601219177246, 1.7054712772369385, 2.0156185626983643 
80, -0.172300323843956, 3.748979330062866, 1.7192723751068115, 2.026031255722046 
81, -0.17525246739387512, 3.739039182662964, 1.7246813774108887, 2.009047746658325 
82, -0.17817282676696777, 3.755247116088867, 1.7158830165863037, 2.035548210144043 
83, -0.18100818991661072, 3.7207181453704834, 1.7155859470367432, 2.0008609294891357 
84, -0.18373392522335052, 3.7368078231811523, 1.7152676582336426, 2.017688274383545 
85, -0.18651217222213745, 3.7806591987609863, 1.7582643032073975, 2.018263816833496 
86, -0.18956395983695984, 3.701085329055786, 1.70487380027771, 1.9921252727508545 
87, -0.19226446747779846, 3.7259907722473145, 1.7045891284942627, 2.017207622528076 
88, -0.19477179646492004, 3.6973037719726562, 1.7085158824920654, 1.9850420951843262 
89, -0.1972508430480957, 3.713111639022827, 1.6962718963623047, 2.0130839347839355 
90, -0.1997327208518982, 3.7215914726257324, 1.7042438983917236, 2.0131959915161133 
91, -0.20194527506828308, 3.7551183700561523, 1.7521111965179443, 1.9978668689727783 
92, -0.20418740808963776, 3.7796671390533447, 1.7587535381317139, 2.0171597003936768 
93, -0.20657551288604736, 3.7200164794921875, 1.7064976692199707, 2.009080410003662 
94, -0.2089945673942566, 3.7147467136383057, 1.7102720737457275, 2.000727415084839 
95, -0.21132224798202515, 3.728104591369629, 1.7003653049468994, 2.0236570835113525 
96, -0.21340522170066833, 3.7337486743927, 1.7171039581298828, 2.012512445449829 
97, -0.21528533101081848, 3.6997294425964355, 1.7101778984069824, 1.98581862449646 
98, -0.21703311800956726, 3.7255399227142334, 1.720475673675537, 2.0012612342834473 
99, -0.21891707181930542, 3.7361412048339844, 1.730074405670166, 2.0008232593536377 
100, -0.221018984913826, 3.7061707973480225, 1.696474313735962, 2.0060112476348877 
101, -0.22311359643936157, 3.7363224029541016, 1.7091763019561768, 2.023493528366089 
102, -0.2248985469341278, 3.7582576274871826, 1.761721134185791, 1.9928309917449951 
103, -0.22673597931861877, 3.7651569843292236, 1.753554105758667, 2.007718801498413 
104, -0.2285378873348236, 3.7230124473571777, 1.6889731884002686, 2.0303778648376465 
105, -0.23015503585338593, 3.7398922443389893, 1.7241582870483398, 2.0110740661621094 
106, -0.23155665397644043, 3.7559902667999268, 1.7361414432525635, 2.0161020755767822 
107, -0.23304416239261627, 3.725781202316284, 1.7080204486846924, 2.014029026031494 
108, -0.23443067073822021, 3.729929208755493, 1.7148983478546143, 2.0093894004821777 
109, -0.23574048280715942, 3.6913042068481445, 1.6930713653564453, 1.9944756031036377 
110, -0.2370045930147171, 3.6933791637420654, 1.6981909275054932, 1.9914894104003906 
111, -0.2382609248161316, 3.7326486110687256, 1.7019495964050293, 2.0261459350585938 
112, -0.23962168395519257, 3.732666254043579, 1.7131805419921875, 2.0150599479675293 
113, -0.24096794426441193, 3.726580858230591, 1.7178003787994385, 2.005091667175293 
114, -0.24228084087371826, 3.7268059253692627, 1.7072131633758545, 2.0158448219299316 
115, -0.24361208081245422, 3.7361836433410645, 1.7156012058258057, 2.016477346420288 
116, -0.24493008852005005, 3.6920270919799805, 1.690016508102417, 1.9982688426971436 
117, -0.24624225497245789, 3.7246475219726562, 1.6898305416107178, 2.0295796394348145 
118, -0.24749943614006042, 3.719024658203125, 1.712656021118164, 2.002636432647705 
119, -0.24878263473510742, 3.7244062423706055, 1.6954734325408936, 2.0103769302368164 
120, -0.24996070563793182, 3.7110750675201416, 1.7097203731536865, 1.9975686073303223 
121, -0.2509826123714447, 3.7129383087158203, 1.698131799697876, 2.0111258029937744 
122, -0.2520007789134979, 3.714463233947754, 1.7017700672149658, 2.008944272994995 
123, -0.2529318332672119, 3.717905282974243, 1.7068381309509277, 2.006903886795044 
124, -0.2538370192050934, 3.718240976333618, 1.7117726802825928, 2.002798080444336 
125, -0.2546597123146057, 3.7190628051757812, 1.6990749835968018, 2.0158581733703613 
126, -0.25538861751556396, 3.708390712738037, 1.7024016380310059, 2.0020029544830322 
127, -0.2561042010784149, 3.7123467922210693, 1.699082851409912, 2.009194850921631 
128, -0.25677961111068726, 3.777438163757324, 1.751671552658081, 2.0220558643341064 
129, -0.25765684247016907, 3.735822916030884, 1.723747968673706, 2.0060455799102783 
130, -0.25857335329055786, 3.722792625427246, 1.7058327198028564, 2.0132641792297363 
131, -0.2595326006412506, 3.722529649734497, 1.7178373336791992, 2.0002851486206055 
132, -0.2603638768196106, 3.6970934867858887, 1.6944446563720703, 1.998955488204956 
133, -0.26119357347488403, 3.7308125495910645, 1.7019360065460205, 2.0252346992492676 
134, -0.2621159255504608, 3.7101292610168457, 1.712752342224121, 1.9936821460723877 
135, -0.26297032833099365, 3.7073588371276855, 1.7036242485046387, 2.000080108642578 
136, -0.2637394666671753, 3.725830078125, 1.7093942165374756, 2.0122928619384766 
137, -0.2645270824432373, 3.7602338790893555, 1.7503399848937988, 2.0059101581573486 
138, -0.2653837203979492, 3.779411792755127, 1.7609338760375977, 2.01488995552063 
139, -0.2662731409072876, 3.7411868572235107, 1.6977293491363525, 2.0381991863250732 
140, -0.2670985460281372, 3.713266611099243, 1.7078077793121338, 2.001735210418701 
141, -0.26778334379196167, 3.7053275108337402, 1.7043898105621338, 1.9972598552703857 
142, -0.2684439420700073, 3.7631099224090576, 1.7028999328613281, 2.056410551071167 
143, -0.2691331207752228, 3.717515468597412, 1.7043118476867676, 2.009507179260254 
144, -0.2698367238044739, 3.738652229309082, 1.7125208377838135, 2.022442579269409 
145, -0.27044203877449036, 3.7278599739074707, 1.7175111770629883, 2.006669044494629 
146, -0.27092260122299194, 3.706242322921753, 1.7021944522857666, 1.9997684955596924 
147, -0.27132168412208557, 3.7746951580047607, 1.6948790550231934, 1.9937877655029297 
148, -0.27179059386253357, 3.753067970275879, 1.7314202785491943, 2.017888069152832 
149, -0.2721180319786072, 3.7103703022003174, 1.7027733325958252, 2.0038816928863525 
150, -0.2724817991256714, 3.7325215339660645, 1.7106704711914062, 2.018038749694824 
151, -0.2728167772293091, 3.7430591583251953, 1.7418224811553955, 1.9975717067718506 
152, -0.2733768820762634, 3.719043016433716, 1.705070972442627, 2.0103719234466553 
153, -0.27388790249824524, 3.727339029312134, 1.7152214050292969, 2.0078554153442383 
154, -0.27429962158203125, 3.6981401443481445, 1.6926956176757812, 2.0010483264923096 
155, -0.2747059166431427, 3.724367618560791, 1.709885835647583, 2.0052359104156494 
156, -0.2751536965370178, 3.7092299461364746, 1.6994712352752686, 2.004539728164673 
157, -0.27557894587516785, 3.701963424682617, 1.6954078674316406, 2.002892255783081 
158, -0.2758958339691162, 3.7523953914642334, 1.7426559925079346, 2.005952835083008 
159, -0.2762278914451599, 3.719989538192749, 1.7021484375, 2.013699769973755 
160, -0.27660369873046875, 3.732762336730957, 1.7154192924499512, 2.0136497020721436 
161, -0.27688097953796387, 3.7046940326690674, 1.7099957466125488, 1.991100788116455 
162, -0.277048259973526, 3.733140230178833, 1.6989219188690186, 2.030543088912964 
163, -0.2772901654243469, 3.7291884422302246, 1.7168869972229004, 2.0082108974456787 
164, -0.2775394916534424, 3.7825381755828857, 1.7598211765289307, 2.015806198120117 
165, -0.27785998582839966, 3.7608399391174316, 1.7499685287475586, 2.0072100162506104 
166, -0.2781813144683838, 3.7159152030944824, 1.7009193897247314, 2.0113186836242676 
167, -0.27848395705223083, 3.7188737392425537, 1.7036528587341309, 2.0114455223083496 
168, -0.27869275212287903, 3.761019229888916, 1.7485120296478271, 2.008915424346924 
169, -0.2790229916572571, 3.7287933826446533, 1.7095844745635986, 2.0155117511749268 
170, -0.27929481863975525, 3.769050121307373, 1.7565977573394775, 2.0083394050598145 
171, -0.2795325815677643, 3.68998122215271, 1.6984832286834717, 1.9874017238616943 
172, -0.2798333466053009, 3.7287843227386475, 1.7045941352844238, 2.0200626850128174 
173, -0.28006866574287415, 3.742030143737793, 1.719353437423706, 2.0178561210632324 
174, -0.28029829263687134, 3.6993842124938965, 1.6911818981170654, 2.0038340091705322 
175, -0.28054606914520264, 3.706010103225708, 1.7097337245941162, 1.991814136505127 
176, -0.2807866930961609, 3.7092809677124023, 1.6864886283874512, 2.018357992172241 
177, -0.2810509204864502, 3.6899802684783936, 1.6999666690826416, 1.9864299297332764 
178, -0.28121137619018555, 3.702725410461426, 1.6861159801483154, 2.0129268169403076 
179, -0.281480073928833, 3.722137451171875, 1.7083699703216553, 2.0100505352020264 
180, -0.28179189562797546, 3.7744221687316895, 1.6992294788360596, 2.0233395099639893 
181, -0.2820553481578827, 3.7758052349090576, 1.7681822776794434, 2.0039315223693848 
182, -0.28234732151031494, 3.6914827823638916, 1.6924467086791992, 1.9953715801239014 
183, -0.28259357810020447, 3.7312123775482178, 1.703803300857544, 2.0211989879608154 
184, -0.28267648816108704, 3.7328999042510986, 1.7171425819396973, 2.0114693641662598 
185, -0.28291380405426025, 3.709425210952759, 1.6984875202178955, 2.0073509216308594 
186, -0.2831573486328125, 3.7261691093444824, 1.7157762050628662, 2.0067367553710938 
187, -0.2832481563091278, 3.7630717754364014, 1.7514381408691406, 2.0079832077026367 
188, -0.28344517946243286, 3.7295069694519043, 1.7128124237060547, 2.0070762634277344 
189, -0.28365105390548706, 3.7067956924438477, 1.7081050872802734, 1.9950146675109863 
190, -0.2836878299713135, 3.712723731994629, 1.6972582340240479, 2.0119073390960693 
191, -0.2838493585586548, 3.737579822540283, 1.7068383693695068, 2.0266969203948975 
192, -0.2839786410331726, 3.7399749755859375, 1.7202916145324707, 2.0160303115844727 
193, -0.284160315990448, 3.6920223236083984, 1.6843945980072021, 2.003460168838501 
194, -0.2843782603740692, 3.6746878623962402, 1.6772937774658203, 1.993711233139038 
195, -0.2845664620399475, 3.6778666973114014, 1.6752417087554932, 1.9982011318206787 
196, -0.2847233712673187, 3.716379404067993, 1.699052333831787, 2.0136492252349854 
197, -0.28495579957962036, 3.736253023147583, 1.7189548015594482, 2.013648509979248 
198, -0.28509289026260376, 3.7406044006347656, 1.7115023136138916, 2.0254604816436768 
199, -0.2851909101009369, 3.7301323413848877, 1.7127537727355957, 2.0116028785705566 
200, -0.2852500081062317, 3.7235000133514404, 1.6990797519683838, 2.020752191543579 
201, -0.2852669060230255, 3.726045608520508, 1.701111078262329, 2.020789861679077 
202, -0.2854764759540558, 3.762573480606079, 1.716301679611206, 2.027193307876587 
203, -0.2855697274208069, 3.713489294052124, 1.7100574970245361, 1.9994080066680908 
204, -0.28571775555610657, 3.717985153198242, 1.7066004276275635, 2.007749319076538 
205, -0.2858951687812805, 3.6999194622039795, 1.6968193054199219, 1.9990854263305664 
206, -0.2860190272331238, 3.7205166816711426, 1.6982102394104004, 2.018284559249878 
207, -0.2860949635505676, 3.731929063796997, 1.7160515785217285, 2.0069663524627686 
208, -0.2861822843551636, 3.727342128753662, 1.7231922149658203, 2.000497341156006 
209, -0.2862647771835327, 3.87277889251709, 1.7193834781646729, 2.0304102897644043 
210, -0.2863921523094177, 3.746347665786743, 1.7187848091125488, 2.0225422382354736 
211, -0.28645384311676025, 3.717630624771118, 1.7118520736694336, 2.001696825027466 
212, -0.28657251596450806, 3.7181057929992676, 1.699347972869873, 2.0142710208892822 
213, -0.2867138087749481, 3.71748948097229, 1.699033498764038, 2.014909267425537 
214, -0.28680649399757385, 3.740908145904541, 1.7088115215301514, 2.02852201461792 
215, -0.2868252992630005, 3.7151832580566406, 1.6974961757659912, 2.0133743286132812 
216, -0.28691989183425903, 3.743476152420044, 1.7121186256408691, 2.0271949768066406 
217, -0.28703635931015015, 3.70904278755188, 1.6990325450897217, 2.0058915615081787 
218, -0.2870641052722931, 3.7124462127685547, 1.7019307613372803, 2.0069544315338135 
219, -0.2870791256427765, 3.7154600620269775, 1.7042803764343262, 2.007504940032959 
220, -0.28716880083084106, 3.7766971588134766, 1.70393967628479, 2.007127285003662 
221, -0.2872638702392578, 3.7094593048095703, 1.7090606689453125, 1.996793270111084 
222, -0.287195086479187, 3.721402168273926, 1.698772668838501, 2.0190927982330322 
223, -0.28730279207229614, 3.7135565280914307, 1.7038586139678955, 2.005506753921509 
224, -0.28747421503067017, 3.7086968421936035, 1.715442419052124, 1.9889259338378906 
225, -0.2876427173614502, 3.6950087547302246, 1.686706304550171, 2.004512310028076 
226, -0.2877228260040283, 3.696995496749878, 1.7002406120300293, 1.9924595355987549 
227, -0.2879009544849396, 3.7248969078063965, 1.7014572620391846, 2.0196590423583984 
228, -0.2878910005092621, 3.7100729942321777, 1.7046754360198975, 2.001897096633911 
229, -0.28791460394859314, 3.730714797973633, 1.7180988788604736, 2.00697922706604 
230, -0.28800177574157715, 3.6915996074676514, 1.6986017227172852, 1.9893810749053955 
231, -0.2881087064743042, 3.731783628463745, 1.7041492462158203, 2.0154545307159424 
232, -0.28812867403030396, 3.708162784576416, 1.6898829936981201, 2.014643430709839 
233, -0.2881142497062683, 3.7037546634674072, 1.7024004459381104, 1.9973759651184082 
234, -0.2879553437232971, 3.700833320617676, 1.705930233001709, 1.990307092666626 
235, -0.28823959827423096, 3.6853954792022705, 1.6925992965698242, 1.9892802238464355 
236, -0.2883862853050232, 3.7017858028411865, 1.7077772617340088, 1.9903967380523682 
237, -0.2883523106575012, 3.706756353378296, 1.6900804042816162, 2.0101282596588135 
238, -0.2883465886116028, 3.7120580673217773, 1.6968748569488525, 2.0115480422973633 
239, -0.2884264588356018, 3.717319965362549, 1.7003271579742432, 2.011715888977051 
240, -0.288536012172699, 3.6838090419769287, 1.685539960861206, 1.9914369583129883 
241, -0.2885989248752594, 3.6786949634552, 1.687983512878418, 1.9864680767059326 
242, -0.28862249851226807, 3.668793201446533, 1.6741759777069092, 1.9903111457824707 
243, -0.28866875171661377, 3.69740891456604, 1.6997413635253906, 1.9940180778503418 
244, -0.2887788414955139, 3.693267583847046, 1.6938719749450684, 1.9948821067810059 
245, -0.2888450622558594, 3.746426820755005, 1.6918063163757324, 2.01832914352417 
246, -0.2889440059661865, 3.724569797515869, 1.7167558670043945, 2.003086805343628 
247, -0.28898951411247253, 3.708174467086792, 1.705275297164917, 1.9985673427581787 
248, -0.28895020484924316, 3.712592124938965, 1.707481861114502, 2.0008301734924316 
249, -0.2891032099723816, 3.7148959636688232, 1.712742567062378, 1.9985108375549316 
250, -0.2891446352005005, 3.7086806297302246, 1.6964187622070312, 1.9983725547790527 
251, -0.28911760449409485, 3.7145886421203613, 1.7048225402832031, 2.006194591522217 
252, -0.2891494631767273, 3.7195353507995605, 1.7173805236816406, 1.998492956161499 
253, -0.28924375772476196, 3.7564659118652344, 1.7421443462371826, 2.0094497203826904 
254, -0.2893105149269104, 3.782771110534668, 1.7446844577789307, 2.0326337814331055 
255, -0.28931480646133423, 3.7128660678863525, 1.7010605335235596, 2.0080747604370117 
256, -0.28932467103004456, 3.7145538330078125, 1.7053444385528564, 2.0056426525115967 
257, -0.28924107551574707, 3.7028653621673584, 1.6872062683105469, 2.0086936950683594 
258, -0.28938502073287964, 3.709787368774414, 1.6955318450927734, 2.0102286338806152 
259, -0.28946301341056824, 3.707155704498291, 1.7017464637756348, 2.0013723373413086 
260, -0.2894638180732727, 3.7139196395874023, 1.7001116275787354, 2.0091960430145264 
261, -0.2895153760910034, 3.7159652709960938, 1.6945412158966064, 2.0177218914031982 
262, -0.28953975439071655, 3.7287983894348145, 1.706310749053955, 2.0179736614227295 
263, -0.2895166277885437, 3.748013973236084, 1.7055203914642334, 2.0087196826934814 
264, -0.289481520652771, 3.7150723934173584, 1.704007863998413, 2.007455348968506 
265, -0.2893866300582886, 3.7049026489257812, 1.7024345397949219, 1.9958469867706299 
266, -0.289350688457489, 3.707808256149292, 1.6966991424560547, 2.0070183277130127 
267, -0.28933367133140564, 3.72330904006958, 1.6933770179748535, 2.0263469219207764 
268, -0.2892756462097168, 3.717217206954956, 1.714158058166504, 1.9994659423828125 
269, -0.28919851779937744, 3.7462685108184814, 1.7528541088104248, 1.9894263744354248 
270, -0.2892115116119385, 3.741023302078247, 1.7390100955963135, 1.9982919692993164 
271, -0.28925174474716187, 3.696204662322998, 1.6852002143859863, 2.0074355602264404 
272, -0.28928226232528687, 3.7490923404693604, 1.7438621520996094, 2.00154709815979 
273, -0.2892855107784271, 3.8070521354675293, 1.6910521984100342, 2.00100040435791 
274, -0.2893088459968567, 3.716838836669922, 1.7142271995544434, 1.9986681938171387 
275, -0.2892366051673889, 3.699612617492676, 1.700429916381836, 1.9951915740966797 
276, -0.28918343782424927, 3.6815409660339355, 1.6807234287261963, 1.9967689514160156 
277, -0.2889876067638397, 3.7059521675109863, 1.6960017681121826, 2.005769729614258 
278, -0.2889612913131714, 3.749384641647339, 1.7268428802490234, 2.008347511291504 
279, -0.2889770567417145, 3.702009916305542, 1.6997764110565186, 1.9982857704162598 
280, -0.2890840172767639, 3.7235515117645264, 1.6996393203735352, 2.004936933517456 
281, -0.2891336679458618, 3.7322638034820557, 1.6999309062957764, 2.000274896621704 
282, -0.2891485095024109, 3.7456719875335693, 1.6929445266723633, 2.044790267944336 
283, -0.28915977478027344, 3.767974615097046, 1.743293285369873, 2.0210955142974854 
284, -0.2892197370529175, 3.7165169715881348, 1.7106242179870605, 2.001791477203369 
285, -0.2892405390739441, 3.7001423835754395, 1.7016470432281494, 1.9949722290039062 
286, -0.2893173098564148, 3.711378335952759, 1.693965196609497, 2.0129315853118896 
287, -0.28939932584762573, 3.702613115310669, 1.6855363845825195, 2.013061046600342 
288, -0.28943800926208496, 3.7603859901428223, 1.7504596710205078, 2.0063533782958984 
289, -0.2894233465194702, 3.734999895095825, 1.7147831916809082, 2.0164217948913574 
290, -0.28947511315345764, 3.700103998184204, 1.70737624168396, 1.9888720512390137 
291, -0.289389967918396, 3.714103937149048, 1.7007434368133545, 2.005159854888916 
292, -0.2893015444278717, 3.7244932651519775, 1.6951136589050293, 2.0258007049560547 
293, -0.2892109751701355, 3.685239553451538, 1.6929168701171875, 1.9887208938598633 
294, -0.2891530990600586, 3.6987290382385254, 1.6975915431976318, 1.99751615524292 
295, -0.2891530990600586, 3.703216791152954, 1.6956489086151123, 2.003910779953003 
296, -0.289172887802124, 3.7475364208221436, 1.7437434196472168, 2.0002243518829346 
297, -0.2893450856208801, 3.720759391784668, 1.706477165222168, 2.010563373565674 
298, -0.2893151044845581, 3.7367756366729736, 1.7005255222320557, 2.0010335445404053 
299, -0.28922128677368164, 3.7901248931884766, 1.699042797088623, 1.9907264709472656 
300, -0.28894519805908203, 3.7283761501312256, 1.7051432132720947, 2.019606113433838 
301, -0.28875142335891724, 3.714308023452759, 1.7069380283355713, 2.0038466453552246 
302, -0.28884291648864746, 3.7107956409454346, 1.7032201290130615, 2.003483533859253 
303, -0.28885480761528015, 3.7136592864990234, 1.700373649597168, 2.0094010829925537 
304, -0.28886038064956665, 3.7175824642181396, 1.6909153461456299, 2.022477865219116 
305, -0.28890568017959595, 3.7214231491088867, 1.7047555446624756, 2.01244854927063 
306, -0.28886735439300537, 3.7340173721313477, 1.7215640544891357, 2.008815050125122 
307, -0.2887512445449829, 3.718743324279785, 1.7101476192474365, 2.004035472869873 
308, -0.28882506489753723, 3.7099499702453613, 1.710846185684204, 1.994368553161621 
309, -0.288895845413208, 3.7151057720184326, 1.6985807418823242, 2.0120849609375 
310, -0.2889426350593567, 3.7142207622528076, 1.701634168624878, 2.006547689437866 
311, -0.28903019428253174, 3.703603506088257, 1.7072417736053467, 1.9927501678466797 
312, -0.2889791429042816, 3.707383394241333, 1.6840095520019531, 2.0051589012145996 
313, -0.2888856530189514, 3.7495107650756836, 1.7415838241577148, 2.0044071674346924 
314, -0.2890136241912842, 3.7734110355377197, 1.7418580055236816, 2.0277788639068604 
315, -0.28918302059173584, 3.7243549823760986, 1.7090613842010498, 2.0112972259521484 
316, -0.2892974615097046, 3.709562301635742, 1.6993937492370605, 2.0065224170684814 
317, -0.2893891930580139, 3.7165138721466064, 1.6996030807495117, 2.013324737548828 
318, -0.28926825523376465, 3.7211337089538574, 1.7110958099365234, 2.006544351577759 
319, -0.2892700433731079, 3.7550055980682373, 1.7444443702697754, 2.0058376789093018 
320, -0.2892340123653412, 3.742485284805298, 1.7426164150238037, 1.996166706085205 
321, -0.28935861587524414, 3.707150936126709, 1.7054569721221924, 1.9980239868164062 
322, -0.28935325145721436, 3.6712794303894043, 1.6804323196411133, 1.9872512817382812 
323, -0.2892385423183441, 3.701721429824829, 1.6996631622314453, 1.997840404510498 
324, -0.28917837142944336, 3.67917799949646, 1.6807758808135986, 1.9947128295898438 
325, -0.2890343964099884, 3.727142572402954, 1.7130491733551025, 2.010444402694702 
326, -0.2889435291290283, 3.706519365310669, 1.6994431018829346, 2.002718687057495 
327, -0.28891146183013916, 3.7614660263061523, 1.745715856552124, 2.0091633796691895 
328, -0.2888675928115845, 3.7553932666778564, 1.7443408966064453, 2.0075199604034424 
329, -0.2889581322669983, 3.7145798206329346, 1.6898043155670166, 2.0161654949188232 
330, -0.28896206617355347, 3.713538646697998, 1.700991153717041, 2.0089516639709473 
331, -0.28885263204574585, 3.7145323753356934, 1.7040479183197021, 2.006787061691284 
332, -0.28866255283355713, 3.707534074783325, 1.69974946975708, 2.0042059421539307 
333, -0.28844505548477173, 3.7234082221984863, 1.7077088356018066, 2.011476993560791 
334, -0.2881854772567749, 3.751061201095581, 1.69451904296875, 2.0055840015411377 
335, -0.288215309381485, 3.7022125720977783, 1.70167875289917, 1.9969542026519775 
336, -0.28837448358535767, 3.703132390975952, 1.6962618827819824, 2.003309726715088 
337, -0.2883559465408325, 3.7219910621643066, 1.6995007991790771, 2.0024046897888184 
338, -0.2883669137954712, 3.71235990524292, 1.7078831195831299, 1.9997673034667969 
339, -0.28830981254577637, 3.70801043510437, 1.7042157649993896, 2.000185012817383 
340, -0.28822028636932373, 3.71713924407959, 1.6967642307281494, 2.016902208328247 
341, -0.2880324721336365, 3.699859142303467, 1.7103760242462158, 1.9858615398406982 
342, -0.28792303800582886, 3.7656657695770264, 1.7548449039459229, 2.0067696571350098 
343, -0.2879171371459961, 3.7053446769714355, 1.7049949169158936, 1.9959771633148193 
344, -0.2878285050392151, 3.729747772216797, 1.6979875564575195, 2.0276200771331787 
345, -0.28792428970336914, 3.7141613960266113, 1.6992363929748535, 2.0109047889709473 
346, -0.2877964973449707, 3.852386951446533, 1.6967756748199463, 2.033524990081787 
347, -0.287569522857666, 3.717181444168091, 1.7117846012115479, 2.001901865005493 
348, -0.28759023547172546, 3.7237906455993652, 1.7105507850646973, 2.0097343921661377 
349, -0.2876408100128174, 3.7714614868164062, 1.754789113998413, 2.012295961380005 
350, -0.2877657115459442, 3.703526496887207, 1.7062218189239502, 1.9933569431304932 
351, -0.2880173623561859, 3.7474358081817627, 1.6897339820861816, 2.0137548446655273 
352, -0.2880626320838928, 3.8068575859069824, 1.7626652717590332, 2.014866590499878 
353, -0.28798145055770874, 3.7127296924591064, 1.7100908756256104, 1.9991817474365234 
354, -0.28787052631378174, 3.6881420612335205, 1.6918885707855225, 1.9927732944488525 
355, -0.28771889209747314, 3.740111827850342, 1.7244632244110107, 2.010430097579956 
356, -0.2876812815666199, 3.7088236808776855, 1.703474998474121, 2.001831531524658 
357, -0.28748831152915955, 3.708310127258301, 1.6999695301055908, 2.0047614574432373 
358, -0.2872503101825714, 3.721647024154663, 1.7014307975769043, 2.0166001319885254 
359, -0.2871817350387573, 3.7692830562591553, 1.7021219730377197, 2.017944812774658 
360, -0.2869953513145447, 3.712721347808838, 1.7069063186645508, 2.0022499561309814 
361, -0.28682583570480347, 3.705000400543213, 1.6944382190704346, 2.007080078125 
362, -0.2866554260253906, 3.7157371044158936, 1.7043001651763916, 2.007887125015259 
363, -0.2866724133491516, 3.797973394393921, 1.754732608795166, 2.038384199142456 
364, -0.286831796169281, 3.730480670928955, 1.703648328781128, 2.0232808589935303 
365, -0.2868891954421997, 3.7513296604156494, 1.7524983882904053, 1.9952750205993652 
366, -0.28705140948295593, 3.7115116119384766, 1.6959939002990723, 2.0090079307556152 
367, -0.28712376952171326, 3.695371150970459, 1.6981379985809326, 1.9929440021514893 
368, -0.2871793806552887, 3.725160837173462, 1.7037415504455566, 2.017526865005493 
369, -0.28724923729896545, 3.7198026180267334, 1.6978929042816162, 2.017995595932007 
370, -0.28717970848083496, 3.7670085430145264, 1.706374168395996, 2.015188217163086 
371, -0.2870500683784485, 3.7251689434051514, 1.7024166584014893, 2.0191521644592285 
372, -0.28683292865753174, 3.782876491546631, 1.7733714580535889, 2.0002822875976562 
373, -0.28684571385383606, 3.7048511505126953, 1.697169542312622, 2.003499984741211 
374, -0.28676021099090576, 3.717336416244507, 1.716583013534546, 1.9964680671691895 
375, -0.28678184747695923, 3.704310655593872, 1.702357530593872, 1.9982826709747314 
376, -0.28664201498031616, 3.745948553085327, 1.7345235347747803, 2.006913900375366 
377, -0.2868642508983612, 3.7171645164489746, 1.7055037021636963, 2.0080690383911133 
378, -0.2868553400039673, 3.707811117172241, 1.7038581371307373, 2.0003299713134766 
379, -0.2868945896625519, 3.704214334487915, 1.7041420936584473, 1.9961981773376465 
380, -0.2869440019130707, 3.723090887069702, 1.695209264755249, 2.023017644882202 
381, -0.2868250608444214, 3.7080347537994385, 1.7067108154296875, 1.9976890087127686 
382, -0.2867840528488159, 3.709052085876465, 1.7028295993804932, 2.002633571624756 
383, -0.28674033284187317, 3.7177491188049316, 1.700641393661499, 2.013460636138916 
384, -0.28679561614990234, 3.7086360454559326, 1.702383041381836, 2.001605272293091 
385, -0.2866727113723755, 3.692589282989502, 1.691568374633789, 1.9975144863128662 
386, -0.2864859998226166, 3.692621946334839, 1.69209623336792, 1.9969286918640137 
387, -0.28654465079307556, 3.7223775386810303, 1.6918201446533203, 2.000919818878174 
388, -0.2867507338523865, 3.847022533416748, 1.6937706470489502, 2.007521867752075 
389, -0.28686583042144775, 3.71460223197937, 1.7059893608093262, 2.004199981689453 
390, -0.2869429588317871, 3.7105319499969482, 1.6940014362335205, 2.0125601291656494 
391, -0.2867708206176758, 3.7093429565429688, 1.6931798458099365, 2.012151002883911 
392, -0.2867365777492523, 3.7193851470947266, 1.7110865116119385, 2.004849910736084 
393, -0.2868845462799072, 3.745427131652832, 1.7532269954681396, 1.988682746887207 
394, -0.28712204098701477, 3.7059969902038574, 1.6933228969573975, 2.00874662399292 
395, -0.28729569911956787, 3.710648775100708, 1.6951160430908203, 2.0120139122009277 
396, -0.2873555123806, 3.721101999282837, 1.734833002090454, 1.982395887374878 
397, -0.2875024080276489, 3.7555277347564697, 1.753629207611084, 1.9966216087341309 
398, -0.28773999214172363, 3.7842772006988525, 1.7056159973144531, 2.067401647567749 
399, -0.287921667098999, 3.6998119354248047, 1.69331955909729, 2.0029921531677246 
400, -0.28786689043045044, 3.7139716148376465, 1.702906608581543, 2.00679349899292 
401, -0.2874881625175476, 3.7451252937316895, 1.7406091690063477, 2.001011848449707 
402, -0.2876373827457428, 3.7632791996002197, 1.7443459033966064, 2.0153439044952393 
403, -0.2880347669124603, 3.7495012283325195, 1.7503433227539062, 1.9956531524658203 
404, -0.2880704402923584, 3.7032132148742676, 1.7073454856872559, 1.9920103549957275 
405, -0.2882530987262726, 3.74338698387146, 1.692439317703247, 2.046048164367676 
406, -0.2884562015533447, 3.7588040828704834, 1.750988245010376, 2.0042285919189453 
407, -0.2886609435081482, 3.7256956100463867, 1.7104120254516602, 2.0115108489990234 
408, -0.28872936964035034, 3.713685989379883, 1.6967544555664062, 2.00990891456604 
409, -0.2884712517261505, 3.68021821975708, 1.6766009330749512, 2.0000874996185303 
410, -0.2881079316139221, 3.742719888687134, 1.7390646934509277, 2.0001375675201416 
411, -0.28823238611221313, 3.7513115406036377, 1.7398591041564941, 2.0074336528778076 
412, -0.2884749174118042, 3.7501883506774902, 1.749999761581421, 1.9961848258972168 
413, -0.2886722981929779, 3.8575193881988525, 1.7020773887634277, 2.0041396617889404 
414, -0.2885490953922272, 3.7592670917510986, 1.7128276824951172, 2.01025128364563 
415, -0.28853487968444824, 3.72479248046875, 1.7056498527526855, 2.01497220993042 
416, -0.2886183261871338, 3.713545799255371, 1.7019884586334229, 2.003974437713623 
417, -0.2885984182357788, 3.772388219833374, 1.743516206741333, 2.0245001316070557 
418, -0.2883414328098297, 3.7363929748535156, 1.7260115146636963, 2.0064644813537598 
419, -0.28811442852020264, 3.6952247619628906, 1.6887738704681396, 2.002945899963379 
420, -0.28796058893203735, 3.751171350479126, 1.734966516494751, 2.012709140777588 
421, -0.28817516565322876, 3.7098278999328613, 1.7059192657470703, 1.9999878406524658 
422, -0.28830593824386597, 3.7257606983184814, 1.69350004196167, 2.0274245738983154 
423, -0.28832364082336426, 3.7250454425811768, 1.7005672454833984, 2.0196444988250732 
424, -0.28820353746414185, 3.7030858993530273, 1.702923059463501, 1.9965693950653076 
425, -0.28797006607055664, 3.7271218299865723, 1.7009589672088623, 2.004317283630371 
426, -0.28787660598754883, 3.7734148502349854, 1.7509875297546387, 2.0188302993774414 
427, -0.2880687713623047, 3.6865720748901367, 1.6879780292510986, 1.99497389793396 
428, -0.28789305686950684, 3.72656512260437, 1.7349307537078857, 1.98807692527771 
429, -0.28804272413253784, 3.7580935955047607, 1.744551181793213, 2.009953022003174 
430, -0.2883155345916748, 3.7185757160186768, 1.7057106494903564, 2.0070364475250244 
431, -0.2881644368171692, 3.713578224182129, 1.7040965557098389, 2.0058958530426025 
432, -0.2880953848361969, 3.686495065689087, 1.690624475479126, 1.9918174743652344 
433, -0.2879939079284668, 3.9044995307922363, 1.6933388710021973, 2.00652813911438 
434, -0.2878749370574951, 3.7441020011901855, 1.7420690059661865, 1.9980401992797852 
435, -0.28781893849372864, 3.7122790813446045, 1.6960370540618896, 2.0073883533477783 
436, -0.28781571984291077, 3.703322410583496, 1.6932275295257568, 2.006129741668701 
437, -0.2877032160758972, 3.7669641971588135, 1.7526116371154785, 2.0107815265655518 
438, -0.2878292202949524, 3.8709747791290283, 1.7005815505981445, 2.006592035293579 
439, -0.28785839676856995, 3.7150626182556152, 1.709502935409546, 2.0017364025115967 
440, -0.28796347975730896, 3.681283950805664, 1.6888782978057861, 1.9889554977416992 
441, -0.28799569606781006, 3.704052686691284, 1.690586805343628, 2.009526491165161 
442, -0.28792640566825867, 3.720162868499756, 1.7167372703552246, 1.9995536804199219 
443, -0.28787994384765625, 3.71455979347229, 1.6971473693847656, 2.013930320739746 
444, -0.28772222995758057, 3.737718343734741, 1.7255918979644775, 2.0082600116729736 
445, -0.2874332070350647, 3.769576072692871, 1.767216444015503, 1.9982349872589111 
446, -0.28730034828186035, 3.7569186687469482, 1.7394993305206299, 2.0139217376708984 
447, -0.28757232427597046, 3.7096750736236572, 1.7043266296386719, 2.0017037391662598 
448, -0.2876511812210083, 3.714906930923462, 1.7123782634735107, 1.9990248680114746 
449, -0.2876494526863098, 3.708466053009033, 1.6931676864624023, 2.0105080604553223 
450, -0.28764110803604126, 3.7226037979125977, 1.7065346240997314, 2.0124449729919434 
451, -0.2874498665332794, 3.711627721786499, 1.6993613243103027, 2.0086607933044434 
452, -0.2873273491859436, 3.7081151008605957, 1.700049877166748, 2.0044705867767334 
453, -0.2873372435569763, 3.7297868728637695, 1.7024943828582764, 2.0196192264556885 
454, -0.2873035967350006, 3.709547281265259, 1.6988787651062012, 2.007091760635376 
455, -0.28726065158843994, 3.7580976486206055, 1.7478179931640625, 2.0061941146850586 
456, -0.2872011065483093, 3.7494707107543945, 1.7385432720184326, 2.007352352142334 
457, -0.28741079568862915, 3.695228338241577, 1.6798474788665771, 2.0111310482025146 
458, -0.28759267926216125, 3.7072088718414307, 1.7008085250854492, 1.9991035461425781 
459, -0.28768855333328247, 3.698369026184082, 1.6836886405944824, 2.0106515884399414 
460, -0.2878025770187378, 3.766721487045288, 1.7553937435150146, 2.004312515258789 
461, -0.2879233956336975, 3.765744686126709, 1.7547554969787598, 2.0074241161346436 
462, -0.2881668210029602, 3.76922345161438, 1.7432472705841064, 2.018620014190674 
463, -0.2883177399635315, 3.7487776279449463, 1.7401049137115479, 2.004136323928833 
464, -0.28861916065216064, 3.764638662338257, 1.7600228786468506, 2.001082420349121 
465, -0.288868248462677, 3.7029359340667725, 1.696223258972168, 2.0030980110168457 
466, -0.2890479266643524, 3.691681385040283, 1.6804211139678955, 2.0047144889831543 
467, -0.28901517391204834, 3.6914756298065186, 1.68780517578125, 2.0000717639923096 
468, -0.2891716957092285, 3.875415563583374, 1.7481434345245361, 2.0096817016601562 
469, -0.28927940130233765, 3.711824655532837, 1.7077977657318115, 2.0000975131988525 
470, -0.28934141993522644, 3.713444232940674, 1.705157995223999, 2.0047693252563477 
471, -0.2893284559249878, 3.7170462608337402, 1.7066760063171387, 2.0067052841186523 
472, -0.28936654329299927, 3.715402364730835, 1.709512710571289, 2.002361297607422 
473, -0.2894479036331177, 3.7570672035217285, 1.7440543174743652, 2.009498357772827 
474, -0.2895958423614502, 3.735835313796997, 1.7058610916137695, 2.0219554901123047 
475, -0.2896803021430969, 3.7070565223693848, 1.7083964347839355, 1.9952237606048584 
476, -0.28969013690948486, 3.703059196472168, 1.6933414936065674, 2.0062332153320312 
477, -0.2897195816040039, 3.7197766304016113, 1.7134509086608887, 2.0016567707061768 
478, -0.2895823121070862, 3.7114627361297607, 1.7018694877624512, 2.0060248374938965 
479, -0.2895062565803528, 3.711548328399658, 1.703000545501709, 2.003566026687622 
480, -0.28935354948043823, 3.7538511753082275, 1.7433955669403076, 2.0064327716827393 
481, -0.2890884578227997, 3.7612311840057373, 1.7489650249481201, 2.0082759857177734 
482, -0.28913092613220215, 3.7697975635528564, 1.7482035160064697, 2.0174803733825684 
483, -0.28933602571487427, 3.700418472290039, 1.7024188041687012, 1.993722915649414 
484, -0.28941696882247925, 3.7474920749664307, 1.7423732280731201, 2.000856876373291 
485, -0.28953006863594055, 3.7603940963745117, 1.7453789710998535, 2.008622884750366 
486, -0.2894350290298462, 3.740974187850952, 1.74796462059021, 1.9890027046203613 
487, -0.28944098949432373, 3.7436647415161133, 1.7401912212371826, 1.9999639987945557 
488, -0.28951478004455566, 3.7545325756073, 1.694549560546875, 2.0423083305358887 
489, -0.2894898056983948, 3.699953317642212, 1.695730209350586, 2.000633478164673 
490, -0.289467453956604, 3.8142662048339844, 1.7407245635986328, 1.996933937072754 
491, -0.28946834802627563, 3.7732529640197754, 1.7611446380615234, 2.008497476577759 
492, -0.28943049907684326, 3.748607873916626, 1.743359088897705, 2.0017123222351074 
493, -0.289419561624527, 3.6761889457702637, 1.6767468452453613, 1.9949536323547363 
494, -0.28946858644485474, 3.7195286750793457, 1.7106683254241943, 2.005314350128174 
495, -0.28951412439346313, 3.711853504180908, 1.6984574794769287, 2.0099146366119385 
496, -0.2893984317779541, 3.7162859439849854, 1.705780267715454, 2.0058603286743164 
497, -0.28950756788253784, 3.719287872314453, 1.716233730316162, 1.9995183944702148 
498, -0.2894139587879181, 3.739170551300049, 1.7451245784759521, 1.9893794059753418 
499, -0.28950732946395874, 3.7254374027252197, 1.7035415172576904, 2.017766237258911 
500, -0.2894934415817261, 3.690459728240967, 1.6948494911193848, 1.9920125007629395 
501, -0.2894812226295471, 3.7020931243896484, 1.6950557231903076, 2.0034635066986084 
502, -0.28942158818244934, 3.7164359092712402, 1.7072348594665527, 2.005577325820923 
503, -0.28927507996559143, 3.751847743988037, 1.738745927810669, 2.009565830230713 
504, -0.2892044186592102, 3.814830780029297, 1.697784185409546, 2.0030810832977295 
505, -0.28915947675704956, 3.7028095722198486, 1.7038474082946777, 1.9946873188018799 
506, -0.2889556288719177, 3.683464288711548, 1.6863179206848145, 1.9929490089416504 
507, -0.2886650562286377, 3.7604429721832275, 1.6997830867767334, 2.0066769123077393 
508, -0.28842663764953613, 3.7794055938720703, 1.7691237926483154, 2.006337881088257 
509, -0.2882058322429657, 3.7129318714141846, 1.7038819789886475, 2.0055553913116455 
510, -0.2880796790122986, 3.7529146671295166, 1.745079755783081, 2.0037782192230225 
511, -0.28817087411880493, 3.712829351425171, 1.7007660865783691, 2.008171796798706 
512, -0.28809428215026855, 3.757488250732422, 1.7515244483947754, 2.0025641918182373 
513, -0.2881477475166321, 3.7687935829162598, 1.7485418319702148, 2.0159239768981934 
514, -0.28824570775032043, 3.704895257949829, 1.692188024520874, 2.0081470012664795 
515, -0.2882196307182312, 3.7617037296295166, 1.7458438873291016, 2.0123469829559326 
516, -0.28823840618133545, 3.7159838676452637, 1.712191104888916, 1.9993419647216797 
517, -0.2882757782936096, 3.7430410385131836, 1.7419476509094238, 1.9976229667663574 
518, -0.28843361139297485, 3.723780870437622, 1.6975903511047363, 2.013023614883423 
519, -0.2884722948074341, 3.73524808883667, 1.7194058895111084, 2.0116822719573975 
520, -0.28860628604888916, 3.7050092220306396, 1.704261064529419, 1.9971952438354492 
521, -0.28860849142074585, 3.726508617401123, 1.6966025829315186, 2.02518892288208 
522, -0.2887783646583557, 3.717078447341919, 1.7101998329162598, 2.0033538341522217 
523, -0.2888767719268799, 3.710132122039795, 1.7010986804962158, 2.0053629875183105 
524, -0.28889408707618713, 3.756655693054199, 1.7477545738220215, 2.0052216053009033 
525, -0.2890438735485077, 3.6923272609710693, 1.7015843391418457, 1.9871180057525635 
526, -0.28920429944992065, 3.773756265640259, 1.7471370697021484, 1.9900023937225342 
527, -0.28937798738479614, 3.7176613807678223, 1.714123249053955, 1.9994161128997803 
528, -0.28928613662719727, 3.747631549835205, 1.743962287902832, 1.9994451999664307 
529, -0.2893887162208557, 3.8131771087646484, 1.6936099529266357, 2.004998207092285 
530, -0.28940266370773315, 3.729736804962158, 1.7276611328125, 1.9981560707092285 
531, -0.2894938886165619, 3.694282293319702, 1.6936054229736328, 1.9967241287231445 
532, -0.2896367013454437, 3.6832497119903564, 1.6919095516204834, 1.9878044128417969 
533, -0.2894950807094574, 3.80013370513916, 1.7910194396972656, 2.0054824352264404 
534, -0.28951889276504517, 3.7048850059509277, 1.694751262664795, 2.0061960220336914 
535, -0.2894771099090576, 3.714785099029541, 1.6893627643585205, 2.0129005908966064 
536, -0.28946828842163086, 3.7005605697631836, 1.6963996887207031, 2.000706672668457 
537, -0.2892874479293823, 3.756777048110962, 1.7411203384399414, 2.011157751083374 
538, -0.28919166326522827, 3.728224039077759, 1.6961493492126465, 2.027022361755371 
539, -0.2891382873058319, 3.692200183868408, 1.6947624683380127, 1.9934704303741455 
540, -0.289034366607666, 3.6876091957092285, 1.6957769393920898, 1.9876341819763184 
541, -0.2889450788497925, 3.735872268676758, 1.7006700038909912, 2.031491994857788 
542, -0.28881144523620605, 3.700035333633423, 1.6996667385101318, 1.9968671798706055 
543, -0.28865689039230347, 3.958127021789551, 1.740617275238037, 2.213837146759033 
544, -0.2885025143623352, 3.7559406757354736, 1.7465755939483643, 2.00506329536438 
545, -0.28857362270355225, 3.771095037460327, 1.6993823051452637, 2.0172271728515625 
546, -0.2885224223136902, 3.7298762798309326, 1.71755051612854, 2.007662057876587 
547, -0.28834813833236694, 3.721665382385254, 1.703629493713379, 2.0144519805908203 
548, -0.28834158182144165, 3.705296754837036, 1.6985197067260742, 2.0032386779785156 
549, -0.2883497476577759, 3.7112741470336914, 1.703937292098999, 2.0010573863983154 
550, -0.28832176327705383, 3.751816987991333, 1.7404766082763672, 2.0073771476745605 
551, -0.28834426403045654, 3.7040553092956543, 1.6957049369812012, 2.0043201446533203 
552, -0.2882806658744812, 3.7664313316345215, 1.7468748092651367, 2.006439447402954 
553, -0.288331538438797, 3.6835989952087402, 1.6858222484588623, 1.9929583072662354 
554, -0.28833746910095215, 3.811728000640869, 1.6919591426849365, 2.0029218196868896 
555, -0.2882813811302185, 3.6973352432250977, 1.707087516784668, 1.986387014389038 
556, -0.28831976652145386, 3.6995649337768555, 1.695058822631836, 2.0006046295166016 
557, -0.2883155345916748, 3.728217840194702, 1.699211835861206, 2.025486946105957 
558, -0.2882623076438904, 3.7127044200897217, 1.7072334289550781, 2.0014843940734863 
559, -0.2881530523300171, 3.681952476501465, 1.6722640991210938, 2.0061795711517334 
560, -0.288017213344574, 3.715977907180786, 1.7020690441131592, 2.010286569595337 
561, -0.2881188988685608, 3.754059076309204, 1.7428045272827148, 2.00711989402771 
562, -0.2883331775665283, 3.833188772201538, 1.8244600296020508, 2.003417730331421 
563, -0.28840070962905884, 3.718538284301758, 1.7171645164489746, 1.9962551593780518 
564, -0.2883608639240265, 3.7489562034606934, 1.7443857192993164, 2.000668525695801 
565, -0.28856831789016724, 3.695746660232544, 1.693692922592163, 1.9964632987976074 
566, -0.2887801229953766, 3.706984281539917, 1.6925392150878906, 2.010803699493408 
567, -0.2886308431625366, 3.718986988067627, 1.7043068408966064, 2.010725975036621 
568, -0.28864017128944397, 3.719142198562622, 1.706484317779541, 2.0090715885162354 
569, -0.2885066866874695, 3.698770046234131, 1.6942381858825684, 2.000938653945923 
570, -0.2881208658218384, 3.7025060653686523, 1.6926138401031494, 2.0062849521636963 
571, -0.28758513927459717, 3.7243854999542236, 1.7233209609985352, 1.9962499141693115 
572, -0.2871192693710327, 3.7519586086273193, 1.738377332687378, 2.009988307952881 
573, -0.28724658489227295, 3.787095785140991, 1.6807420253753662, 1.9948883056640625 
574, -0.2874162793159485, 3.7078323364257812, 1.701409101486206, 2.0003671646118164 
575, -0.28754210472106934, 3.7338595390319824, 1.7321100234985352, 1.9978063106536865 
576, -0.2877371907234192, 3.707519054412842, 1.6950676441192627, 2.0081684589385986 
577, -0.28772789239883423, 3.714794635772705, 1.704171895980835, 2.0071866512298584 
578, -0.28746330738067627, 3.7022347450256348, 1.7022895812988281, 1.9964408874511719 
579, -0.2872806787490845, 3.7480220794677734, 1.7196300029754639, 2.0021629333496094 
580, -0.2871786952018738, 3.7510969638824463, 1.7391479015350342, 2.008462429046631 
581, -0.28709492087364197, 3.7035133838653564, 1.6972386837005615, 2.002809762954712 
582, -0.2869423031806946, 3.705772876739502, 1.6978988647460938, 2.0016567707061768 
583, -0.2868337035179138, 3.7040233612060547, 1.697500228881836, 2.0029687881469727 
584, -0.28665316104888916, 3.760751485824585, 1.7466084957122803, 2.0092334747314453 
585, -0.2866837680339813, 3.71138334274292, 1.6938576698303223, 2.013155937194824 
586, -0.28618741035461426, 3.7062182426452637, 1.7004616260528564, 2.002164602279663 
587, -0.2861899137496948, 3.7125582695007324, 1.7018041610717773, 2.0071604251861572 
588, -0.2862858474254608, 3.698897361755371, 1.6951408386230469, 2.0002574920654297 
589, -0.2862650752067566, 3.7135846614837646, 1.7121241092681885, 1.9978530406951904 
590, -0.2862796187400818, 3.6911420822143555, 1.691725254058838, 1.9956862926483154 
591, -0.28624874353408813, 3.6928374767303467, 1.6818180084228516, 2.0073814392089844 
592, -0.28616976737976074, 3.6924521923065186, 1.6917240619659424, 1.9967529773712158 
593, -0.286327600479126, 3.6993114948272705, 1.6928753852844238, 2.0021471977233887 
594, -0.2864478826522827, 3.7466893196105957, 1.7418203353881836, 2.000579595565796 
595, -0.286557137966156, 3.718489408493042, 1.7001187801361084, 2.013746976852417 
596, -0.28666967153549194, 3.689185619354248, 1.6735596656799316, 2.011181116104126 
597, -0.28674381971359253, 3.7700116634368896, 1.7444984912872314, 2.0212340354919434 
598, -0.2868543267250061, 3.693082332611084, 1.7015290260314941, 1.9875168800354004 
599, -0.28693342208862305, 3.789914846420288, 1.7664985656738281, 2.016892194747925 
600, -0.2870442271232605, 3.703935384750366, 1.7023653984069824, 1.99688720703125 
601, -0.28694817423820496, 3.6822164058685303, 1.6814601421356201, 1.9957261085510254 
602, -0.28663426637649536, 3.7065114974975586, 1.7029664516448975, 1.9985201358795166 
603, -0.2865006923675537, 3.8571627140045166, 1.744760274887085, 2.005350112915039 
604, -0.28660905361175537, 3.7223007678985596, 1.707413673400879, 2.0022034645080566 
605, -0.2864459753036499, 3.7013204097747803, 1.7010698318481445, 1.9967498779296875 
606, -0.28621262311935425, 3.7341513633728027, 1.7335500717163086, 1.9970664978027344 
607, -0.2864953875541687, 3.700113534927368, 1.700547695159912, 1.9959657192230225 
608, -0.2866714894771576, 3.7131168842315674, 1.7067558765411377, 2.0027239322662354 
609, -0.28650963306427, 3.69681453704834, 1.6867856979370117, 1.991020917892456 
610, -0.28656136989593506, 3.7063608169555664, 1.6948981285095215, 2.0079479217529297 
611, -0.28651463985443115, 3.705667018890381, 1.7010877132415771, 2.000730514526367 
612, -0.2865135669708252, 3.6954121589660645, 1.6997122764587402, 1.9909825325012207 
613, -0.2864372134208679, 3.6889913082122803, 1.696216344833374, 1.9892001152038574 
614, -0.28632473945617676, 3.7032015323638916, 1.6950829029083252, 2.004544973373413 
615, -0.28635966777801514, 3.7069995403289795, 1.6979966163635254, 2.004957437515259 
616, -0.28625786304473877, 3.748065233230591, 1.74263334274292, 1.9989955425262451 
617, -0.28628629446029663, 3.7228100299835205, 1.7026987075805664, 2.01582670211792 
618, -0.2864232063293457, 3.763004779815674, 1.753577470779419, 2.0057287216186523 
619, -0.28672417998313904, 3.723482847213745, 1.7098183631896973, 2.010075330734253 
620, -0.2869170308113098, 3.852977991104126, 1.724776029586792, 2.0102665424346924 
621, -0.28699105978012085, 3.7013590335845947, 1.6972098350524902, 2.0006587505340576 
622, -0.28722140192985535, 3.707230806350708, 1.7053141593933105, 1.998394250869751 
623, -0.28745850920677185, 3.709730386734009, 1.6936309337615967, 2.011892080307007 
624, -0.2875017523765564, 3.75176739692688, 1.7457337379455566, 2.0024845600128174 
625, -0.28742551803588867, 3.7201316356658936, 1.7224421501159668, 1.994178056716919 
626, -0.2874334454536438, 3.7641351222991943, 1.7483444213867188, 2.012040376663208 
627, -0.2877216041088104, 3.7164361476898193, 1.7019169330596924, 2.0105676651000977 
628, -0.28784310817718506, 3.7108895778656006, 1.6992542743682861, 2.006838321685791 
629, -0.28779202699661255, 3.7547216415405273, 1.6970329284667969, 2.006843090057373 
630, -0.2877345681190491, 3.717992067337036, 1.7108490467071533, 2.003234624862671 
631, -0.28756779432296753, 3.6994426250457764, 1.6914584636688232, 2.0041143894195557 
632, -0.2875012159347534, 3.7499594688415527, 1.7432053089141846, 2.0025413036346436 
633, -0.2877574563026428, 3.744825839996338, 1.7045276165008545, 2.036285877227783 
634, -0.2879871129989624, 3.6858880519866943, 1.6909675598144531, 1.9910273551940918 
635, -0.2878694534301758, 3.910753011703491, 1.7540171146392822, 2.1485209465026855 
636, -0.287905752658844, 3.689998149871826, 1.69144868850708, 1.9945275783538818 
637, -0.28770989179611206, 3.712700366973877, 1.7001945972442627, 1.999333143234253 
638, -0.2873186469078064, 3.752423048019409, 1.7121398448944092, 2.0363430976867676 
639, -0.28690075874328613, 3.7027127742767334, 1.7036125659942627, 1.9947965145111084 
640, -0.2868229150772095, 3.7063896656036377, 1.6961774826049805, 2.0061769485473633 
641, -0.2869378924369812, 3.701767921447754, 1.6988685131072998, 1.9989032745361328 
642, -0.2871747612953186, 3.6887059211730957, 1.694157600402832, 1.9905452728271484 
643, -0.28715139627456665, 3.8948628902435303, 1.6972317695617676, 2.0128605365753174 
644, -0.287161648273468, 3.7524333000183105, 1.7352244853973389, 2.0074596405029297 
645, -0.2871444523334503, 3.701176404953003, 1.6966602802276611, 2.0004079341888428 
646, -0.2872195541858673, 3.72090482711792, 1.6998927593231201, 2.0171074867248535 
647, -0.287354052066803, 3.7029061317443848, 1.687995433807373, 2.010728597640991 
648, -0.28728222846984863, 3.755769968032837, 1.7444171905517578, 1.9986450672149658 
649, -0.2873038351535797, 3.751880168914795, 1.707768201828003, 2.0402402877807617 
650, -0.28730785846710205, 3.7043356895446777, 1.6956908702850342, 2.004727363586426 
651, -0.28720003366470337, 3.7082717418670654, 1.7047178745269775, 1.9989638328552246 
652, -0.2870527505874634, 3.764286756515503, 1.713137149810791, 2.043267250061035 
653, -0.287106990814209, 3.726008415222168, 1.7003862857818604, 2.021491289138794 
654, -0.28700387477874756, 3.7077417373657227, 1.7037062644958496, 2.000063896179199 
655, -0.2866615653038025, 3.718892812728882, 1.709923505783081, 2.0050086975097656 
656, -0.28667938709259033, 3.749985456466675, 1.7364909648895264, 2.0092811584472656 
657, -0.28696727752685547, 3.7620677947998047, 1.7492640018463135, 2.0085558891296387 
658, -0.28699976205825806, 3.7423925399780273, 1.7439522743225098, 1.9944541454315186 
659, -0.2871459722518921, 3.722592353820801, 1.6966254711151123, 2.012869358062744 
660, -0.28728824853897095, 3.932929515838623, 1.7067415714263916, 2.034370183944702 
661, -0.28757748007774353, 3.759935140609741, 1.755631685256958, 2.00036358833313 
662, -0.28766918182373047, 3.7433266639709473, 1.7237248420715332, 2.015066146850586 
663, -0.28761762380599976, 3.752436637878418, 1.7538120746612549, 1.9947800636291504 
664, -0.28767651319503784, 3.750143051147461, 1.7447669506072998, 2.001528739929199 
665, -0.2877938151359558, 3.746427059173584, 1.7332367897033691, 2.0092849731445312 
666, -0.2878226339817047, 3.7039787769317627, 1.7007064819335938, 1.9994046688079834 
667, -0.28793954849243164, 3.74821400642395, 1.7435784339904785, 1.9996707439422607 
668, -0.2880212962627411, 3.769436836242676, 1.7448968887329102, 2.018594980239868 
669, -0.28834080696105957, 3.7619636058807373, 1.724191427230835, 2.031346559524536 
670, -0.28846603631973267, 3.757883310317993, 1.7454652786254883, 2.0003230571746826 
671, -0.2886693477630615, 3.952105760574341, 1.772836446762085, 2.033710479736328 
672, -0.288790225982666, 3.710165500640869, 1.6987390518188477, 2.0074846744537354 
673, -0.28902092576026917, 3.7071824073791504, 1.7048194408416748, 1.998459815979004 
674, -0.28899192810058594, 3.749843120574951, 1.7447090148925781, 2.0009889602661133 
675, -0.28906741738319397, 3.716054677963257, 1.6993446350097656, 2.0127804279327393 
676, -0.28925850987434387, 3.704223394393921, 1.6977159976959229, 2.0026636123657227 
677, -0.28932827711105347, 3.7409818172454834, 1.7170751094818115, 2.004648208618164 
678, -0.2892627716064453, 3.7220489978790283, 1.7118635177612305, 2.0062363147735596 
679, -0.289115309715271, 3.7259321212768555, 1.7044134140014648, 2.0173404216766357 
680, -0.2888999581336975, 3.826080799102783, 1.74623703956604, 2.0741000175476074 
681, -0.2888427674770355, 3.702307939529419, 1.6969809532165527, 2.001328468322754 
682, -0.2885729670524597, 3.6879312992095947, 1.6799724102020264, 2.0039563179016113 
683, -0.28820157051086426, 3.7458441257476807, 1.7436647415161133, 1.9979751110076904 
684, -0.2882269024848938, 3.7083277702331543, 1.6974966526031494, 2.006964921951294 
685, -0.28812170028686523, 3.719764232635498, 1.6948065757751465, 2.0209617614746094 
686, -0.28797128796577454, 3.7235941886901855, 1.7095487117767334, 2.0075652599334717 
687, -0.2877108156681061, 3.708242893218994, 1.6907169818878174, 2.005418062210083 
688, -0.28743427991867065, 3.9007859230041504, 1.7059295177459717, 2.0260369777679443 
689, -0.2872152328491211, 3.7985219955444336, 1.7307450771331787, 2.0405402183532715 
690, -0.2872124910354614, 3.724745035171509, 1.7147996425628662, 2.0057930946350098 
691, -0.2869721055030823, 3.697211980819702, 1.6967012882232666, 1.9965903759002686 
692, -0.28703412413597107, 3.6889545917510986, 1.6889376640319824, 1.9960904121398926 
693, -0.2870447039604187, 3.684570789337158, 1.6841373443603516, 1.9965078830718994 
694, -0.2870006263256073, 3.700455904006958, 1.6894035339355469, 2.0069117546081543 
695, -0.2870754897594452, 3.7216858863830566, 1.720956802368164, 1.9967281818389893 
696, -0.28705090284347534, 3.7049999237060547, 1.6914217472076416, 2.009727716445923 
697, -0.28694838285446167, 3.676978349685669, 1.6824917793273926, 1.990203857421875 
698, -0.2869873046875, 3.6827924251556396, 1.691863775253296, 1.9865267276763916 
699, -0.28723230957984924, 3.7983131408691406, 1.7042286396026611, 2.086851119995117 
700, -0.28739163279533386, 3.684269666671753, 1.6871850490570068, 1.993086814880371 
701, -0.28729748725891113, 3.7269763946533203, 1.7348973751068115, 1.9880402088165283 
702, -0.28733131289482117, 3.6940321922302246, 1.6888298988342285, 2.001116991043091 
703, -0.28742700815200806, 3.7447428703308105, 1.737070083618164, 2.0007293224334717 
704, -0.28766143321990967, 3.746708631515503, 1.7291057109832764, 2.0136945247650146 
705, -0.28787681460380554, 3.7257888317108154, 1.7332942485809326, 1.9884912967681885 
706, -0.28813377022743225, 3.7384753227233887, 1.7433886528015137, 1.991096019744873 
707, -0.28844404220581055, 3.837390184402466, 1.6901772022247314, 2.0210213661193848 
708, -0.2886713147163391, 3.6854629516601562, 1.6951360702514648, 1.985966444015503 
709, -0.2888348698616028, 3.6955130100250244, 1.6899399757385254, 1.9973993301391602 
710, -0.289021760225296, 3.692368268966675, 1.688023567199707, 1.9998137950897217 
711, -0.288998544216156, 3.689751625061035, 1.69697904586792, 1.9887502193450928 
712, -0.28890693187713623, 3.7489004135131836, 1.755171775817871, 1.9897115230560303 
713, -0.28920820355415344, 3.686671257019043, 1.6878013610839844, 1.9948229789733887 
714, -0.2893153429031372, 3.7267656326293945, 1.737671136856079, 1.985142707824707 
715, -0.2893356680870056, 3.691727638244629, 1.691992998123169, 1.9958155155181885 
716, -0.2894953489303589, 3.6875462532043457, 1.6855030059814453, 1.997401237487793 
717, -0.28954702615737915, 3.694356679916382, 1.6944005489349365, 1.986994743347168 
718, -0.2895094156265259, 3.754713773727417, 1.7158246040344238, 2.0314323902130127 
719, -0.2893427610397339, 3.734147071838379, 1.7381927967071533, 1.991929054260254 
720, -0.2891731560230255, 3.739450216293335, 1.7324481010437012, 1.9997596740722656 
721, -0.28937774896621704, 3.6839487552642822, 1.68265700340271, 1.9858572483062744 
722, -0.2894277572631836, 3.686882495880127, 1.6885747909545898, 1.9943938255310059 
723, -0.28941136598587036, 3.745723247528076, 1.7377080917358398, 2.004448413848877 
724, -0.2894148826599121, 3.6895923614501953, 1.6928811073303223, 1.9926321506500244 
725, -0.28926193714141846, 3.7257728576660156, 1.733771800994873, 1.9880025386810303 
726, -0.2892080843448639, 3.6861484050750732, 1.6908214092254639, 1.991150140762329 
727, -0.2891899347305298, 3.902090549468994, 1.708012580871582, 2.015939712524414 
728, -0.28906363248825073, 3.729212760925293, 1.7266590595245361, 1.9893622398376465 
729, -0.2888936400413513, 3.7773821353912354, 1.7368853092193604, 2.014949321746826 
730, -0.28853490948677063, 3.687993288040161, 1.6960816383361816, 1.9883837699890137 
731, -0.2879800796508789, 3.733003616333008, 1.7400379180908203, 1.9895036220550537 
732, -0.2881554961204529, 3.6838064193725586, 1.6899278163909912, 1.990373134613037 
733, -0.28811097145080566, 3.680962085723877, 1.686938762664795, 1.9897494316101074 
734, -0.28787633776664734, 3.691810131072998, 1.6933152675628662, 1.994960069656372 
735, -0.28755876421928406, 3.8765318393707275, 1.6933436393737793, 2.003499746322632 
736, -0.2873358130455017, 3.8042752742767334, 1.7254014015197754, 2.049382209777832 
737, -0.2872505187988281, 3.715609312057495, 1.7261693477630615, 1.9859404563903809 
738, -0.2870866656303406, 3.7012434005737305, 1.7073545455932617, 1.9904165267944336 
739, -0.2870604395866394, 3.711603879928589, 1.7022485733032227, 1.9965484142303467 
740, -0.2867357134819031, 3.751800298690796, 1.7312648296356201, 1.995431900024414 
741, -0.2867721915245056, 3.7261335849761963, 1.7124950885772705, 2.0101699829101562 
742, -0.2867662310600281, 3.678961992263794, 1.684800386428833, 1.9906740188598633 
743, -0.286748468875885, 3.7163848876953125, 1.69508695602417, 2.0178098678588867 
744, -0.2866923213005066, 3.6893575191497803, 1.6901512145996094, 1.9957985877990723 
745, -0.2866724729537964, 3.688673973083496, 1.6650474071502686, 2.015896797180176 
746, -0.28680482506752014, 3.849332809448242, 1.6890790462493896, 1.9997930526733398 
747, -0.2867359519004822, 3.757599115371704, 1.7629904747009277, 1.9910657405853271 
748, -0.2866142988204956, 3.699009895324707, 1.6936519145965576, 2.0018341541290283 
749, -0.28626665472984314, 3.675654649734497, 1.6815598011016846, 1.9906866550445557 
750, -0.2860432267189026, 3.691640853881836, 1.6822352409362793, 1.9960572719573975 
751, -0.28609469532966614, 3.7149012088775635, 1.695683479309082, 1.9945528507232666 
752, -0.2859833240509033, 3.713595151901245, 1.7229828834533691, 1.9870615005493164 
753, -0.2856786251068115, 3.6840169429779053, 1.6888718605041504, 1.9916160106658936 
754, -0.28538787364959717, 3.708141803741455, 1.692317008972168, 2.0072503089904785 
755, -0.2848705053329468, 3.687438726425171, 1.688847303390503, 1.9950871467590332 
756, -0.2843550145626068, 3.7053003311157227, 1.7109758853912354, 1.9908108711242676 
757, -0.28388670086860657, 3.850004196166992, 1.6882383823394775, 1.9987599849700928 
758, -0.2835161089897156, 3.7252237796783447, 1.7253968715667725, 1.9963042736053467 
759, -0.283209890127182, 3.675415515899658, 1.6844797134399414, 1.9863054752349854 
760, -0.28322553634643555, 3.7197396755218506, 1.7057013511657715, 1.9926609992980957 
761, -0.2832913398742676, 3.7457685470581055, 1.7433068752288818, 1.9902334213256836 
762, -0.28357037901878357, 3.7078514099121094, 1.695504903793335, 2.00883150100708 
763, -0.2836911976337433, 3.6958389282226562, 1.703071117401123, 1.9892044067382812 
764, -0.2839958667755127, 3.7162106037139893, 1.7149968147277832, 1.9948256015777588 
765, -0.2841767370700836, 3.6786372661590576, 1.6918776035308838, 1.983241081237793 
766, -0.2844615578651428, 3.6911427974700928, 1.6834039688110352, 2.0042262077331543 
767, -0.28475964069366455, 3.6978392601013184, 1.6916370391845703, 2.0017127990722656 
768, -0.2848774194717407, 3.894320011138916, 1.6957194805145264, 2.0071823596954346 
769, -0.2850452661514282, 3.713294267654419, 1.7192022800445557, 1.990565299987793 
770, -0.28506749868392944, 3.7375667095184326, 1.7344167232513428, 1.9995439052581787 
771, -0.2852326035499573, 3.699707508087158, 1.6834220886230469, 2.005979061126709 
772, -0.2852778434753418, 3.704562187194824, 1.7020182609558105, 1.9989466667175293 
773, -0.2854509651660919, 3.755516529083252, 1.7528455257415771, 1.9991352558135986 
774, -0.28585880994796753, 3.685415506362915, 1.6902246475219727, 1.9916789531707764 
775, -0.2861899733543396, 3.7449889183044434, 1.7455544471740723, 1.9959630966186523 
776, -0.2866143584251404, 3.7430059909820557, 1.7392807006835938, 1.999269723892212 
777, -0.2869977056980133, 3.7391092777252197, 1.7217319011688232, 1.9975595474243164 
778, -0.2873421609401703, 3.683723211288452, 1.6899573802947998, 1.9901540279388428 
779, -0.2874245345592499, 3.7686731815338135, 1.7357943058013916, 1.996835708618164 
780, -0.28762832283973694, 3.7728421688079834, 1.702439785003662, 2.0538463592529297 
781, -0.288013756275177, 3.713253974914551, 1.7009620666503906, 2.004859447479248 
782, -0.28825637698173523, 3.681335687637329, 1.6876347064971924, 1.9893438816070557 
783, -0.28811103105545044, 3.6773035526275635, 1.683950662612915, 1.9897668361663818 
784, -0.28781118988990784, 3.7387542724609375, 1.7336094379425049, 2.001573324203491 
785, -0.2880472242832184, 3.692556619644165, 1.6992998123168945, 1.989671230316162 
786, -0.2883520722389221, 3.7438082695007324, 1.7344353199005127, 1.9898192882537842 
787, -0.2886626124382019, 3.863567352294922, 1.7287309169769287, 2.001760721206665 
788, -0.2886806130409241, 3.7526769638061523, 1.7530596256256104, 1.9957633018493652 
789, -0.28873419761657715, 3.688854694366455, 1.6937346458435059, 1.9914178848266602 
790, -0.28891581296920776, 3.7109761238098145, 1.708540916442871, 1.9944217205047607 
791, -0.2887004315853119, 3.6893279552459717, 1.6890230178833008, 1.9967975616455078 
792, -0.2885144352912903, 3.677823066711426, 1.6915223598480225, 1.9828708171844482 
793, -0.2882766127586365, 3.701441526412964, 1.6972565650939941, 1.9988539218902588 
794, -0.2881869077682495, 3.6793227195739746, 1.686842918395996, 1.9890050888061523 
795, -0.2882659435272217, 3.7377285957336426, 1.7453091144561768, 1.9887750148773193 
796, -0.288455069065094, 3.7503879070281982, 1.6955788135528564, 2.002833604812622 
797, -0.28849467635154724, 3.69095516204834, 1.7000997066497803, 1.9872665405273438 
798, -0.2884216904640198, 3.6983582973480225, 1.7078027725219727, 1.9839060306549072 
799, -0.28798842430114746, 3.7685413360595703, 1.7682552337646484, 1.9876964092254639 
800, -0.2877539098262787, 3.67397403717041, 1.682767629623413, 1.987215280532837 
801, -0.28758323192596436, 3.6901590824127197, 1.6866199970245361, 1.9996163845062256 
802, -0.28732237219810486, 3.6827943325042725, 1.6869776248931885, 1.9922001361846924 
803, -0.2871553301811218, 3.710073947906494, 1.6942644119262695, 1.9975476264953613 
804, -0.28678542375564575, 3.8140528202056885, 1.6962976455688477, 1.9922797679901123 
805, -0.2865978479385376, 3.7135543823242188, 1.7140812873840332, 1.995572566986084 
806, -0.286810040473938, 3.6828184127807617, 1.6917343139648438, 1.987471342086792 
807, -0.2868841290473938, 3.725494861602783, 1.7092673778533936, 1.9970762729644775 
808, -0.28687751293182373, 3.6829833984375, 1.6850206851959229, 1.9939146041870117 
809, -0.2869606614112854, 3.689708709716797, 1.690861701965332, 1.993947982788086 
810, -0.2870534062385559, 3.6955511569976807, 1.697267770767212, 1.992818832397461 
811, -0.2871314585208893, 3.678327798843384, 1.6892802715301514, 1.9850146770477295 
812, -0.2871909737586975, 3.731139659881592, 1.7304248809814453, 1.996382236480713 
813, -0.2872025668621063, 3.773113965988159, 1.7390668392181396, 2.0283267498016357 
814, -0.28746485710144043, 3.725569009780884, 1.7357923984527588, 1.9857511520385742 
815, -0.2878556251525879, 3.709662437438965, 1.6912953853607178, 2.0128209590911865 
816, -0.28806477785110474, 3.6825497150421143, 1.6837899684906006, 1.986217975616455 
817, -0.2881087064743042, 3.7046408653259277, 1.6929607391357422, 2.008096933364868 
818, -0.28813445568084717, 3.782642126083374, 1.7354679107666016, 2.043461561203003 
819, -0.28810566663742065, 3.698460817337036, 1.691333293914795, 2.0034923553466797 
820, -0.28797441720962524, 3.6955528259277344, 1.683260202407837, 1.987579107284546 
821, -0.2878326177597046, 3.905670642852783, 1.7395005226135254, 1.9983947277069092 
822, -0.28815385699272156, 3.6955909729003906, 1.6982107162475586, 1.993187427520752 
823, -0.2882841229438782, 3.718496084213257, 1.7247474193572998, 1.9897065162658691 
824, -0.28841274976730347, 3.736154079437256, 1.7411835193634033, 1.9910621643066406 
825, -0.2887081801891327, 3.682366371154785, 1.6877641677856445, 1.9899897575378418 
826, -0.2886471152305603, 3.759476661682129, 1.6836907863616943, 2.0518195629119873 
827, -0.2883569896221161, 3.7478435039520264, 1.743591070175171, 1.9934649467468262 
828, -0.28816622495651245, 3.7114603519439697, 1.6936111450195312, 2.0143401622772217 
829, -0.288311243057251, 3.691885232925415, 1.691420078277588, 1.9961540699005127 
830, -0.28835245966911316, 3.7349672317504883, 1.7365400791168213, 1.994215726852417 
831, -0.2884131669998169, 3.6911656856536865, 1.6914570331573486, 1.9962923526763916 
832, -0.28820469975471497, 3.725130796432495, 1.6915600299835205, 2.021348476409912 
833, -0.28804296255111694, 3.675753116607666, 1.6876585483551025, 1.9845869541168213 
834, -0.28777262568473816, 3.6840126514434814, 1.6863198280334473, 1.9936654567718506 
835, -0.28727608919143677, 3.7181236743927, 1.7068841457366943, 2.006897449493408 
836, -0.2869550585746765, 3.6794586181640625, 1.6925513744354248, 1.9828734397888184 
837, -0.2869715690612793, 3.704242706298828, 1.6878623962402344, 1.9937050342559814 
838, -0.2870422601699829, 3.693655490875244, 1.693420648574829, 1.9884026050567627 
839, -0.2870997190475464, 3.695216655731201, 1.6938979625701904, 1.9977812767028809 
840, -0.28713303804397583, 3.680037021636963, 1.6864867210388184, 1.9898629188537598 
841, -0.28698301315307617, 3.7243804931640625, 1.7269525527954102, 1.9938225746154785 
842, -0.2868775725364685, 3.6772170066833496, 1.6826508045196533, 1.9905531406402588 
843, -0.2867318391799927, 3.738075017929077, 1.706930160522461, 2.0257022380828857 
844, -0.2867753505706787, 3.7383391857147217, 1.747565746307373, 1.9860968589782715 
845, -0.2869742512702942, 3.677645206451416, 1.6841657161712646, 1.989471435546875 
846, -0.2872428596019745, 3.690662384033203, 1.699871301651001, 1.9865140914916992 
847, -0.28742942214012146, 3.72301983833313, 1.723435640335083, 1.9955596923828125 
848, -0.28758060932159424, 3.7182371616363525, 1.730823040008545, 1.983381748199463 
849, -0.28783005475997925, 3.7022769451141357, 1.6867120265960693, 2.0071046352386475 
850, -0.2880920171737671, 3.679471015930176, 1.6866512298583984, 1.9888181686401367 
851, -0.2882964015007019, 3.7230629920959473, 1.7291183471679688, 1.9884629249572754 
852, -0.28863227367401123, 3.714827060699463, 1.7180402278900146, 1.9927637577056885 
853, -0.28881651163101196, 3.70001482963562, 1.6993608474731445, 1.9963266849517822 
854, -0.28905755281448364, 3.698795795440674, 1.6991405487060547, 1.995509386062622 
855, -0.28924739360809326, 3.6719467639923096, 1.6849005222320557, 1.9830522537231445 
856, -0.28929197788238525, 3.6812169551849365, 1.6887502670288086, 1.9881880283355713 
857, -0.2891572117805481, 3.678065776824951, 1.680943489074707, 1.9903228282928467 
858, -0.28899967670440674, 3.736537456512451, 1.729504108428955, 1.9935319423675537 
859, -0.2893001139163971, 3.67348051071167, 1.6855416297912598, 1.984419345855713 
860, -0.2894032299518585, 3.6785190105438232, 1.6854734420776367, 1.9876439571380615 
861, -0.2894391119480133, 3.7098236083984375, 1.7157673835754395, 1.9904375076293945 
862, -0.2893010973930359, 3.9222805500030518, 1.7381021976470947, 1.9990010261535645 
863, -0.28911665081977844, 3.8347585201263428, 1.7263145446777344, 2.0905275344848633 
864, -0.2886669635772705, 3.6826393604278564, 1.693448781967163, 1.9848873615264893 
865, -0.2885180115699768, 3.683877944946289, 1.6852216720581055, 1.9945085048675537 
866, -0.2885853052139282, 3.7161777019500732, 1.7062654495239258, 2.0034987926483154 
867, -0.2885918617248535, 3.6774463653564453, 1.6840665340423584, 1.989957571029663 
868, -0.2885074019432068, 3.6815123558044434, 1.6886329650878906, 1.9893841743469238 
869, -0.2881881594657898, 3.7445621490478516, 1.7377650737762451, 1.9952034950256348 
870, -0.2880956530570984, 3.783203363418579, 1.6987848281860352, 2.057612180709839 
871, -0.28779110312461853, 3.9697110652923584, 1.744483232498169, 2.0351858139038086 
872, -0.2873445749282837, 3.7128140926361084, 1.7249469757080078, 1.9843788146972656 
873, -0.28672486543655396, 3.6831247806549072, 1.6884889602661133, 1.9911339282989502 
874, -0.2864201068878174, 3.6850850582122803, 1.6942145824432373, 1.9873418807983398 
875, -0.2860732078552246, 3.7727434635162354, 1.7749841213226318, 1.9934568405151367 
876, -0.285906046628952, 3.6769466400146484, 1.684089183807373, 1.9894511699676514 
877, -0.2858879566192627, 3.672581195831299, 1.6873507499694824, 1.981743574142456 
878, -0.2858244776725769, 3.688788652420044, 1.6904547214508057, 1.9899771213531494 
879, -0.28574419021606445, 3.699131727218628, 1.6845667362213135, 2.0039708614349365 
880, -0.2857247591018677, 3.736236333847046, 1.7171974182128906, 1.9955682754516602 
881, -0.2856758236885071, 3.6838951110839844, 1.690760850906372, 1.9882185459136963 
882, -0.28560879826545715, 3.6937496662139893, 1.6942763328552246, 1.994157075881958 
883, -0.28521728515625, 3.721468448638916, 1.723876953125, 1.9905128479003906 
884, -0.28500425815582275, 3.6851887702941895, 1.6908671855926514, 1.9907426834106445 
885, -0.2848699688911438, 3.686342477798462, 1.6907477378845215, 1.9920086860656738 
886, -0.28502094745635986, 3.727020025253296, 1.73604416847229, 1.9874026775360107 
887, -0.28541624546051025, 3.695338487625122, 1.693354845046997, 1.9984185695648193 
888, -0.285643994808197, 3.6901495456695557, 1.699650526046753, 1.9869005680084229 
889, -0.2856135368347168, 3.7052619457244873, 1.6800708770751953, 1.9943091869354248 
890, -0.2855181097984314, 3.768432378768921, 1.708505630493164, 2.0000393390655518 
891, -0.28549709916114807, 3.712738513946533, 1.7165112495422363, 1.9925527572631836 
892, -0.2855037450790405, 3.7092838287353516, 1.7161760330200195, 1.9894981384277344 
893, -0.2853483259677887, 3.68395733833313, 1.6954190731048584, 1.985063076019287 
894, -0.28530776500701904, 3.696035861968994, 1.691032886505127, 2.001511335372925 
895, -0.285179078578949, 3.6942341327667236, 1.696293592453003, 1.9943649768829346 
896, -0.28498220443725586, 3.7441389560699463, 1.740281581878662, 2.0003747940063477 
897, -0.2854459285736084, 3.7236602306365967, 1.7372360229492188, 1.981968879699707 
898, -0.2858852446079254, 3.776775360107422, 1.778092861175537, 1.9945170879364014 
899, -0.2861741781234741, 4.007297039031982, 1.7336652278900146, 2.2665395736694336 
900, -0.2865256071090698, 3.6909663677215576, 1.6951003074645996, 1.9922442436218262 
901, -0.28675276041030884, 3.6859991550445557, 1.6926567554473877, 1.9897613525390625 
902, -0.2868703007698059, 3.677452564239502, 1.6874525547027588, 1.9864146709442139 
903, -0.28697770833969116, 3.690692901611328, 1.692781925201416, 1.9943222999572754 
904, -0.28723961114883423, 3.714553117752075, 1.6934764385223389, 2.0174753665924072 
905, -0.28740715980529785, 3.727457284927368, 1.7315144538879395, 1.992393970489502 
906, -0.28756290674209595, 3.706273078918457, 1.6872234344482422, 2.010065793991089 
907, -0.2874773144721985, 3.710129737854004, 1.6904361248016357, 2.013068914413452 
908, -0.2873315215110779, 3.7455220222473145, 1.730196237564087, 2.008929491043091 
909, -0.28773829340934753, 3.729705810546875, 1.7343864440917969, 1.9917933940887451 
910, -0.2881815433502197, 3.702827215194702, 1.6898486614227295, 2.008038282394409 
911, -0.2883976101875305, 3.6900243759155273, 1.7007250785827637, 1.9857873916625977 
912, -0.28857555985450745, 3.6936538219451904, 1.6924152374267578, 1.997666835784912 
913, -0.28850096464157104, 3.751202344894409, 1.7533621788024902, 1.9943301677703857 
914, -0.2884671092033386, 3.7683873176574707, 1.7439231872558594, 1.9934303760528564 
915, -0.28867417573928833, 3.7678921222686768, 1.7549026012420654, 2.0093040466308594 
916, -0.2888490557670593, 3.748500108718872, 1.7382855415344238, 2.0035288333892822 
917, -0.288874089717865, 3.68923020362854, 1.6914756298065186, 1.993307113647461 
918, -0.2889275550842285, 3.704350471496582, 1.7018709182739258, 1.9985382556915283 
919, -0.2890166640281677, 3.738041400909424, 1.7500495910644531, 1.984361171722412 
920, -0.2892336845397949, 3.7331011295318604, 1.738253116607666, 1.9912588596343994 
921, -0.28928399085998535, 3.700939178466797, 1.7008247375488281, 1.9965152740478516 
922, -0.2892405390739441, 3.6888580322265625, 1.693253993988037, 1.9920969009399414 
923, -0.28907841444015503, 3.746532440185547, 1.7481434345245361, 1.9945662021636963 
924, -0.2888302206993103, 3.8580613136291504, 1.7390284538269043, 1.9909031391143799 
925, -0.2891196608543396, 3.725102663040161, 1.7335231304168701, 1.988034725189209 
926, -0.28902170062065125, 3.7983243465423584, 1.7367160320281982, 2.0081355571746826 
927, -0.28906795382499695, 3.698714256286621, 1.7057058811187744, 1.9877746105194092 
928, -0.28890976309776306, 3.7041826248168945, 1.7128372192382812, 1.9878628253936768 
929, -0.2889065742492676, 3.7587857246398926, 1.741220235824585, 2.0140624046325684 
930, -0.28890764713287354, 3.732701063156128, 1.7414875030517578, 1.9877815246582031 
931, -0.28890514373779297, 3.8488829135894775, 1.7336986064910889, 2.0605316162109375 
932, -0.28897035121917725, 3.8699581623077393, 1.7480411529541016, 1.9926445484161377 
933, -0.2889634966850281, 3.781738758087158, 1.7740199565887451, 2.0041918754577637 
934, -0.28900206089019775, 3.6839981079101562, 1.69685697555542, 1.983670711517334 
935, -0.28913551568984985, 3.7074663639068604, 1.7039875984191895, 1.9996318817138672 
936, -0.28902167081832886, 3.6786949634552, 1.6873846054077148, 1.9878787994384766 
937, -0.2888362407684326, 3.682812452316284, 1.6710059642791748, 2.0082895755767822 
938, -0.2884179949760437, 3.7715024948120117, 1.769547462463379, 1.9984612464904785 
939, -0.2881597876548767, 3.6820199489593506, 1.6844115257263184, 1.9941177368164062 
940, -0.2880628705024719, 3.743173599243164, 1.736762523651123, 2.001901149749756 
941, -0.2886081337928772, 3.7189862728118896, 1.6945481300354004, 2.0173861980438232 
942, -0.2887745499610901, 3.7367422580718994, 1.7421581745147705, 1.990687608718872 
943, -0.2889082431793213, 3.7397871017456055, 1.7374706268310547, 1.997854232788086 
944, -0.28889137506484985, 3.73323130607605, 1.7406408786773682, 1.9859223365783691 
945, -0.28869864344596863, 3.7237231731414795, 1.7315175533294678, 1.9882330894470215 
946, -0.28883713483810425, 3.696220636367798, 1.699791431427002, 1.9923720359802246 
947, -0.28892749547958374, 3.6901960372924805, 1.6867985725402832, 1.9991402626037598 
948, -0.28898537158966064, 3.729466676712036, 1.700779914855957, 1.9986166954040527 
949, -0.28889596462249756, 3.6882574558258057, 1.6877026557922363, 1.9926679134368896 
950, -0.28892022371292114, 3.7290689945220947, 1.736668586730957, 1.9881312847137451 
951, -0.289018452167511, 3.7054662704467773, 1.707592248916626, 1.9935297966003418 
952, -0.28904634714126587, 3.6854069232940674, 1.6879174709320068, 1.9931988716125488 
953, -0.28907209634780884, 3.725003480911255, 1.7325704097747803, 1.988398551940918 
954, -0.289289653301239, 3.6836018562316895, 1.6878666877746582, 1.9914824962615967 
955, -0.2892841696739197, 3.6815967559814453, 1.6864001750946045, 1.9911925792694092 
956, -0.2890719771385193, 3.721332311630249, 1.690962314605713, 2.0074965953826904 
957, -0.28886711597442627, 3.6867637634277344, 1.6896071434020996, 1.990208387374878 
958, -0.2885189652442932, 3.705336570739746, 1.7018506526947021, 1.9995052814483643 
959, -0.2880398631095886, 3.730804681777954, 1.732767105102539, 1.9935798645019531 
960, -0.2879039943218231, 3.7708146572113037, 1.6967415809631348, 1.996563196182251 
961, -0.28776365518569946, 3.699134349822998, 1.6973092555999756, 1.9978749752044678 
962, -0.28781214356422424, 3.7497243881225586, 1.6865384578704834, 2.0100018978118896 
963, -0.28772932291030884, 3.75765061378479, 1.7629785537719727, 1.990725040435791 
964, -0.2877916693687439, 3.6913950443267822, 1.6896297931671143, 1.9976708889007568 
965, -0.2877654433250427, 3.690467596054077, 1.6863651275634766, 2.0005815029144287 
966, -0.28756341338157654, 3.7164623737335205, 1.7134759426116943, 1.9977879524230957 
967, -0.2874066233634949, 3.767007350921631, 1.7480850219726562, 1.996464729309082 
968, -0.28728699684143066, 3.721254348754883, 1.7301619052886963, 1.9875297546386719 
969, -0.2870323657989502, 3.8373286724090576, 1.718677282333374, 1.9885530471801758 
970, -0.287009596824646, 3.702885866165161, 1.700782299041748, 1.989708662033081 
971, -0.2871440052986145, 3.6778712272644043, 1.6831505298614502, 1.9912333488464355 
972, -0.2871907353401184, 3.7406203746795654, 1.744201421737671, 1.992978811264038 
973, -0.28728997707366943, 3.771503448486328, 1.7341153621673584, 2.002267837524414 
974, -0.28740614652633667, 3.698272228240967, 1.7075505256652832, 1.9872078895568848 
975, -0.287452757358551, 3.7103796005249023, 1.7164790630340576, 1.9903779029846191 
976, -0.28735271096229553, 3.7274906635284424, 1.7116215229034424, 1.999448537826538 
977, -0.28748130798339844, 3.9124956130981445, 1.7010293006896973, 2.056180238723755 
978, -0.2875124216079712, 3.7408721446990967, 1.7517681121826172, 1.9849157333374023 
979, -0.28763508796691895, 3.695422649383545, 1.6939046382904053, 1.9972777366638184 
980, -0.2877710461616516, 3.7430741786956787, 1.7453114986419678, 1.9942748546600342 
981, -0.28784629702568054, 3.6902425289154053, 1.6898267269134521, 1.988145112991333 
982, -0.2877790629863739, 3.6967175006866455, 1.6886472702026367, 2.004574775695801 
983, -0.287685364484787, 3.7108969688415527, 1.7200562953948975, 1.9839277267456055 
984, -0.2876681685447693, 3.7718944549560547, 1.701183557510376, 2.0099189281463623 
985, -0.28777140378952026, 3.694981575012207, 1.6895461082458496, 2.001958131790161 
986, -0.28748267889022827, 3.7157063484191895, 1.680582046508789, 2.0270273685455322 
987, -0.28729718923568726, 3.6832926273345947, 1.6832709312438965, 1.9965367317199707 
988, -0.28702861070632935, 3.8135557174682617, 1.6953277587890625, 1.9951093196868896 
989, -0.2865673303604126, 3.706023693084717, 1.7145068645477295, 1.988114356994629 
990, -0.286504864692688, 3.685596227645874, 1.6912600994110107, 1.9901163578033447 
991, -0.28661495447158813, 3.6932010650634766, 1.6922461986541748, 1.997373342514038 
992, -0.28641271591186523, 3.7381465435028076, 1.7255139350891113, 2.0008716583251953 
993, -0.2858085334300995, 3.72515606880188, 1.7070848941802979, 1.9993433952331543 
994, -0.2853914499282837, 3.679837942123413, 1.6887915134429932, 1.9875571727752686 
995, -0.2852134704589844, 3.744546890258789, 1.6988723278045654, 1.9961786270141602 
996, -0.28506386280059814, 3.697519302368164, 1.6985538005828857, 1.9945588111877441 
997, -0.285159170627594, 3.677201509475708, 1.6876726150512695, 1.9860296249389648 
998, -0.28524675965309143, 3.6786675453186035, 1.688429594039917, 1.9864349365234375 
999, -0.28531256318092346, 3.807020425796509, 1.687427043914795, 1.9960286617279053 
