Iteration, loss, time 
0, 1.236663579940796, 0.19789576530456543, 0.10087203979492188, 0.09148526191711426 
1, 1.17905592918396, 0.18484973907470703, 0.08926939964294434, 0.09079170227050781 
2, 1.122922420501709, 0.18294429779052734, 0.08681845664978027, 0.09190773963928223 
3, 1.068278431892395, 0.182952880859375, 0.08665227890014648, 0.09202218055725098 
4, 1.015127420425415, 0.18199443817138672, 0.08692097663879395, 0.09093737602233887 
5, 0.9634506702423096, 0.18445301055908203, 0.0869901180267334, 0.09312868118286133 
6, 0.9132077693939209, 0.18870878219604492, 0.08892703056335449, 0.0953831672668457 
7, 0.8643440008163452, 0.1845858097076416, 0.08852839469909668, 0.0913851261138916 
8, 0.8168091773986816, 0.1849212646484375, 0.08726334571838379, 0.0931401252746582 
9, 0.7705517411231995, 0.18467998504638672, 0.08929443359375, 0.09125208854675293 
