Iteration, loss, time 
0, 0.7149269580841064, 0.3938758373260498 
1, 0.6866135001182556, 0.40564846992492676 
2, 0.6591898202896118, 0.40535998344421387 
3, 0.632767915725708, 0.4066481590270996 
4, 0.6071733236312866, 0.3593928813934326 
5, 0.5823063850402832, 0.3616905212402344 
6, 0.5580829977989197, 0.34905219078063965 
7, 0.534455418586731, 0.350679874420166 
8, 0.511673092842102, 0.34932494163513184 
9, 0.4896419942378998, 0.3545997142791748 
10, 0.46824681758880615, 0.3577272891998291 
11, 0.44751542806625366, 0.35753297805786133 
12, 0.4274681806564331, 0.36611413955688477 
13, 0.4081036448478699, 0.35843992233276367 
14, 0.3894083499908447, 0.3629591464996338 
15, 0.3713529706001282, 0.4136316776275635 
16, 0.3539060950279236, 0.40252017974853516 
17, 0.3370380401611328, 0.4072299003601074 
18, 0.32073140144348145, 0.40567874908447266 
19, 0.304984450340271, 0.36797595024108887 
20, 0.2898045778274536, 0.40175366401672363 
21, 0.27520906925201416, 0.3503572940826416 
22, 0.2611948847770691, 0.3465864658355713 
23, 0.2478468120098114, 0.3679239749908447 
24, 0.23526419699192047, 0.36191320419311523 
25, 0.223293736577034, 0.46616196632385254 
26, 0.2119142860174179, 0.368206262588501 
27, 0.20097604393959045, 0.3600647449493408 
28, 0.19053861498832703, 0.37178921699523926 
29, 0.18059726059436798, 0.3770744800567627 
30, 0.17112712562084198, 0.3713953495025635 
31, 0.1621066927909851, 0.4065830707550049 
32, 0.153518944978714, 0.39896273612976074 
33, 0.14534613490104675, 0.40216565132141113 
34, 0.13756752014160156, 0.36753082275390625 
35, 0.13015961647033691, 0.37152600288391113 
36, 0.12308767437934875, 0.37247586250305176 
37, 0.11625877022743225, 0.4048502445220947 
38, 0.10967805236577988, 0.40473461151123047 
39, 0.10334362089633942, 0.41869378089904785 
40, 0.09723711758852005, 0.40055131912231445 
41, 0.09134955704212189, 0.4032728672027588 
42, 0.08568072319030762, 0.4086737632751465 
43, 0.08023395389318466, 0.4162769317626953 
44, 0.07501312345266342, 0.4178619384765625 
45, 0.0700189471244812, 0.404599666595459 
46, 0.06524732708930969, 0.3709261417388916 
47, 0.060527585446834564, 0.3508772850036621 
48, 0.05595163255929947, 0.36806440353393555 
49, 0.051577404141426086, 0.35814619064331055 
50, 0.047382622957229614, 0.37636756896972656 
51, 0.04331885278224945, 0.36601972579956055 
52, 0.039449870586395264, 0.3782804012298584 
53, 0.03577149659395218, 0.3654942512512207 
54, 0.032277218997478485, 0.3587222099304199 
55, 0.028956323862075806, 0.3687584400177002 
56, 0.02579570561647415, 0.4101738929748535 
57, 0.022782281041145325, 0.4030168056488037 
58, 0.01959824562072754, 0.4125382900238037 
59, 0.01648665964603424, 0.4010632038116455 
60, 0.013505563139915466, 0.38631153106689453 
61, 0.01065623015165329, 0.43230700492858887 
62, 0.007941007614135742, 0.4026165008544922 
63, 0.005361586809158325, 0.41254425048828125 
64, 0.002903074026107788, 0.3996109962463379 
65, 0.0005714371800422668, 0.3745293617248535 
66, -0.001633182168006897, 0.40361499786376953 
67, -0.00371599942445755, 0.396498441696167 
68, -0.00568089634180069, 0.3717539310455322 
69, -0.007529608905315399, 0.4101905822753906 
70, -0.009263508021831512, 0.3950626850128174 
71, -0.01088443398475647, 0.40067481994628906 
72, -0.012395992875099182, 0.408062219619751 
73, -0.013804379850625992, 0.40035438537597656 
74, -0.015117086470127106, 0.4052460193634033 
75, -0.01634162664413452, 0.42085719108581543 
76, -0.01745486631989479, 0.40166401863098145 
77, -0.018458295613527298, 0.3940773010253906 
78, -0.019383057951927185, 0.3655853271484375 
79, -0.0202287919819355, 0.40845751762390137 
80, -0.02099519595503807, 0.4078030586242676 
81, -0.02168424427509308, 0.40570497512817383 
82, -0.02227213978767395, 0.41365957260131836 
83, -0.022786594927310944, 0.4051203727722168 
84, -0.023236576467752457, 0.39845895767211914 
85, -0.023625735193490982, 0.36777424812316895 
86, -0.023956838995218277, 0.3706686496734619 
87, -0.024176806211471558, 0.4048583507537842 
88, -0.02430950105190277, 0.4159128665924072 
89, -0.024556878954172134, 0.39870381355285645 
90, -0.02481742948293686, 0.4133188724517822 
91, -0.025038646534085274, 0.3951690196990967 
92, -0.02521970309317112, 0.39844632148742676 
93, -0.025358526036143303, 0.40256357192993164 
94, -0.025459695607423782, 0.35811471939086914 
95, -0.02552798017859459, 0.3672316074371338 
96, -0.02556457929313183, 0.3697550296783447 
97, -0.025572912767529488, 0.40284013748168945 
98, -0.02548999711871147, 0.41034436225891113 
99, -0.02537650242447853, 0.4085991382598877 
100, -0.02524108812212944, 0.3542478084564209 
101, -0.025084996595978737, 0.3729982376098633 
102, -0.024908963590860367, 0.3618733882904053 
103, -0.02474033646285534, 0.3978135585784912 
104, -0.024598760530352592, 0.40029382705688477 
105, -0.024474794045090675, 0.39761805534362793 
106, -0.02431817352771759, 0.41278505325317383 
107, -0.024146877229213715, 0.3618659973144531 
108, -0.023962384089827538, 0.35512757301330566 
109, -0.023765306919813156, 0.3465707302093506 
110, -0.023555513471364975, 0.36518001556396484 
111, -0.023332849144935608, 0.35427284240722656 
112, -0.023097502067685127, 0.352081298828125 
113, -0.022850438952445984, 0.3799397945404053 
114, -0.022592594847083092, 0.3821830749511719 
115, -0.02227402850985527, 0.405550479888916 
116, -0.02190573699772358, 0.40506553649902344 
117, -0.021529853343963623, 0.37737464904785156 
118, -0.021146688610315323, 0.40212392807006836 
119, -0.020756734535098076, 0.3573753833770752 
120, -0.020307963714003563, 0.3613729476928711 
121, -0.01985083520412445, 0.36020779609680176 
122, -0.01939164288341999, 0.3654615879058838 
123, -0.018931597471237183, 0.36530637741088867 
124, -0.018471499904990196, 0.3907926082611084 
125, -0.018011804670095444, 0.34958529472351074 
126, -0.01755298674106598, 0.35033559799194336 
127, -0.017069654539227486, 0.36859750747680664 
128, -0.016558775678277016, 0.36017918586730957 
129, -0.016052603721618652, 0.3505244255065918 
130, -0.015551811084151268, 0.4450531005859375 
131, -0.015061786398291588, 0.35642361640930176 
132, -0.01459615770727396, 0.3694427013397217 
133, -0.014136848971247673, 0.3549997806549072 
134, -0.013717043213546276, 0.35703110694885254 
135, -0.013317244127392769, 0.35221123695373535 
136, -0.012922488152980804, 0.36066699028015137 
137, -0.012533317320048809, 0.35979270935058594 
138, -0.012165278196334839, 0.34747815132141113 
139, -0.011847949586808681, 0.35834765434265137 
140, -0.011534890159964561, 0.357280969619751 
141, -0.01122615672647953, 0.35773515701293945 
142, -0.010921884328126907, 0.3600575923919678 
143, -0.01062227226793766, 0.3631296157836914 
144, -0.01032758317887783, 0.3516240119934082 
145, -0.010037753731012344, 0.3576538562774658 
146, -0.00975271686911583, 0.3509056568145752 
147, -0.00947241485118866, 0.3535337448120117 
148, -0.009196830913424492, 0.3534114360809326 
149, -0.008926132693886757, 0.3549802303314209 
150, -0.008660534396767616, 0.3625011444091797 
151, -0.008400185033679008, 0.3531210422515869 
152, -0.008145070634782314, 0.35941076278686523 
153, -0.00789509154856205, 0.3540346622467041 
154, -0.007650167215615511, 0.35285234451293945 
155, -0.007410185877233744, 0.34972381591796875 
156, -0.00717519037425518, 0.35131335258483887 
157, -0.006945215631276369, 0.35741186141967773 
158, -0.0067202625796198845, 0.3552711009979248 
159, -0.006500254850834608, 0.36428236961364746 
160, -0.006285062059760094, 0.3462052345275879 
161, -0.0060746027156710625, 0.35454487800598145 
162, -0.005868826061487198, 0.3527073860168457 
163, -0.005667803809046745, 0.35883545875549316 
164, -0.005471604876220226, 0.3607158660888672 
165, -0.005280253477394581, 0.3489413261413574 
166, -0.005093699786812067, 0.35576820373535156 
167, -0.004911879543215036, 0.34755754470825195 
168, -0.004734737332910299, 0.3491380214691162 
169, -0.004562254995107651, 0.3564915657043457 
170, -0.004394472111016512, 0.39380502700805664 
171, -0.004231390543282032, 0.40254735946655273 
172, -0.004072969779372215, 0.36324143409729004 
173, -0.003919118084013462, 0.4007265567779541 
174, -0.003769745584577322, 0.4002563953399658 
175, -0.003624766832217574, 0.39406418800354004 
176, -0.0034841387532651424, 0.39513516426086426 
177, -0.0033478487748652697, 0.3634185791015625 
178, -0.0032158363610506058, 0.40340471267700195 
179, -0.0030880144331604242, 0.39830827713012695 
180, -0.0029642621520906687, 0.401975154876709 
181, -0.002844488713890314, 0.3902451992034912 
182, -0.0027286054100841284, 0.3955116271972656 
183, -0.002616578945890069, 0.3975999355316162 
184, -0.0025083315558731556, 0.4000883102416992 
185, -0.0024084632750600576, 0.3961009979248047 
186, -0.002312290482223034, 0.39902710914611816 
187, -0.002219473011791706, 0.3959178924560547 
188, -0.002129908185452223, 0.3986525535583496 
189, -0.002043522661551833, 0.4000527858734131 
190, -0.001960247289389372, 0.3891003131866455 
191, -0.0018799962708726525, 0.3995084762573242 
192, -0.0018026604084298015, 0.3996601104736328 
193, -0.0017281284090131521, 0.4003283977508545 
194, -0.0016562854871153831, 0.3994169235229492 
195, -0.0015870414208620787, 0.39616847038269043 
196, -0.0015203278744593263, 0.39252686500549316 
197, -0.0014560625422745943, 0.3951866626739502 
198, -0.0013941617216914892, 0.39859819412231445 
199, -0.0013345328625291586, 0.4050731658935547 
200, -0.0012770891189575195, 0.3967459201812744 
201, -0.001221745740622282, 0.3980441093444824 
202, -0.0011684522032737732, 0.39177918434143066 
203, -0.001117140520364046, 0.3952016830444336 
204, -0.0010677505051717162, 0.4023315906524658 
205, -0.0010202032281085849, 0.39868974685668945 
206, -0.0009744273265823722, 0.3994913101196289 
207, -0.0009303530096076429, 0.402163028717041 
208, -0.0008879289962351322, 0.3924367427825928 
209, -0.0008471067994832993, 0.39894628524780273 
210, -0.0008078417158685625, 0.4867258071899414 
211, -0.0007700718706473708, 0.39579033851623535 
212, -0.0007353323744609952, 0.6158552169799805 
213, -0.0007029095431789756, 0.3395235538482666 
214, -0.0006717729265801609, 0.7201535701751709 
215, -0.000641888240352273, 0.3623971939086914 
216, -0.0006132163689471781, 0.33827805519104004 
217, -0.0005857151700183749, 0.3402531147003174 
218, -0.0005593408131971955, 0.33879947662353516 
219, -0.0005340473144315183, 0.3374061584472656 
220, -0.0005097994580864906, 0.34037327766418457 
221, -0.00048656240687705576, 0.34093260765075684 
222, -0.00046430621296167374, 0.34190797805786133 
223, -0.0004429910331964493, 0.3423440456390381 
224, -0.00042257970198988914, 0.33342814445495605 
225, -0.0004030321433674544, 0.33580827713012695 
226, -0.00038431643042713404, 0.34411072731018066 
227, -0.0003664034593384713, 0.33846259117126465 
228, -0.00034926351509056985, 0.5043809413909912 
229, -0.0003328649909235537, 0.3389873504638672 
230, -0.0003171749704051763, 0.3365955352783203 
231, -0.0003021618176717311, 0.34409451484680176 
232, -0.0002877993101719767, 0.3414041996002197 
233, -0.0002740634372457862, 0.3332500457763672 
234, -0.00026093030464835465, 0.34281039237976074 
235, -0.00024837686214596033, 0.34412169456481934 
236, -0.0002363789244554937, 0.3401026725769043 
237, -0.00022491130221169442, 0.34270715713500977 
238, -0.00021395452495198697, 0.3417704105377197 
239, -0.00020348941325210035, 0.3403010368347168 
240, -0.00019349773356225342, 0.3335103988647461 
241, -0.00018396051018498838, 0.33414435386657715 
242, -0.0001748577633406967, 0.36379003524780273 
243, -0.00016616866923868656, 0.3408982753753662 
244, -0.00015787706070113927, 0.33983516693115234 
245, -0.00014996780373621732, 0.34670019149780273 
246, -0.00014242553152143955, 0.33951830863952637 
247, -0.0001352343097096309, 0.3389897346496582 
248, -0.000128377418150194, 0.3357656002044678 
249, -0.00012184004299342632, 0.3445770740509033 
250, -0.00011560760322026908, 0.3470771312713623 
251, -0.00010966773697873577, 0.3355119228363037 
252, -0.00010400798782939091, 0.3400235176086426 
253, -9.861553553491831e-05, 0.339292049407959 
254, -9.347710874862969e-05, 0.33778977394104004 
255, -8.858136425260454e-05, 0.3369481563568115 
256, -8.39174390421249e-05, 0.3425025939941406 
257, -7.947667472762987e-05, 0.34204697608947754 
258, -7.52495980123058e-05, 0.33417797088623047 
259, -7.12271939846687e-05, 0.3363776206970215 
260, -6.740024400642142e-05, 0.338756799697876 
261, -6.375956581905484e-05, 0.3452894687652588 
262, -6.029741052770987e-05, 0.33866333961486816 
263, -5.700651672668755e-05, 0.33892393112182617 
264, -5.387915371102281e-05, 0.3413517475128174 
265, -5.09071905980818e-05, 0.3416926860809326 
266, -4.808293670066632e-05, 0.3389253616333008 
267, -4.5399290684144944e-05, 0.3396153450012207 
268, -4.284978422219865e-05, 0.3385155200958252 
269, -4.0429145883535966e-05, 0.33872318267822266 
270, -3.8131529436213896e-05, 0.34155797958374023 
271, -3.595126327127218e-05, 0.3393075466156006 
272, -3.3882693969644606e-05, 0.3435850143432617 
273, -3.192095391568728e-05, 0.3406188488006592 
274, -3.0061368306633085e-05, 0.3428006172180176 
275, -2.8299575205892324e-05, 0.33430004119873047 
276, -2.663071791175753e-05, 0.34014272689819336 
277, -2.504999065422453e-05, 0.3398773670196533 
278, -2.355269134568516e-05, 0.3385753631591797 
279, -2.2134550818009302e-05, 0.34310197830200195 
280, -2.0791901988559403e-05, 0.343778133392334 
281, -1.9521205103956163e-05, 0.33795976638793945 
282, -1.8318845832254738e-05, 0.3394780158996582 
283, -1.7181140719912946e-05, 0.34267473220825195 
284, -1.6104975657071918e-05, 0.3337674140930176 
285, -1.5087494830368087e-05, 0.3363182544708252 
286, -1.4126018868410029e-05, 0.3420443534851074 
287, -1.3217917512520216e-05, 0.3405342102050781 
288, -1.2360258551780134e-05, 0.33657217025756836 
289, -1.1550368981261272e-05, 0.340878963470459 
290, -1.0785705853777472e-05, 0.34410905838012695 
291, -1.0064036359835882e-05, 0.3362283706665039 
292, -9.383404176332988e-06, 0.33550524711608887 
293, -8.741647434362676e-06, 0.34145641326904297 
294, -8.136734322761185e-06, 0.3405754566192627 
295, -7.566795375169022e-06, 0.33723974227905273 
296, -7.0301452979038e-06, 0.3398258686065674 
297, -6.5253066168224905e-06, 0.3390166759490967 
298, -6.0507563830469735e-06, 0.33725810050964355 
299, -5.604897069133585e-06, 0.3409297466278076 
300, -5.1861402425856795e-06, 0.34456872940063477 
301, -4.792996605829103e-06, 0.339008092880249 
302, -4.424159669724759e-06, 0.3383982181549072 
303, -4.07843072025571e-06, 0.3380272388458252 
304, -3.754552153623081e-06, 0.42716121673583984 
305, -3.4512497677496867e-06, 0.34064459800720215 
306, -3.1673569083068287e-06, 0.33735179901123047 
307, -2.9018540317338193e-06, 0.34124112129211426 
308, -2.653781166372937e-06, 0.33824872970581055 
309, -2.4221924377343385e-06, 0.3641970157623291 
310, -2.2061140043661e-06, 0.3569786548614502 
311, -2.004558155022096e-06, 0.3472609519958496 
312, -1.8166268773711636e-06, 0.3402214050292969 
313, -1.6415306163253263e-06, 0.3363468647003174 
314, -1.4785517805648851e-06, 0.3436281681060791 
315, -1.3269558394313208e-06, 0.3766322135925293 
316, -1.186037252409733e-06, 0.3395199775695801 
317, -1.0551416380621959e-06, 0.33630800247192383 
318, -9.337114761365228e-07, 0.34060192108154297 
319, -8.212510920202476e-07, 0.3369741439819336 
320, -7.172727123361256e-07, 0.33641910552978516 
321, -6.212563903318369e-07, 0.34584951400756836 
322, -5.32688204657461e-07, 0.34423255920410156 
323, -4.5109968027645664e-07, 0.3413960933685303 
324, -3.760761160265247e-07, 0.33355259895324707 
325, -3.0722767974111775e-07, 0.3346381187438965 
326, -2.4415587063231214e-07, 0.33621931076049805 
327, -1.8645863519850536e-07, 0.3393595218658447 
328, -1.3376985918966966e-07, 0.33988475799560547 
329, -8.577590193681317e-08, 0.34220361709594727 
330, -4.219179672304563e-08, 0.35426783561706543 
331, -2.728548498254213e-09, 0.3415675163269043 
332, 3.291341599265252e-08, 0.34123969078063965 
333, 6.502595795154775e-08, 0.29348254203796387 
334, 9.386513255549289e-08, 0.2893698215484619 
335, 1.1964978341438837e-07, 0.2895364761352539 
336, 1.425912330432766e-07, 0.2940082550048828 
337, 1.6289807547309465e-07, 0.29224634170532227 
338, 1.8077356855883409e-07, 0.29581665992736816 
339, 1.963924205483636e-07, 0.29244208335876465 
340, 2.0990108851037803e-07, 0.29193592071533203 
341, 2.2143282762954186e-07, 0.28922247886657715 
342, 2.3113213387659926e-07, 0.2793691158294678 
343, 2.3914992652862566e-07, 0.27602720260620117 
344, 2.4563249212405935e-07, 0.2807950973510742 
345, 2.5070585252251476e-07, 0.2767372131347656 
346, 2.544839787788078e-07, 0.2849152088165283 
347, 2.5707970507937716e-07, 0.28241753578186035 
348, 2.5860705932245764e-07, 0.2808864116668701 
349, 2.591730492440547e-07, 0.27782487869262695 
350, 2.5886274102049356e-07, 0.28104448318481445 
351, 2.577469047082559e-07, 0.28401732444763184 
352, 2.5589250185475976e-07, 0.2849006652832031 
353, 2.533738268084562e-07, 0.2778491973876953 
354, 2.5026611183420755e-07, 0.2799532413482666 
355, 2.4663637532285065e-07, 0.28314828872680664 
356, 2.4254117647615203e-07, 0.28479599952697754 
357, 2.380352128739105e-07, 0.27759289741516113 
358, 2.3317458897054166e-07, 0.28034472465515137 
359, 2.2801435761721223e-07, 0.28475403785705566 
360, 2.226015567430295e-07, 0.27652573585510254 
361, 2.1697066188153258e-07, 0.28058910369873047 
362, 2.1115016579642543e-07, 0.2755160331726074 
363, 2.0517047971679858e-07, 0.27545785903930664 
364, 1.990649423078139e-07, 0.2844414710998535 
365, 1.9286501640181086e-07, 0.28279924392700195 
366, 1.8659648048924282e-07, 0.2796461582183838 
367, 1.8028251247415028e-07, 0.2765336036682129 
368, 1.7394835083450744e-07, 0.2851755619049072 
369, 1.6762091092914488e-07, 0.28006601333618164 
370, 1.6132592861595185e-07, 0.2821331024169922 
371, 1.550818637952034e-07, 0.28330516815185547 
372, 1.4890211730289593e-07, 0.2862820625305176 
373, 1.4279945048656373e-07, 0.27771592140197754 
374, 1.367878184055371e-07, 0.27706408500671387 
375, 1.3088093453461624e-07, 0.2811880111694336 
376, 1.2508918700859795e-07, 0.28470420837402344 
377, 1.1941905597723235e-07, 0.2821018695831299 
378, 1.1387722054223559e-07, 0.27994203567504883 
379, 1.0847248432810375e-07, 0.283128023147583 
380, 1.0321313226313578e-07, 0.281510591506958 
381, 9.810428736045651e-08, 0.2835099697113037 
382, 9.314720017528089e-08, 0.2735629081726074 
383, 8.834225440068622e-08, 0.27399539947509766 
384, 8.369101323069117e-08, 0.28553318977355957 
385, 7.919563671521246e-08, 0.277132511138916 
386, 7.485603958912179e-08, 0.2869899272918701 
387, 7.06711773545976e-08, 0.2796032428741455 
388, 6.66392381276637e-08, 0.27861690521240234 
389, 6.275985953152485e-08, 0.2805342674255371 
390, 5.903364908022013e-08, 0.27870821952819824 
391, 5.545958003949636e-08, 0.27512621879577637 
392, 5.2035005637662834e-08, 0.27682948112487793 
393, 4.875614578736531e-08, 0.2818479537963867 
394, 4.5620094368814534e-08, 0.27802252769470215 
395, 4.262465225224332e-08, 0.28688740730285645 
396, 3.976675344574687e-08, 0.2804086208343506 
397, 3.704236917201342e-08, 0.28304457664489746 
398, 3.444737117774821e-08, 0.2817373275756836 
399, 3.197820674927243e-08, 0.28214097023010254 
400, 2.9632715836669377e-08, 0.28148865699768066 
401, 2.7407828895320563e-08, 0.2719581127166748 
402, 2.529972675802128e-08, 0.27645325660705566 
403, 2.330419057727795e-08, 0.2823920249938965 
404, 2.1417546847146696e-08, 0.28275513648986816 
405, 1.9636608783457632e-08, 0.2825043201446533 
406, 1.795793913572652e-08, 0.27814245223999023 
407, 1.63775588646331e-08, 0.27972936630249023 
408, 1.4891250899040642e-08, 0.28023338317871094 
409, 1.3495473183411377e-08, 0.27612853050231934 
410, 1.2187141074093688e-08, 0.2738182544708252 
411, 1.0963003838071472e-08, 0.2752513885498047 
412, 9.81923964360476e-09, 0.2905268669128418 
413, 8.751859681410679e-09, 0.28219056129455566 
414, 7.757237519001592e-09, 0.2812676429748535 
415, 6.832221011165984e-09, 0.27884793281555176 
416, 5.973562533512222e-09, 0.2816658020019531 
417, 5.177773321207724e-09, 0.28365087509155273 
418, 4.44141345923299e-09, 0.2712264060974121 
419, 3.761529310253309e-09, 0.2802870273590088 
420, 3.1355740226501894e-09, 0.2834925651550293 
421, 2.560964551534539e-09, 0.2852201461791992 
422, 2.0348329687891464e-09, 0.2811756134033203 
423, 1.5542540587887288e-09, 0.2776679992675781 
424, 1.1165877111807276e-09, 0.2756156921386719 
425, 7.194375095664896e-10, 0.3760640621185303 
426, 3.6037064998772905e-10, 0.28005504608154297 
427, 3.6775877482186914e-11, 0.2796018123626709 
428, -2.5383456447869435e-10, 0.27937960624694824 
429, -5.136349678913632e-10, 0.2832014560699463 
430, -7.445002392358901e-10, 0.28113889694213867 
431, -9.483279717059645e-10, 0.2851393222808838 
432, -1.1271272803980992e-09, 0.2805039882659912 
433, -1.2828536011255665e-09, 0.2822399139404297 
434, -1.4172476525686761e-09, 0.2776646614074707 
435, -1.53188117746339e-09, 0.27681493759155273 
436, -1.6283621118162728e-09, 0.2809135913848877 
437, -1.7083467973577626e-09, 0.2839334011077881 
438, -1.7733763346683418e-09, 0.28252172470092773 
439, -1.8247255928471873e-09, 0.28691673278808594 
440, -1.8634931375771657e-09, 0.2827620506286621 
441, -1.890761547329589e-09, 0.28089261054992676 
442, -1.907632274367188e-09, 0.2805027961730957 
443, -1.915107628036594e-09, 0.2783510684967041 
444, -1.9140189433386467e-09, 0.27527403831481934 
445, -1.9051258348667943e-09, 0.2753582000732422 
446, -1.8892356568045443e-09, 0.27887773513793945 
447, -1.8671726387253784e-09, 0.28870677947998047 
448, -1.8396789647212586e-09, 0.2815251350402832 
449, -1.807375915596765e-09, 0.2868525981903076 
450, -1.7708113864145503e-09, 0.2785055637359619 
451, -1.7305660238164933e-09, 0.27976512908935547 
452, -1.6872218067121025e-09, 0.28354549407958984 
453, -1.6412772252394348e-09, 0.2755880355834961 
454, -1.5931387320478052e-09, 0.27109575271606445 
455, -1.5431815825195372e-09, 0.27973413467407227 
456, -1.4918184465528839e-09, 0.2845742702484131 
457, -1.439454222484926e-09, 0.2849092483520508 
458, -1.3864158709964158e-09, 0.28546977043151855 
459, -1.332961629962881e-09, 0.2797539234161377 
460, -1.2793388570742081e-09, 0.28036928176879883 
461, -1.225810342120326e-09, 0.2845578193664551 
462, -1.172624441991843e-09, 0.2753016948699951 
463, -1.1199629001978906e-09, 0.2721233367919922 
464, -1.0679601647467507e-09, 0.28007006645202637 
465, -1.0167641173453035e-09, 0.28784847259521484 
466, -9.665318545515333e-10, 0.279956579208374 
467, -9.174012105539475e-10, 0.28194117546081543 
468, -8.694625575067505e-10, 0.27642178535461426 
469, -8.227808989680341e-10, 0.2815232276916504 
470, -7.774244581426615e-10, 0.27825212478637695 
471, -7.334810536718805e-10, 0.2719576358795166 
472, -6.910078620414595e-10, 0.27898573875427246 
473, -6.500240345985731e-10, 0.2830219268798828 
474, -6.105381200605109e-10, 0.2770087718963623 
475, -5.725693807967502e-10, 0.2834906578063965 
476, -5.36138189399793e-10, 0.2801649570465088 
477, -5.012434356466144e-10, 0.2799556255340576 
478, -4.6785830765117e-10, 0.2800765037536621 
479, -4.359558269939612e-10, 0.27697300910949707 
480, -4.0552583513431273e-10, 0.2729508876800537 
481, -3.765570633085247e-10, 0.281923770904541 
482, -3.4901886936111737e-10, 0.28446364402770996 
483, -3.2286978646212106e-10, 0.2816605567932129 
484, -2.980749536085625e-10, 0.2819399833679199 
485, -2.746058935798601e-10, 0.27657556533813477 
486, -2.524310205309632e-10, 0.2776529788970947 
487, -2.31501873226847e-10, 0.2807624340057373 
488, -2.117645503396659e-10, 0.2754487991333008 
489, -1.931758919493376e-10, 0.27813172340393066 
490, -1.7570017663004478e-10, 0.2799229621887207 
491, -1.592966314412081e-10, 0.28427839279174805 
492, -1.4391762781507111e-10, 0.2828102111816406 
493, -1.2951667516247767e-10, 0.2821495532989502 
494, -1.1605860716912275e-10, 0.2816777229309082 
495, -1.0350947876602845e-10, 0.28330087661743164 
496, -9.182896110182526e-11, 0.27434206008911133 
497, -8.097120196559615e-11, 0.2725546360015869 
498, -7.089411002692003e-11, 0.2798492908477783 
499, -6.156329612760914e-11, 0.2830054759979248 
500, -5.29440241647805e-11, 0.28179407119750977 
501, -4.4996256720608585e-11, 0.2835118770599365 
502, -3.767963718814826e-11, 0.28032374382019043 
503, -3.096022049842162e-11, 0.27945923805236816 
504, -2.4808571863488282e-11, 0.28513526916503906 
505, -1.9192980538207394e-11, 0.27651548385620117 
506, -1.407753080773233e-11, 0.2720217704772949 
507, -9.428041680692445e-12, 0.27905893325805664 
508, -5.216014686143522e-12, 0.28345537185668945 
509, -1.414777691700897e-12, 0.2833693027496338 
510, 2.0048340158146383e-12, 0.28330016136169434 
511, 5.0725153244446375e-12, 0.27729249000549316 
512, 7.814502517300426e-12, 0.2791407108306885 
513, 1.0252122067955227e-11, 0.27855372428894043 
514, 1.2406339844339698e-11, 0.2748146057128906 
515, 1.4299953582375124e-11, 0.2772037982940674 
516, 1.5954425280906293e-11, 0.282329797744751 
517, 1.738698594822008e-11, 0.274707555770874 
518, 1.861180654039174e-11, 0.2858543395996094 
519, 1.9643718943140875e-11, 0.27983522415161133 
520, 2.0498280156600046e-11, 0.2853105068206787 
521, 2.1189066126692246e-11, 0.2814452648162842 
522, 2.172689805846062e-11, 0.28159284591674805 
523, 2.2122335213703437e-11, 0.27671337127685547 
524, 2.2387904030640726e-11, 0.27713656425476074 
525, 2.2536602792277982e-11, 0.28002285957336426 
526, 2.2579313418980007e-11, 0.2744479179382324 
527, 2.2525380866111888e-11, 0.2803220748901367 
528, 2.238444499202963e-11, 0.2849597930908203 
529, 2.216674586941192e-11, 0.45563268661499023 
530, 2.1881423756253682e-11, 0.28178906440734863 
531, 2.1535313463050265e-11, 0.2781071662902832 
532, 2.1134944488965246e-11, 0.28365373611450195 
533, 2.068748471140136e-11, 0.2762579917907715 
534, 2.0200532219183387e-11, 0.28080153465270996 
535, 1.96802556889919e-11, 0.28034448623657227 
536, 1.9131583470222147e-11, 0.2784256935119629 
537, 1.855949074980323e-11, 0.28087639808654785 
538, 1.796918343288656e-11, 0.2833058834075928 
539, 1.736513710604015e-11, 0.28060054779052734 
540, 1.6750449985392102e-11, 0.2857706546783447 
541, 1.612761833802434e-11, 0.2772209644317627 
542, 1.5499835789856142e-11, 0.2800567150115967 
543, 1.4870524950305608e-11, 0.2822916507720947 
544, 1.4242489132509917e-11, 0.28000354766845703 
545, 1.3617799596299385e-11, 0.2768056392669678 
546, 1.2998645562700695e-11, 0.27544426918029785 
547, 1.238748340015583e-11, 0.27983593940734863 
548, 1.1786294162874356e-11, 0.284259557723999 
549, 1.1196092664089718e-11, 0.3050878047943115 
550, 1.0617511210508912e-11, 0.28299951553344727 
551, 1.0051520379916745e-11, 0.27719593048095703 
552, 9.499255548828245e-12, 0.28342485427856445 
553, 8.961489536551959e-12, 0.27663588523864746 
554, 8.438610921146505e-12, 0.28260231018066406 
555, 7.9311999676146e-12, 0.2780735492706299 
556, 7.440099751565565e-12, 0.27997255325317383 
557, 6.96586364978824e-12, 0.2817060947418213 
558, 6.50854457134864e-12, 0.27761173248291016 
559, 6.067934349429649e-12, 0.27756667137145996 
560, 5.64407461739469e-12, 0.2860534191131592 
561, 5.237124102441815e-12, 0.27684736251831055 
562, 4.846973083311168e-12, 0.2822697162628174 
563, 4.473391709142183e-12, 0.28029608726501465 
564, 4.1163305403157935e-12, 0.278658390045166 
565, 3.775946569306576e-12, 0.27518558502197266 
566, 3.4522866336483826e-12, 0.27896904945373535 
567, 3.1450189674764317e-12, 0.36452579498291016 
568, 2.853758462179057e-12, 0.28096795082092285 
569, 2.578213684212294e-12, 0.28120899200439453 
570, 2.3181083788625934e-12, 0.28224945068359375 
571, 2.072955088833206e-12, 0.2783467769622803 
572, 1.8421770185683695e-12, 0.281449556350708 
573, 1.6253604365190633e-12, 0.27489614486694336 
574, 1.4222095723326333e-12, 0.2820582389831543 
575, 1.2323393173974129e-12, 0.28233861923217773 
576, 1.0552090885102006e-12, 0.2776327133178711 
577, 8.902958665429894e-13, 0.2785685062408447 
578, 7.371887388724074e-13, 0.2806282043457031 
579, 5.954739739494341e-13, 0.2828555107116699 
580, 4.64627034763021e-13, 0.28067803382873535 
581, 3.441087475727911e-13, 0.2837519645690918 
582, 2.3349855035603717e-13, 0.2833108901977539 
583, 1.3243703009258034e-13, 0.28136157989501953 
584, 4.048177808593789e-14, 0.28262877464294434 
585, -4.2892555826568035e-14, 0.2775540351867676 
586, -1.1817803680091998e-13, 0.2811923027038574 
587, -1.8579121531178688e-13, 0.27878379821777344 
588, -2.461742290051083e-13, 0.2863755226135254 
589, -2.998174625234995e-13, 0.27669286727905273 
590, -3.4717205239093163e-13, 0.27892088890075684 
591, -3.885885753798779e-13, 0.28049802780151367 
592, -4.2438248011242297e-13, 0.27783703804016113 
593, -4.549128001379854e-13, 0.2782466411590576 
594, -4.805648066985579e-13, 0.27925968170166016 
595, -5.016765540315216e-13, 0.28413939476013184 
596, -5.18556985545926e-13, 0.28064680099487305 
597, -5.315423665455676e-13, 0.2733757495880127 
598, -5.409962300188809e-13, 0.2769589424133301 
599, -5.472339703778417e-13, 0.28460073471069336 
600, -5.505065804253806e-13, 0.27513837814331055 
601, -5.510540483123771e-13, 0.27900171279907227 
602, -5.491415156801127e-13, 0.2839815616607666 
603, -5.450210053235816e-13, 0.2775406837463379 
604, -5.389051834989167e-13, 0.2826716899871826 
605, -5.309959286506349e-13, 0.2798118591308594 
606, -5.215161527453993e-13, 0.2753431797027588 
607, -5.106848104119432e-13, 0.27558422088623047 
608, -4.986767834606887e-13, 0.28194665908813477 
609, -4.856306329292792e-13, 0.2764608860015869 
610, -4.716824261903618e-13, 0.2985074520111084 
611, -4.569775547552668e-13, 0.28289127349853516 
612, -4.4163704269149784e-13, 0.2789595127105713 
613, -4.2576340131446344e-13, 0.28560853004455566 
614, -4.0946255717641544e-13, 0.2769789695739746 
615, -3.928608198304484e-13, 0.28298449516296387 
616, -3.7607140708842413e-13, 0.27964210510253906 
617, -3.59180756968544e-13, 0.2752354145050049 
618, -3.4226096891527835e-13, 0.2745847702026367 
619, -3.2539002416988316e-13, 0.28328680992126465 
620, -3.086408895385667e-13, 0.27635717391967773 
621, -2.9206498330935915e-13, 0.2810962200164795 
622, -2.757061343550832e-13, 0.28620409965515137 
623, -2.5961763121251646e-13, 0.27834177017211914 
624, -2.4385810211413617e-13, 0.28372859954833984 
625, -2.284724601349375e-13, 0.2807495594024658 
626, -2.134895043951271e-13, 0.2749488353729248 
627, -1.9893594692572958e-13, 0.2775452136993408 
628, -1.8483944843467048e-13, 0.27533960342407227 
629, -1.712159602464125e-13, 0.27430033683776855 
630, -1.5806807089364244e-13, 0.2770049571990967 
631, -1.453992362707851e-13, 0.2838168144226074 
632, -1.3322161299469948e-13, 0.2808096408843994 
633, -1.215464496629251e-13, 0.2815062999725342 
634, -1.1037761552196504e-13, 0.2755908966064453 
635, -9.971682496650452e-14, 0.2804431915283203 
636, -8.957006143728297e-14, 0.28244924545288086 
637, -7.99425291047283e-14, 0.27396583557128906 
638, -7.083029773596525e-14, 0.27399516105651855 
639, -6.222450397823376e-14, 0.2865715026855469 
640, -5.4120045305059566e-14, 0.28214550018310547 
641, -4.651328286290127e-14, 0.2834458351135254 
642, -3.939566500712338e-14, 0.2815539836883545 
643, -3.2753517237825436e-14, 0.280712366104126 
644, -2.6575204710443945e-14, 0.28292298316955566 
645, -2.0850508819503233e-14, 0.28056836128234863 
646, -1.55653620418153e-14, 0.4674990177154541 
647, -1.0701197415176333e-14, 0.2790651321411133 
648, -6.240427147469543e-15, 0.27878260612487793 
649, -2.1689616926503022e-15, 0.2860524654388428 
650, 1.5281694095911624e-15, 0.28086423873901367 
651, 4.869014737294945e-15, 0.28153038024902344 
652, 7.871353512023914e-15, 0.2779865264892578 
653, 1.0550325600677292e-14, 0.2804887294769287 
654, 1.2921531656077609e-14, 0.27509307861328125 
655, 1.5003628425921088e-14, 0.2754662036895752 
656, 1.681545900515235e-14, 0.28137898445129395 
657, 1.8373149207021218e-14, 0.28087639808654785 
658, 1.969149330898444e-14, 0.2769355773925781 
659, 2.078656460824911e-14, 0.3581843376159668 
660, 2.1674641383995566e-14, 0.2817201614379883 
661, 2.2369679351062766e-14, 0.28038883209228516 
662, 2.2884566962776132e-14, 0.2764859199523926 
663, 2.3233493715068068e-14, 0.29268717765808105 
664, 2.343143515044603e-14, 0.27730441093444824 
665, 2.349180149453095e-14, 0.2789154052734375 
666, 2.342633262397177e-14, 0.28183531761169434 
667, 2.324709198200329e-14, 0.27712368965148926 
668, 2.296652248262067e-14, 0.28406500816345215 
669, 2.2595447512823927e-14, 0.27982330322265625 
670, 2.2143325042502104e-14, 0.2721421718597412 
671, 2.161967911011413e-14, 0.2807579040527344 
672, 2.103471476860852e-14, 0.27782607078552246 
673, 2.0397685005901084e-14, 0.2777531147003174 
674, 1.9716406242029083e-14, 0.27637195587158203 
675, 1.8998373024509824e-14, 0.2837655544281006 
676, 1.82512069558027e-14, 0.28427863121032715 
677, 1.748168599355164e-14, 0.2779664993286133 
678, 1.6695219290157812e-14, 0.2766427993774414 
679, 1.5896841609459693e-14, 0.28073620796203613 
680, 1.5091968880122028e-14, 0.2820899486541748 
681, 1.428568160576245e-14, 0.27988553047180176 
682, 1.3482048085626617e-14, 0.2774467468261719 
683, 1.2684717337651304e-14, 0.2808358669281006 
684, 1.1897629759107138e-14, 0.2790091037750244 
685, 1.1124231080023549e-14, 0.28047680854797363 
686, 1.0366998024738307e-14, 0.2820854187011719 
687, 9.627963472324825e-15, 0.27498388290405273 
688, 8.909316155918806e-15, 0.2760789394378662 
689, 8.213123682944499e-15, 0.2781870365142822 
690, 7.540796363259081e-15, 0.2787766456604004 
691, 6.8934069640902516e-15, 0.2803630828857422 
692, 6.272206553101104e-15, 0.27351856231689453 
693, 5.678322954660907e-15, 0.28241753578186035 
694, 5.112308010734798e-15, 0.28006839752197266 
695, 4.574267600441183e-15, 0.28415393829345703 
696, 4.064395694324983e-15, 0.2790865898132324 
697, 3.582807065350552e-15, 0.2770206928253174 
698, 3.1291739117673013e-15, 0.27865004539489746 
699, 2.7029295685335186e-15, 0.2748606204986572 
700, 2.3036280728024744e-15, 0.27489542961120605 
701, 1.9309102826045327e-15, 0.2841658592224121 
702, 1.5841589226793821e-15, 0.28090500831604004 
703, 1.262588581726681e-15, 0.2835729122161865 
704, 9.655438680034913e-16, 0.28273630142211914 
705, 6.924462580068383e-16, 0.2807447910308838 
706, 4.425027171398553e-16, 0.27522754669189453 
707, 2.1473513410670032e-16, 0.27822136878967285 
708, 8.247348049178309e-18, 0.2757229804992676 
709, -1.7779570963958507e-16, 0.27431416511535645 
710, -3.4438220877168035e-16, 0.28257250785827637 
711, -4.926205978377082e-16, 0.28247618675231934 
712, -6.235111168692575e-16, 0.28086423873901367 
713, -7.379461150762608e-16, 0.28362560272216797 
714, -8.369007391392444e-16, 0.2779397964477539 
715, -9.214264745831062e-16, 0.28076815605163574 
716, -9.92482903857967e-16, 0.28204846382141113 
717, -1.0509362240315127e-15, 0.2782418727874756 
718, -1.0977138303018682e-15, 0.49659037590026855 
719, -1.1337883282507184e-15, 0.2813742160797119 
720, -1.1600378792861292e-15, 0.2856478691101074 
721, -1.1772287305880104e-15, 0.28310441970825195 
722, -1.1861433288413883e-15, 0.2792680263519287 
723, -1.1875947197965086e-15, 0.2818009853363037 
724, -1.182305634315616e-15, 0.2791130542755127 
725, -1.1709223585374654e-15, 0.2792181968688965 
726, -1.154109389809178e-15, 0.27687788009643555 
727, -1.132555789433345e-15, 0.27298450469970703 
728, -1.1068712093737529e-15, 0.27925944328308105 
729, -1.0775785865962126e-15, 0.2848494052886963 
730, -1.0451982110885752e-15, 0.2796342372894287 
731, -1.0102469847069026e-15, 0.2820451259613037 
732, -9.731674821661352e-16, 0.2756326198577881 
733, -9.343346214245513e-16, 0.28386878967285156 
734, -8.941275556051658e-16, 0.2747974395751953 
735, -8.529330611275186e-16, 0.2826194763183594 
736, -8.110793103191115e-16, 0.2810032367706299 
737, -7.688338067725993e-16, 0.27828145027160645 
738, -7.264640011410775e-16, 0.2779250144958496 
739, -6.842317324843661e-16, 0.27886033058166504 
740, -6.423466414569106e-16, 0.28165292739868164 
741, -6.009734230273927e-16, 0.2833371162414551 
742, -5.602856660104404e-16, 0.2771189212799072 
743, -5.204589709239312e-16, 0.27935791015625 
744, -4.816321452920966e-16, 0.2839090824127197 
745, -4.4391038001907355e-16, 0.2815728187561035 
746, -4.074018306243147e-16, 0.2762746810913086 
747, -3.722101262949607e-16, 0.28244686126708984 
748, -3.384021826338446e-16, 0.2754659652709961 
749, -3.0601820723618136e-16, 0.28099656105041504 
750, -2.7510364871354714e-16, 0.27753734588623047 
751, -2.457049879989225e-16, 0.28253865242004395 
752, -2.1783819960429705e-16, 0.2730553150177002 
753, -1.9150136447064969e-16, 0.27656102180480957 
754, -1.6669722222016918e-16, 0.28400373458862305 
755, -1.4342415819629982e-16, 0.28858494758605957 
756, -1.216567481757342e-16, 0.28398585319519043 
757, -1.0135825210438513e-16, 0.28127312660217285 
758, -8.250233255154894e-17, 0.27372026443481445 
759, -6.506228150960752e-17, 0.2791712284088135 
760, -4.899597232432476e-17, 0.27867817878723145 
761, -3.425412488352721e-17, 0.2782425880432129 
762, -2.0793394923117092e-17, 0.2747681140899658 
763, -8.56589861179493e-18, 0.28462672233581543 
764, 2.4911702199892003e-18, 0.2826578617095947 
765, 1.2443218397631091e-17, 0.28536367416381836 
766, 2.134558099538809e-17, 0.27959704399108887 
767, 2.9250310834846936e-17, 0.27931714057922363 
768, 3.621490689474741e-17, 0.2743723392486572 
769, 4.22928811432768e-17, 0.5983994007110596 
770, 4.752904029985587e-17, 0.2773141860961914 
771, 5.196994801552646e-17, 0.2791736125946045 
772, 5.567032063344773e-17, 0.28102803230285645 
773, 5.868372637008861e-17, 0.284212589263916 
774, 6.105704651384616e-17, 0.2795448303222656 
775, 6.283787372844422e-17, 0.28176236152648926 
776, 6.40762292798851e-17, 0.2785196304321289 
777, 6.48171647330509e-17, 0.2751030921936035 
778, 6.5099398758054e-17, 0.27578234672546387 
779, 6.496386686904841e-17, 0.2746763229370117 
780, 6.44552632888916e-17, 0.2831907272338867 
781, 6.361520512856235e-17, 0.2796189785003662 
782, 6.248115374364195e-17, 0.28212594985961914 
783, 6.109141090521406e-17, 0.2866177558898926 
784, 5.948362325731719e-17, 0.2821311950683594 
785, 5.768900528754664e-17, 0.2810802459716797 
786, 5.573361649392029e-17, 0.2752377986907959 
787, 5.364412517938684e-17, 0.27471303939819336 
788, 5.1446931640376534e-17, 0.2768869400024414 
789, 4.916454180699572e-17, 0.27607250213623047 
790, 4.6817317557202996e-17, 0.2829012870788574 
791, 4.4426590224634884e-17, 0.281588077545166 
792, 4.2012347801613116e-17, 0.286928653717041 
793, 3.9589936142861773e-17, 0.279738187789917 
794, 3.7172444554393896e-17, 0.2815742492675781 
795, 3.477370018732892e-17, 0.281541109085083 
796, 3.240632912653686e-17, 0.27588772773742676 
797, 3.0080194673641787e-17, 0.2728452682495117 
798, 2.7804729996349265e-17, 0.27738261222839355 
799, 2.5590182208087598e-17, 0.2832186222076416 
800, 2.3444753631810862e-17, 0.2818143367767334 
801, 2.1373668740267942e-17, 0.2847878932952881 
802, 1.938125037934004e-17, 0.2817203998565674 
803, 1.7471960361251267e-17, 0.28350305557250977 
804, 1.5648516801494472e-17, 0.27788281440734863 
805, 1.3912001652310875e-17, 0.2765820026397705 
806, 1.2264151992986837e-17, 0.2771458625793457 
807, 1.0706987798578213e-17, 0.2732388973236084 
808, 9.241061625734187e-18, 0.28415489196777344 
809, 7.865666235031028e-18, 0.2806708812713623 
810, 6.580436839818599e-18, 0.28029584884643555 
811, 5.3847861418619874e-18, 0.28447437286376953 
812, 4.276829823725798e-18, 0.2828240394592285 
813, 3.254299342580103e-18, 0.2757844924926758 
814, 2.315535374116122e-18, 0.2749912738800049 
815, 1.4586780027265295e-18, 0.2831399440765381 
816, 6.80665212578807e-19, 0.2768104076385498 
817, -2.1852664217579023e-20, 0.2793135643005371 
818, -6.519316464357056e-19, 0.28391504287719727 
819, -1.213054371249574e-18, 0.2842550277709961 
820, -1.7094253977127916e-18, 0.28324174880981445 
821, -2.1447848229650166e-18, 0.2820472717285156 
822, -2.522304677860237e-18, 0.2771475315093994 
823, -2.845366476742569e-18, 0.27504515647888184 
824, -3.1177564320708217e-18, 0.2829155921936035 
825, -3.3429081705677022e-18, 0.280562162399292 
826, -3.524089676038255e-18, 0.27615785598754883 
827, -3.6649858313162495e-18, 0.2762436866760254 
828, -3.769334665589814e-18, 0.2788388729095459 
829, -3.840263748755011e-18, 0.2854325771331787 
830, -3.8805594387052254e-18, 0.28117847442626953 
831, -3.8931491276282825e-18, 0.277097225189209 
832, -3.880775746435408e-18, 0.27583789825439453 
833, -3.8457719444540016e-18, 0.27703428268432617 
834, -3.7905195882579095e-18, 0.27650904655456543 
835, -3.7176520073271945e-18, 0.2778439521789551 
836, -3.629575470063773e-18, 0.2838325500488281 
837, -3.528299198175537e-18, 0.27663183212280273 
838, -3.4157852640754616e-18, 0.28006601333618164 
839, -3.293960171410183e-18, 0.28271031379699707 
840, -3.164393702187174e-18, 0.27561378479003906 
841, -3.0284180307829507e-18, 0.2755625247955322 
842, -2.887508433820002e-18, 0.280489444732666 
843, -2.7431366724032123e-18, 0.2815079689025879 
844, -2.5965048467577748e-18, 0.27802395820617676 
845, -2.4487033877261872e-18, 0.28073954582214355 
846, -2.3008508502917746e-18, 0.28180932998657227 
847, -2.1538953902316756e-18, 0.2804872989654541 
848, -2.0085090917935898e-18, 0.27887916564941406 
849, -1.8653224733994356e-18, 0.28075075149536133 
850, -1.7250368808110814e-18, 0.27909111976623535 
851, -1.588207455617127e-18, 0.2789018154144287 
852, -1.4552408604862186e-18, 0.2805037498474121 
853, -1.3265672293368838e-18, 0.28139328956604004 
854, -1.2026093548597139e-18, 0.27529215812683105 
855, -1.0835935743498185e-18, 0.2779557704925537 
856, -9.69656889596152e-19, 0.28685712814331055 
857, -8.609919302838624e-19, 0.2808210849761963 
858, -7.57769147317924e-19, 0.27537989616394043 
859, -6.600451508715085e-19, 0.28328871726989746 
860, -5.678794462499313e-19, 0.2781639099121094 
861, -4.813741385600545e-19, 0.2848176956176758 
862, -4.00553009244489e-19, 0.2777893543243408 
863, -3.2532729148375013e-19, 0.282301664352417 
864, -2.5561897180631653e-19, 0.2790498733520508 
865, -1.9135479302918897e-19, 0.2835044860839844 
866, -1.3238002067903174e-19, 0.2791628837585449 
867, -7.849693274005052e-20, 0.27393579483032227 
868, -2.9549890010114653e-20, 0.2817385196685791 
869, 1.4624708326302383e-20, 0.2824673652648926 
870, 5.426061834042924e-20, 0.2815511226654053 
871, 8.95917641245565e-20, 0.2781960964202881 
872, 1.208111114059563e-19, 0.2764444351196289 
873, 1.4813300336085645e-19, 0.28076601028442383 
874, 1.7180436632680109e-19, 0.27625417709350586 
875, 1.9203956932941216e-19, 0.3291292190551758 
876, 2.0902624019607143e-19, 0.28711581230163574 
877, 2.229866966410996e-19, 0.280353307723999 
878, 2.3415632324755626e-19, 0.27803945541381836 
879, 2.4273692623551024e-19, 0.28447461128234863 
880, 2.4892183322375165e-19, 0.27689528465270996 
881, 2.529268608039744e-19, 0.2831239700317383 
882, 2.5494882626317787e-19, 0.34615445137023926 
883, 2.551480992426207e-19, 0.2786407470703125 
884, 2.536918477742211e-19, 0.2788560390472412 
885, 2.507613019603106e-19, 0.27948641777038574 
886, 2.4651680559275373e-19, 0.2773900032043457 
887, 2.4110205545358747e-19, 0.27964329719543457 
888, 2.3467584437102785e-19, 0.28063535690307617 
889, 2.273930360653813e-19, 0.2798287868499756 
890, 2.193767253515533e-19, 0.2792067527770996 
891, 2.107414638196855e-19, 0.28075432777404785 
892, 2.0160984222149755e-19, 0.27752041816711426 
893, 1.9208931648843898e-19, 0.2778737545013428 
894, 1.8226754191604626e-19, 0.2744264602661133 
895, 1.722382484074793e-19, 0.282731294631958 
896, 1.6209784127819172e-19, 0.2814657688140869 
897, 1.5192256331620622e-19, 0.2759408950805664 
898, 1.4177728357612283e-19, 0.2782909870147705 
899, 1.3173112333787803e-19, 0.28028416633605957 
900, 1.2184425999103504e-19, 0.2803828716278076 
901, 1.1215816888849515e-19, 0.27843356132507324 
902, 1.0271205063647514e-19, 0.2799873352050781 
903, 9.354869244462902e-20, 0.2792513370513916 
904, 8.469787927735723e-20, 0.27817845344543457 
905, 7.617925021185937e-20, 0.283430814743042 
906, 6.801586937005889e-20, 0.27849769592285156 
907, 6.02288298575759e-20, 0.2772040367126465 
908, 5.282723712349702e-20, 0.27731919288635254 
909, 4.5817133463703e-20, 0.2813234329223633 
910, 3.920874554475138e-20, 0.27741503715515137 
911, 3.300613495269677e-20, 0.2825033664703369 
912, 2.720496222049753e-20, 0.27825164794921875 
913, 2.180373454564195e-20, 0.2803201675415039 
914, 1.6801518118766638e-20, 0.28453516960144043 
915, 1.2190163918368237e-20, 0.2776927947998047 
916, 7.958634253147993e-21, 0.27995848655700684 
917, 4.09925185304565e-21, 0.27867674827575684 
918, 6.019063737773068e-22, 0.27298617362976074 
919, -2.5494304246123853e-21, 0.27700376510620117 
920, -5.369087992207487e-21, 0.28263258934020996 
921, -7.868648473170875e-21, 0.28368592262268066 
922, -1.0063781447114173e-20, 0.27437543869018555 
923, -1.1971407765884206e-20, 0.2784750461578369 
924, -1.36054667152722e-20, 0.2791926860809326 
925, -1.4980492924928218e-20, 0.2830348014831543 
926, -1.6115177930197834e-20, 0.27555036544799805 
927, -1.702759853552217e-20, 0.2776820659637451 
928, -1.773362142214319e-20, 0.28157687187194824 
929, -1.825085002747178e-20, 0.28541016578674316 
930, -1.8597440319718633e-20, 0.2761404514312744 
931, -1.878799882216127e-20, 0.276503324508667 
932, -1.8835555245034533e-20, 0.5149953365325928 
933, -1.8754672490763332e-20, 0.2761197090148926 
934, -1.8558779319604583e-20, 0.2807886600494385 
935, -1.825892634755411e-20, 0.28467392921447754 
936, -1.786706891940272e-20, 0.2851288318634033 
937, -1.7395850620060256e-20, 0.2745025157928467 
938, -1.685546580434158e-20, 0.27510643005371094 
939, -1.6254901983472538e-20, 0.28020524978637695 
940, -1.5604090171565168e-20, 0.2778034210205078 
941, -1.4912160051513096e-20, 0.2808046340942383 
942, -1.41864609291884e-20, 0.2767174243927002 
943, -1.3434868791868807e-20, 0.2819674015045166 
944, -1.2665862240832985e-20, 0.284360408782959 
945, -1.1886270362895899e-20, 0.27868223190307617 
946, -1.1101909271739561e-20, 0.2760751247406006 
947, -1.0319122570245202e-20, 0.2768397331237793 
948, -9.54348968857972e-21, 0.2800564765930176 
949, -8.778948620381977e-21, 0.2788560390472412 
950, -8.029575491990786e-21, 0.27681851387023926 
951, -7.299599910522676e-21, 0.27994275093078613 
952, -6.591943665309293e-21, 0.2763957977294922 
953, -5.908716713147501e-21, 0.27905869483947754 
954, -5.252407058223493e-21, 0.2813284397125244 
955, -4.624909784245327e-21, 0.28273749351501465 
956, -4.0271401213243525e-21, 0.27881336212158203 
957, -3.4602354428028295e-21, 0.2748897075653076 
958, -2.9256316017460054e-21, 0.2782118320465088 
959, -2.423972005729953e-21, 0.2784113883972168 
960, -1.9554527466430483e-21, 0.2745492458343506 
961, -1.5205122544437516e-21, 0.28113222122192383 
962, -1.1191198329765189e-21, 0.28301310539245605 
963, -7.504553698225079e-22, 0.28225183486938477 
964, -4.1382941317232995e-22, 0.27960824966430664 
965, -1.0872517709153115e-22, 0.27875351905822754 
966, 1.6587879338529212e-22, 0.2775740623474121 
967, 4.1119509737632214e-22, 0.2731187343597412 
968, 6.281707718646076e-22, 0.2745480537414551 
969, 8.180111458262283e-22, 0.28487229347229004 
970, 9.82377648680001e-22, 0.28119373321533203 
971, 1.122720572801182e-21, 0.2838575839996338 
972, 1.2403015907671457e-21, 0.27663207054138184 
973, 1.3366576308132031e-21, 0.27719783782958984 
974, 1.4132968435288431e-21, 0.27897143363952637 
975, 1.4714332416709902e-21, 0.27527856826782227 
976, 1.5124678422073167e-21, 0.2764134407043457 
977, 1.5380597521501347e-21, 0.27901792526245117 
978, 1.5496645145328855e-21, 0.28427600860595703 
979, 1.5486139789990718e-21, 0.28178954124450684 
980, 1.5363700499564747e-21, 0.28157687187194824 
981, 1.5142253990606002e-21, 0.2783069610595703 
982, 1.4831715929148747e-21, 0.2773916721343994 
983, 1.4442738083115129e-21, 0.2783091068267822 
984, 1.3986839588769801e-21, 0.28023242950439453 
985, 1.3473789699563022e-21, 0.27541685104370117 
986, 1.291301940538889e-21, 0.28162527084350586 
987, 1.2314944194551218e-21, 0.2772495746612549 
988, 1.1688403348156316e-21, 0.286421537399292 
989, 1.1040079338486748e-21, 0.2775387763977051 
990, 1.0376901014862996e-21, 0.2820892333984375 
991, 9.705701301119467e-22, 0.27485179901123047 
992, 9.031667241697916e-22, 0.2750883102416992 
993, 8.359972249523653e-22, 0.2768595218658447 
994, 7.696443545440238e-22, 0.27939629554748535 
995, 7.045513896646289e-22, 0.2841954231262207 
996, 6.410338241891711e-22, 0.2793428897857666 
997, 5.794257817317785e-22, 0.27861499786376953 
998, 5.2000049846647065e-22, 0.28116726875305176 
999, 4.629032762611021e-22, 0.2746596336364746 
