Iteration, loss, time 
0, 1.3738694190979004, 6.991937160491943 
1, 1.3572906255722046, 6.848219394683838 
2, 1.3264399766921997, 6.71241021156311 
3, 1.3415850400924683, 6.646873474121094 
4, 1.33331298828125, 6.664530992507935 
5, 1.3389551639556885, 6.655940055847168 
6, 1.3435330390930176, 6.53800368309021 
7, 1.3520994186401367, 6.482046127319336 
8, 1.3477071523666382, 6.711004018783569 
9, 1.3692872524261475, 6.735076427459717 
10, 1.3742905855178833, 6.621366262435913 
11, 1.3711986541748047, 6.574730157852173 
12, 1.3855422735214233, 6.714280843734741 
13, 1.3810912370681763, 6.561156749725342 
14, 1.414795994758606, 6.4920995235443115 
15, 1.4160809516906738, 6.657073974609375 
16, 1.428881049156189, 6.633312940597534 
17, 1.4384204149246216, 6.492983102798462 
18, 1.4434804916381836, 6.5144267082214355 
19, 1.439417839050293, 6.5034589767456055 
20, 1.4713459014892578, 6.44378924369812 
21, 1.4842861890792847, 6.609052658081055 
22, 1.4969542026519775, 6.692729234695435 
23, 1.509108304977417, 6.588796615600586 
24, 1.5028455257415771, 6.770520210266113 
25, 1.52747642993927, 6.722116470336914 
26, 1.5453583002090454, 6.489487886428833 
27, 1.5481699705123901, 6.77695369720459 
28, 1.5622228384017944, 6.390887975692749 
29, 1.57362961769104, 6.460017204284668 
30, 1.594334602355957, 6.560977220535278 
31, 1.609367847442627, 6.655249834060669 
32, 1.6248759031295776, 6.60153865814209 
33, 1.64662766456604, 6.236520528793335 
34, 1.6600695848464966, 6.439972400665283 
35, 1.6899594068527222, 6.41586709022522 
36, 1.6865606307983398, 6.456042528152466 
37, 1.7171087265014648, 6.2033655643463135 
38, 1.7163562774658203, 6.497418165206909 
39, 1.7395668029785156, 6.51945686340332 
40, 1.7259184122085571, 6.396446704864502 
41, 1.7519954442977905, 6.453153133392334 
42, 1.7770887613296509, 6.587523698806763 
43, 1.8030924797058105, 6.471211194992065 
44, 1.8003056049346924, 6.249808073043823 
45, 1.8222190141677856, 6.577182769775391 
46, 1.8367383480072021, 6.5110883712768555 
47, 1.8479671478271484, 6.517316579818726 
48, 1.8768610954284668, 6.612091064453125 
49, 1.8859899044036865, 6.468773603439331 
50, 1.9059844017028809, 6.379565000534058 
51, 1.9113128185272217, 6.601764917373657 
52, 1.9518663883209229, 6.677253246307373 
53, 1.9682947397232056, 6.509535074234009 
54, 1.9751195907592773, 6.381992816925049 
55, 2.0071091651916504, 6.4942591190338135 
56, 2.0291147232055664, 6.289473056793213 
57, 2.04425048828125, 6.63198709487915 
58, 2.0784313678741455, 6.396413326263428 
59, 2.077212333679199, 6.382582902908325 
60, 2.093723773956299, 6.5695250034332275 
61, 2.131648540496826, 6.47105073928833 
62, 2.151149272918701, 6.38661003112793 
63, 2.181352138519287, 6.396481990814209 
64, 2.1989524364471436, 6.493662357330322 
65, 2.2268612384796143, 6.6600501537323 
66, 2.2533609867095947, 6.336886167526245 
67, 2.2649741172790527, 6.302990198135376 
68, 2.2911174297332764, 6.488574504852295 
69, 2.3385403156280518, 6.439666509628296 
70, 2.346891164779663, 6.463549852371216 
71, 2.3565921783447266, 6.711676359176636 
72, 2.386084794998169, 6.334863901138306 
73, 2.421809673309326, 6.534082651138306 
74, 2.4448606967926025, 6.41959285736084 
75, 2.470935344696045, 6.748550891876221 
76, 2.499393939971924, 6.4521753787994385 
77, 2.533888578414917, 6.382873058319092 
78, 2.5327746868133545, 6.399315118789673 
79, 2.5771594047546387, 6.3229660987854 
80, 2.592336654663086, 6.284260034561157 
81, 2.6535747051239014, 6.574780702590942 
82, 2.662230968475342, 6.385979652404785 
83, 2.6814684867858887, 6.519180536270142 
84, 2.7090766429901123, 6.351680755615234 
85, 2.7559075355529785, 6.767676591873169 
86, 2.809640407562256, 6.687132120132446 
87, 2.804920196533203, 6.466022253036499 
88, 2.8499209880828857, 6.680262804031372 
89, 2.8500475883483887, 6.555104732513428 
90, 2.927748203277588, 6.388305425643921 
91, 2.9395477771759033, 6.5921790599823 
92, 2.9625391960144043, 6.452683210372925 
93, 3.0080766677856445, 6.519093990325928 
94, 3.0420162677764893, 6.526172876358032 
95, 3.082646369934082, 6.553501844406128 
96, 3.1142449378967285, 6.452744960784912 
97, 3.133716344833374, 6.570562362670898 
98, 3.190760612487793, 6.510231018066406 
99, 3.1937289237976074, 6.305774927139282 
100, 3.2582507133483887, 6.369471549987793 
101, 3.2965147495269775, 6.3203935623168945 
102, 3.338381290435791, 6.232008218765259 
103, 3.3672609329223633, 6.206061124801636 
104, 3.3952572345733643, 6.403523683547974 
105, 3.431640148162842, 6.3612542152404785 
106, 3.481963872909546, 6.4352428913116455 
107, 3.5185794830322266, 6.395445346832275 
108, 3.547908306121826, 6.306046009063721 
109, 3.5941832065582275, 6.348618268966675 
110, 3.629281520843506, 6.319198369979858 
111, 3.6678590774536133, 6.408078908920288 
112, 3.7255539894104004, 6.488102436065674 
113, 3.767343759536743, 6.294986724853516 
114, 3.7876529693603516, 6.370786190032959 
115, 3.860785961151123, 6.309823751449585 
116, 3.8751683235168457, 6.244309663772583 
117, 3.9477810859680176, 6.485887050628662 
118, 3.9605154991149902, 6.322711706161499 
119, 3.975130796432495, 6.234231948852539 
120, 4.04207706451416, 6.444425106048584 
121, 4.091845989227295, 6.3924548625946045 
122, 4.120463848114014, 6.378584384918213 
123, 4.163965225219727, 6.498277902603149 
124, 4.206019878387451, 6.480244874954224 
125, 4.261554718017578, 6.313577175140381 
126, 4.295322418212891, 6.486248254776001 
127, 4.347211837768555, 6.489373445510864 
128, 4.399860382080078, 6.273207902908325 
129, 4.419342994689941, 6.468888759613037 
130, 4.473958969116211, 6.320617437362671 
131, 4.514997482299805, 6.265122652053833 
132, 4.577388286590576, 6.166985511779785 
133, 4.616222858428955, 6.319665908813477 
134, 4.6885504722595215, 6.385918617248535 
135, 4.722695350646973, 6.353686332702637 
136, 4.76142692565918, 6.261453151702881 
137, 4.840893745422363, 6.47314977645874 
138, 4.850813865661621, 6.481561899185181 
139, 4.915249824523926, 6.240910053253174 
140, 4.952692985534668, 6.57112717628479 
141, 4.998878479003906, 6.379075765609741 
142, 5.013962745666504, 6.300451278686523 
143, 5.077995777130127, 6.3637120723724365 
144, 5.156233787536621, 6.329853296279907 
145, 5.209010124206543, 6.232218265533447 
146, 5.254386901855469, 6.405552864074707 
147, 5.310630798339844, 6.643294334411621 
148, 5.371973514556885, 6.392781019210815 
149, 5.39326810836792, 6.251728057861328 
150, 5.4619669914245605, 6.329565525054932 
151, 5.533485412597656, 6.2481889724731445 
152, 5.5848188400268555, 6.381561279296875 
153, 5.613405704498291, 6.394867658615112 
154, 5.677586078643799, 6.42671799659729 
155, 5.696991443634033, 6.23014760017395 
156, 5.771810531616211, 6.318061113357544 
157, 5.835014820098877, 6.317472696304321 
158, 5.890225410461426, 6.6135358810424805 
159, 5.936224460601807, 6.623903512954712 
160, 6.020074844360352, 6.335268020629883 
161, 6.037023544311523, 6.256845474243164 
162, 6.126516342163086, 6.310431480407715 
163, 6.163975238800049, 6.398416757583618 
164, 6.223855495452881, 6.437547445297241 
165, 6.28293514251709, 6.624489784240723 
166, 6.3474836349487305, 6.571045398712158 
167, 6.387474536895752, 6.26508092880249 
168, 6.460947036743164, 6.3402016162872314 
169, 6.5591535568237305, 6.3888466358184814 
170, 6.569886207580566, 6.606576442718506 
171, 6.644010066986084, 6.52224326133728 
172, 6.726463317871094, 6.35565972328186 
173, 6.782073020935059, 6.533939838409424 
174, 6.8332953453063965, 6.337019920349121 
175, 6.893235206604004, 6.377252578735352 
176, 6.94827938079834, 6.546735525131226 
177, 7.028931140899658, 6.408042907714844 
178, 7.083958625793457, 6.327017307281494 
179, 7.185880661010742, 6.358486652374268 
180, 7.219608783721924, 6.186906576156616 
181, 7.290881633758545, 6.53346586227417 
182, 7.368316173553467, 6.529365539550781 
183, 7.466412544250488, 6.344341516494751 
184, 7.5144548416137695, 6.451234340667725 
185, 7.627700328826904, 6.417076349258423 
186, 7.68287992477417, 6.501739978790283 
187, 7.755826473236084, 6.662754774093628 
188, 7.841307163238525, 6.574182510375977 
189, 7.920024871826172, 6.461626768112183 
190, 7.9894304275512695, 6.3603644371032715 
191, 8.090526580810547, 6.4195716381073 
192, 8.177095413208008, 6.729458332061768 
193, 8.186325073242188, 6.892093658447266 
194, 8.332954406738281, 6.45281982421875 
195, 8.371455192565918, 6.494952201843262 
196, 8.458555221557617, 6.286440849304199 
197, 8.51872730255127, 6.416548013687134 
198, 8.626627922058105, 6.532568454742432 
199, 8.700523376464844, 6.655613660812378 
200, 8.820441246032715, 6.340179204940796 
201, 8.906307220458984, 6.3317999839782715 
202, 8.985173225402832, 6.765437364578247 
203, 9.070769309997559, 6.552235841751099 
204, 9.18623161315918, 6.697516679763794 
205, 9.285093307495117, 6.749570846557617 
206, 9.380887031555176, 6.78316330909729 
207, 9.517841339111328, 6.57862401008606 
208, 9.62840461730957, 6.691246032714844 
209, 9.73480224609375, 6.643816947937012 
210, 9.849838256835938, 6.867480516433716 
211, 9.971556663513184, 6.555801868438721 
212, 10.094842910766602, 6.523550748825073 
213, 10.171639442443848, 6.699785232543945 
214, 10.308399200439453, 6.393295049667358 
215, 10.459392547607422, 6.827301502227783 
216, 10.55246639251709, 6.693313121795654 
217, 10.712690353393555, 6.3900744915008545 
218, 10.779356002807617, 6.816597938537598 
219, 10.920470237731934, 6.3754143714904785 
220, 11.051403045654297, 6.745441436767578 
221, 11.204047203063965, 6.840469121932983 
222, 11.292236328125, 6.891735553741455 
223, 11.41357707977295, 6.741128921508789 
224, 11.535927772521973, 6.724364995956421 
225, 11.63659954071045, 6.609722375869751 
226, 11.794909477233887, 6.573030710220337 
227, 11.89254379272461, 6.976089954376221 
228, 12.016895294189453, 6.698810338973999 
229, 12.142508506774902, 6.710573673248291 
230, 12.278276443481445, 6.748290061950684 
231, 12.394489288330078, 6.6138153076171875 
232, 12.527593612670898, 6.682526588439941 
233, 12.637733459472656, 6.817960023880005 
234, 12.752294540405273, 7.053141832351685 
235, 12.859885215759277, 6.318145036697388 
236, 12.984543800354004, 6.503550052642822 
237, 13.135828018188477, 6.697114944458008 
238, 13.275198936462402, 6.7444469928741455 
239, 13.353367805480957, 6.877913951873779 
240, 13.485575675964355, 6.755367279052734 
241, 13.586355209350586, 6.6143481731414795 
242, 13.715991020202637, 6.7457802295684814 
243, 13.872467994689941, 6.7486488819122314 
244, 14.023202896118164, 6.917529582977295 
245, 14.103240966796875, 6.56452751159668 
246, 14.24325942993164, 6.545864582061768 
247, 14.402657508850098, 6.750949144363403 
248, 14.511521339416504, 6.655103445053101 
249, 14.677648544311523, 6.883733510971069 
250, 14.768781661987305, 6.475301742553711 
251, 14.940266609191895, 6.422646760940552 
252, 15.09917163848877, 6.3576576709747314 
253, 15.159573554992676, 6.62464451789856 
254, 15.340704917907715, 6.375872373580933 
255, 15.480422019958496, 6.652706861495972 
256, 15.634056091308594, 6.784569263458252 
257, 15.821978569030762, 6.72736382484436 
258, 15.913455963134766, 6.511896848678589 
259, 16.09084701538086, 6.731464862823486 
260, 16.22858238220215, 6.400208950042725 
261, 16.38673210144043, 6.423662185668945 
262, 16.61801528930664, 6.4422447681427 
263, 16.709856033325195, 6.821300268173218 
264, 16.842880249023438, 6.558954238891602 
265, 17.046579360961914, 6.540842056274414 
266, 17.20848274230957, 6.481426477432251 
267, 17.372310638427734, 6.474185943603516 
268, 17.46283531188965, 6.764401435852051 
269, 17.70856285095215, 6.5472564697265625 
270, 17.838712692260742, 6.260010719299316 
271, 17.962013244628906, 6.870305776596069 
272, 18.139408111572266, 6.481908798217773 
273, 18.251956939697266, 6.762310981750488 
274, 18.443431854248047, 6.523146152496338 
275, 18.545883178710938, 6.6006245613098145 
276, 18.71183967590332, 6.24535346031189 
277, 18.778114318847656, 6.6608664989471436 
278, 18.866535186767578, 6.696597099304199 
279, 19.0357723236084, 6.725521802902222 
280, 19.10840606689453, 6.2786664962768555 
281, 19.23133087158203, 6.706377983093262 
282, 19.398794174194336, 6.432438135147095 
283, 19.499238967895508, 6.875415802001953 
284, 19.618486404418945, 6.805464267730713 
285, 19.70629119873047, 6.600277423858643 
286, 19.822114944458008, 6.417942762374878 
287, 19.94215202331543, 7.05535888671875 
288, 20.01510238647461, 6.725666284561157 
289, 20.10271644592285, 6.640470504760742 
290, 20.242416381835938, 6.528857946395874 
291, 20.353694915771484, 6.679532289505005 
292, 20.464340209960938, 6.505100250244141 
293, 20.593517303466797, 6.75674295425415 
294, 20.715177536010742, 6.945958852767944 
295, 20.787487030029297, 6.872755765914917 
296, 20.84534454345703, 6.582589864730835 
297, 20.975189208984375, 6.6899237632751465 
298, 21.07500648498535, 6.472663879394531 
299, 21.1436767578125, 6.9143476486206055 
300, 21.286773681640625, 6.722743511199951 
301, 21.31133270263672, 6.515390157699585 
302, 21.367908477783203, 6.322473049163818 
303, 21.474775314331055, 6.858452320098877 
304, 21.495615005493164, 6.43045973777771 
305, 21.6014404296875, 6.735678672790527 
306, 21.67635154724121, 6.673541069030762 
307, 21.68328285217285, 6.308106184005737 
308, 21.82284927368164, 6.687494993209839 
309, 21.82635498046875, 6.77925443649292 
310, 21.901100158691406, 6.754936218261719 
311, 21.933162689208984, 6.988996505737305 
312, 22.001541137695312, 6.916883707046509 
313, 22.07782554626465, 6.580725908279419 
314, 22.09241485595703, 6.532207489013672 
315, 22.0666561126709, 6.810213088989258 
316, 22.188758850097656, 6.867958307266235 
317, 22.24166488647461, 6.780267000198364 
318, 22.213048934936523, 6.562602996826172 
319, 22.29086685180664, 6.814617872238159 
320, 22.259395599365234, 6.659857273101807 
321, 22.38842010498047, 7.099471807479858 
322, 22.379013061523438, 6.9997124671936035 
323, 22.38819122314453, 6.67747688293457 
324, 22.405567169189453, 7.119398593902588 
325, 22.510454177856445, 6.758174419403076 
326, 22.50106430053711, 6.95698094367981 
327, 22.565181732177734, 7.246644020080566 
328, 22.545894622802734, 6.583902835845947 
329, 22.559661865234375, 7.104533910751343 
330, 22.73297882080078, 6.804156064987183 
331, 22.687467575073242, 6.974981069564819 
332, 22.686208724975586, 6.7585227489471436 
333, 22.85672378540039, 6.724559783935547 
334, 22.72956657409668, 6.530064344406128 
335, 22.74334716796875, 6.451274156570435 
336, 22.791545867919922, 7.042718887329102 
337, 21.901596069335938, 6.614355087280273 
338, 22.802392959594727, 6.968055725097656 
339, 22.814157485961914, 6.687342166900635 
340, 22.796417236328125, 6.685190200805664 
341, 22.827991485595703, 6.811870574951172 
342, 22.806228637695312, 6.8206706047058105 
343, 22.844881057739258, 7.188602447509766 
344, 22.92162322998047, 6.693970441818237 
345, 22.942523956298828, 6.951788902282715 
346, 22.863636016845703, 6.8876893520355225 
347, 22.916275024414062, 6.721569538116455 
348, 22.903560638427734, 6.788212776184082 
349, 22.95853042602539, 6.822843074798584 
350, 23.028310775756836, 6.750544786453247 
351, 23.07118034362793, 6.537278890609741 
352, 23.09596824645996, 6.855825185775757 
353, 23.02796173095703, 6.712955474853516 
354, 23.101703643798828, 6.922273635864258 
355, 23.094676971435547, 6.937779903411865 
356, 23.09637451171875, 6.646849155426025 
357, 23.149112701416016, 6.780884027481079 
358, 23.18423843383789, 6.852086305618286 
359, 23.19244384765625, 6.850884199142456 
360, 23.27130889892578, 7.01647424697876 
361, 23.360584259033203, 6.837914228439331 
362, 23.32769203186035, 6.896860361099243 
363, 23.38650894165039, 6.519214153289795 
364, 23.38848114013672, 6.721229553222656 
365, 23.482704162597656, 7.036540508270264 
366, 23.465391159057617, 6.838686943054199 
367, 23.49733543395996, 7.162662982940674 
368, 23.50324821472168, 7.0960023403167725 
369, 23.54637908935547, 6.9677088260650635 
370, 23.601152420043945, 7.357069253921509 
371, 23.641340255737305, 6.852221488952637 
372, 23.691692352294922, 6.825337648391724 
373, 23.792621612548828, 6.870368957519531 
374, 23.799217224121094, 6.83311653137207 
375, 23.801069259643555, 7.130953788757324 
376, 23.88644027709961, 7.036996603012085 
377, 23.89855194091797, 6.9613871574401855 
378, 23.999597549438477, 6.377161026000977 
379, 24.047874450683594, 7.108527660369873 
380, 24.07680892944336, 6.545541524887085 
381, 24.133644104003906, 7.09538197517395 
382, 24.14727783203125, 7.100759983062744 
383, 24.202571868896484, 6.573831558227539 
384, 24.171096801757812, 6.713613986968994 
385, 24.24639892578125, 6.789493083953857 
386, 24.302303314208984, 6.746281623840332 
387, 24.324159622192383, 6.662844896316528 
388, 24.406200408935547, 6.585042953491211 
389, 24.4302978515625, 6.6105055809021 
390, 24.472503662109375, 6.601992607116699 
391, 24.460758209228516, 6.7319018840789795 
392, 24.561744689941406, 7.2566187381744385 
393, 24.57989501953125, 6.7966148853302 
394, 24.63619041442871, 6.900498867034912 
395, 24.670562744140625, 6.816409349441528 
396, 24.750816345214844, 7.177791595458984 
397, 24.808486938476562, 6.804917097091675 
398, 24.783384323120117, 6.849345684051514 
399, 24.7995548248291, 6.700568437576294 
400, 24.84984016418457, 7.002267360687256 
401, 24.899822235107422, 6.916684150695801 
402, 24.976491928100586, 6.970656871795654 
403, 24.884090423583984, 6.962407112121582 
404, 24.964374542236328, 6.885578632354736 
405, 25.015636444091797, 7.705851793289185 
406, 25.100276947021484, 6.7565271854400635 
407, 25.100120544433594, 6.658034324645996 
408, 25.119550704956055, 6.547973155975342 
409, 25.154109954833984, 6.92422342300415 
410, 25.273941040039062, 6.64034628868103 
411, 25.2940731048584, 6.690873622894287 
412, 25.374618530273438, 7.173248052597046 
413, 25.447492599487305, 7.360217571258545 
414, 25.49380111694336, 7.1746134757995605 
415, 25.516786575317383, 6.506638765335083 
416, 25.584129333496094, 6.709765195846558 
417, 25.599700927734375, 7.052435398101807 
418, 25.68927574157715, 6.952899694442749 
419, 25.762920379638672, 6.6945695877075195 
420, 25.814035415649414, 6.393978118896484 
421, 25.846420288085938, 6.647520065307617 
422, 26.00119972229004, 6.977231740951538 
423, 25.9794864654541, 6.946113109588623 
424, 26.07304573059082, 6.91668963432312 
425, 26.136207580566406, 7.1160972118377686 
426, 26.18683624267578, 6.917385101318359 
427, 26.229209899902344, 7.019307613372803 
428, 26.26906394958496, 6.939929246902466 
429, 26.29698944091797, 7.151336193084717 
430, 26.500606536865234, 7.1052844524383545 
431, 26.649322509765625, 6.8331193923950195 
432, 26.732954025268555, 6.596696853637695 
433, 26.740549087524414, 7.185851573944092 
434, 26.818607330322266, 7.0121142864227295 
435, 26.896024703979492, 7.029606103897095 
436, 27.036365509033203, 6.986230850219727 
437, 27.189273834228516, 6.7251973152160645 
438, 27.193557739257812, 7.028287172317505 
439, 27.25643539428711, 7.3643035888671875 
440, 27.2991943359375, 7.163373947143555 
441, 27.398326873779297, 7.02747368812561 
442, 27.52204704284668, 7.06632399559021 
443, 27.632720947265625, 7.419401168823242 
444, 27.65004539489746, 6.87593674659729 
445, 27.899030685424805, 6.865774869918823 
446, 28.016498565673828, 6.909243106842041 
447, 28.108062744140625, 6.913185358047485 
448, 28.314390182495117, 6.941659927368164 
449, 28.47840118408203, 7.014058351516724 
450, 28.536949157714844, 6.854775428771973 
451, 28.743789672851562, 6.991030693054199 
452, 28.911357879638672, 6.985764741897583 
453, 29.001306533813477, 6.697252988815308 
454, 29.173839569091797, 6.732642412185669 
455, 29.346256256103516, 6.9855568408966064 
456, 29.565263748168945, 6.979137420654297 
457, 29.756343841552734, 6.795515775680542 
458, 29.887819290161133, 6.718281507492065 
459, 30.159812927246094, 7.348971605300903 
460, 30.376928329467773, 6.645304203033447 
461, 30.62462615966797, 7.34853982925415 
462, 30.708274841308594, 6.902173042297363 
463, 30.933837890625, 7.539718151092529 
464, 31.097000122070312, 6.688178777694702 
465, 31.229129791259766, 6.901591539382935 
466, 31.317562103271484, 6.800410509109497 
467, 31.531753540039062, 6.778092622756958 
468, 31.658954620361328, 6.8893773555755615 
469, 31.78169822692871, 6.901385307312012 
470, 31.810516357421875, 6.79908561706543 
471, 31.869813919067383, 7.036418437957764 
472, 31.964458465576172, 6.517555236816406 
473, 31.915096282958984, 6.864356994628906 
474, 32.01622009277344, 6.798327207565308 
475, 32.03071594238281, 6.737574577331543 
476, 32.11344909667969, 6.784095287322998 
477, 32.148983001708984, 7.046079158782959 
478, 32.2279167175293, 6.924335956573486 
479, 32.22046661376953, 6.9422447681427 
480, 32.30101776123047, 6.687622308731079 
481, 32.33757781982422, 7.073315858840942 
482, 32.33003234863281, 6.780177593231201 
483, 32.401065826416016, 7.148818254470825 
484, 32.41998291015625, 7.196375608444214 
485, 32.417720794677734, 6.67603874206543 
486, 32.47031021118164, 6.696576833724976 
487, 32.64362716674805, 6.934016227722168 
488, 32.5535888671875, 6.672744989395142 
489, 32.594932556152344, 6.658781051635742 
490, 32.53642272949219, 6.622561931610107 
491, 32.542442321777344, 6.5441906452178955 
492, 32.622623443603516, 6.7865777015686035 
493, 32.68096923828125, 7.1026623249053955 
494, 32.72346878051758, 6.831956386566162 
495, 32.6956787109375, 6.7314887046813965 
496, 32.8548469543457, 6.591115474700928 
497, 32.88419723510742, 6.655700922012329 
498, 33.004920959472656, 6.783976316452026 
499, 32.995094299316406, 7.144451379776001 
500, 33.19855499267578, 6.460816860198975 
501, 33.225685119628906, 6.678737163543701 
502, 33.31024169921875, 6.788594961166382 
503, 33.32828903198242, 7.0322582721710205 
504, 33.4478645324707, 6.932261943817139 
505, 33.49696731567383, 7.110468864440918 
506, 33.56640625, 6.560872793197632 
507, 33.69169998168945, 6.630375862121582 
508, 33.76846694946289, 7.112708806991577 
509, 33.88280487060547, 6.996730804443359 
510, 33.960899353027344, 6.666752815246582 
511, 34.003360748291016, 6.971702814102173 
512, 33.793739318847656, 6.583661079406738 
513, 34.25336837768555, 7.005001783370972 
514, 34.35315704345703, 6.878676891326904 
515, 34.42570877075195, 6.7828333377838135 
516, 34.44541549682617, 7.099253416061401 
517, 34.712894439697266, 6.642908096313477 
518, 34.63645935058594, 6.966542720794678 
519, 34.72608184814453, 6.834841966629028 
520, 34.8882942199707, 6.615990400314331 
521, 34.997318267822266, 6.670010805130005 
522, 35.00338363647461, 6.832650184631348 
523, 35.14739990234375, 7.132205009460449 
524, 35.179649353027344, 7.114879131317139 
525, 35.27509307861328, 6.977625370025635 
526, 35.29551696777344, 7.2793450355529785 
527, 35.4527587890625, 6.750761032104492 
528, 35.49169158935547, 6.828478097915649 
529, 35.571903228759766, 6.744350433349609 
530, 35.68944549560547, 6.761558294296265 
531, 35.79963684082031, 6.79250955581665 
532, 35.76768493652344, 6.6638829708099365 
533, 35.88203430175781, 6.838205814361572 
534, 35.963375091552734, 6.5809876918792725 
535, 35.97416687011719, 6.9977357387542725 
536, 36.136844635009766, 6.753698110580444 
537, 36.16691589355469, 6.621484279632568 
538, 36.248130798339844, 6.8550941944122314 
539, 36.38107681274414, 7.112093687057495 
540, 36.48875045776367, 6.862503290176392 
541, 36.575653076171875, 6.840323448181152 
542, 36.61192321777344, 7.210769891738892 
543, 36.716678619384766, 6.91929817199707 
544, 36.807106018066406, 6.772640705108643 
545, 36.90968322753906, 6.8964924812316895 
546, 36.95543670654297, 6.952038049697876 
547, 37.07395553588867, 6.671630382537842 
548, 36.999786376953125, 7.147946119308472 
549, 37.059234619140625, 6.847153663635254 
550, 37.194557189941406, 6.90813684463501 
551, 37.257354736328125, 7.202465534210205 
552, 37.354976654052734, 7.008418083190918 
553, 37.44397735595703, 7.292060136795044 
554, 37.537288665771484, 7.120558023452759 
555, 37.67240905761719, 7.0682291984558105 
556, 37.87580871582031, 6.965635776519775 
557, 38.17156982421875, 6.765832424163818 
558, 37.881256103515625, 6.769209384918213 
559, 38.49592208862305, 6.565237522125244 
560, 38.312477111816406, 7.062526702880859 
561, 38.374122619628906, 7.300827741622925 
562, 38.543148040771484, 7.019321918487549 
563, 38.53450012207031, 7.003245115280151 
564, 38.734901428222656, 6.894956588745117 
565, 38.82243347167969, 6.957072019577026 
566, 38.98300552368164, 7.0496506690979 
567, 39.03144454956055, 7.01853346824646 
568, 39.110008239746094, 7.01237940788269 
569, 39.27384948730469, 7.039010047912598 
570, 39.37481689453125, 6.890608549118042 
571, 39.39036560058594, 6.68873929977417 
572, 39.48870849609375, 7.359744071960449 
573, 39.598148345947266, 7.060450792312622 
574, 39.716278076171875, 6.742563009262085 
575, 39.82655334472656, 7.085221767425537 
576, 39.822242736816406, 6.835258483886719 
577, 39.84855651855469, 7.1020166873931885 
578, 39.959869384765625, 7.1849634647369385 
579, 39.888526916503906, 7.004731893539429 
580, 39.91413497924805, 7.024237632751465 
581, 39.83348083496094, 7.284271478652954 
582, 39.94242858886719, 7.167026519775391 
583, 39.90010070800781, 7.538193941116333 
584, 39.78282165527344, 7.18306303024292 
585, 39.842254638671875, 6.7721641063690186 
586, 39.84637451171875, 6.8180389404296875 
587, 39.87818908691406, 7.089436054229736 
588, 39.80828857421875, 7.1723856925964355 
589, 39.88542938232422, 7.304203748703003 
590, 39.796112060546875, 6.734092950820923 
591, 39.790313720703125, 7.3290510177612305 
592, 39.77515411376953, 6.829045295715332 
593, 39.90520095825195, 6.908201217651367 
594, 40.01436233520508, 6.931309938430786 
595, 40.01982116699219, 7.224657297134399 
596, 40.09956359863281, 6.586786985397339 
597, 40.04780578613281, 6.981796503067017 
598, 40.15010070800781, 6.797312259674072 
599, 40.29091262817383, 6.851416826248169 
600, 40.343746185302734, 6.975389003753662 
601, 40.41706085205078, 6.913290023803711 
602, 40.48487091064453, 6.78824257850647 
603, 40.60023498535156, 6.819274187088013 
604, 40.70515441894531, 7.294539213180542 
605, 40.74382019042969, 7.116408824920654 
606, 40.85185241699219, 6.780358076095581 
607, 40.504051208496094, 6.3160927295684814 
608, 41.03691482543945, 6.945776700973511 
609, 41.07394790649414, 6.889774799346924 
610, 41.10490417480469, 6.924198865890503 
611, 41.25384521484375, 6.997744083404541 
612, 41.29866409301758, 6.863654136657715 
613, 41.324249267578125, 7.316127300262451 
614, 41.325233459472656, 6.887001991271973 
615, 41.62425231933594, 6.938807249069214 
616, 41.4013671875, 7.139263868331909 
617, 41.345672607421875, 7.28487229347229 
618, 41.4354248046875, 7.171456813812256 
619, 41.39790344238281, 7.2117016315460205 
620, 41.40192413330078, 7.709349155426025 
621, 41.35166931152344, 7.318021059036255 
622, 41.34309005737305, 7.193695306777954 
623, 41.38728713989258, 6.923914432525635 
624, 41.39162063598633, 7.290858745574951 
625, 41.2370719909668, 6.444221258163452 
626, 41.375877380371094, 7.033730983734131 
627, 41.299049377441406, 6.9570043087005615 
628, 41.33537673950195, 6.926206350326538 
629, 41.131980895996094, 6.693666219711304 
630, 41.348052978515625, 6.987173557281494 
631, 41.33082962036133, 7.180910587310791 
632, 41.37428283691406, 7.204547882080078 
633, 41.29863739013672, 7.316552400588989 
634, 41.30414581298828, 6.9298388957977295 
635, 41.081321716308594, 6.55523157119751 
636, 41.1551513671875, 6.737312078475952 
637, 41.29926300048828, 6.700489044189453 
638, 41.23453140258789, 6.81271767616272 
639, 41.11541748046875, 7.329842805862427 
640, 41.21558380126953, 6.766746759414673 
641, 41.229244232177734, 7.0241405963897705 
642, 41.27219772338867, 7.323236703872681 
643, 41.203861236572266, 6.988779306411743 
644, 41.45673751831055, 6.6306986808776855 
645, 41.30598068237305, 6.736475467681885 
646, 41.22842025756836, 6.788652658462524 
647, 41.23946762084961, 7.089584827423096 
648, 41.22727966308594, 6.886082887649536 
649, 41.280338287353516, 6.782163619995117 
650, 41.72662353515625, 6.638914585113525 
651, 41.58216857910156, 6.6196746826171875 
652, 41.595455169677734, 6.701667547225952 
653, 41.61299133300781, 6.911379814147949 
654, 41.72281265258789, 6.998594045639038 
655, 41.78582000732422, 6.508350133895874 
656, 41.68691635131836, 8.532256603240967 
657, 41.74000549316406, 6.8212056159973145 
658, 41.80790710449219, 6.714876174926758 
659, 42.01837921142578, 6.903398036956787 
660, 41.996971130371094, 7.018774747848511 
661, 42.18243408203125, 6.933332204818726 
662, 42.16413116455078, 6.962164878845215 
663, 42.17293167114258, 7.135434150695801 
664, 42.145565032958984, 7.225927829742432 
665, 42.22454071044922, 6.813040256500244 
666, 42.16926193237305, 6.957704544067383 
667, 42.22877883911133, 6.919677972793579 
668, 42.25355911254883, 7.009480714797974 
669, 42.18414306640625, 7.297666072845459 
670, 42.26173782348633, 7.130463123321533 
671, 42.13958740234375, 7.07622218132019 
672, 42.21129608154297, 7.648163795471191 
673, 42.19462585449219, 6.83984637260437 
674, 42.190086364746094, 7.248344659805298 
675, 42.17730712890625, 7.177505254745483 
676, 42.09788513183594, 6.9500732421875 
677, 42.105072021484375, 6.652248382568359 
678, 42.07907485961914, 7.204794883728027 
679, 42.068336486816406, 7.144801378250122 
680, 41.95490264892578, 6.857430934906006 
681, 41.31889724731445, 6.5525898933410645 
682, 41.956871032714844, 6.845484256744385 
683, 42.02279281616211, 6.875610113143921 
684, 42.00418472290039, 7.236681699752808 
685, 41.93156433105469, 7.032233715057373 
686, 41.90944290161133, 6.60275936126709 
687, 41.864776611328125, 7.754302501678467 
688, 41.77550506591797, 7.072935342788696 
689, 41.845123291015625, 7.638298034667969 
690, 41.80436706542969, 7.465704441070557 
691, 41.68731689453125, 7.03752875328064 
692, 41.85648727416992, 6.519377946853638 
693, 41.87123489379883, 7.06658935546875 
694, 41.61780548095703, 6.392125368118286 
695, 41.86444091796875, 7.292490720748901 
696, 41.84629821777344, 6.8579185009002686 
697, 41.87331771850586, 6.846062898635864 
698, 41.76361083984375, 6.700616359710693 
699, 41.7675666809082, 6.927321195602417 
700, 41.765140533447266, 6.874176740646362 
701, 41.83815002441406, 6.889999866485596 
702, 41.8315544128418, 6.917138338088989 
703, 41.685298919677734, 6.387440204620361 
704, 41.940372467041016, 7.004812955856323 
705, 41.991546630859375, 6.672122240066528 
706, 42.09387969970703, 7.14125657081604 
707, 42.174774169921875, 7.115189075469971 
708, 42.25345230102539, 6.645642042160034 
709, 42.263404846191406, 7.072951793670654 
710, 42.36333465576172, 6.839532136917114 
711, 42.44017028808594, 6.655160665512085 
712, 42.59160614013672, 7.507818222045898 
713, 42.71757507324219, 6.638385772705078 
714, 42.72001647949219, 6.980684280395508 
715, 42.815673828125, 6.94975471496582 
716, 42.88010025024414, 6.834803104400635 
717, 42.98451614379883, 7.422422409057617 
718, 42.990196228027344, 7.135339021682739 
719, 43.06939697265625, 6.981975317001343 
720, 43.06869125366211, 6.877269983291626 
721, 43.213890075683594, 7.034377336502075 
722, 43.154876708984375, 6.833846569061279 
723, 43.245079040527344, 7.196097373962402 
724, 43.19114685058594, 7.9598236083984375 
725, 43.08456802368164, 6.750094175338745 
726, 43.0907096862793, 6.730554103851318 
727, 43.02603530883789, 6.826345205307007 
728, 43.076515197753906, 7.1165771484375 
729, 43.16518020629883, 7.1907267570495605 
730, 43.128414154052734, 7.1740806102752686 
731, 43.205047607421875, 6.911370754241943 
732, 43.219581604003906, 6.923985481262207 
733, 43.26788330078125, 7.420817613601685 
734, 43.260860443115234, 7.044763088226318 
735, 43.51670837402344, 7.908322095870972 
736, 43.6271858215332, 6.937591314315796 
737, 43.74403381347656, 7.030004262924194 
738, 43.73442840576172, 6.9067089557647705 
739, 43.85304260253906, 7.080169200897217 
740, 43.90907287597656, 7.358285903930664 
741, 43.83075714111328, 6.8533782958984375 
742, 43.88223648071289, 6.881286144256592 
743, 43.91598129272461, 7.238095045089722 
744, 43.9564094543457, 6.97694206237793 
745, 43.89470672607422, 7.218380689620972 
746, 43.86351776123047, 6.88027548789978 
747, 43.884422302246094, 6.6391823291778564 
748, 43.86850357055664, 7.11196494102478 
749, 43.815757751464844, 6.940703630447388 
750, 43.90725326538086, 7.078561305999756 
751, 43.84998321533203, 7.337352514266968 
752, 43.85338592529297, 7.10971999168396 
753, 43.92908477783203, 6.78359580039978 
754, 43.93027114868164, 6.927194118499756 
755, 44.076202392578125, 6.959888219833374 
756, 44.028167724609375, 7.090311288833618 
757, 44.16144561767578, 7.072378396987915 
758, 44.10350799560547, 6.8174896240234375 
759, 44.089569091796875, 6.701124906539917 
760, 44.19364547729492, 7.056785583496094 
761, 44.21577453613281, 7.074901342391968 
762, 44.174354553222656, 7.12969970703125 
763, 44.21514129638672, 6.961738109588623 
764, 44.190162658691406, 6.973434925079346 
765, 43.0623779296875, 6.348548412322998 
766, 44.211883544921875, 6.931986331939697 
767, 44.203346252441406, 6.959927797317505 
768, 44.085479736328125, 7.036702394485474 
769, 44.0863151550293, 7.017773866653442 
770, 44.138572692871094, 6.595306634902954 
771, 44.14305114746094, 6.980102300643921 
772, 44.09525680541992, 7.346725940704346 
773, 44.15298080444336, 7.060080528259277 
774, 44.163368225097656, 6.900463342666626 
775, 44.280059814453125, 6.731019735336304 
776, 44.20794677734375, 6.924816846847534 
777, 44.158203125, 6.753171682357788 
778, 44.111881256103516, 6.867539644241333 
779, 43.98152160644531, 6.837776184082031 
780, 44.012290954589844, 6.666180372238159 
781, 43.955238342285156, 7.068213224411011 
782, 43.93379211425781, 7.126887083053589 
783, 43.91294479370117, 7.2710535526275635 
784, 43.726318359375, 7.148326873779297 
785, 43.7597541809082, 7.414686441421509 
786, 43.667598724365234, 6.680686712265015 
787, 43.66448211669922, 6.949980974197388 
788, 43.79842758178711, 6.970252752304077 
789, 43.815982818603516, 7.08887243270874 
790, 43.76572799682617, 6.983962297439575 
791, 43.82554244995117, 7.128139495849609 
792, 43.80937957763672, 6.723467111587524 
793, 43.80299377441406, 7.052417039871216 
794, 43.67283630371094, 6.967405319213867 
795, 43.68769836425781, 7.108415365219116 
796, 43.76821517944336, 7.1444525718688965 
797, 43.7368278503418, 6.7413330078125 
798, 43.722877502441406, 6.830846309661865 
799, 43.72825622558594, 6.765148878097534 
800, 43.759735107421875, 6.719392776489258 
801, 43.75431442260742, 6.886609315872192 
802, 43.80909729003906, 6.9407265186309814 
803, 43.803531646728516, 6.69863486289978 
804, 43.74006652832031, 6.695902585983276 
805, 43.728206634521484, 6.6897478103637695 
806, 43.73146057128906, 6.820682525634766 
807, 43.73060989379883, 7.0272955894470215 
808, 43.63627243041992, 6.812229871749878 
809, 43.64942932128906, 6.830610990524292 
810, 43.64832305908203, 6.4357805252075195 
811, 43.67293167114258, 6.649716138839722 
812, 43.46544647216797, 6.887627124786377 
813, 43.388816833496094, 7.102381944656372 
814, 43.436859130859375, 7.247104167938232 
815, 43.38665008544922, 6.694518804550171 
816, 43.43463897705078, 6.539121866226196 
817, 43.46637725830078, 6.580730438232422 
818, 43.35108947753906, 7.028602600097656 
819, 43.35079574584961, 6.8021087646484375 
820, 42.84543991088867, 6.373902797698975 
821, 43.602333068847656, 6.551136493682861 
822, 43.4267463684082, 6.5991363525390625 
823, 43.365821838378906, 6.62565279006958 
824, 43.39476776123047, 7.3237693309783936 
825, 43.454986572265625, 7.019137382507324 
826, 43.47134780883789, 6.875111103057861 
827, 43.37457275390625, 7.014721393585205 
828, 43.329673767089844, 6.659650802612305 
829, 43.38632583618164, 7.145280838012695 
830, 43.36537170410156, 7.015332460403442 
831, 43.412353515625, 7.089152097702026 
832, 43.41631317138672, 6.893487215042114 
833, 43.3519401550293, 7.160859107971191 
834, 43.41551971435547, 6.97966742515564 
835, 43.39923858642578, 6.972680568695068 
836, 43.35663604736328, 7.2074151039123535 
837, 43.38429260253906, 7.130280017852783 
838, 43.2998046875, 6.584540843963623 
839, 43.334224700927734, 6.809265375137329 
840, 43.35040283203125, 6.604763746261597 
841, 43.37237548828125, 6.686230182647705 
842, 43.38436508178711, 6.837194442749023 
843, 43.3939208984375, 7.017961740493774 
844, 43.44095230102539, 6.6747660636901855 
845, 43.456687927246094, 7.066511631011963 
846, 43.558502197265625, 7.175004243850708 
847, 43.60981750488281, 7.056390047073364 
848, 43.615570068359375, 6.822915554046631 
849, 43.615257263183594, 6.9056408405303955 
850, 43.58960723876953, 6.748261213302612 
851, 43.69091796875, 6.922870635986328 
852, 43.70470428466797, 7.318375110626221 
853, 44.07732391357422, 7.0463972091674805 
854, 44.02903366088867, 7.326933145523071 
855, 43.82621765136719, 7.34604024887085 
856, 43.93523406982422, 6.866456747055054 
857, 43.921749114990234, 7.847434043884277 
858, 43.99957275390625, 7.241492748260498 
859, 43.98448181152344, 7.041014671325684 
860, 43.88275909423828, 6.909507989883423 
861, 43.97539520263672, 7.588339328765869 
862, 44.04191589355469, 6.654969215393066 
863, 44.12333679199219, 7.142974138259888 
864, 44.1141357421875, 6.909061908721924 
865, 44.103302001953125, 6.620354890823364 
866, 44.18844985961914, 6.418457269668579 
867, 44.21160888671875, 6.67073655128479 
868, 44.072784423828125, 7.487508058547974 
869, 44.12607955932617, 7.037522077560425 
870, 44.03224182128906, 6.84348201751709 
871, 44.02700424194336, 6.375388145446777 
872, 44.043601989746094, 6.389054536819458 
873, 43.999755859375, 6.874861478805542 
874, 43.91421890258789, 7.337708473205566 
875, 43.86271667480469, 6.567767381668091 
876, 43.83148956298828, 7.4303131103515625 
877, 43.7123908996582, 7.437192678451538 
878, 43.716575622558594, 6.901926517486572 
879, 43.66773223876953, 6.512624025344849 
880, 43.69336700439453, 6.948432683944702 
881, 43.71739196777344, 6.8956379890441895 
882, 43.676509857177734, 6.660630464553833 
883, 43.692230224609375, 6.856543064117432 
884, 43.6409797668457, 6.677274942398071 
885, 43.67253494262695, 6.838050127029419 
886, 43.74363327026367, 6.962108612060547 
887, 43.789764404296875, 6.771376609802246 
888, 43.692604064941406, 6.5020833015441895 
889, 43.68772506713867, 6.897108554840088 
890, 43.704647064208984, 6.661797046661377 
891, 43.705928802490234, 6.687506914138794 
892, 43.78128433227539, 6.600127220153809 
893, 43.84256362915039, 7.499327182769775 
894, 43.987403869628906, 6.7570109367370605 
895, 44.016292572021484, 6.81338357925415 
896, 44.10344314575195, 6.977590560913086 
897, 44.1832389831543, 6.906474828720093 
898, 44.28508758544922, 6.8912034034729 
899, 44.30113220214844, 6.943728685379028 
900, 44.37504577636719, 6.960006475448608 
901, 44.53529357910156, 6.795281648635864 
902, 44.57370376586914, 7.031907796859741 
903, 44.648963928222656, 6.794107675552368 
904, 44.660438537597656, 7.346029043197632 
905, 44.67436981201172, 6.8656089305877686 
906, 44.73906707763672, 6.747870445251465 
907, 44.682701110839844, 6.528589725494385 
908, 44.82253646850586, 6.824053049087524 
909, 45.103912353515625, 6.827103614807129 
910, 44.96136474609375, 6.894569158554077 
911, 45.07344055175781, 6.517704725265503 
912, 45.200767517089844, 6.6408374309539795 
913, 45.1627082824707, 6.732945203781128 
914, 45.23749923706055, 6.895696401596069 
915, 45.26480484008789, 6.851092338562012 
916, 45.309104919433594, 7.065170049667358 
917, 45.31086349487305, 6.573057174682617 
918, 45.30467987060547, 6.711170196533203 
919, 45.33805465698242, 7.017086982727051 
920, 45.415565490722656, 6.823521614074707 
921, 45.506370544433594, 7.027743816375732 
922, 45.456764221191406, 6.872538328170776 
923, 45.54719543457031, 6.748863458633423 
924, 45.6396598815918, 6.670555591583252 
925, 45.70110321044922, 6.63209342956543 
926, 45.62458801269531, 6.803067445755005 
927, 45.6318359375, 6.8214991092681885 
928, 45.79536437988281, 6.827911138534546 
929, 45.828392028808594, 6.928982973098755 
930, 45.94414138793945, 6.6082258224487305 
931, 46.0648307800293, 6.6419501304626465 
932, 46.07942581176758, 7.6939826011657715 
933, 46.25422286987305, 6.735421657562256 
934, 46.201377868652344, 6.7862303256988525 
935, 46.2684326171875, 6.9243035316467285 
936, 46.310115814208984, 7.294731855392456 
937, 46.399513244628906, 6.615498781204224 
938, 46.39696502685547, 7.724039077758789 
939, 46.32683563232422, 6.7778589725494385 
940, 46.383785247802734, 6.773725271224976 
941, 46.41548538208008, 7.466394901275635 
942, 46.357486724853516, 7.529642820358276 
943, 46.62089538574219, 6.588613748550415 
944, 46.272884368896484, 7.283559083938599 
945, 46.299400329589844, 7.073467016220093 
946, 46.2187614440918, 6.828320503234863 
947, 46.19817352294922, 7.492403507232666 
948, 46.11022186279297, 7.831408262252808 
949, 46.08443069458008, 7.174635410308838 
950, 46.01816177368164, 7.007715940475464 
951, 46.03485870361328, 7.579090118408203 
952, 45.99279022216797, 6.652996778488159 
953, 45.91236114501953, 6.423462152481079 
954, 45.94478225708008, 6.742746829986572 
955, 45.93962860107422, 6.882477760314941 
956, 45.862632751464844, 6.8204028606414795 
957, 45.831565856933594, 7.021578788757324 
958, 45.74633026123047, 6.901432037353516 
959, 45.72292709350586, 6.844665050506592 
960, 45.631351470947266, 7.035746097564697 
961, 45.506439208984375, 6.927978754043579 
962, 45.50310134887695, 7.04509162902832 
963, 45.382789611816406, 6.833099842071533 
964, 45.48084259033203, 6.777010917663574 
965, 45.44969940185547, 6.772780179977417 
966, 45.35913848876953, 7.116429328918457 
967, 45.39841079711914, 7.125174045562744 
968, 45.383419036865234, 6.611412763595581 
969, 45.363868713378906, 6.658730506896973 
970, 45.334678649902344, 6.913532972335815 
971, 45.463539123535156, 6.980754613876343 
972, 45.52734375, 6.932139158248901 
973, 45.66577911376953, 6.89648175239563 
974, 45.704132080078125, 6.849616050720215 
975, 45.95298385620117, 6.939859628677368 
976, 45.900630950927734, 7.514078378677368 
977, 46.046897888183594, 7.516009330749512 
978, 46.088008880615234, 7.060473918914795 
979, 46.22443389892578, 7.304542303085327 
980, 46.262393951416016, 6.9168195724487305 
981, 46.30778884887695, 7.474997043609619 
982, 46.38603973388672, 6.972920656204224 
983, 46.39982986450195, 7.190407037734985 
984, 46.532527923583984, 7.065028429031372 
985, 46.624900817871094, 7.196232318878174 
986, 46.66214370727539, 7.14890456199646 
987, 46.69011688232422, 7.1024391651153564 
988, 46.70085144042969, 6.906704425811768 
989, 46.44487380981445, 7.622024297714233 
990, 46.77366256713867, 7.604828119277954 
991, 46.82783126831055, 7.289179086685181 
992, 46.88902282714844, 6.924240350723267 
993, 46.83526611328125, 6.823452472686768 
994, 46.90047836303711, 6.684252977371216 
995, 46.860687255859375, 6.936720609664917 
996, 46.84954071044922, 6.767032146453857 
997, 46.9749755859375, 6.7796790599823 
998, 47.042869567871094, 6.560322284698486 
999, 46.90711212158203, 6.808111906051636 
