Iteration, loss, time 
0, 1.6846740245819092, 6.668468713760376 
1, 1.7073167562484741, 6.568755388259888 
2, 1.7025363445281982, 6.285959482192993 
3, 1.7214326858520508, 6.2851433753967285 
4, 1.7239190340042114, 6.346619129180908 
5, 1.7336101531982422, 6.301402807235718 
6, 1.7134312391281128, 6.454779863357544 
7, 1.7175917625427246, 6.3948516845703125 
8, 1.7058978080749512, 6.4536614418029785 
9, 1.7033482789993286, 6.447256565093994 
10, 1.7027196884155273, 6.319059133529663 
11, 1.6878060102462769, 6.478718996047974 
12, 1.698639154434204, 6.205294847488403 
13, 1.7158775329589844, 6.388917446136475 
14, 1.732723593711853, 6.108200311660767 
15, 1.738982915878296, 6.371826648712158 
16, 1.7579295635223389, 6.34507942199707 
17, 1.7650728225708008, 6.2638444900512695 
18, 1.7779672145843506, 6.324093580245972 
19, 1.7779221534729004, 6.356341361999512 
20, 1.7945537567138672, 6.326575756072998 
21, 1.810591459274292, 6.352741241455078 
22, 1.8434159755706787, 6.42537784576416 
23, 1.8494259119033813, 6.331969499588013 
24, 1.8626432418823242, 6.33266019821167 
25, 1.8606839179992676, 6.42782187461853 
26, 1.87131929397583, 6.320637941360474 
27, 1.902097225189209, 6.215754270553589 
28, 1.8955538272857666, 6.287274122238159 
29, 1.9241052865982056, 6.363107919692993 
30, 1.946880578994751, 6.465228319168091 
31, 1.954702615737915, 6.301266670227051 
32, 1.9807868003845215, 6.446115493774414 
33, 2.0139737129211426, 6.147731781005859 
34, 1.9917619228363037, 6.327775955200195 
35, 2.0194015502929688, 6.479352235794067 
36, 2.0316083431243896, 6.388970851898193 
37, 2.0467135906219482, 6.416327714920044 
38, 2.0612313747406006, 6.3226423263549805 
39, 2.086228609085083, 6.381070375442505 
40, 2.0841166973114014, 6.255645275115967 
41, 2.1005852222442627, 6.3045268058776855 
42, 2.0990335941314697, 6.375781774520874 
43, 2.125135660171509, 6.252748966217041 
44, 2.1345207691192627, 6.252535820007324 
45, 2.151928186416626, 6.382948160171509 
46, 2.190610408782959, 6.354334592819214 
47, 2.2030158042907715, 6.3056206703186035 
48, 2.2355263233184814, 6.14242148399353 
49, 2.2275619506835938, 6.14625883102417 
50, 2.2657413482666016, 6.054838180541992 
51, 2.299802780151367, 6.085611820220947 
52, 2.298340320587158, 6.254230976104736 
53, 2.321855306625366, 6.107743740081787 
54, 2.3482131958007812, 6.074975490570068 
55, 2.3539443016052246, 6.115366697311401 
56, 2.39269757270813, 6.300039291381836 
57, 2.413116931915283, 6.120877027511597 
58, 2.43107271194458, 6.186003923416138 
59, 2.458513021469116, 6.233830690383911 
60, 2.485602378845215, 6.011414527893066 
61, 2.5249576568603516, 6.1021411418914795 
62, 2.539762258529663, 6.215803146362305 
63, 2.549142360687256, 6.143082141876221 
64, 2.5892467498779297, 6.156691074371338 
65, 2.616541862487793, 6.210541486740112 
66, 2.646223545074463, 6.256642818450928 
67, 2.678562641143799, 6.210261583328247 
68, 2.68757700920105, 6.1817402839660645 
69, 2.726093292236328, 6.193910121917725 
70, 2.7479569911956787, 6.166576385498047 
71, 2.7821974754333496, 6.149413585662842 
72, 2.8228461742401123, 6.281232595443726 
73, 2.8477096557617188, 6.058057546615601 
74, 2.879772186279297, 6.167710065841675 
75, 2.897264242172241, 6.226840972900391 
76, 2.909834146499634, 6.244316101074219 
77, 2.9404101371765137, 6.213768482208252 
78, 2.962938070297241, 6.258355617523193 
79, 2.965594530105591, 6.287683725357056 
80, 2.9792354106903076, 6.233506441116333 
81, 2.99629807472229, 6.3037872314453125 
82, 3.0056793689727783, 6.257423639297485 
83, 2.997917652130127, 6.179728269577026 
84, 3.0288314819335938, 6.167203664779663 
85, 3.0258426666259766, 6.231526851654053 
86, 3.031453847885132, 6.251884937286377 
87, 3.049899101257324, 6.031846284866333 
88, 3.0353806018829346, 6.04305362701416 
89, 3.0577197074890137, 6.25300669670105 
90, 3.0417683124542236, 6.131041526794434 
91, 3.035851001739502, 6.186642408370972 
92, 3.0371956825256348, 6.2831971645355225 
93, 3.0345983505249023, 6.089784145355225 
94, 3.0284440517425537, 5.9941229820251465 
95, 3.0161728858947754, 6.175009489059448 
96, 3.024008274078369, 6.109599828720093 
97, 3.046118974685669, 5.942811012268066 
98, 3.0304274559020996, 6.0611162185668945 
99, 2.996598243713379, 6.187160015106201 
100, 3.017350673675537, 6.1050124168396 
101, 3.0192885398864746, 6.069358587265015 
102, 3.0419907569885254, 6.156257390975952 
103, 3.04193377494812, 5.991668462753296 
104, 3.0414180755615234, 6.163820743560791 
105, 3.0271973609924316, 6.2314887046813965 
106, 3.0161209106445312, 6.027828693389893 
107, 3.0339860916137695, 6.043079376220703 
108, 3.0094046592712402, 6.284266710281372 
109, 3.02618408203125, 6.114647626876831 
110, 3.0025758743286133, 6.022933006286621 
111, 3.008862018585205, 6.06997275352478 
112, 3.0093278884887695, 6.157552719116211 
113, 2.9963314533233643, 6.038825511932373 
114, 2.9822428226470947, 6.032167434692383 
115, 2.9874401092529297, 6.1736814975738525 
116, 2.9866058826446533, 5.987328767776489 
117, 2.9767050743103027, 6.077098846435547 
118, 2.995435953140259, 6.190401554107666 
119, 3.00302791595459, 6.047941207885742 
120, 2.996370792388916, 5.977365016937256 
121, 2.9858388900756836, 6.167733907699585 
122, 2.99074125289917, 6.087717056274414 
123, 3.0051863193511963, 6.092118501663208 
124, 3.0114364624023438, 6.0554986000061035 
125, 3.024381160736084, 6.218990325927734 
126, 3.017970085144043, 6.0213706493377686 
127, 3.031869411468506, 6.042686939239502 
128, 3.0445218086242676, 6.1697306632995605 
129, 3.0449283123016357, 6.098499059677124 
130, 3.056933641433716, 6.041297674179077 
131, 3.0569190979003906, 6.379941701889038 
132, 3.0687179565429688, 6.29418420791626 
133, 3.08385968208313, 6.123903274536133 
134, 3.110076904296875, 6.199455499649048 
135, 3.0987420082092285, 6.097908973693848 
136, 3.1161446571350098, 6.062696218490601 
137, 3.128563404083252, 6.090436935424805 
138, 3.1204237937927246, 6.1804187297821045 
139, 3.1374733448028564, 6.032987594604492 
140, 3.1449618339538574, 6.027212858200073 
141, 3.157533645629883, 6.233755588531494 
142, 3.147797107696533, 6.057826280593872 
143, 3.179985284805298, 6.066847085952759 
144, 3.179539203643799, 6.217700004577637 
145, 3.1936838626861572, 6.003051042556763 
146, 3.181175470352173, 5.96253776550293 
147, 3.187042474746704, 5.895435333251953 
148, 3.2081027030944824, 6.19628119468689 
149, 3.223538398742676, 6.149125337600708 
150, 3.2189202308654785, 5.99535608291626 
151, 3.221836805343628, 6.263152360916138 
152, 3.2541260719299316, 6.088553428649902 
153, 3.233058214187622, 6.114533424377441 
154, 3.251553773880005, 6.292701482772827 
155, 3.256714344024658, 6.174436807632446 
156, 3.2601637840270996, 6.0783514976501465 
157, 3.2784411907196045, 6.151805877685547 
158, 3.269906520843506, 6.246317625045776 
159, 3.2689108848571777, 6.053518533706665 
160, 3.2835607528686523, 6.00692343711853 
161, 3.2743074893951416, 6.254132270812988 
162, 3.2640461921691895, 6.069385290145874 
163, 3.3004257678985596, 6.150808095932007 
164, 3.307765483856201, 6.151162624359131 
165, 3.2939910888671875, 6.072430849075317 
166, 3.2790443897247314, 6.105759620666504 
167, 3.2910423278808594, 6.11992621421814 
168, 3.2957606315612793, 6.199089288711548 
169, 3.287724018096924, 6.0123536586761475 
170, 3.2987959384918213, 6.0079026222229 
171, 3.278177499771118, 6.2092883586883545 
172, 3.2968428134918213, 6.125175714492798 
173, 3.272833824157715, 6.085120439529419 
174, 3.2967875003814697, 6.204487085342407 
175, 3.2769739627838135, 6.105502605438232 
176, 3.2749547958374023, 6.169375658035278 
177, 3.2711267471313477, 6.275983095169067 
178, 3.24897837638855, 6.16497015953064 
179, 3.255964517593384, 6.104368209838867 
180, 3.2577693462371826, 6.129451274871826 
181, 3.2332205772399902, 6.3050267696380615 
182, 3.235321044921875, 6.050298452377319 
183, 3.233910083770752, 6.058264493942261 
184, 3.239253282546997, 6.173752546310425 
185, 3.2185935974121094, 6.109755039215088 
186, 3.2027969360351562, 6.182218551635742 
187, 3.2260661125183105, 6.390822410583496 
188, 3.1767680644989014, 6.212396621704102 
189, 3.210829734802246, 6.152844667434692 
190, 3.204828977584839, 6.235527038574219 
191, 3.1841633319854736, 6.323719501495361 
192, 3.153698444366455, 5.997970342636108 
193, 3.1547460556030273, 6.04926872253418 
194, 3.1495652198791504, 6.196831226348877 
195, 3.144758462905884, 6.188398838043213 
196, 3.106961250305176, 6.06193995475769 
197, 3.104457378387451, 6.380801677703857 
198, 3.0595808029174805, 6.058852434158325 
199, 3.051006555557251, 6.060221910476685 
200, 3.029175043106079, 6.1611573696136475 
201, 3.0276260375976562, 6.1167943477630615 
202, 2.9956233501434326, 6.071089267730713 
203, 2.9688961505889893, 6.094231843948364 
204, 2.9543204307556152, 6.1710076332092285 
205, 2.935185670852661, 6.071926832199097 
206, 2.8954808712005615, 6.058906555175781 
207, 2.861856460571289, 6.199310064315796 
208, 2.8265483379364014, 6.060129404067993 
209, 2.8105125427246094, 6.036258935928345 
210, 2.772541046142578, 6.254814386367798 
211, 2.76728892326355, 6.180521726608276 
212, 2.7461657524108887, 6.177845478057861 
213, 2.7606983184814453, 6.252110242843628 
214, 2.7219555377960205, 6.232141971588135 
215, 2.7466301918029785, 6.245464563369751 
216, 2.7285566329956055, 6.308843612670898 
217, 2.7400059700012207, 6.186755895614624 
218, 2.7306597232818604, 6.234601974487305 
219, 2.758636951446533, 6.020731687545776 
220, 2.75022292137146, 6.270593643188477 
221, 2.7634830474853516, 6.120468616485596 
222, 2.737586498260498, 6.078060626983643 
223, 2.7306385040283203, 6.08492636680603 
224, 2.694920301437378, 6.135558366775513 
225, 2.7043561935424805, 5.988173723220825 
226, 2.7066712379455566, 6.075031757354736 
227, 2.6963257789611816, 6.283668279647827 
228, 2.6712870597839355, 6.069084405899048 
229, 2.6667890548706055, 6.000739812850952 
230, 2.6723620891571045, 6.180594205856323 
231, 2.6760387420654297, 6.227304220199585 
232, 2.664259195327759, 6.101808547973633 
233, 2.6379497051239014, 6.041563510894775 
234, 2.630279064178467, 6.142348527908325 
235, 2.6345252990722656, 6.058288812637329 
236, 2.629473924636841, 6.031940937042236 
237, 2.6226534843444824, 6.1962573528289795 
238, 2.595825672149658, 6.0402586460113525 
239, 2.60298752784729, 6.053170442581177 
240, 2.5851993560791016, 6.167412996292114 
241, 2.5784990787506104, 6.307478666305542 
242, 2.5474538803100586, 6.174970865249634 
243, 2.517892360687256, 6.211737632751465 
244, 2.5154640674591064, 6.47792649269104 
245, 2.509852409362793, 6.139244556427002 
246, 2.4946436882019043, 6.024417161941528 
247, 2.492617130279541, 6.518798112869263 
248, 2.4892935752868652, 6.20757532119751 
249, 2.4762179851531982, 6.137561559677124 
250, 2.4807965755462646, 6.340502738952637 
251, 2.458214282989502, 6.198664665222168 
252, 2.4219412803649902, 6.054780960083008 
253, 2.435495376586914, 6.348806619644165 
254, 2.4209866523742676, 6.4298107624053955 
255, 2.4155569076538086, 6.020135879516602 
256, 2.4011669158935547, 6.357789039611816 
257, 2.4073469638824463, 6.548213005065918 
258, 2.4016661643981934, 5.984362840652466 
259, 2.407301664352417, 5.988318204879761 
260, 2.389094829559326, 6.208006381988525 
261, 2.3863048553466797, 6.209414482116699 
262, 2.348710298538208, 5.989315748214722 
263, 2.3482441902160645, 6.364451169967651 
264, 2.3301243782043457, 6.146170139312744 
265, 2.3398897647857666, 6.115070104598999 
266, 2.3234310150146484, 6.080139875411987 
267, 2.318408727645874, 6.320499658584595 
268, 2.324449062347412, 6.187532663345337 
269, 2.3159263134002686, 6.085510969161987 
270, 2.321866512298584, 6.190963506698608 
271, 2.3081467151641846, 6.14588189125061 
272, 2.291916608810425, 5.905110120773315 
273, 2.284635305404663, 6.232497453689575 
274, 2.2879176139831543, 6.092778444290161 
275, 2.2935338020324707, 6.126868724822998 
276, 2.2894062995910645, 6.176276922225952 
277, 2.2850944995880127, 6.332135200500488 
278, 2.2724013328552246, 6.06090235710144 
279, 2.262082099914551, 6.0848307609558105 
280, 2.275139093399048, 6.171470880508423 
281, 2.2646236419677734, 6.319457530975342 
282, 2.2653982639312744, 6.236767768859863 
283, 2.2901623249053955, 6.111670970916748 
284, 2.2853891849517822, 6.097598552703857 
285, 2.2949414253234863, 6.11159873008728 
286, 2.290409564971924, 6.229178190231323 
287, 2.294532299041748, 6.485639572143555 
288, 2.2889909744262695, 6.381256580352783 
289, 2.2650146484375, 6.228164434432983 
290, 2.2626681327819824, 6.319668531417847 
291, 2.259016990661621, 6.047016620635986 
292, 2.2269840240478516, 6.232990026473999 
293, 2.2112984657287598, 6.2861340045928955 
294, 2.1947202682495117, 5.959824562072754 
295, 2.204535961151123, 6.215122938156128 
296, 2.1993227005004883, 5.999895334243774 
297, 2.1790430545806885, 5.912674427032471 
298, 2.1607871055603027, 5.936847448348999 
299, 2.169649600982666, 6.143702030181885 
300, 2.1728029251098633, 6.002533435821533 
301, 2.177995204925537, 6.014330863952637 
302, 2.167065382003784, 6.1067728996276855 
303, 2.158026695251465, 6.148475408554077 
304, 2.175283670425415, 6.113818645477295 
305, 2.171192169189453, 6.190570116043091 
306, 2.181323528289795, 5.976273536682129 
307, 2.1729846000671387, 6.046751260757446 
308, 2.172783851623535, 6.187127113342285 
309, 2.1727113723754883, 6.350790739059448 
310, 2.1797096729278564, 6.1529974937438965 
311, 2.1776154041290283, 6.112514495849609 
312, 2.149993896484375, 6.157586336135864 
313, 2.1505532264709473, 6.165539264678955 
314, 2.148658037185669, 6.082601070404053 
315, 2.1418678760528564, 6.091999769210815 
316, 2.141265392303467, 6.205772399902344 
317, 2.136681079864502, 6.231791734695435 
318, 2.131873607635498, 6.363851547241211 
319, 2.130326747894287, 6.024035930633545 
320, 2.1226024627685547, 6.039191722869873 
321, 2.111253261566162, 6.593448877334595 
322, 2.1117467880249023, 6.246601819992065 
323, 2.093949317932129, 6.400284290313721 
324, 2.0995774269104004, 6.132310390472412 
325, 2.0919547080993652, 6.199409484863281 
326, 2.0955116748809814, 6.154160261154175 
327, 2.1102375984191895, 6.146523714065552 
328, 2.1052918434143066, 6.124077558517456 
329, 2.105602979660034, 6.01192307472229 
330, 2.104635000228882, 6.133090257644653 
331, 2.116102695465088, 6.092305421829224 
332, 2.0948009490966797, 6.17435097694397 
333, 2.1180129051208496, 6.0185747146606445 
334, 2.109839916229248, 5.996537446975708 
335, 2.0959033966064453, 5.994700193405151 
336, 2.110320568084717, 5.956239461898804 
337, 2.1032652854919434, 6.11461329460144 
338, 2.101961135864258, 6.087684154510498 
339, 2.1017212867736816, 6.165884733200073 
340, 2.1070613861083984, 6.2052576541900635 
341, 2.0901899337768555, 6.04891037940979 
342, 2.102224349975586, 5.956904649734497 
343, 2.0980730056762695, 6.108231782913208 
344, 2.0946450233459473, 6.171764612197876 
345, 2.0961828231811523, 6.049830675125122 
346, 2.110746383666992, 6.1499035358428955 
347, 2.1138832569122314, 6.4537434577941895 
348, 2.119650363922119, 5.925654888153076 
349, 2.1106748580932617, 6.148144006729126 
350, 2.125640630722046, 6.056642055511475 
351, 2.1201066970825195, 5.991460084915161 
352, 2.131808280944824, 5.903978109359741 
353, 2.122671604156494, 6.149939775466919 
354, 2.134246349334717, 5.952146053314209 
355, 2.1507058143615723, 5.904818534851074 
356, 2.1715087890625, 6.138059854507446 
357, 2.202481269836426, 6.13314962387085 
358, 2.200718641281128, 5.9884068965911865 
359, 2.232762336730957, 6.052929401397705 
360, 2.2379872798919678, 5.963103532791138 
361, 2.280163526535034, 6.014784812927246 
362, 2.316865921020508, 5.946598529815674 
363, 2.347116470336914, 6.441566467285156 
364, 2.3793444633483887, 6.176619052886963 
365, 2.4192094802856445, 6.358593463897705 
366, 2.427835464477539, 6.486755609512329 
367, 2.4610507488250732, 6.4029765129089355 
368, 2.4796061515808105, 5.951433420181274 
369, 2.5276479721069336, 6.2925896644592285 
370, 2.561952829360962, 5.95454216003418 
371, 2.5867958068847656, 6.108362913131714 
372, 2.612766981124878, 6.043803691864014 
373, 2.68815541267395, 6.083061695098877 
374, 2.6910343170166016, 6.046006441116333 
375, 2.7087881565093994, 6.017620801925659 
376, 2.7402291297912598, 5.985337734222412 
377, 2.7319915294647217, 5.917183876037598 
378, 2.7515363693237305, 5.8911848068237305 
379, 2.753446578979492, 6.2065956592559814 
380, 2.771583318710327, 5.979145050048828 
381, 2.777617931365967, 5.894577741622925 
382, 2.785616397857666, 6.142047166824341 
383, 2.8175792694091797, 6.133002281188965 
384, 2.815922260284424, 5.936352729797363 
385, 2.833624839782715, 6.170222759246826 
386, 2.8482398986816406, 6.105756521224976 
387, 2.8728878498077393, 6.078092575073242 
388, 2.8894543647766113, 6.000533103942871 
389, 2.888392210006714, 6.1201863288879395 
390, 2.9118618965148926, 5.930542230606079 
391, 2.938547134399414, 5.921339511871338 
392, 2.9636881351470947, 6.196906805038452 
393, 2.9708948135375977, 6.150557518005371 
394, 2.980327606201172, 5.9701690673828125 
395, 3.0247931480407715, 6.131542921066284 
396, 3.0316314697265625, 6.003046035766602 
397, 3.040292263031006, 5.955738544464111 
398, 3.053994655609131, 5.9651336669921875 
399, 3.0602846145629883, 6.1059205532073975 
400, 3.073228597640991, 5.9332990646362305 
401, 3.0938990116119385, 5.9731409549713135 
402, 3.119818687438965, 6.088849067687988 
403, 3.1361100673675537, 5.987495183944702 
404, 3.16513991355896, 5.89555811882019 
405, 3.1546785831451416, 6.0307841300964355 
406, 3.1969141960144043, 6.07996129989624 
407, 3.2198009490966797, 5.9004762172698975 
408, 3.2406115531921387, 5.953397274017334 
409, 3.242736339569092, 6.145277500152588 
410, 3.2603635787963867, 6.034725189208984 
411, 3.294908046722412, 6.063972234725952 
412, 3.2859981060028076, 6.062150955200195 
413, 3.3167877197265625, 6.062968015670776 
414, 3.3314247131347656, 5.915405988693237 
415, 3.342568874359131, 6.098268508911133 
416, 3.367255687713623, 6.035821199417114 
417, 3.4052414894104004, 5.923766613006592 
418, 3.4252028465270996, 5.9422595500946045 
419, 3.44212007522583, 6.097663164138794 
420, 3.462019443511963, 5.903872013092041 
421, 3.4716053009033203, 6.1927618980407715 
422, 3.52372407913208, 6.100994348526001 
423, 3.505483388900757, 6.0729615688323975 
424, 3.5214078426361084, 5.932268857955933 
425, 3.527981758117676, 6.168711185455322 
426, 3.5398802757263184, 5.996558904647827 
427, 3.5476112365722656, 5.90082573890686 
428, 3.5755724906921387, 6.000750541687012 
429, 3.611417293548584, 6.017114162445068 
430, 3.5880789756774902, 5.920635938644409 
431, 3.6293840408325195, 5.909159421920776 
432, 3.6276750564575195, 5.993738174438477 
433, 3.65781307220459, 5.905451536178589 
434, 3.6834394931793213, 5.901841402053833 
435, 3.680119514465332, 6.140432596206665 
436, 3.7057266235351562, 5.976926803588867 
437, 3.7452545166015625, 6.014466047286987 
438, 3.7850401401519775, 6.242856502532959 
439, 3.786142587661743, 6.121569871902466 
440, 3.846519708633423, 6.002577066421509 
441, 3.8745791912078857, 6.16655707359314 
442, 3.8943285942077637, 6.031454086303711 
443, 3.9367895126342773, 6.12311577796936 
444, 3.953835964202881, 5.904526948928833 
445, 3.9771170616149902, 6.213590383529663 
446, 4.016613960266113, 6.1801228523254395 
447, 4.031452178955078, 6.044656276702881 
448, 4.051359176635742, 5.9866838455200195 
449, 4.0803422927856445, 6.149900436401367 
450, 4.105869770050049, 6.04360032081604 
451, 4.110769748687744, 6.044480323791504 
452, 4.140935897827148, 6.061410665512085 
453, 4.1468634605407715, 5.985203742980957 
454, 4.144640922546387, 6.139293432235718 
455, 4.142726898193359, 5.976364374160767 
456, 4.146673679351807, 6.003896713256836 
457, 4.1586103439331055, 6.365560293197632 
458, 4.216495513916016, 6.3542399406433105 
459, 4.207548141479492, 6.381235361099243 
460, 4.229880332946777, 6.032374620437622 
461, 4.203822612762451, 6.145586729049683 
462, 4.227187633514404, 5.893674850463867 
463, 4.259889602661133, 5.902533292770386 
464, 4.231447696685791, 6.292100667953491 
465, 4.235979080200195, 6.094777822494507 
466, 4.232170104980469, 6.010036468505859 
467, 4.225429534912109, 6.21808934211731 
468, 4.214499473571777, 5.968488931655884 
469, 4.24628210067749, 5.99272084236145 
470, 4.228260040283203, 6.121579170227051 
471, 4.256353855133057, 6.2833027839660645 
472, 4.248250961303711, 5.929037809371948 
473, 4.238155364990234, 6.15910005569458 
474, 4.235352039337158, 6.055872440338135 
475, 4.207272529602051, 5.991024017333984 
476, 4.187813758850098, 5.986832141876221 
477, 4.1703104972839355, 6.119216442108154 
478, 4.171993255615234, 6.248994827270508 
479, 4.150464057922363, 5.929123640060425 
480, 4.155096530914307, 6.3999645709991455 
481, 4.1397833824157715, 6.274834871292114 
482, 4.1242194175720215, 6.285352945327759 
483, 4.1205902099609375, 6.057992696762085 
484, 4.086347579956055, 6.409772634506226 
485, 4.1034464836120605, 5.906282901763916 
486, 4.093443393707275, 6.446446418762207 
487, 4.099776268005371, 5.942531585693359 
488, 4.071290969848633, 5.937522888183594 
489, 4.030193328857422, 6.285888433456421 
490, 4.034206867218018, 6.309835433959961 
491, 4.010824203491211, 6.200886964797974 
492, 3.983928918838501, 6.039802312850952 
493, 3.9425764083862305, 6.058022975921631 
494, 3.966426372528076, 6.021152496337891 
495, 3.9692842960357666, 6.043450832366943 
496, 3.944108486175537, 6.04956841468811 
497, 3.9614975452423096, 5.906573295593262 
498, 3.9433841705322266, 5.957628965377808 
499, 3.954690933227539, 6.0295045375823975 
500, 3.928097724914551, 5.979320764541626 
501, 3.964412212371826, 5.924860954284668 
502, 3.967679977416992, 6.096642732620239 
503, 3.9326376914978027, 6.0678870677948 
504, 3.9358296394348145, 6.024153470993042 
505, 3.9239721298217773, 5.999917984008789 
506, 3.902618646621704, 5.99535059928894 
507, 3.882341146469116, 6.032217502593994 
508, 3.885925531387329, 5.930125951766968 
509, 3.874300718307495, 6.012765884399414 
510, 3.833019256591797, 5.949005126953125 
511, 3.8034844398498535, 6.026360750198364 
512, 3.8305985927581787, 6.099315881729126 
513, 3.8538997173309326, 6.071542263031006 
514, 3.8319497108459473, 6.044567823410034 
515, 3.8207857608795166, 6.075705051422119 
516, 3.86116361618042, 6.112646579742432 
517, 3.8504557609558105, 5.898869514465332 
518, 3.891643762588501, 5.991178035736084 
519, 3.916747570037842, 6.049414873123169 
520, 3.948582649230957, 5.93718409538269 
521, 3.9500842094421387, 5.949445009231567 
522, 3.9967243671417236, 6.18084716796875 
523, 4.004855155944824, 6.125271320343018 
524, 4.016199111938477, 5.926549911499023 
525, 4.020947456359863, 6.207294464111328 
526, 3.9917240142822266, 6.21539568901062 
527, 4.024655342102051, 6.0066516399383545 
528, 3.993518352508545, 6.177768707275391 
529, 3.9512314796447754, 6.096036434173584 
530, 3.92691707611084, 5.990530014038086 
531, 3.907816171646118, 6.202630996704102 
532, 3.8860819339752197, 6.000694751739502 
533, 3.864215850830078, 6.014255046844482 
534, 3.8384804725646973, 5.976666212081909 
535, 3.818007469177246, 6.137941360473633 
536, 3.8100576400756836, 5.969878435134888 
537, 3.804631471633911, 5.926466226577759 
538, 3.815495014190674, 6.092013120651245 
539, 3.810274839401245, 6.019629955291748 
540, 3.833164691925049, 5.900325536727905 
541, 3.8107378482818604, 6.4274492263793945 
542, 3.8360044956207275, 6.007034063339233 
543, 3.8179163932800293, 5.995379686355591 
544, 3.8407487869262695, 6.24147629737854 
545, 3.8479342460632324, 6.103237628936768 
546, 3.842959403991699, 5.895637273788452 
547, 3.8730499744415283, 6.3721764087677 
548, 3.882739782333374, 6.105410575866699 
549, 3.8979358673095703, 6.075762748718262 
550, 3.8896772861480713, 5.992650032043457 
551, 3.922001361846924, 6.259368896484375 
552, 3.9240474700927734, 5.986649751663208 
553, 3.895118474960327, 6.076028108596802 
554, 3.942638397216797, 6.083677530288696 
555, 3.9451818466186523, 5.988141059875488 
556, 3.972862720489502, 5.90651535987854 
557, 3.996878147125244, 6.027547121047974 
558, 4.0035271644592285, 6.068274259567261 
559, 4.035540580749512, 6.0114946365356445 
560, 4.014004230499268, 5.918633460998535 
561, 4.015483379364014, 6.277861833572388 
562, 4.055209159851074, 5.964310646057129 
563, 4.0204057693481445, 6.093496799468994 
564, 4.035741806030273, 6.055895566940308 
565, 4.002833366394043, 6.380805492401123 
566, 3.998168706893921, 6.066975116729736 
567, 4.001550197601318, 6.100056171417236 
568, 4.013747692108154, 6.443523645401001 
569, 3.9558069705963135, 6.21709132194519 
570, 3.963217258453369, 5.952703475952148 
571, 3.9327621459960938, 6.287435054779053 
572, 3.925429105758667, 6.160346508026123 
573, 3.8838515281677246, 6.29761815071106 
574, 3.8391287326812744, 6.279199600219727 
575, 3.8269224166870117, 6.116562366485596 
576, 3.7998998165130615, 6.190979480743408 
577, 3.7373766899108887, 6.314300537109375 
578, 3.6910181045532227, 6.085824489593506 
579, 3.6460723876953125, 5.936574459075928 
580, 3.5959713459014893, 6.433290481567383 
581, 3.5522525310516357, 6.014707565307617 
582, 3.4891419410705566, 5.920095205307007 
583, 3.445237636566162, 6.010644435882568 
584, 3.429244041442871, 6.306993007659912 
585, 3.39695405960083, 5.940016984939575 
586, 3.3763623237609863, 6.007784128189087 
587, 3.3794758319854736, 6.157566547393799 
588, 3.362089157104492, 6.162336587905884 
589, 3.337786912918091, 6.111261606216431 
590, 3.3143482208251953, 6.236422061920166 
591, 3.2901477813720703, 5.941117763519287 
592, 3.2739241123199463, 5.9266393184661865 
593, 3.2456936836242676, 6.115727424621582 
594, 3.217108964920044, 6.034769535064697 
595, 3.1775403022766113, 6.0701940059661865 
596, 3.1467833518981934, 6.0641326904296875 
597, 3.1242012977600098, 5.997368335723877 
598, 3.090874433517456, 6.172936677932739 
599, 3.0496819019317627, 6.427075386047363 
600, 2.998453140258789, 6.013313055038452 
601, 2.9641618728637695, 5.924378156661987 
602, 2.9361324310302734, 6.186171293258667 
603, 2.8916380405426025, 6.112146854400635 
604, 2.8722877502441406, 5.949763536453247 
605, 2.8517394065856934, 6.216224670410156 
606, 2.842130184173584, 6.1516218185424805 
607, 2.813725709915161, 6.067681074142456 
608, 2.7786178588867188, 6.022103309631348 
609, 2.7735018730163574, 6.163742780685425 
610, 2.762465000152588, 6.213213920593262 
611, 2.730121612548828, 6.406169176101685 
612, 2.709803581237793, 6.050493001937866 
613, 2.69397234916687, 5.989633083343506 
614, 2.6829915046691895, 6.007087230682373 
615, 2.6450014114379883, 6.192803382873535 
616, 2.6361606121063232, 6.091763496398926 
617, 2.629681348800659, 5.942700386047363 
618, 2.608802318572998, 5.970173120498657 
619, 2.5872907638549805, 6.026552200317383 
620, 2.5702390670776367, 5.949308156967163 
621, 2.5495057106018066, 5.889439821243286 
622, 2.53688645362854, 6.188967227935791 
623, 2.5183277130126953, 6.03713059425354 
624, 2.5296058654785156, 5.8903584480285645 
625, 2.5112977027893066, 6.0007688999176025 
626, 2.500683307647705, 6.194811105728149 
627, 2.4917855262756348, 6.291375637054443 
628, 2.447328567504883, 5.986605405807495 
629, 2.457742214202881, 6.401311874389648 
630, 2.441554546356201, 6.211719512939453 
631, 2.4210011959075928, 6.142095565795898 
632, 2.424694299697876, 6.433542490005493 
633, 2.396620512008667, 6.0798516273498535 
634, 2.3909058570861816, 5.934003114700317 
635, 2.3551759719848633, 6.359683990478516 
636, 2.3445987701416016, 6.118880271911621 
637, 2.330570697784424, 6.224573612213135 
638, 2.317957878112793, 6.435048341751099 
639, 2.3010056018829346, 6.001620531082153 
640, 2.275341033935547, 6.049069881439209 
641, 2.2741713523864746, 5.978558301925659 
642, 2.2710824012756348, 6.18153977394104 
643, 2.232140064239502, 6.2378761768341064 
644, 2.2294204235076904, 6.336194276809692 
645, 2.224855422973633, 6.004435062408447 
646, 2.202063798904419, 5.916360139846802 
647, 2.186971664428711, 5.907394886016846 
648, 2.183523654937744, 6.054517030715942 
649, 2.160964250564575, 5.942702770233154 
650, 2.1488356590270996, 5.925057888031006 
651, 2.147186517715454, 6.154650926589966 
652, 2.1166610717773438, 6.281095743179321 
653, 2.110901117324829, 5.931663274765015 
654, 2.0986382961273193, 6.001332521438599 
655, 2.086966037750244, 6.055234670639038 
656, 2.0867466926574707, 6.182395935058594 
657, 2.0651025772094727, 6.2226340770721436 
658, 2.056917190551758, 6.22367787361145 
659, 2.0385680198669434, 6.137960195541382 
660, 2.0196306705474854, 6.24763035774231 
661, 2.010038375854492, 6.020489931106567 
662, 1.9880363941192627, 5.929711818695068 
663, 1.991961121559143, 6.14666485786438 
664, 1.9673956632614136, 6.282282114028931 
665, 1.9643703699111938, 6.072103977203369 
666, 1.94633150100708, 6.015091896057129 
667, 1.9252086877822876, 6.019478797912598 
668, 1.9131954908370972, 6.3819663524627686 
669, 1.8980950117111206, 5.920017719268799 
670, 1.8843836784362793, 6.010395288467407 
671, 1.8767155408859253, 6.370903491973877 
672, 1.845545768737793, 5.972573757171631 
673, 1.838100552558899, 6.134629011154175 
674, 1.8365246057510376, 6.307508945465088 
675, 1.8140318393707275, 6.065283536911011 
676, 1.8121076822280884, 6.206033945083618 
677, 1.782951831817627, 6.2972424030303955 
678, 1.778501272201538, 5.959675073623657 
679, 1.7659008502960205, 6.132326364517212 
680, 1.7630585432052612, 6.198084592819214 
681, 1.742287039756775, 6.214273452758789 
682, 1.7572466135025024, 6.213399648666382 
683, 1.7313421964645386, 5.923996448516846 
684, 1.7128756046295166, 6.0502049922943115 
685, 1.7015596628189087, 6.428958892822266 
686, 1.702687382698059, 6.189793109893799 
687, 1.6921567916870117, 6.445873498916626 
688, 1.679017424583435, 6.267732381820679 
689, 1.6680235862731934, 6.162128448486328 
690, 1.6666194200515747, 6.100743770599365 
691, 1.6627458333969116, 6.291517734527588 
692, 1.6504185199737549, 6.42325234413147 
693, 1.6386159658432007, 6.336117744445801 
694, 1.63813316822052, 5.9968297481536865 
695, 1.6332944631576538, 6.1535093784332275 
696, 1.6170969009399414, 6.369470596313477 
697, 1.606709361076355, 6.351345062255859 
698, 1.6094154119491577, 6.260882377624512 
699, 1.6021497249603271, 6.197267532348633 
700, 1.592024803161621, 6.016341209411621 
701, 1.5868327617645264, 6.031106233596802 
702, 1.5835096836090088, 6.225353240966797 
703, 1.5734566450119019, 6.271755933761597 
704, 1.5587875843048096, 6.067779302597046 
705, 1.5679059028625488, 6.161957502365112 
706, 1.5577280521392822, 6.564927577972412 
707, 1.545182228088379, 6.239595413208008 
708, 1.5465595722198486, 6.199463367462158 
709, 1.5222654342651367, 6.252593517303467 
710, 1.5238462686538696, 6.096089839935303 
711, 1.511833906173706, 6.176823377609253 
712, 1.5153539180755615, 6.067706346511841 
713, 1.518521785736084, 6.362519979476929 
714, 1.5019171237945557, 6.0686304569244385 
715, 1.4948302507400513, 6.245480298995972 
716, 1.4942362308502197, 6.099769115447998 
717, 1.4845603704452515, 6.316300392150879 
718, 1.4889589548110962, 6.293519496917725 
719, 1.4726462364196777, 6.4029834270477295 
720, 1.460636854171753, 6.3376617431640625 
721, 1.4721612930297852, 6.24188232421875 
722, 1.4615731239318848, 6.142991542816162 
723, 1.4689542055130005, 6.404866456985474 
724, 1.4575819969177246, 6.075003385543823 
725, 1.4639513492584229, 6.1502203941345215 
726, 1.4569028615951538, 6.432076692581177 
727, 1.447625994682312, 6.298704147338867 
728, 1.4507062435150146, 5.93476128578186 
729, 1.4471969604492188, 6.2508885860443115 
730, 1.4339662790298462, 6.096087694168091 
731, 1.4298434257507324, 6.254281759262085 
732, 1.4221503734588623, 6.197023153305054 
733, 1.4376485347747803, 6.509716749191284 
734, 1.4207968711853027, 6.284080982208252 
735, 1.4147809743881226, 6.65364933013916 
736, 1.4147498607635498, 6.279698610305786 
737, 1.419854998588562, 6.138349771499634 
738, 1.4190235137939453, 6.528801679611206 
739, 1.4388675689697266, 6.089028358459473 
740, 1.422353744506836, 6.11408257484436 
741, 1.4232738018035889, 6.137986660003662 
742, 1.4329378604888916, 6.141495943069458 
743, 1.417952060699463, 6.051215887069702 
744, 1.430993676185608, 6.011571884155273 
745, 1.4345729351043701, 6.060486793518066 
746, 1.4400020837783813, 5.993729591369629 
747, 1.4473094940185547, 6.0476624965667725 
748, 1.4618090391159058, 6.055607795715332 
749, 1.4783563613891602, 5.952495098114014 
750, 1.4752463102340698, 5.9015350341796875 
751, 1.4984657764434814, 5.993002653121948 
752, 1.5044666528701782, 6.025164604187012 
753, 1.5320589542388916, 5.94193434715271 
754, 1.563380479812622, 5.882377624511719 
755, 1.57558012008667, 6.120667934417725 
756, 1.6207202672958374, 5.963012456893921 
757, 1.647166132926941, 5.969861030578613 
758, 1.6765185594558716, 5.95246148109436 
759, 1.7145929336547852, 6.1147894859313965 
760, 1.7577147483825684, 5.938137531280518 
761, 1.8071662187576294, 5.914329767227173 
762, 1.8429200649261475, 6.101447343826294 
763, 1.9286068677902222, 5.913061857223511 
764, 1.9530258178710938, 5.906111478805542 
765, 2.009413242340088, 6.050863265991211 
766, 2.0549168586730957, 5.995964527130127 
767, 2.1080760955810547, 5.941852569580078 
768, 2.1485438346862793, 6.011917352676392 
769, 2.1912574768066406, 6.11489725112915 
770, 2.240054130554199, 5.944763898849487 
771, 2.2747411727905273, 5.969978094100952 
772, 2.287106990814209, 6.087296962738037 
773, 2.3456180095672607, 6.165876388549805 
774, 2.3715505599975586, 6.007580041885376 
775, 2.4015896320343018, 5.976951360702515 
776, 2.425631046295166, 6.037732362747192 
777, 2.442656993865967, 5.883627414703369 
778, 2.479809045791626, 5.9530651569366455 
779, 2.4793567657470703, 6.074114084243774 
780, 2.5082693099975586, 6.020812034606934 
781, 2.5367932319641113, 5.917346954345703 
782, 2.534860610961914, 6.006977796554565 
783, 2.552833318710327, 5.966206073760986 
784, 2.590313673019409, 6.013127326965332 
785, 2.5969698429107666, 6.102123975753784 
786, 2.605935573577881, 6.084883689880371 
787, 2.589892625808716, 5.851024389266968 
788, 2.592714786529541, 5.875363111495972 
789, 2.6391005516052246, 6.050764799118042 
790, 2.6422269344329834, 6.0550761222839355 
791, 2.6467957496643066, 5.897376298904419 
792, 2.666563034057617, 5.941220760345459 
793, 2.663148880004883, 6.120603799819946 
794, 2.686601400375366, 5.955517768859863 
795, 2.6876392364501953, 6.00886344909668 
796, 2.7110180854797363, 6.101084232330322 
797, 2.703521728515625, 6.068411111831665 
798, 2.7228081226348877, 5.99583101272583 
799, 2.7265169620513916, 6.014650344848633 
800, 2.7632994651794434, 6.103442907333374 
801, 2.7782437801361084, 5.984247922897339 
802, 2.7907066345214844, 6.043792963027954 
803, 2.7995944023132324, 6.21181583404541 
804, 2.8206348419189453, 5.983563661575317 
805, 2.8282089233398438, 5.991422176361084 
806, 2.8416545391082764, 6.281307220458984 
807, 2.8341047763824463, 6.03259539604187 
808, 2.8617420196533203, 5.945305347442627 
809, 2.87325382232666, 6.082195520401001 
810, 2.893584728240967, 6.068560600280762 
811, 2.888195276260376, 5.979393720626831 
812, 2.9222183227539062, 6.094746828079224 
813, 2.918182849884033, 6.0678017139434814 
814, 2.9718236923217773, 5.968565464019775 
815, 2.990776538848877, 5.9668662548065186 
816, 3.0119409561157227, 6.183003187179565 
817, 2.9697952270507812, 5.9931159019470215 
818, 3.013113021850586, 5.862252950668335 
819, 3.044760227203369, 6.074983358383179 
820, 3.0530383586883545, 6.1111979484558105 
821, 3.0685694217681885, 5.9172234535217285 
822, 3.096811532974243, 5.992339372634888 
823, 3.103936195373535, 6.236468076705933 
824, 3.125430107116699, 6.007266998291016 
825, 3.1479341983795166, 6.0069334506988525 
826, 3.1703619956970215, 6.056059837341309 
827, 3.173680305480957, 6.001081705093384 
828, 3.1804678440093994, 6.035520792007446 
829, 3.2022626399993896, 6.047730922698975 
830, 3.2095375061035156, 6.166045665740967 
831, 3.2348341941833496, 5.932549715042114 
832, 3.2453441619873047, 6.069329738616943 
833, 3.291992425918579, 6.116947174072266 
834, 3.2809314727783203, 6.074963092803955 
835, 3.301532745361328, 6.055722713470459 
836, 3.321213722229004, 6.132966756820679 
837, 3.327592134475708, 6.098371744155884 
838, 3.348245620727539, 5.970632314682007 
839, 3.3683013916015625, 6.2181665897369385 
840, 3.375347375869751, 6.056151866912842 
841, 3.4091269969940186, 5.991007328033447 
842, 3.411837339401245, 6.078534364700317 
843, 3.435497760772705, 6.091044902801514 
844, 3.450106143951416, 5.976972341537476 
845, 3.442049980163574, 6.0037841796875 
846, 3.4813337326049805, 6.00274658203125 
847, 3.5012855529785156, 6.059049129486084 
848, 3.46469783782959, 6.082528591156006 
849, 3.493635892868042, 6.012850761413574 
850, 3.510927200317383, 6.079590082168579 
851, 3.5164804458618164, 6.03777551651001 
852, 3.527942180633545, 5.971517562866211 
853, 3.5532708168029785, 6.168331623077393 
854, 3.544724464416504, 5.965468168258667 
855, 3.563422679901123, 5.948038578033447 
856, 3.581206798553467, 6.173202276229858 
857, 3.597208023071289, 6.053276777267456 
858, 3.6120858192443848, 6.028626918792725 
859, 3.605295181274414, 5.976635932922363 
860, 3.60774302482605, 6.226970195770264 
861, 3.6238341331481934, 6.076260566711426 
862, 3.6145071983337402, 6.059377908706665 
863, 3.625533103942871, 6.212279558181763 
864, 3.641511917114258, 5.990908145904541 
865, 3.669734477996826, 5.999340295791626 
866, 3.6499569416046143, 6.393051385879517 
867, 3.6527931690216064, 6.1272664070129395 
868, 3.6814985275268555, 5.956035614013672 
869, 3.6830060482025146, 6.048550128936768 
870, 3.7015228271484375, 6.1375412940979 
871, 3.6994123458862305, 6.001117467880249 
872, 3.706221103668213, 6.060512542724609 
873, 3.7325849533081055, 6.135499000549316 
874, 3.707371234893799, 6.001315355300903 
875, 3.7426953315734863, 6.089878559112549 
876, 3.730961799621582, 6.2403693199157715 
877, 3.7520055770874023, 6.183820009231567 
878, 3.7386574745178223, 6.06690239906311 
879, 3.770822048187256, 6.1104841232299805 
880, 3.745062828063965, 6.089848279953003 
881, 3.7602028846740723, 5.968549489974976 
882, 3.770012855529785, 6.071025133132935 
883, 3.7814900875091553, 6.225864887237549 
884, 3.7780261039733887, 5.96983790397644 
885, 3.7831928730010986, 5.935231924057007 
886, 3.7786355018615723, 6.143280267715454 
887, 3.7960617542266846, 6.168071985244751 
888, 3.7912323474884033, 5.894697427749634 
889, 3.8017735481262207, 6.148144483566284 
890, 3.81632661819458, 6.147211074829102 
891, 3.800386667251587, 6.017966032028198 
892, 3.8182260990142822, 6.001688480377197 
893, 3.8025708198547363, 6.063560962677002 
894, 3.8159937858581543, 6.152893781661987 
895, 3.8251442909240723, 6.092394828796387 
896, 3.8391618728637695, 6.123163938522339 
897, 3.79120135307312, 6.025001287460327 
898, 3.830810070037842, 5.943623781204224 
899, 3.8075826168060303, 5.957518577575684 
900, 3.8260140419006348, 5.9744439125061035 
901, 3.8261241912841797, 5.939313888549805 
902, 3.829087734222412, 5.97127366065979 
903, 3.843751907348633, 6.085704326629639 
904, 3.8277788162231445, 6.0675036907196045 
905, 3.8383822441101074, 5.822734594345093 
906, 3.822763442993164, 6.11645770072937 
907, 3.855876922607422, 5.922303915023804 
908, 3.8519179821014404, 6.041154623031616 
909, 3.846311569213867, 6.026562213897705 
910, 3.866875410079956, 6.253338575363159 
911, 3.868980884552002, 5.979020118713379 
912, 3.8792479038238525, 6.077317476272583 
913, 3.874359607696533, 6.252711534500122 
914, 3.8625733852386475, 6.157727003097534 
915, 3.886580467224121, 6.240747928619385 
916, 3.8970749378204346, 6.2881858348846436 
917, 3.8905997276306152, 6.146399974822998 
918, 3.8948023319244385, 6.288463115692139 
919, 3.882175922393799, 6.234505653381348 
920, 3.915295124053955, 6.040491342544556 
921, 3.9132394790649414, 6.271857500076294 
922, 3.925788640975952, 6.3922858238220215 
923, 3.9176321029663086, 6.087088346481323 
924, 3.910797595977783, 6.092586278915405 
925, 3.9438095092773438, 6.237972021102905 
926, 3.9324302673339844, 6.138666391372681 
927, 3.931379795074463, 6.317704677581787 
928, 3.937697172164917, 6.131695508956909 
929, 3.9773008823394775, 6.392627000808716 
930, 3.981881856918335, 6.04040265083313 
931, 3.9433631896972656, 5.755122184753418 
932, 3.9550323486328125, 6.333761692047119 
933, 4.001511573791504, 6.113695383071899 
934, 4.002835750579834, 6.044746160507202 
935, 3.9925549030303955, 6.105180740356445 
936, 4.017676830291748, 6.118156909942627 
937, 4.015130043029785, 5.9214928150177 
938, 4.0299201011657715, 6.148431062698364 
939, 4.030123710632324, 6.104406356811523 
940, 4.049418926239014, 6.357527256011963 
941, 4.043208122253418, 6.270996332168579 
942, 4.040318012237549, 6.077802658081055 
943, 4.095900058746338, 6.056804180145264 
944, 4.108921051025391, 6.1301186084747314 
945, 4.133981704711914, 6.029095649719238 
946, 4.164501190185547, 6.104384660720825 
947, 4.201014518737793, 6.022787570953369 
948, 4.2314229011535645, 5.955340385437012 
949, 4.255881309509277, 6.0871124267578125 
950, 4.278441429138184, 6.2476866245269775 
951, 4.284125328063965, 5.984002590179443 
952, 4.2856316566467285, 6.119190454483032 
953, 4.33437967300415, 6.079915523529053 
954, 4.351117134094238, 6.070952415466309 
955, 4.38455867767334, 6.153481483459473 
956, 4.374341011047363, 6.377858638763428 
957, 4.408276557922363, 5.9987874031066895 
958, 4.434017181396484, 5.906424522399902 
959, 4.413664817810059, 6.197312831878662 
960, 4.414762020111084, 6.009821653366089 
961, 4.4172210693359375, 5.973406553268433 
962, 4.447497367858887, 6.044820547103882 
963, 4.4610748291015625, 6.042970657348633 
964, 4.448115348815918, 6.292102575302124 
965, 4.478479862213135, 6.306575059890747 
966, 4.475475788116455, 6.145098447799683 
967, 4.480567455291748, 6.022927761077881 
968, 4.472765922546387, 5.961951017379761 
969, 4.49741792678833, 6.114988803863525 
970, 4.503568649291992, 6.057886600494385 
971, 4.521148204803467, 6.111354827880859 
972, 4.507357120513916, 6.196306228637695 
973, 4.523032188415527, 6.2512617111206055 
974, 4.539556503295898, 6.065438747406006 
975, 4.535220146179199, 6.010885000228882 
976, 4.5415849685668945, 6.0506591796875 
977, 4.534967422485352, 6.103068590164185 
978, 4.5222272872924805, 6.049428462982178 
979, 4.556141376495361, 6.0732197761535645 
980, 4.5376386642456055, 6.2471232414245605 
981, 4.543259620666504, 6.001082897186279 
982, 4.521540641784668, 6.133135557174683 
983, 4.522061347961426, 6.372339725494385 
984, 4.570734977722168, 5.916476011276245 
985, 4.528864860534668, 5.968602418899536 
986, 4.522507190704346, 6.132221460342407 
987, 4.524117469787598, 6.042985200881958 
988, 4.50374698638916, 6.084716081619263 
989, 4.502815246582031, 6.139584541320801 
990, 4.502468585968018, 6.13938045501709 
991, 4.482879638671875, 5.996699094772339 
992, 4.46954345703125, 6.051554441452026 
993, 4.493194580078125, 6.115571022033691 
994, 4.448122978210449, 5.9968531131744385 
995, 4.4651947021484375, 5.950129747390747 
996, 4.459524631500244, 6.151587009429932 
997, 4.461820125579834, 6.0249388217926025 
998, 4.473671913146973, 5.959711313247681 
999, 4.463868141174316, 6.088273048400879 
