Iteration, loss, time 
0, 1.2286827564239502, 0.6064441204071045, 0.30663514137268066, 0.2815876007080078 
1, 1.2276349067687988, 0.583984375, 0.2894876003265381, 0.27968740463256836 
2, 1.2234814167022705, 0.5826325416564941, 0.2903008460998535, 0.27711057662963867 
3, 1.2142537832260132, 0.5843551158905029, 0.28873562812805176, 0.2803642749786377 
4, 1.2010765075683594, 0.5990190505981445, 0.29703640937805176, 0.28728723526000977 
5, 1.186227798461914, 0.5890891551971436, 0.29373741149902344, 0.2804112434387207 
6, 1.1700546741485596, 0.5834019184112549, 0.2908358573913574, 0.2772972583770752 
7, 1.1534786224365234, 0.5852823257446289, 0.2993898391723633, 0.27060890197753906 
8, 1.1364363431930542, 0.5807981491088867, 0.28795480728149414, 0.27780890464782715 
9, 1.1194193363189697, 0.5845410823822021, 0.288646936416626, 0.28135251998901367 
10, 1.1022502183914185, 0.5896174907684326, 0.2897825241088867, 0.2851393222808838 
11, 1.0851387977600098, 0.5824639797210693, 0.29111433029174805, 0.27657246589660645 
12, 1.0683763027191162, 0.5820608139038086, 0.2888643741607666, 0.27880024909973145 
13, 1.052237868309021, 0.5922186374664307, 0.29073071479797363, 0.286574125289917 
14, 1.0369291305541992, 0.5850412845611572, 0.29151153564453125, 0.27852845191955566 
15, 1.0225591659545898, 0.5872373580932617, 0.28750133514404297, 0.28457188606262207 
16, 1.0086252689361572, 0.5833649635314941, 0.2907681465148926, 0.2778496742248535 
17, 0.994045078754425, 0.5821664333343506, 0.29068517684936523, 0.2766764163970947 
18, 0.9786377549171448, 0.5903003215789795, 0.28894948959350586, 0.28600430488586426 
19, 0.9629466533660889, 0.5883338451385498, 0.2905771732330322, 0.2826874256134033 
20, 0.9474717378616333, 0.5868566036224365, 0.2890915870666504, 0.28313231468200684 
21, 0.9325269460678101, 0.5923647880554199, 0.29070210456848145, 0.2871510982513428 
22, 0.9177751541137695, 0.5890257358551025, 0.2898128032684326, 0.2844054698944092 
23, 0.9029409289360046, 0.5891993045806885, 0.2948429584503174, 0.279498815536499 
24, 0.8877462148666382, 0.5801889896392822, 0.2869908809661865, 0.2785072326660156 
25, 0.872509777545929, 0.5873708724975586, 0.2909970283508301, 0.28139734268188477 
26, 0.856982409954071, 0.5859785079956055, 0.2912161350250244, 0.2799065113067627 
27, 0.8415460586547852, 0.583402156829834, 0.2887566089630127, 0.27971696853637695 
28, 0.82131028175354, 0.5666403770446777, 0.27895236015319824, 0.2773396968841553 
29, 0.799659013748169, 0.5659282207489014, 0.2774050235748291, 0.2782571315765381 
30, 0.7761662006378174, 0.5745172500610352, 0.27823948860168457, 0.2857072353363037 
31, 0.7504809498786926, 0.5796685218811035, 0.28644871711730957, 0.28275227546691895 
32, 0.7225137948989868, 0.5699119567871094, 0.28345251083374023, 0.27599453926086426 
33, 0.6923242211341858, 0.5872256755828857, 0.29212474822998047, 0.2844419479370117 
34, 0.6601084470748901, 0.5650146007537842, 0.276958703994751, 0.2775919437408447 
35, 0.6261625289916992, 0.5581662654876709, 0.27809882164001465, 0.27001333236694336 
36, 0.5908485651016235, 0.5620326995849609, 0.27596402168273926, 0.2756686210632324 
37, 0.5545547008514404, 0.5625927448272705, 0.275637149810791, 0.27647924423217773 
38, 0.5176512598991394, 0.571129322052002, 0.28490757942199707, 0.27572178840637207 
39, 0.4804856479167938, 0.564967155456543, 0.27870893478393555, 0.27554917335510254 
40, 0.44335484504699707, 0.5821967124938965, 0.28391408920288086, 0.2875545024871826 
41, 0.40652644634246826, 0.5822217464447021, 0.2858757972717285, 0.2854902744293213 
42, 0.3702152967453003, 0.5708959102630615, 0.279207706451416, 0.28117823600769043 
43, 0.3346102833747864, 0.5688903331756592, 0.277141809463501, 0.28074073791503906 
44, 0.29986149072647095, 0.5737936496734619, 0.2775728702545166, 0.2857663631439209 
45, 0.2660980820655823, 0.5678691864013672, 0.277493953704834, 0.27971816062927246 
46, 0.23342660069465637, 0.570145845413208, 0.27669501304626465, 0.28300952911376953 
47, 0.20191870629787445, 0.5730178356170654, 0.2787904739379883, 0.2837245464324951 
48, 0.17162616550922394, 0.571746826171875, 0.2853994369506836, 0.2761261463165283 
49, 0.14258846640586853, 0.5709218978881836, 0.27524495124816895, 0.2851264476776123 
50, 0.11481927335262299, 0.5702252388000488, 0.2762594223022461, 0.2834138870239258 
51, 0.08831137418746948, 0.5787441730499268, 0.2850215435028076, 0.2832818031311035 
52, 0.06304410099983215, 0.5666429996490479, 0.277052640914917, 0.27877378463745117 
53, 0.038988590240478516, 0.5677711963653564, 0.2759883403778076, 0.2812976837158203 
54, 0.01609739661216736, 0.5739548206329346, 0.2805764675140381, 0.28297853469848633 
55, -0.0056867897510528564, 0.5871391296386719, 0.2938683032989502, 0.2830793857574463 
56, -0.026433438062667847, 0.56715989112854, 0.2801525592803955, 0.27651071548461914 
57, -0.046219438314437866, 0.5875351428985596, 0.2766909599304199, 0.29958224296569824 
58, -0.06512480974197388, 0.5750508308410645, 0.27988433837890625, 0.2849276065826416 
59, -0.08322694897651672, 0.5739550590515137, 0.2869551181793213, 0.2762420177459717 
60, -0.10059919953346252, 0.5653507709503174, 0.27704882621765137, 0.27747154235839844 
61, -0.11731219291687012, 0.5675079822540283, 0.278278112411499, 0.2785322666168213 
62, -0.13343095779418945, 0.5627505779266357, 0.2755615711212158, 0.27668237686157227 
63, -0.1490236222743988, 0.5623841285705566, 0.2766857147216797, 0.27501440048217773 
64, -0.16414746642112732, 0.565626859664917, 0.27765607833862305, 0.2775120735168457 
65, -0.1788516342639923, 0.564274787902832, 0.27811288833618164, 0.2756071090698242 
66, -0.1929379105567932, 0.5821366310119629, 0.27728891372680664, 0.28896546363830566 
67, -0.20512071251869202, 0.5796570777893066, 0.2858905792236328, 0.2791743278503418 
68, -0.21690157055854797, 0.5686855316162109, 0.27705931663513184, 0.2767801284790039 
69, -0.22731056809425354, 0.5824029445648193, 0.2799997329711914, 0.2878232002258301 
70, -0.23656409978866577, 0.578305721282959, 0.2770059108734131, 0.2861976623535156 
71, -0.2452494204044342, 0.5872452259063721, 0.27713656425476074, 0.29533910751342773 
72, -0.25326552987098694, 0.5896289348602295, 0.28449535369873047, 0.29030656814575195 
73, -0.26066896319389343, 0.5730528831481934, 0.275923490524292, 0.28145575523376465 
74, -0.2674155831336975, 0.5843474864959717, 0.27660322189331055, 0.2930314540863037 
75, -0.2735486626625061, 0.5865540504455566, 0.27617573738098145, 0.29565954208374023 
76, -0.2791368365287781, 0.5892627239227295, 0.28444457054138184, 0.2899298667907715 
77, -0.2843378484249115, 0.5841405391693115, 0.2797434329986572, 0.2894899845123291 
78, -0.2893883287906647, 0.5820131301879883, 0.27959513664245605, 0.2872958183288574 
79, -0.2946794033050537, 0.5891234874725342, 0.2768700122833252, 0.29679441452026367 
80, -0.29928144812583923, 0.6325981616973877, 0.2901115417480469, 0.29500484466552734 
81, -0.303212434053421, 0.6281499862670898, 0.28368091583251953, 0.32926201820373535 
82, -0.30664291977882385, 0.5883350372314453, 0.2818644046783447, 0.2917020320892334 
83, -0.3096301257610321, 0.584805965423584, 0.27596545219421387, 0.29395151138305664 
84, -0.31205207109451294, 0.5894536972045898, 0.27704524993896484, 0.2974879741668701 
85, -0.31400954723358154, 0.5807442665100098, 0.27753567695617676, 0.2884652614593506 
86, -0.31560754776000977, 0.5806732177734375, 0.2732572555541992, 0.29255127906799316 
87, -0.31710201501846313, 0.6002092361450195, 0.2779250144958496, 0.3070502281188965 
88, -0.3175908029079437, 0.5897018909454346, 0.279343843460083, 0.29546546936035156 
89, -0.31746089458465576, 0.5829813480377197, 0.2748677730560303, 0.293046236038208 
90, -0.3177788555622101, 0.5909097194671631, 0.2773885726928711, 0.29919886589050293 
91, -0.31772381067276, 0.5924539566040039, 0.2774620056152344, 0.30011415481567383 
92, -0.3186042606830597, 0.5915443897247314, 0.27933669090270996, 0.29732298851013184 
93, -0.31874987483024597, 0.5975661277770996, 0.27483296394348145, 0.3076512813568115 
94, -0.3172444999217987, 0.5894210338592529, 0.2782599925994873, 0.2962782382965088 
95, -0.317135751247406, 0.6047418117523193, 0.28576207160949707, 0.3036954402923584 
96, -0.31621024012565613, 0.6040525436401367, 0.29084157943725586, 0.2980034351348877 
97, -0.3145861327648163, 0.608698844909668, 0.2905237674713135, 0.30326175689697266 
98, -0.31260645389556885, 0.6090922355651855, 0.2879800796508789, 0.3058748245239258 
99, -0.3099744915962219, 0.6069152355194092, 0.28620171546936035, 0.30634140968322754 
100, -0.30666276812553406, 0.5896954536437988, 0.2885761260986328, 0.28665924072265625 
101, -0.3035019040107727, 0.6036467552185059, 0.286895751953125, 0.3024258613586426 
102, -0.30031201243400574, 0.6143407821655273, 0.2903146743774414, 0.30904722213745117 
103, -0.2963586449623108, 0.6145284175872803, 0.2903141975402832, 0.3094911575317383 
104, -0.2921961545944214, 0.607008695602417, 0.2847476005554199, 0.30701375007629395 
105, -0.2875770032405853, 0.6267218589782715, 0.30310511589050293, 0.30936288833618164 
106, -0.2828299105167389, 0.6227219104766846, 0.2930769920349121, 0.3147919178009033 
107, -0.2779223322868347, 0.6293878555297852, 0.30091166496276855, 0.31341099739074707 
108, -0.2744459807872772, 0.6331827640533447, 0.30126380920410156, 0.31689000129699707 
109, -0.2713412940502167, 0.6351625919342041, 0.30254483222961426, 0.317838191986084 
110, -0.26758214831352234, 0.6446311473846436, 0.3140909671783447, 0.3161325454711914 
111, -0.26290321350097656, 0.6498303413391113, 0.3148214817047119, 0.3204061985015869 
112, -0.2578108310699463, 0.6531751155853271, 0.3175017833709717, 0.3211214542388916 
113, -0.25289297103881836, 0.6571567058563232, 0.31993842124938965, 0.32210826873779297 
114, -0.24791765213012695, 0.6575555801391602, 0.31740307807922363, 0.32573723793029785 
115, -0.24248617887496948, 0.7140629291534424, 0.3733556270599365, 0.32607507705688477 
116, -0.23609811067581177, 0.7089755535125732, 0.3699667453765869, 0.32460975646972656 
117, -0.228976309299469, 0.7162261009216309, 0.37366604804992676, 0.32834577560424805 
118, -0.221177339553833, 0.7166709899902344, 0.370999813079834, 0.330610990524292 
119, -0.21197205781936646, 0.6600804328918457, 0.3203129768371582, 0.32517194747924805 
120, -0.2025185227394104, 0.66243577003479, 0.3201313018798828, 0.327838659286499 
121, -0.1927141547203064, 0.6564669609069824, 0.3170785903930664, 0.32431817054748535 
122, -0.18257761001586914, 0.6443407535552979, 0.3047459125518799, 0.32487034797668457 
123, -0.17209047079086304, 0.6319763660430908, 0.3042178153991699, 0.31284427642822266 
124, -0.16175448894500732, 0.6132493019104004, 0.29143595695495605, 0.3068962097167969 
125, -0.15120482444763184, 0.6211206912994385, 0.29162025451660156, 0.3145484924316406 
126, -0.1403672695159912, 0.6075725555419922, 0.28920602798461914, 0.30365610122680664 
127, -0.12924271821975708, 0.6094338893890381, 0.29002881050109863, 0.3048865795135498 
128, -0.11738854646682739, 0.6139357089996338, 0.28598570823669434, 0.31342244148254395 
129, -0.10441416501998901, 0.7915430068969727, 0.2972533702850342, 0.3279571533203125 
130, -0.09123224020004272, 0.6160011291503906, 0.29769301414489746, 0.30339789390563965 
131, -0.07763803005218506, 0.5884780883789062, 0.2747478485107422, 0.29935169219970703 
132, -0.06385600566864014, 0.5868823528289795, 0.27321481704711914, 0.29943084716796875 
133, -0.0498732328414917, 0.6104345321655273, 0.2845745086669922, 0.31145429611206055 
134, -0.03567969799041748, 0.5977399349212646, 0.27582788467407227, 0.307096004486084 
135, -0.021322190761566162, 0.5907843112945557, 0.2744789123535156, 0.3016679286956787 
136, -0.006963491439819336, 0.5894472599029541, 0.27548837661743164, 0.29981374740600586 
137, 0.007906615734100342, 0.5872707366943359, 0.2760617733001709, 0.2968173027038574 
138, 0.022868037223815918, 0.5852963924407959, 0.2746143341064453, 0.295881986618042 
139, 0.0378071665763855, 0.6036622524261475, 0.2756032943725586, 0.3126049041748047 
140, 0.053003787994384766, 0.5878667831420898, 0.2748560905456543, 0.2977783679962158 
141, 0.06844097375869751, 0.5848691463470459, 0.2741215229034424, 0.2958838939666748 
142, 0.08406859636306763, 0.6001746654510498, 0.27657222747802734, 0.3087158203125 
143, 0.09982216358184814, 0.588550329208374, 0.27571773529052734, 0.2976572513580322 
144, 0.11577379703521729, 0.6335177421569824, 0.27417898178100586, 0.3204684257507324 
145, 0.13221651315689087, 0.5936594009399414, 0.2822134494781494, 0.2966651916503906 
146, 0.14960747957229614, 0.5866625308990479, 0.27430009841918945, 0.29788923263549805 
147, 0.167108416557312, 0.5860116481781006, 0.2763381004333496, 0.2956547737121582 
148, 0.18447977304458618, 0.5820977687835693, 0.27376818656921387, 0.2943713665008545 
149, 0.20196431875228882, 0.5870130062103271, 0.27519845962524414, 0.2971816062927246 
150, 0.219698965549469, 0.5839962959289551, 0.27457094192504883, 0.29528284072875977 
151, 0.2379634976387024, 0.5832092761993408, 0.27498459815979004, 0.2932868003845215 
152, 0.2564154267311096, 0.5857622623443604, 0.27455949783325195, 0.295912504196167 
153, 0.27500563859939575, 0.5851340293884277, 0.27518320083618164, 0.29527926445007324 
154, 0.2937433123588562, 0.5842933654785156, 0.2746298313140869, 0.29564571380615234 
155, 0.312499463558197, 0.581247091293335, 0.2734863758087158, 0.2927849292755127 
156, 0.3309268355369568, 0.5837104320526123, 0.2743842601776123, 0.29464054107666016 
157, 0.34939587116241455, 0.5839493274688721, 0.27390074729919434, 0.2953524589538574 
158, 0.3683866262435913, 0.5846884250640869, 0.2745823860168457, 0.29499077796936035 
159, 0.3874114751815796, 0.5841755867004395, 0.27493953704833984, 0.2948451042175293 
160, 0.4064400792121887, 0.5842056274414062, 0.27369189262390137, 0.29562878608703613 
161, 0.42558687925338745, 0.5845026969909668, 0.274791955947876, 0.2942357063293457 
162, 0.44473040103912354, 0.5858733654022217, 0.2764406204223633, 0.2953808307647705 
163, 0.4639614224433899, 0.5831763744354248, 0.2748854160308838, 0.2943456172943115 
164, 0.4831380248069763, 0.5841317176818848, 0.2750284671783447, 0.2946319580078125 
165, 0.5022117495536804, 0.5607740879058838, 0.26341748237609863, 0.2823948860168457 
166, 0.521173894405365, 0.5614595413208008, 0.2621119022369385, 0.2843952178955078 
167, 0.5402206778526306, 0.5602390766143799, 0.2620670795440674, 0.28370118141174316 
168, 0.559539258480072, 0.5638806819915771, 0.2627744674682617, 0.2835068702697754 
169, 0.578972339630127, 0.5601944923400879, 0.26256275177001953, 0.28372979164123535 
170, 0.5984688997268677, 0.5586166381835938, 0.259915828704834, 0.2835721969604492 
171, 0.6179897785186768, 0.564812183380127, 0.2628328800201416, 0.2874412536621094 
172, 0.6375287771224976, 0.5799353122711182, 0.26741766929626465, 0.2980661392211914 
173, 0.6570752263069153, 0.56382155418396, 0.26278018951416016, 0.2865617275238037 
174, 0.676689624786377, 0.5650088787078857, 0.26267170906066895, 0.28771376609802246 
175, 0.6966232657432556, 0.565946102142334, 0.26247072219848633, 0.2888174057006836 
176, 0.7175467610359192, 0.5678796768188477, 0.2632720470428467, 0.29016757011413574 
177, 0.7385696172714233, 0.5689957141876221, 0.26197075843811035, 0.29228973388671875 
178, 0.7597171664237976, 0.5690133571624756, 0.2635993957519531, 0.29071569442749023 
179, 0.7809438109397888, 0.5759217739105225, 0.26487278938293457, 0.2962818145751953 
180, 0.802286684513092, 0.5684120655059814, 0.2626819610595703, 0.2910192012786865 
181, 0.8238009214401245, 0.629209041595459, 0.3227977752685547, 0.29169678688049316 
182, 0.8454749584197998, 0.5684807300567627, 0.26346564292907715, 0.2903721332550049 
183, 0.8673608303070068, 0.5690417289733887, 0.2617483139038086, 0.2929646968841553 
184, 0.8894561529159546, 0.5705966949462891, 0.26276302337646484, 0.2930169105529785 
185, 0.9117826819419861, 0.5684316158294678, 0.26276278495788574, 0.29116225242614746 
186, 0.9343411326408386, 0.5706508159637451, 0.26195693016052246, 0.29374265670776367 
187, 0.957180380821228, 0.5687716007232666, 0.262235164642334, 0.29161548614501953 
188, 0.9801556468009949, 0.5697317123413086, 0.26305437088012695, 0.2906808853149414 
189, 1.00321626663208, 0.5649106502532959, 0.2611539363861084, 0.28926920890808105 
190, 1.0265430212020874, 0.5682916641235352, 0.262176513671875, 0.29093503952026367 
191, 1.0501186847686768, 0.569033145904541, 0.2635507583618164, 0.29079413414001465 
192, 1.0738319158554077, 0.5666439533233643, 0.26192331314086914, 0.29021191596984863 
193, 1.0974452495574951, 0.5691964626312256, 0.2609577178955078, 0.2934887409210205 
194, 1.1210565567016602, 0.5665574073791504, 0.26047515869140625, 0.29144787788391113 
195, 1.1450023651123047, 0.5669476985931396, 0.2637007236480713, 0.2886037826538086 
196, 1.1692181825637817, 0.5621738433837891, 0.26041150093078613, 0.28728652000427246 
197, 1.1936688423156738, 0.5646965503692627, 0.2622866630554199, 0.2875940799713135 
198, 1.2183789014816284, 0.5638923645019531, 0.26108336448669434, 0.2884070873260498 
199, 1.2435665130615234, 0.5628879070281982, 0.26056694984436035, 0.2883298397064209 
200, 1.2695987224578857, 0.5635533332824707, 0.260897159576416, 0.2883341312408447 
201, 1.2959407567977905, 0.5633563995361328, 0.26149559020996094, 0.2879924774169922 
202, 1.3225725889205933, 0.5628552436828613, 0.2612802982330322, 0.28769826889038086 
203, 1.349529504776001, 0.5620834827423096, 0.2593216896057129, 0.28871798515319824 
204, 1.376845359802246, 0.5618588924407959, 0.26053690910339355, 0.28669023513793945 
205, 1.4045538902282715, 0.567579984664917, 0.2632746696472168, 0.2894096374511719 
206, 1.433144211769104, 0.562654972076416, 0.2617628574371338, 0.2862734794616699 
207, 1.4625247716903687, 0.562509298324585, 0.2602670192718506, 0.28831028938293457 
208, 1.49233078956604, 0.5625016689300537, 0.2623145580291748, 0.28612732887268066 
209, 1.522703766822815, 0.5618066787719727, 0.26191282272338867, 0.2860703468322754 
210, 1.553505539894104, 0.5633609294891357, 0.2621917724609375, 0.28673744201660156 
211, 1.5843935012817383, 0.5607314109802246, 0.2617366313934326, 0.28442859649658203 
212, 1.615422248840332, 0.5642600059509277, 0.2613334655761719, 0.28852248191833496 
213, 1.6464906930923462, 0.5623779296875, 0.26212573051452637, 0.2856631278991699 
214, 1.6778314113616943, 0.5641922950744629, 0.26167893409729004, 0.2878122329711914 
215, 1.7093843221664429, 0.5629310607910156, 0.2612943649291992, 0.28676700592041016 
216, 1.7410674095153809, 0.5624258518218994, 0.26162195205688477, 0.28560757637023926 
217, 1.7730571031570435, 0.5616705417633057, 0.2606070041656494, 0.2862851619720459 
218, 1.8054012060165405, 0.5605058670043945, 0.26177477836608887, 0.28490114212036133 
219, 1.8380838632583618, 0.5637185573577881, 0.26161885261535645, 0.2879321575164795 
220, 1.8712432384490967, 0.5659298896789551, 0.2621636390686035, 0.28923583030700684 
221, 1.905396819114685, 0.5648086071014404, 0.2628202438354492, 0.287553071975708 
222, 1.9398800134658813, 0.5634419918060303, 0.261519193649292, 0.28719115257263184 
223, 1.9741418361663818, 0.5649752616882324, 0.26105594635009766, 0.28946995735168457 
224, 2.008521556854248, 0.5665645599365234, 0.2627251148223877, 0.2889282703399658 
225, 2.042980194091797, 0.5650002956390381, 0.26209473609924316, 0.28828954696655273 
226, 2.0774335861206055, 0.5600488185882568, 0.2601583003997803, 0.2851865291595459 
227, 2.111934185028076, 0.5629160404205322, 0.2597324848175049, 0.2882235050201416 
228, 2.1466941833496094, 0.564537763595581, 0.26201343536376953, 0.28823184967041016 
229, 2.1812796592712402, 0.5610542297363281, 0.25986647605895996, 0.2868936061859131 
230, 2.215756893157959, 0.5606279373168945, 0.2609548568725586, 0.28553032875061035 
231, 2.2495694160461426, 0.5623197555541992, 0.2617819309234619, 0.2857990264892578 
232, 2.2834978103637695, 0.5610513687133789, 0.2619900703430176, 0.2845301628112793 
233, 2.317564010620117, 0.5611598491668701, 0.26230621337890625, 0.28426647186279297 
234, 2.3517045974731445, 0.5695855617523193, 0.26685619354248047, 0.2874159812927246 
235, 2.3858304023742676, 0.5618507862091064, 0.26204776763916016, 0.2857985496520996 
236, 2.4199743270874023, 0.5600650310516357, 0.2612271308898926, 0.2844810485839844 
237, 2.4543380737304688, 0.5610630512237549, 0.2614607810974121, 0.28522610664367676 
238, 2.488938570022583, 0.5573439598083496, 0.260068416595459, 0.283001184463501 
239, 2.5239109992980957, 0.5627574920654297, 0.26166534423828125, 0.286196231842041 
240, 2.559305191040039, 0.5647656917572021, 0.26308155059814453, 0.2867436408996582 
241, 2.59506893157959, 0.5607357025146484, 0.26107287406921387, 0.28484392166137695 
242, 2.6311867237091064, 0.5595498085021973, 0.2617826461791992, 0.28264474868774414 
243, 2.667628765106201, 0.558539867401123, 0.2615327835083008, 0.28270959854125977 
244, 2.7043814659118652, 0.5594687461853027, 0.26087093353271484, 0.2841184139251709 
245, 2.7413768768310547, 0.5686962604522705, 0.2626523971557617, 0.2887842655181885 
246, 2.7784857749938965, 0.5621707439422607, 0.262249231338501, 0.28505849838256836 
247, 2.8156111240386963, 0.5573482513427734, 0.2614479064941406, 0.2810935974121094 
248, 2.8528454303741455, 0.5584490299224854, 0.2621181011199951, 0.28249478340148926 
249, 2.890211582183838, 0.5593855381011963, 0.2614593505859375, 0.2832760810852051 
250, 2.9277522563934326, 0.5618424415588379, 0.26085329055786133, 0.2863483428955078 
251, 2.9654412269592285, 0.5556201934814453, 0.26090097427368164, 0.2802886962890625 
252, 3.003244638442993, 0.556767463684082, 0.261171817779541, 0.2808701992034912 
253, 3.0411972999572754, 0.556398868560791, 0.2622034549713135, 0.2799687385559082 
254, 3.079181671142578, 0.5570192337036133, 0.26151537895202637, 0.28099632263183594 
255, 3.1171751022338867, 0.5567131042480469, 0.261568546295166, 0.2804453372955322 
256, 3.1552038192749023, 0.5585711002349854, 0.2605757713317871, 0.28342103958129883 
257, 3.193298101425171, 0.5565676689147949, 0.2610511779785156, 0.2810051441192627 
258, 3.2315444946289062, 0.555269718170166, 0.26073765754699707, 0.2796134948730469 
259, 3.2700366973876953, 0.5550382137298584, 0.2604856491088867, 0.2802920341491699 
260, 3.3087406158447266, 0.5563240051269531, 0.2608473300933838, 0.2804899215698242 
261, 3.3477046489715576, 0.554041862487793, 0.26256251335144043, 0.2766990661621094 
262, 3.3868093490600586, 0.5508511066436768, 0.2617456912994385, 0.2750401496887207 
263, 3.425915002822876, 0.5685102939605713, 0.2757241725921631, 0.27816033363342285 
264, 3.465132713317871, 0.5524873733520508, 0.2608671188354492, 0.2770507335662842 
265, 3.5044472217559814, 0.5518712997436523, 0.2625606060028076, 0.27445507049560547 
266, 3.543851852416992, 0.5530843734741211, 0.26082777976989746, 0.276608943939209 
267, 3.583281993865967, 0.5533590316772461, 0.26242613792419434, 0.27609944343566895 
268, 3.622607946395874, 0.5499312877655029, 0.26191091537475586, 0.27386045455932617 
269, 3.661775827407837, 0.5489463806152344, 0.25972509384155273, 0.2735757827758789 
270, 3.700664520263672, 0.5505199432373047, 0.26262855529785156, 0.2724330425262451 
271, 3.739337682723999, 0.5501201152801514, 0.26254725456237793, 0.2737264633178711 
272, 3.7776877880096436, 0.5492408275604248, 0.26049256324768066, 0.27472567558288574 
273, 3.8155882358551025, 0.5503203868865967, 0.2636442184448242, 0.2724597454071045 
274, 3.8530027866363525, 0.5495586395263672, 0.26079463958740234, 0.2741513252258301 
275, 3.890012502670288, 0.55033278465271, 0.26171088218688965, 0.27390456199645996 
276, 3.9264557361602783, 0.5514004230499268, 0.2616121768951416, 0.2753603458404541 
277, 3.9621808528900146, 0.5632047653198242, 0.2598705291748047, 0.2881443500518799 
278, 3.9975056648254395, 0.5536158084869385, 0.26345157623291016, 0.27574777603149414 
279, 4.032669544219971, 0.5528092384338379, 0.2619454860687256, 0.2760634422302246 
280, 4.067745685577393, 0.554858922958374, 0.2614755630493164, 0.2783639430999756 
281, 4.102953910827637, 0.5530641078948975, 0.2627828121185303, 0.27574944496154785 
282, 4.138087272644043, 0.5543360710144043, 0.26346921920776367, 0.276930570602417 
283, 4.173312187194824, 0.5503106117248535, 0.26106929779052734, 0.27487897872924805 
284, 4.208747863769531, 0.5541024208068848, 0.26003026962280273, 0.2776529788970947 
285, 4.24446964263916, 0.5558421611785889, 0.26117515563964844, 0.28035688400268555 
286, 4.2796502113342285, 0.5576879978179932, 0.261415958404541, 0.28162622451782227 
287, 4.315177917480469, 0.5582273006439209, 0.2624804973602295, 0.28113818168640137 
288, 4.351029872894287, 0.578892707824707, 0.2780435085296631, 0.2856588363647461 
289, 4.387091636657715, 0.5558195114135742, 0.2610158920288086, 0.28014206886291504 
290, 4.423455238342285, 0.55525803565979, 0.26154136657714844, 0.27945804595947266 
291, 4.460134983062744, 0.5544712543487549, 0.26025938987731934, 0.2798120975494385 
292, 4.497170448303223, 0.5551984310150146, 0.26111435890197754, 0.27962327003479004 
293, 4.534377098083496, 0.5536463260650635, 0.2607719898223877, 0.27781248092651367 
294, 4.5716047286987305, 0.5541989803314209, 0.26221203804016113, 0.27795839309692383 
295, 4.6089067459106445, 0.5527181625366211, 0.2609250545501709, 0.27764129638671875 
296, 4.646307945251465, 0.5565521717071533, 0.2630038261413574, 0.27862024307250977 
297, 4.683743953704834, 0.551832914352417, 0.26033949851989746, 0.2774491310119629 
298, 4.721182823181152, 0.5542697906494141, 0.2619814872741699, 0.27782464027404785 
299, 4.758721351623535, 0.5699865818023682, 0.27034521102905273, 0.27825093269348145 
300, 4.796489715576172, 0.5756669044494629, 0.2639305591583252, 0.27558088302612305 
301, 4.834647178649902, 0.5562188625335693, 0.26386189460754395, 0.2771170139312744 
302, 4.873325824737549, 0.5563850402832031, 0.26296424865722656, 0.27872514724731445 
303, 4.912872314453125, 0.5551741123199463, 0.26217007637023926, 0.27805209159851074 
304, 4.95308780670166, 0.5645802021026611, 0.26259922981262207, 0.28696131706237793 
305, 4.993764400482178, 0.5545265674591064, 0.2626636028289795, 0.2766883373260498 
306, 5.035067558288574, 0.5516600608825684, 0.2615091800689697, 0.27591919898986816 
307, 5.076822280883789, 0.5519158840179443, 0.26075100898742676, 0.27630138397216797 
308, 5.118868827819824, 0.55588698387146, 0.2624993324279785, 0.27896904945373535 
309, 5.1610941886901855, 0.5522201061248779, 0.26072216033935547, 0.277324914932251 
310, 5.203717231750488, 0.5531642436981201, 0.2614579200744629, 0.2774331569671631 
311, 5.247072219848633, 0.5551140308380127, 0.26200199127197266, 0.27838659286499023 
312, 5.291326522827148, 0.5541143417358398, 0.26111507415771484, 0.2783844470977783 
313, 5.336580753326416, 0.5538105964660645, 0.26186060905456543, 0.27724456787109375 
314, 5.382634162902832, 0.5565288066864014, 0.2644963264465332, 0.27755117416381836 
315, 5.429631233215332, 0.5537509918212891, 0.2619504928588867, 0.2779242992401123 
316, 5.477260589599609, 0.5526688098907471, 0.2613487243652344, 0.276639461517334 
317, 5.525350570678711, 0.559013843536377, 0.2683444023132324, 0.2761566638946533 
318, 5.573739051818848, 0.5521197319030762, 0.2606806755065918, 0.2767329216003418 
319, 5.622384071350098, 0.553478479385376, 0.26192426681518555, 0.2773270606994629 
320, 5.6714324951171875, 0.5521855354309082, 0.26143836975097656, 0.2757570743560791 
321, 5.720714569091797, 0.5544278621673584, 0.26142334938049316, 0.27864599227905273 
322, 5.770123481750488, 0.5716838836669922, 0.2613956928253174, 0.29559898376464844 
323, 5.8196024894714355, 0.5534236431121826, 0.26053929328918457, 0.2786071300506592 
324, 5.869061470031738, 0.5528221130371094, 0.26042771339416504, 0.27764177322387695 
325, 5.91832160949707, 0.5526132583618164, 0.26131272315979004, 0.277148962020874 
326, 5.967308521270752, 0.5576245784759521, 0.26221752166748047, 0.28113865852355957 
327, 6.016202926635742, 0.555567741394043, 0.26113224029541016, 0.28009700775146484 
328, 6.06538200378418, 0.5541877746582031, 0.2605476379394531, 0.27991557121276855 
329, 6.114718437194824, 0.5547034740447998, 0.2611079216003418, 0.2796189785003662 
330, 6.164179801940918, 0.5553715229034424, 0.26086854934692383, 0.2801511287689209 
331, 6.213535308837891, 0.5570793151855469, 0.2603600025177002, 0.2815210819244385 
332, 6.262914657592773, 0.5542192459106445, 0.2625117301940918, 0.277512788772583 
333, 6.312190055847168, 0.5558781623840332, 0.2608194351196289, 0.2804841995239258 
334, 6.361364841461182, 0.5528397560119629, 0.2597784996032715, 0.2785072326660156 
335, 6.40963077545166, 0.553755521774292, 0.2619645595550537, 0.2770671844482422 
336, 6.457614898681641, 0.5566339492797852, 0.26241040229797363, 0.28012561798095703 
337, 6.505502700805664, 0.5538573265075684, 0.2610328197479248, 0.2783622741699219 
338, 6.553400039672852, 0.556537389755249, 0.2606008052825928, 0.28093695640563965 
339, 6.601377487182617, 0.5546650886535645, 0.26207971572875977, 0.27853965759277344 
340, 6.649605751037598, 0.5566141605377197, 0.26113414764404297, 0.28064608573913574 
341, 6.698324680328369, 0.5559890270233154, 0.260333776473999, 0.2815425395965576 
342, 6.747696399688721, 0.5602366924285889, 0.26253223419189453, 0.28310132026672363 
343, 6.797889709472656, 0.5555498600006104, 0.26138830184936523, 0.2803471088409424 
344, 6.84867000579834, 0.5592122077941895, 0.26183509826660156, 0.28221702575683594 
345, 6.899622917175293, 0.5542073249816895, 0.26119542121887207, 0.2783358097076416 
346, 6.950873374938965, 0.5556919574737549, 0.261807918548584, 0.2797260284423828 
347, 7.00239372253418, 0.5570535659790039, 0.261821985244751, 0.28051042556762695 
348, 7.054035186767578, 0.5587000846862793, 0.26078367233276367, 0.2832365036010742 
349, 7.105926990509033, 0.5568273067474365, 0.2613821029663086, 0.2813713550567627 
350, 7.157955169677734, 0.556372880935669, 0.26064181327819824, 0.28165388107299805 
351, 7.210063934326172, 0.5571157932281494, 0.26041674613952637, 0.282132625579834 
352, 7.26212215423584, 0.5552859306335449, 0.2602853775024414, 0.28011393547058105 
353, 7.313969135284424, 0.5557563304901123, 0.26044797897338867, 0.2803983688354492 
354, 7.365825653076172, 0.5633840560913086, 0.26801037788391113, 0.2810039520263672 
355, 7.417839050292969, 0.5537064075469971, 0.26148152351379395, 0.2777252197265625 
356, 7.4702301025390625, 0.5756189823150635, 0.25927162170410156, 0.28368163108825684 
357, 7.522923469543457, 0.5565643310546875, 0.2635025978088379, 0.2786715030670166 
358, 7.576015949249268, 0.5568113327026367, 0.2630476951599121, 0.2791421413421631 
359, 7.6296491622924805, 0.555403470993042, 0.26225924491882324, 0.27869653701782227 
360, 7.683684349060059, 0.5569326877593994, 0.2624673843383789, 0.2794206142425537 
361, 7.737908363342285, 0.5538718700408936, 0.26149821281433105, 0.27816247940063477 
362, 7.7922186851501465, 0.5560586452484131, 0.2611112594604492, 0.2800459861755371 
363, 7.8467206954956055, 0.5564532279968262, 0.26236796379089355, 0.279477596282959 
364, 7.90118932723999, 0.5533664226531982, 0.26202964782714844, 0.2774388790130615 
365, 7.955531120300293, 0.5518016815185547, 0.26091504096984863, 0.2763025760650635 
366, 8.009580612182617, 0.5550494194030762, 0.2627110481262207, 0.27750539779663086 
367, 8.063064575195312, 0.5529980659484863, 0.26166701316833496, 0.27678704261779785 
368, 8.116255760192871, 0.5516228675842285, 0.2609281539916992, 0.27649998664855957 
369, 8.169492721557617, 0.553112268447876, 0.2617628574371338, 0.27709436416625977 
370, 8.222818374633789, 0.5501155853271484, 0.26088380813598633, 0.2742903232574463 
371, 8.275984764099121, 0.5534543991088867, 0.26194238662719727, 0.2779700756072998 
372, 8.329034805297852, 0.5520908832550049, 0.2615783214569092, 0.2763030529022217 
373, 8.38201904296875, 0.5540688037872314, 0.2616910934448242, 0.27736711502075195 
374, 8.435169219970703, 0.5543086528778076, 0.26227283477783203, 0.2764589786529541 
375, 8.488655090332031, 0.5506303310394287, 0.2593824863433838, 0.27689480781555176 
376, 8.542404174804688, 0.5579590797424316, 0.2622051239013672, 0.2816736698150635 
377, 8.596465110778809, 0.5510425567626953, 0.2607598304748535, 0.275632381439209 
378, 8.650674819946289, 0.5511150360107422, 0.2609679698944092, 0.27552175521850586 
379, 8.705113410949707, 0.5507650375366211, 0.2619302272796631, 0.27481842041015625 
380, 8.759908676147461, 0.5526645183563232, 0.262941837310791, 0.27482008934020996 
381, 8.815010070800781, 0.5511467456817627, 0.2616286277770996, 0.2755472660064697 
382, 8.870281219482422, 0.5513265132904053, 0.26101255416870117, 0.2756071090698242 
383, 8.925732612609863, 0.5516300201416016, 0.26165318489074707, 0.2752704620361328 
384, 8.981305122375488, 0.5503036975860596, 0.2601907253265381, 0.2754354476928711 
385, 9.037010192871094, 0.5521144866943359, 0.2622547149658203, 0.2749638557434082 
386, 9.092761039733887, 0.5533969402313232, 0.26192259788513184, 0.2772359848022461 
387, 9.148513793945312, 0.554664134979248, 0.26346850395202637, 0.2767164707183838 
388, 9.2041597366333, 0.5497207641601562, 0.2588531970977783, 0.2761380672454834 
389, 9.259549140930176, 0.5657830238342285, 0.26506710052490234, 0.2861366271972656 
390, 9.315311431884766, 0.5640747547149658, 0.26301050186157227, 0.28106141090393066 
391, 9.371376037597656, 0.558568000793457, 0.2667226791381836, 0.2776339054107666 
392, 9.427501678466797, 0.5532205104827881, 0.26132822036743164, 0.2777585983276367 
393, 9.483743667602539, 0.5558085441589355, 0.2628605365753174, 0.27800917625427246 
394, 9.53984260559082, 0.5529184341430664, 0.261594295501709, 0.2769346237182617 
395, 9.595691680908203, 0.5534472465515137, 0.2611985206604004, 0.27747368812561035 
396, 9.650949478149414, 0.552757740020752, 0.2615337371826172, 0.2765824794769287 
397, 9.705744743347168, 0.5505681037902832, 0.26137542724609375, 0.27474141120910645 
398, 9.760258674621582, 0.5508437156677246, 0.26097631454467773, 0.2749180793762207 
399, 9.814803123474121, 0.5523843765258789, 0.2633395195007324, 0.27507472038269043 
400, 9.869267463684082, 0.5527603626251221, 0.26161766052246094, 0.27661871910095215 
401, 9.923515319824219, 0.5535125732421875, 0.26436328887939453, 0.27506232261657715 
402, 9.977607727050781, 0.5524399280548096, 0.26279377937316895, 0.27469396591186523 
403, 10.031750679016113, 0.550020694732666, 0.26247072219848633, 0.27289867401123047 
404, 10.085466384887695, 0.548541784286499, 0.2620849609375, 0.27238035202026367 
405, 10.138202667236328, 0.5487442016601562, 0.2605421543121338, 0.2732200622558594 
406, 10.190384864807129, 0.5495781898498535, 0.2615542411804199, 0.27400684356689453 
407, 10.241735458374023, 0.5530767440795898, 0.26619935035705566, 0.2726733684539795 
408, 10.292009353637695, 0.550804853439331, 0.2647852897644043, 0.2718205451965332 
409, 10.341322898864746, 0.545543909072876, 0.26129841804504395, 0.26962852478027344 
410, 10.389761924743652, 0.5487046241760254, 0.2627139091491699, 0.2722795009613037 
411, 10.437368392944336, 0.5525476932525635, 0.26546430587768555, 0.2722806930541992 
412, 10.484285354614258, 0.5494935512542725, 0.26066136360168457, 0.26996731758117676 
413, 10.53087043762207, 0.548485517501831, 0.2614734172821045, 0.2719886302947998 
414, 10.577692031860352, 0.5783596038818359, 0.2612004280090332, 0.2962989807128906 
415, 10.624269485473633, 0.5457005500793457, 0.2617321014404297, 0.26990246772766113 
416, 10.670571327209473, 0.5474040508270264, 0.26242661476135254, 0.27101612091064453 
417, 10.717327117919922, 0.5476140975952148, 0.2627720832824707, 0.27030181884765625 
418, 10.763916969299316, 0.5439949035644531, 0.2604405879974365, 0.26935887336730957 
419, 10.810201644897461, 0.5468354225158691, 0.2613186836242676, 0.2716705799102783 
420, 10.856382369995117, 0.5459749698638916, 0.260404109954834, 0.2714269161224365 
421, 10.902446746826172, 0.546088457107544, 0.26009488105773926, 0.27121996879577637 
422, 10.947982788085938, 0.5460107326507568, 0.2610783576965332, 0.2706434726715088 
423, 10.992646217346191, 0.5475974082946777, 0.26175403594970703, 0.271090030670166 
424, 11.036715507507324, 0.548067569732666, 0.2626953125, 0.27047061920166016 
425, 11.080171585083008, 0.5509295463562012, 0.26123642921447754, 0.2747020721435547 
426, 11.12324047088623, 0.5476822853088379, 0.2609851360321045, 0.27264904975891113 
427, 11.165822982788086, 0.5589723587036133, 0.2599351406097412, 0.28450775146484375 
428, 11.208230018615723, 0.5485148429870605, 0.25934815406799316, 0.27440786361694336 
429, 11.250242233276367, 0.5503482818603516, 0.26118040084838867, 0.274094820022583 
430, 11.292984008789062, 0.549828052520752, 0.2616615295410156, 0.27364563941955566 
431, 11.335586547851562, 0.5574774742126465, 0.2709481716156006, 0.27155256271362305 
432, 11.378035545349121, 0.5491242408752441, 0.26195597648620605, 0.27303433418273926 
433, 11.42021656036377, 0.5469024181365967, 0.26157164573669434, 0.27043604850769043 
434, 11.461889266967773, 0.5475432872772217, 0.2613375186920166, 0.2717094421386719 
435, 11.503188133239746, 0.5475950241088867, 0.2619314193725586, 0.27148962020874023 
436, 11.544343948364258, 0.5467689037322998, 0.261152982711792, 0.27093029022216797 
437, 11.585237503051758, 0.5459182262420654, 0.2613227367401123, 0.26944994926452637 
438, 11.6260986328125, 0.5492105484008789, 0.26312851905822754, 0.2715902328491211 
439, 11.667196273803711, 0.5451638698577881, 0.26198649406433105, 0.26876139640808105 
440, 11.708549499511719, 0.5447700023651123, 0.2607431411743164, 0.2693173885345459 
441, 11.749185562133789, 0.5408000946044922, 0.2589116096496582, 0.2673830986022949 
442, 11.78982162475586, 0.5475668907165527, 0.26303958892822266, 0.2695589065551758 
443, 11.83047103881836, 0.545583963394165, 0.26227307319641113, 0.2685246467590332 
444, 11.870990753173828, 0.5439338684082031, 0.2611818313598633, 0.2680039405822754 
445, 11.910995483398438, 0.5445525646209717, 0.26143884658813477, 0.2689547538757324 
446, 11.950372695922852, 0.5459260940551758, 0.26147961616516113, 0.2704448699951172 
447, 11.989517211914062, 0.5449213981628418, 0.2607574462890625, 0.2690281867980957 
448, 12.028181076049805, 0.5460653305053711, 0.26186156272888184, 0.2694683074951172 
449, 12.066365242004395, 0.545961856842041, 0.2610151767730713, 0.2712514400482178 
450, 12.104177474975586, 0.5449881553649902, 0.2611846923828125, 0.26939940452575684 
451, 12.142005920410156, 0.5458905696868896, 0.2603018283843994, 0.270749568939209 
452, 12.17910385131836, 0.5444025993347168, 0.2616238594055176, 0.2677011489868164 
453, 12.216165542602539, 0.5424108505249023, 0.26255369186401367, 0.26535892486572266 
454, 12.253212928771973, 0.5393340587615967, 0.26082396507263184, 0.2640109062194824 
455, 12.290202140808105, 0.5445423126220703, 0.2618718147277832, 0.26823878288269043 
456, 12.327095031738281, 0.5461854934692383, 0.2620582580566406, 0.26970577239990234 
457, 12.36392879486084, 0.5435833930969238, 0.2623863220214844, 0.26715898513793945 
458, 12.400538444519043, 0.5453336238861084, 0.2615785598754883, 0.2693631649017334 
459, 12.437018394470215, 0.5437774658203125, 0.2618677616119385, 0.26787471771240234 
460, 12.473356246948242, 0.547588586807251, 0.26041316986083984, 0.2718648910522461 
461, 12.509581565856934, 0.5455563068389893, 0.26223134994506836, 0.26854968070983887 
462, 12.54561996459961, 0.5491564273834229, 0.2664988040924072, 0.26790571212768555 
463, 12.581485748291016, 0.5496616363525391, 0.26714205741882324, 0.26767563819885254 
464, 12.617378234863281, 0.5445327758789062, 0.2633218765258789, 0.266521692276001 
465, 12.653482437133789, 0.597794771194458, 0.27339792251586914, 0.292083740234375 
466, 12.690210342407227, 0.5823333263397217, 0.2759408950805664, 0.29160451889038086 
467, 12.727604866027832, 0.5812561511993408, 0.27336764335632324, 0.293243408203125 
468, 12.765826225280762, 0.590994119644165, 0.27475595474243164, 0.3024733066558838 
469, 12.804875373840332, 0.6079893112182617, 0.2990703582763672, 0.29471278190612793 
470, 12.844494819641113, 0.5770540237426758, 0.27182626724243164, 0.2910611629486084 
471, 12.884773254394531, 0.5809354782104492, 0.2740957736968994, 0.2918665409088135 
472, 12.925512313842773, 0.5774269104003906, 0.273331880569458, 0.28998446464538574 
473, 12.966791152954102, 0.5793230533599854, 0.27240538597106934, 0.2926654815673828 
474, 13.008578300476074, 0.5788087844848633, 0.2724738121032715, 0.29180026054382324 
475, 13.050448417663574, 0.5811560153961182, 0.27401208877563477, 0.2928605079650879 
476, 13.092524528503418, 0.5804452896118164, 0.2739267349243164, 0.29195666313171387 
477, 13.134635925292969, 0.5794107913970947, 0.2742884159088135, 0.2906608581542969 
478, 13.176966667175293, 0.5790164470672607, 0.27251148223876953, 0.29215192794799805 
479, 13.219648361206055, 0.5810363292694092, 0.2740323543548584, 0.29210972785949707 
480, 13.262947082519531, 0.5800180435180664, 0.27495646476745605, 0.29054880142211914 
481, 13.307129859924316, 0.5807924270629883, 0.27436137199401855, 0.2920544147491455 
482, 13.352361679077148, 0.5805513858795166, 0.27422475814819336, 0.2918999195098877 
483, 13.398293495178223, 0.5793359279632568, 0.27414774894714355, 0.29047417640686035 
484, 13.444960594177246, 0.6064257621765137, 0.2723393440246582, 0.29350781440734863 
485, 13.491959571838379, 0.5886516571044922, 0.2832152843475342, 0.29134440422058105 
486, 13.539587020874023, 0.5800955295562744, 0.27272772789001465, 0.29307103157043457 
487, 13.588113784790039, 0.5821197032928467, 0.2746565341949463, 0.2927210330963135 
488, 13.637128829956055, 0.581202507019043, 0.2738513946533203, 0.29227781295776367 
489, 13.686492919921875, 0.5803260803222656, 0.2726759910583496, 0.2932279109954834 
490, 13.736292839050293, 0.5791239738464355, 0.27218008041381836, 0.2923855781555176 
491, 13.786827087402344, 0.5822277069091797, 0.27301740646362305, 0.2942361831665039 
492, 13.838140487670898, 0.5811243057250977, 0.27338361740112305, 0.2930302619934082 
493, 13.88983154296875, 0.5809617042541504, 0.2729172706604004, 0.29375267028808594 
494, 13.941654205322266, 0.5841693878173828, 0.2750668525695801, 0.2946932315826416 
495, 13.993718147277832, 0.5820159912109375, 0.27340054512023926, 0.2940337657928467 
496, 14.045799255371094, 0.5831027030944824, 0.2756690979003906, 0.2926328182220459 
497, 14.098093032836914, 0.5827252864837646, 0.27448129653930664, 0.29393529891967773 
498, 14.15129280090332, 0.5828442573547363, 0.275254487991333, 0.2933950424194336 
499, 14.205219268798828, 0.5810925960540771, 0.2721397876739502, 0.2940676212310791 
500, 14.26099967956543, 0.5812773704528809, 0.2729520797729492, 0.2930116653442383 
501, 14.317671775817871, 0.579047441482544, 0.27362728118896484, 0.29111480712890625 
502, 14.375578880310059, 0.5813589096069336, 0.27404117584228516, 0.29277801513671875 
503, 14.434823989868164, 0.5820317268371582, 0.2737395763397217, 0.2932608127593994 
504, 14.495295524597168, 0.5821831226348877, 0.2755091190338135, 0.2926669120788574 
505, 14.556914329528809, 0.5801401138305664, 0.27254700660705566, 0.2930912971496582 
506, 14.618919372558594, 0.5795090198516846, 0.27320170402526855, 0.29137134552001953 
507, 14.681228637695312, 0.5797948837280273, 0.2731349468231201, 0.29205751419067383 
508, 14.743988037109375, 0.5906453132629395, 0.2749917507171631, 0.30176496505737305 
509, 14.807711601257324, 0.5804104804992676, 0.27306485176086426, 0.2924375534057617 
510, 14.872137069702148, 0.5811927318572998, 0.27286720275878906, 0.2929067611694336 
511, 14.937321662902832, 0.5804197788238525, 0.2733626365661621, 0.2929668426513672 
512, 15.003446578979492, 0.5791068077087402, 0.2740476131439209, 0.29102492332458496 
513, 15.070372581481934, 0.5801572799682617, 0.2749507427215576, 0.2904698848724365 
514, 15.138442039489746, 0.6218571662902832, 0.3111259937286377, 0.2940809726715088 
515, 15.20753288269043, 0.5826318264007568, 0.2747681140899658, 0.2931084632873535 
516, 15.277799606323242, 0.5813271999359131, 0.27376651763916016, 0.2933332920074463 
517, 15.349281311035156, 0.698267936706543, 0.27258896827697754, 0.30143022537231445 
518, 15.422365188598633, 0.5929789543151855, 0.28190016746520996, 0.29233360290527344 
519, 15.496688842773438, 0.5813360214233398, 0.27302026748657227, 0.2938218116760254 
520, 15.572260856628418, 0.6011812686920166, 0.29090261459350586, 0.2953526973724365 
521, 15.648996353149414, 0.580805778503418, 0.2739412784576416, 0.29259705543518066 
522, 15.72632122039795, 0.5816538333892822, 0.27355456352233887, 0.293459415435791 
523, 15.804118156433105, 0.5813181400299072, 0.274263858795166, 0.2929656505584717 
524, 15.882515907287598, 0.5805180072784424, 0.27379918098449707, 0.29231882095336914 
525, 15.961186408996582, 0.5786483287811279, 0.2735128402709961, 0.2904057502746582 
526, 16.04034996032715, 0.5792663097381592, 0.27372264862060547, 0.2910642623901367 
527, 16.120532989501953, 0.5813601016998291, 0.27393507957458496, 0.29323697090148926 
528, 16.199602127075195, 0.5810031890869141, 0.27538108825683594, 0.2907450199127197 
529, 16.278715133666992, 0.5793442726135254, 0.2728095054626465, 0.29186391830444336 
530, 16.358074188232422, 0.5786685943603516, 0.2741892337799072, 0.2900967597961426 
531, 16.43790054321289, 0.5775213241577148, 0.2727832794189453, 0.2905428409576416 
532, 16.51816177368164, 0.5778391361236572, 0.2730600833892822, 0.29026103019714355 
533, 16.598583221435547, 0.5763001441955566, 0.2733907699584961, 0.28890109062194824 
534, 16.67894744873047, 0.5783131122589111, 0.2720351219177246, 0.29180169105529785 
535, 16.759143829345703, 0.5796728134155273, 0.27560925483703613, 0.2893979549407959 
536, 16.839885711669922, 0.5858604907989502, 0.2803764343261719, 0.2896287441253662 
537, 16.921371459960938, 0.5749297142028809, 0.27153682708740234, 0.28894472122192383 
538, 17.003572463989258, 0.5808596611022949, 0.276104211807251, 0.2904181480407715 
539, 17.086719512939453, 0.5784616470336914, 0.2732200622558594, 0.29068660736083984 
540, 17.170883178710938, 0.5801002979278564, 0.2756049633026123, 0.29044032096862793 
541, 17.255640029907227, 0.5779983997344971, 0.2741568088531494, 0.2899467945098877 
542, 17.340940475463867, 0.5809159278869629, 0.2752726078033447, 0.2910637855529785 
543, 17.4261417388916, 0.5752758979797363, 0.27167344093322754, 0.2893693447113037 
544, 17.511390686035156, 0.5785138607025146, 0.27438831329345703, 0.2897462844848633 
545, 17.596967697143555, 0.5800681114196777, 0.2752230167388916, 0.29047346115112305 
546, 17.68299674987793, 0.5759749412536621, 0.27287817001342773, 0.2885727882385254 
547, 17.76984214782715, 0.5768904685974121, 0.2725992202758789, 0.2904658317565918 
548, 17.857433319091797, 0.578805685043335, 0.2733743190765381, 0.2912178039550781 
549, 17.946245193481445, 0.576505184173584, 0.27277231216430664, 0.28927183151245117 
550, 18.035837173461914, 0.5782477855682373, 0.2739572525024414, 0.2894308567047119 
551, 18.126319885253906, 0.5763256549835205, 0.2737870216369629, 0.287935733795166 
552, 18.217681884765625, 0.57763671875, 0.2746570110321045, 0.2888519763946533 
553, 18.310096740722656, 0.5765993595123291, 0.27422094345092773, 0.2879970073699951 
554, 18.403568267822266, 0.5781526565551758, 0.27483320236206055, 0.2887451648712158 
555, 18.49785804748535, 0.5749833583831787, 0.2721834182739258, 0.2886381149291992 
556, 18.593059539794922, 0.5768420696258545, 0.27237915992736816, 0.28981876373291016 
557, 18.68918228149414, 0.5768752098083496, 0.27540016174316406, 0.28640317916870117 
558, 18.785747528076172, 0.5440871715545654, 0.26206183433532715, 0.2676258087158203 
559, 18.88286781311035, 0.5445601940155029, 0.2614095211029053, 0.269000768661499 
560, 18.980220794677734, 0.5466721057891846, 0.26302123069763184, 0.2689046859741211 
561, 19.07804298400879, 0.5450789928436279, 0.26101160049438477, 0.26944971084594727 
562, 19.17609405517578, 0.5446782112121582, 0.2618110179901123, 0.26790785789489746 
563, 19.27423858642578, 0.5434162616729736, 0.2603583335876465, 0.2688331604003906 
564, 19.372024536132812, 0.5452597141265869, 0.26312828063964844, 0.2675924301147461 
565, 19.470613479614258, 0.5411622524261475, 0.26107168197631836, 0.26588988304138184 
566, 19.56949234008789, 0.5579407215118408, 0.27637338638305664, 0.2671382427215576 
567, 19.668292999267578, 0.5490884780883789, 0.2669672966003418, 0.2680943012237549 
568, 19.768001556396484, 0.5442724227905273, 0.26158690452575684, 0.2683234214782715 
569, 19.868350982666016, 0.5422053337097168, 0.2608530521392822, 0.26668214797973633 
570, 19.968162536621094, 0.5446937084197998, 0.2628602981567383, 0.26739978790283203 
571, 20.06843376159668, 0.6365776062011719, 0.26140594482421875, 0.2688100337982178 
572, 20.16836929321289, 0.5740847587585449, 0.26540541648864746, 0.28737306594848633 
573, 20.26937484741211, 0.5437431335449219, 0.2615485191345215, 0.26706743240356445 
574, 20.36991310119629, 0.5443706512451172, 0.26299262046813965, 0.26671791076660156 
575, 20.469837188720703, 0.5436882972717285, 0.262357234954834, 0.26677441596984863 
576, 20.569387435913086, 0.5432422161102295, 0.2623004913330078, 0.2664804458618164 
577, 20.667953491210938, 0.5427610874176025, 0.26053929328918457, 0.2675020694732666 
578, 20.76578712463379, 0.5412650108337402, 0.2584507465362549, 0.2687239646911621 
579, 20.86359977722168, 0.5473411083221436, 0.2617652416229248, 0.2705652713775635 
580, 20.961566925048828, 0.5436193943023682, 0.26055431365966797, 0.2683405876159668 
581, 21.059871673583984, 0.547992467880249, 0.26297497749328613, 0.2709014415740967 
582, 21.158666610717773, 0.5461556911468506, 0.2622096538543701, 0.2688870429992676 
583, 21.258188247680664, 0.5435118675231934, 0.25878000259399414, 0.27088475227355957 
584, 21.358139038085938, 0.5479938983917236, 0.2622959613800049, 0.27109384536743164 
585, 21.458740234375, 0.5450677871704102, 0.2616243362426758, 0.2686045169830322 
586, 21.560379028320312, 0.5431444644927979, 0.26113200187683105, 0.2675299644470215 
587, 21.662139892578125, 0.5453581809997559, 0.2611427307128906, 0.2697014808654785 
588, 21.764022827148438, 0.5457828044891357, 0.26148128509521484, 0.26961231231689453 
589, 21.86675262451172, 0.5462431907653809, 0.2614130973815918, 0.26967906951904297 
590, 21.968544006347656, 0.544776439666748, 0.2616136074066162, 0.2681570053100586 
591, 22.070592880249023, 0.5457627773284912, 0.26256370544433594, 0.26927614212036133 
592, 22.173717498779297, 0.5466964244842529, 0.2627875804901123, 0.2691793441772461 
593, 22.27838706970215, 0.5469396114349365, 0.2628617286682129, 0.2698347568511963 
594, 22.383953094482422, 0.5430078506469727, 0.26056504249572754, 0.26836442947387695 
595, 22.491031646728516, 0.5462367534637451, 0.2616567611694336, 0.26970887184143066 
596, 22.598087310791016, 0.5446629524230957, 0.26204967498779297, 0.2679920196533203 
597, 22.705490112304688, 0.5445115566253662, 0.2616996765136719, 0.2685062885284424 
598, 22.81353759765625, 0.5445177555084229, 0.26169800758361816, 0.2685987949371338 
599, 22.92255210876465, 0.5468165874481201, 0.2609062194824219, 0.27173876762390137 
600, 23.032514572143555, 0.5454881191253662, 0.2622673511505127, 0.26895856857299805 
601, 23.143177032470703, 0.5462863445281982, 0.26130223274230957, 0.27037930488586426 
602, 23.25438690185547, 0.5460257530212402, 0.2613062858581543, 0.27092885971069336 
603, 23.365968704223633, 0.5447256565093994, 0.26186203956604004, 0.2684011459350586 
604, 23.47792625427246, 0.5455248355865479, 0.2626621723175049, 0.26867055892944336 
605, 23.589847564697266, 0.5461924076080322, 0.2623577117919922, 0.26949143409729004 
606, 23.701629638671875, 0.5446395874023438, 0.2617807388305664, 0.26773834228515625 
607, 23.813213348388672, 0.5439162254333496, 0.2626051902770996, 0.2679922580718994 
608, 23.92462921142578, 0.5456855297088623, 0.26281094551086426, 0.2688448429107666 
609, 24.035572052001953, 0.5432393550872803, 0.26201772689819336, 0.26717615127563477 
610, 24.146249771118164, 0.5436387062072754, 0.26113224029541016, 0.26757144927978516 
611, 24.256328582763672, 0.544823408126831, 0.26149821281433105, 0.2688896656036377 
612, 24.365394592285156, 0.5453572273254395, 0.2608919143676758, 0.2701079845428467 
613, 24.473400115966797, 0.5419092178344727, 0.2611410617828369, 0.26709461212158203 
614, 24.580459594726562, 0.5454452037811279, 0.2614107131958008, 0.26929283142089844 
615, 24.68649673461914, 0.5432174205780029, 0.2609724998474121, 0.2682323455810547 
616, 24.791065216064453, 0.5460636615753174, 0.25983428955078125, 0.2716524600982666 
617, 24.894088745117188, 0.5456256866455078, 0.2611277103424072, 0.27022361755371094 
618, 24.995912551879883, 0.5478441715240479, 0.26172900199890137, 0.27085137367248535 
619, 25.096975326538086, 0.5480995178222656, 0.2617757320404053, 0.27163171768188477 
620, 25.196067810058594, 0.5493955612182617, 0.2619345188140869, 0.2735123634338379 
621, 25.293128967285156, 0.5855660438537598, 0.29670214653015137, 0.27414584159851074 
622, 25.38912010192871, 0.5488681793212891, 0.26224708557128906, 0.27213311195373535 
623, 25.484142303466797, 0.5476424694061279, 0.263120174407959, 0.26960062980651855 
624, 25.578609466552734, 0.5479550361633301, 0.2619483470916748, 0.27094531059265137 
625, 25.671966552734375, 0.5482981204986572, 0.26210689544677734, 0.27190470695495605 
626, 25.764558792114258, 0.5555248260498047, 0.26135730743408203, 0.2800636291503906 
627, 25.856658935546875, 0.5791172981262207, 0.2614719867706299, 0.30317187309265137 
628, 25.949085235595703, 0.547898530960083, 0.26376986503601074, 0.27014732360839844 
629, 26.04152488708496, 0.5429186820983887, 0.26209306716918945, 0.2663912773132324 
630, 26.133045196533203, 0.5457789897918701, 0.262176513671875, 0.26935577392578125 
631, 26.224498748779297, 0.5455431938171387, 0.26331567764282227, 0.26783084869384766 
632, 26.31503677368164, 0.5454206466674805, 0.26291441917419434, 0.2676105499267578 
633, 26.404970169067383, 0.6648149490356445, 0.26157450675964355, 0.2693214416503906 
634, 26.494495391845703, 0.5511124134063721, 0.268756628036499, 0.26782941818237305 
635, 26.583343505859375, 0.5462675094604492, 0.2617464065551758, 0.26979565620422363 
636, 26.671878814697266, 0.5432586669921875, 0.261333703994751, 0.26696109771728516 
637, 26.760501861572266, 0.5437705516815186, 0.26059556007385254, 0.268843412399292 
638, 26.85038185119629, 0.5476057529449463, 0.263394832611084, 0.2694401741027832 
639, 26.94133949279785, 0.5439701080322266, 0.2611567974090576, 0.267852783203125 
640, 27.032909393310547, 0.5452489852905273, 0.2621161937713623, 0.26849937438964844 
641, 27.125022888183594, 0.5446743965148926, 0.2613663673400879, 0.2684152126312256 
642, 27.21788787841797, 0.5436122417449951, 0.26071667671203613, 0.26823925971984863 
643, 27.311599731445312, 0.5442328453063965, 0.2616100311279297, 0.26755690574645996 
644, 27.405750274658203, 0.5520966053009033, 0.26117420196533203, 0.27230286598205566 
645, 27.50025749206543, 0.5451657772064209, 0.26175498962402344, 0.26912450790405273 
646, 27.59469985961914, 0.5467109680175781, 0.263413667678833, 0.267911434173584 
647, 27.68893814086914, 0.5449247360229492, 0.2611079216003418, 0.26904726028442383 
648, 27.782764434814453, 0.5440828800201416, 0.2621431350708008, 0.2671377658843994 
649, 27.876079559326172, 0.5433638095855713, 0.2612736225128174, 0.2677173614501953 
650, 27.969099044799805, 0.5438740253448486, 0.2620985507965088, 0.26729488372802734 
651, 28.06235122680664, 0.5434689521789551, 0.2614879608154297, 0.267864465713501 
652, 28.155487060546875, 0.5429034233093262, 0.2613034248352051, 0.26674389839172363 
653, 28.24871063232422, 0.5429341793060303, 0.26166772842407227, 0.26623010635375977 
654, 28.341760635375977, 0.5423057079315186, 0.26099300384521484, 0.26680755615234375 
655, 28.434600830078125, 0.5434427261352539, 0.26117897033691406, 0.26733922958374023 
656, 28.527084350585938, 0.5429630279541016, 0.26158785820007324, 0.26631593704223633 
657, 28.618896484375, 0.5440714359283447, 0.262617826461792, 0.2667078971862793 
658, 28.71007537841797, 0.5324151515960693, 0.26108813285827637, 0.26087188720703125 
659, 28.798433303833008, 0.5340650081634521, 0.26058173179626465, 0.26309871673583984 
660, 28.88228988647461, 0.5336987972259521, 0.2619047164916992, 0.261735200881958 
661, 28.9599609375, 0.5337097644805908, 0.2605466842651367, 0.2626206874847412 
662, 29.029895782470703, 0.5306158065795898, 0.25898146629333496, 0.26155614852905273 
663, 29.090721130371094, 0.5350346565246582, 0.2619190216064453, 0.2628512382507324 
664, 29.14121437072754, 0.5333712100982666, 0.2612416744232178, 0.2620422840118408 
665, 29.180269241333008, 0.5331871509552002, 0.26013898849487305, 0.26238203048706055 
666, 29.206954956054688, 0.5331487655639648, 0.2606816291809082, 0.26238012313842773 
667, 29.220409393310547, 0.5328307151794434, 0.2602829933166504, 0.26205873489379883 
668, 29.220569610595703, 0.5346014499664307, 0.2613394260406494, 0.2628166675567627 
669, 29.207494735717773, 0.5346853733062744, 0.26127099990844727, 0.263322114944458 
670, 29.181442260742188, 0.5335509777069092, 0.26085686683654785, 0.2625555992126465 
671, 29.14276885986328, 0.5313553810119629, 0.2595839500427246, 0.26189756393432617 
672, 29.091983795166016, 0.5422425270080566, 0.2622263431549072, 0.26548004150390625 
673, 29.030513763427734, 0.5411453247070312, 0.2608036994934082, 0.26561713218688965 
674, 28.959941864013672, 0.5420629978179932, 0.2625868320465088, 0.2649686336517334 
675, 28.88134765625, 0.5325367450714111, 0.2621030807495117, 0.26024770736694336 
676, 28.794681549072266, 0.5446078777313232, 0.27100634574890137, 0.26343822479248047 
677, 28.70028305053711, 0.5428178310394287, 0.2694711685180664, 0.2631356716156006 
678, 28.598262786865234, 0.5351636409759521, 0.2621009349822998, 0.2628915309906006 
679, 28.48911476135254, 0.5325469970703125, 0.25951313972473145, 0.2623782157897949 
680, 28.373411178588867, 0.5328714847564697, 0.25983476638793945, 0.2626826763153076 
681, 28.251625061035156, 0.538651704788208, 0.2622859477996826, 0.26586437225341797 
682, 28.124202728271484, 0.5655772686004639, 0.25959348678588867, 0.28896450996398926 
683, 27.9915771484375, 0.5338258743286133, 0.26194167137145996, 0.2614104747772217 
684, 27.854183197021484, 0.5439975261688232, 0.2619190216064453, 0.26743531227111816 
685, 27.71291732788086, 0.5442404747009277, 0.26033997535705566, 0.2691929340362549 
686, 27.571033477783203, 0.5445647239685059, 0.2641787528991699, 0.2662382125854492 
687, 27.42724609375, 0.5402481555938721, 0.26068878173828125, 0.2652146816253662 
688, 27.282039642333984, 0.5403807163238525, 0.26134657859802246, 0.2645401954650879 
689, 27.135543823242188, 0.5412850379943848, 0.26145434379577637, 0.26509952545166016 
690, 26.988588333129883, 0.5454940795898438, 0.2626047134399414, 0.2655651569366455 
691, 26.841964721679688, 0.5408070087432861, 0.26120996475219727, 0.2650260925292969 
692, 26.696191787719727, 0.5430448055267334, 0.2635533809661865, 0.26566338539123535 
693, 26.55105209350586, 0.5390763282775879, 0.2604804039001465, 0.26450681686401367 
694, 26.406341552734375, 0.5455114841461182, 0.26093339920043945, 0.2689378261566162 
695, 26.262332916259766, 0.5454061031341553, 0.26317310333251953, 0.2673826217651367 
696, 26.119096755981445, 0.5400142669677734, 0.26091623306274414, 0.2646763324737549 
697, 25.976364135742188, 0.5425376892089844, 0.2615377902984619, 0.26670312881469727 
698, 25.83401107788086, 0.5413868427276611, 0.2605581283569336, 0.2662227153778076 
699, 25.69194793701172, 0.5404014587402344, 0.25981831550598145, 0.2665736675262451 
700, 25.550460815429688, 0.541609525680542, 0.2615065574645996, 0.2649807929992676 
701, 25.409629821777344, 0.539841890335083, 0.26134657859802246, 0.2637746334075928 
702, 25.269851684570312, 0.5504953861236572, 0.2701401710510254, 0.2624931335449219 
703, 25.131088256835938, 0.5423581600189209, 0.26334142684936523, 0.2655060291290283 
704, 24.993511199951172, 0.5415964126586914, 0.26206040382385254, 0.26516270637512207 
705, 24.857402801513672, 0.5350039005279541, 0.261643648147583, 0.2629711627960205 
706, 24.72184944152832, 0.5332891941070557, 0.2604382038116455, 0.26259541511535645 
707, 24.58645248413086, 0.533984899520874, 0.26171088218688965, 0.26214027404785156 
708, 24.45085334777832, 0.5311474800109863, 0.2605140209197998, 0.260235071182251 
709, 24.314834594726562, 0.535618782043457, 0.2618703842163086, 0.2631223201751709 
710, 24.178220748901367, 0.5454375743865967, 0.26233744621276855, 0.26852893829345703 
711, 24.04517364501953, 0.5420048236846924, 0.25996875762939453, 0.26762962341308594 
712, 23.91419219970703, 0.5443477630615234, 0.26131558418273926, 0.2690560817718506 
713, 23.783241271972656, 0.5427474975585938, 0.2615702152252197, 0.26697373390197754 
714, 23.65233612060547, 0.5438787937164307, 0.26138973236083984, 0.2680830955505371 
715, 23.52141571044922, 0.5410065650939941, 0.2604355812072754, 0.2660791873931885 
716, 23.390554428100586, 0.5429558753967285, 0.26041173934936523, 0.2678952217102051 
717, 23.259918212890625, 0.5450122356414795, 0.2610797882080078, 0.26886773109436035 
718, 23.12978744506836, 0.5437114238739014, 0.2616608142852783, 0.26766419410705566 
719, 23.000431060791016, 0.5473575592041016, 0.2638866901397705, 0.2682383060455322 
720, 22.87149429321289, 0.5429666042327881, 0.25995469093322754, 0.26877307891845703 
721, 22.743104934692383, 0.5455729961395264, 0.2620527744293213, 0.26848411560058594 
722, 22.615428924560547, 0.5447077751159668, 0.2624232769012451, 0.26781272888183594 
723, 22.488872528076172, 0.5454044342041016, 0.262606143951416, 0.26835083961486816 
724, 22.36363983154297, 0.5462377071380615, 0.26255321502685547, 0.2691783905029297 
725, 22.239627838134766, 0.5441181659698486, 0.2606239318847656, 0.26903748512268066 
726, 22.116931915283203, 0.5433132648468018, 0.2605583667755127, 0.2681894302368164 
727, 21.99526596069336, 0.5429301261901855, 0.2593529224395752, 0.2688271999359131 
728, 21.874610900878906, 0.5455794334411621, 0.26230788230895996, 0.26859498023986816 
729, 21.754539489746094, 0.5437796115875244, 0.26344966888427734, 0.2666492462158203 
730, 21.63663101196289, 0.5415902137756348, 0.26026463508605957, 0.26679158210754395 
731, 21.520715713500977, 0.5432157516479492, 0.2613961696624756, 0.2670924663543701 
732, 21.406726837158203, 0.5493779182434082, 0.2599177360534668, 0.271984338760376 
733, 21.29428482055664, 0.5434401035308838, 0.25974440574645996, 0.26900768280029297 
734, 21.183748245239258, 0.5437963008880615, 0.26094603538513184, 0.26837611198425293 
735, 21.075153350830078, 0.5435426235198975, 0.2609541416168213, 0.26752734184265137 
736, 20.96921157836914, 0.545579195022583, 0.2619771957397461, 0.2690768241882324 
737, 20.865489959716797, 0.5419814586639404, 0.2601046562194824, 0.2674262523651123 
738, 20.7630558013916, 0.5464651584625244, 0.2608475685119629, 0.27032971382141113 
739, 20.66201400756836, 0.545656681060791, 0.2640564441680908, 0.26705217361450195 
740, 20.562646865844727, 0.5411169528961182, 0.2597322463989258, 0.2666745185852051 
741, 20.46493148803711, 0.5421385765075684, 0.2606790065765381, 0.26685619354248047 
742, 20.368854522705078, 0.5716173648834229, 0.26122117042541504, 0.29565930366516113 
743, 20.274444580078125, 0.5438497066497803, 0.2623276710510254, 0.2670714855194092 
744, 20.181669235229492, 0.5431885719299316, 0.26152873039245605, 0.26714372634887695 
745, 20.09050941467285, 0.5433454513549805, 0.2622101306915283, 0.26697421073913574 
746, 20.000736236572266, 0.5340039730072021, 0.26065826416015625, 0.2629988193511963 
747, 19.91164207458496, 0.5356118679046631, 0.26264047622680664, 0.263073205947876 
748, 19.82270622253418, 0.5428261756896973, 0.2628629207611084, 0.26549267768859863 
749, 19.734174728393555, 0.5409026145935059, 0.2623121738433838, 0.26479649543762207 
750, 19.64626121520996, 0.5443394184112549, 0.26056575775146484, 0.2688891887664795 
751, 19.559837341308594, 0.543297290802002, 0.2608816623687744, 0.26824164390563965 
752, 19.47511100769043, 0.5445451736450195, 0.2618556022644043, 0.2683236598968506 
753, 19.390853881835938, 0.5443196296691895, 0.26181530952453613, 0.26820874214172363 
754, 19.30730438232422, 0.5422379970550537, 0.2604656219482422, 0.2669844627380371 
755, 19.224822998046875, 0.5432271957397461, 0.2608299255371094, 0.2683746814727783 
756, 19.14248275756836, 0.580310583114624, 0.2761213779449463, 0.2896885871887207 
757, 19.060009002685547, 0.5455002784729004, 0.26177501678466797, 0.268765926361084 
758, 18.978296279907227, 0.5432336330413818, 0.26186704635620117, 0.26701927185058594 
759, 18.897090911865234, 0.5452311038970947, 0.26186275482177734, 0.26834702491760254 
760, 18.816570281982422, 0.6258242130279541, 0.26247525215148926, 0.2687554359436035 
761, 18.736764907836914, 0.5574500560760498, 0.2734513282775879, 0.2695448398590088 
762, 18.65764045715332, 0.5447149276733398, 0.2609682083129883, 0.2692861557006836 
763, 18.57932472229004, 0.5439996719360352, 0.262037992477417, 0.26767492294311523 
764, 18.50179672241211, 0.539562463760376, 0.257779598236084, 0.2669186592102051 
765, 18.425251007080078, 0.5421111583709717, 0.2608909606933594, 0.2671315670013428 
766, 18.349885940551758, 0.543391227722168, 0.26059985160827637, 0.26822686195373535 
767, 18.2757568359375, 0.5773241519927979, 0.2747056484222412, 0.2882425785064697 
768, 18.202960968017578, 0.5781083106994629, 0.2753267288208008, 0.28713369369506836 
769, 18.131689071655273, 0.576582670211792, 0.2726569175720215, 0.2895805835723877 
770, 18.06186294555664, 0.5876688957214355, 0.27479076385498047, 0.2983255386352539 
771, 17.993444442749023, 0.5763647556304932, 0.27564430236816406, 0.2866973876953125 
772, 17.926708221435547, 0.5766785144805908, 0.27381086349487305, 0.28850364685058594 
773, 17.861948013305664, 0.5771310329437256, 0.2730989456176758, 0.28911519050598145 
774, 17.798606872558594, 0.576897144317627, 0.27360105514526367, 0.2888157367706299 
775, 17.73639678955078, 0.5844836235046387, 0.2806251049041748, 0.28806400299072266 
776, 17.675474166870117, 0.5778274536132812, 0.27391505241394043, 0.2887580394744873 
777, 17.61570167541504, 0.5780253410339355, 0.2748372554779053, 0.28822946548461914 
778, 17.557117462158203, 0.5837531089782715, 0.27170324325561523, 0.29785609245300293 
779, 17.500072479248047, 0.5781040191650391, 0.27231335639953613, 0.29131650924682617 
780, 17.444913864135742, 0.5767862796783447, 0.274061918258667, 0.28763747215270996 
781, 17.392366409301758, 0.5772843360900879, 0.27280521392822266, 0.2888474464416504 
782, 17.340974807739258, 0.5791988372802734, 0.2740800380706787, 0.29073071479797363 
783, 17.2907772064209, 0.5766324996948242, 0.27180957794189453, 0.29030704498291016 
784, 17.24175453186035, 0.5802333354949951, 0.2748262882232666, 0.2907404899597168 
785, 17.193801879882812, 0.5779585838317871, 0.2730405330657959, 0.2898273468017578 
786, 17.14681625366211, 0.581284761428833, 0.2748069763183594, 0.2916414737701416 
787, 17.10140609741211, 0.5788118839263916, 0.27413272857666016, 0.2906382083892822 
788, 17.05780792236328, 0.5780806541442871, 0.2732102870941162, 0.29023218154907227 
789, 17.015819549560547, 0.5805866718292236, 0.2736358642578125, 0.2915167808532715 
790, 16.975435256958008, 0.5800795555114746, 0.27483248710632324, 0.2915513515472412 
791, 16.93659019470215, 0.5802159309387207, 0.2729308605194092, 0.2919600009918213 
792, 16.899105072021484, 0.5818581581115723, 0.2746875286102295, 0.2928807735443115 
793, 16.863059997558594, 0.5807371139526367, 0.2742493152618408, 0.29156494140625 
794, 16.82831573486328, 0.5783557891845703, 0.27228808403015137, 0.29190921783447266 
795, 16.794754028320312, 0.6359453201293945, 0.2724182605743408, 0.29401540756225586 
796, 16.76255226135254, 0.5814902782440186, 0.2736947536468506, 0.29296255111694336 
797, 16.73166275024414, 0.5794491767883301, 0.2746868133544922, 0.2907874584197998 
798, 16.70197296142578, 0.5768167972564697, 0.2724149227142334, 0.29002904891967773 
799, 16.673503875732422, 0.5801362991333008, 0.2734804153442383, 0.2922384738922119 
800, 16.646194458007812, 0.5789835453033447, 0.274153470993042, 0.2906332015991211 
801, 16.620025634765625, 0.5788571834564209, 0.27350425720214844, 0.291057825088501 
802, 16.59503936767578, 0.5799870491027832, 0.27381205558776855, 0.291517972946167 
803, 16.570842742919922, 0.5817010402679443, 0.2738807201385498, 0.29308104515075684 
804, 16.547420501708984, 0.5789539813995361, 0.2720913887023926, 0.2920873165130615 
805, 16.5247802734375, 0.5803008079528809, 0.27382659912109375, 0.2919347286224365 
806, 16.50291633605957, 0.5797848701477051, 0.2729976177215576, 0.29221367835998535 
807, 16.481849670410156, 0.5771920680999756, 0.2701289653778076, 0.29232168197631836 
808, 16.461145401000977, 0.5790061950683594, 0.2734072208404541, 0.29168081283569336 
809, 16.441020965576172, 0.5866923332214355, 0.2734358310699463, 0.2989335060119629 
810, 16.42159652709961, 0.578718900680542, 0.273831844329834, 0.2901315689086914 
811, 16.402830123901367, 0.5796968936920166, 0.27298951148986816, 0.292264461517334 
812, 16.384639739990234, 0.589106559753418, 0.27419543266296387, 0.2916579246520996 
813, 16.36705780029297, 0.6099166870117188, 0.30303239822387695, 0.29208946228027344 
814, 16.34984588623047, 0.5806334018707275, 0.27396202087402344, 0.29209089279174805 
815, 16.333389282226562, 0.57851243019104, 0.2738204002380371, 0.2905862331390381 
816, 16.31740379333496, 0.5754966735839844, 0.26993322372436523, 0.2908589839935303 
817, 16.301923751831055, 0.579071044921875, 0.2738218307495117, 0.29081225395202637 
818, 16.287765502929688, 0.5770347118377686, 0.27269911766052246, 0.2901465892791748 
819, 16.27448081970215, 0.5767507553100586, 0.27294230461120605, 0.289825439453125 
820, 16.261703491210938, 0.5814003944396973, 0.27483105659484863, 0.291201114654541 
821, 16.249492645263672, 0.5775883197784424, 0.2756471633911133, 0.2882554531097412 
822, 16.237979888916016, 0.576709508895874, 0.27444028854370117, 0.28734469413757324 
823, 16.227466583251953, 0.5778717994689941, 0.27496337890625, 0.28833866119384766 
824, 16.218101501464844, 0.5764298439025879, 0.2731497287750244, 0.28829193115234375 
825, 16.209882736206055, 0.61114501953125, 0.2737233638763428, 0.32021403312683105 
826, 16.202960968017578, 0.5764369964599609, 0.2747478485107422, 0.28693056106567383 
827, 16.197473526000977, 0.7330667972564697, 0.2715022563934326, 0.28719615936279297 
828, 16.193340301513672, 0.5788455009460449, 0.27966904640197754, 0.2849740982055664 
829, 16.190380096435547, 0.5708317756652832, 0.27220678329467773, 0.2838146686553955 
830, 16.188932418823242, 0.5714881420135498, 0.2713184356689453, 0.2857787609100342 
831, 16.18900489807129, 0.5764601230621338, 0.2745513916015625, 0.28763580322265625 
832, 16.190378189086914, 0.5783007144927979, 0.27326512336730957, 0.2902200222015381 
833, 16.19239044189453, 0.5786657333374023, 0.2724456787109375, 0.29166197776794434 
834, 16.194992065429688, 0.5890710353851318, 0.27390432357788086, 0.3002941608428955 
835, 16.198265075683594, 0.576542854309082, 0.27222156524658203, 0.28935742378234863 
836, 16.20232391357422, 0.576657772064209, 0.2733025550842285, 0.28959155082702637 
837, 16.207443237304688, 0.5829904079437256, 0.2733433246612549, 0.29562854766845703 
838, 16.2137451171875, 0.5771167278289795, 0.274432897567749, 0.2882204055786133 
839, 16.220577239990234, 0.5780987739562988, 0.2741398811340332, 0.28997254371643066 
840, 16.2281494140625, 0.5749754905700684, 0.27367401123046875, 0.28644800186157227 
841, 16.236446380615234, 0.5736966133117676, 0.2738490104675293, 0.2852358818054199 
842, 16.245559692382812, 0.5732483863830566, 0.27311277389526367, 0.28562188148498535 
843, 16.25524139404297, 0.5717554092407227, 0.27191996574401855, 0.2851386070251465 
844, 16.265132904052734, 0.5733420848846436, 0.27536892890930176, 0.28290247917175293 
845, 16.27520179748535, 0.5698347091674805, 0.2735607624053955, 0.28165125846862793 
846, 16.285568237304688, 0.5718965530395508, 0.27457404136657715, 0.28230786323547363 
847, 16.296405792236328, 0.5775744915008545, 0.2788817882537842, 0.28423619270324707 
848, 16.307334899902344, 0.5827856063842773, 0.2756037712097168, 0.29283857345581055 
849, 16.318374633789062, 0.5707690715789795, 0.27408266067504883, 0.2816648483276367 
850, 16.329607009887695, 0.569068193435669, 0.27256083488464355, 0.2823483943939209 
851, 16.341148376464844, 0.57804274559021, 0.273622989654541, 0.2896742820739746 
852, 16.35289764404297, 0.5674002170562744, 0.27370715141296387, 0.2798593044281006 
853, 16.364883422851562, 0.5662350654602051, 0.2714576721191406, 0.28052568435668945 
854, 16.377010345458984, 0.570751428604126, 0.2743096351623535, 0.281496524810791 
855, 16.389232635498047, 0.5681824684143066, 0.2739717960357666, 0.27934694290161133 
856, 16.401592254638672, 0.5695185661315918, 0.27321958541870117, 0.2819068431854248 
857, 16.413921356201172, 0.5792150497436523, 0.27242207527160645, 0.29261136054992676 
858, 16.426185607910156, 0.568791389465332, 0.2751600742340088, 0.27971816062927246 
859, 16.43883514404297, 0.5678491592407227, 0.27451610565185547, 0.27859926223754883 
860, 16.45136070251465, 0.567349910736084, 0.273853063583374, 0.2792332172393799 
861, 16.463703155517578, 0.570789098739624, 0.2741856575012207, 0.2814931869506836 
862, 16.475549697875977, 0.5753753185272217, 0.27263784408569336, 0.288724422454834 
863, 16.48701286315918, 0.56516432762146, 0.2724931240081787, 0.2784152030944824 
864, 16.49797821044922, 0.5688908100128174, 0.2730393409729004, 0.2817380428314209 
865, 16.508424758911133, 0.5695433616638184, 0.2759830951690674, 0.27916646003723145 
866, 16.518461227416992, 0.568326473236084, 0.2762460708618164, 0.2779715061187744 
867, 16.528804779052734, 0.5656075477600098, 0.2722647190093994, 0.27956295013427734 
868, 16.539119720458984, 0.5685503482818604, 0.2745938301086426, 0.27902936935424805 
869, 16.549278259277344, 0.5653572082519531, 0.2748868465423584, 0.27628660202026367 
870, 16.558807373046875, 0.5657908916473389, 0.2748880386352539, 0.27691054344177246 
871, 16.568119049072266, 0.5683765411376953, 0.2736012935638428, 0.2807178497314453 
872, 16.577110290527344, 0.5668926239013672, 0.2743067741394043, 0.278486967086792 
873, 16.585975646972656, 0.5680334568023682, 0.2742025852203369, 0.2798631191253662 
874, 16.594627380371094, 0.5656075477600098, 0.27486753463745117, 0.27612996101379395 
875, 16.603116989135742, 0.5762720108032227, 0.27369022369384766, 0.2884025573730469 
876, 16.611522674560547, 0.5660841464996338, 0.27469563484191895, 0.2769958972930908 
877, 16.6195068359375, 0.5652925968170166, 0.2737085819244385, 0.27710509300231934 
878, 16.626930236816406, 0.6096196174621582, 0.2752704620361328, 0.2774789333343506 
879, 16.633949279785156, 0.5808846950531006, 0.2908010482788086, 0.2759559154510498 
880, 16.63949966430664, 0.5631623268127441, 0.2713310718536377, 0.27729225158691406 
881, 16.644554138183594, 0.6118133068084717, 0.318922758102417, 0.27753782272338867 
882, 16.649139404296875, 0.566763162612915, 0.2753579616546631, 0.27700161933898926 
883, 16.65323257446289, 0.5761840343475342, 0.2746865749359131, 0.2867116928100586 
884, 16.656810760498047, 0.5697529315948486, 0.274320125579834, 0.28015780448913574 
885, 16.659942626953125, 0.5653917789459229, 0.27312588691711426, 0.27843761444091797 
886, 16.662717819213867, 0.5657901763916016, 0.2742652893066406, 0.2772810459136963 
887, 16.665075302124023, 0.5660374164581299, 0.27439451217651367, 0.27727699279785156 
888, 16.667030334472656, 0.5659642219543457, 0.2734665870666504, 0.2779252529144287 
889, 16.668535232543945, 0.5646867752075195, 0.2735404968261719, 0.27708005905151367 
890, 16.669578552246094, 0.5680184364318848, 0.27587246894836426, 0.2772054672241211 
891, 16.67008399963379, 0.5677618980407715, 0.2744460105895996, 0.2788081169128418 
892, 16.669958114624023, 0.5655570030212402, 0.2745828628540039, 0.27660059928894043 
893, 16.66938018798828, 0.5624127388000488, 0.27353978157043457, 0.27492380142211914 
894, 16.668684005737305, 0.5679259300231934, 0.27471351623535156, 0.27863359451293945 
895, 16.66798210144043, 0.5664660930633545, 0.27536845207214355, 0.27673792839050293 
896, 16.667579650878906, 0.5661556720733643, 0.2745182514190674, 0.2761378288269043 
897, 16.66741943359375, 0.5636005401611328, 0.27308225631713867, 0.27651262283325195 
898, 16.667633056640625, 0.5595653057098389, 0.27234673500061035, 0.2731058597564697 
899, 16.66869354248047, 0.5599789619445801, 0.27239322662353516, 0.27338552474975586 
900, 16.670146942138672, 0.5578052997589111, 0.27070093154907227, 0.27269744873046875 
901, 16.671850204467773, 0.5598230361938477, 0.2728242874145508, 0.2728841304779053 
902, 16.673845291137695, 0.5599365234375, 0.2716100215911865, 0.2742159366607666 
903, 16.676097869873047, 0.5987303256988525, 0.2826411724090576, 0.30185770988464355 
904, 16.679243087768555, 0.5882019996643066, 0.2835876941680908, 0.29073214530944824 
905, 16.68231964111328, 0.5817172527313232, 0.28280091285705566, 0.28574323654174805 
906, 16.685087203979492, 0.5816538333892822, 0.28164076805114746, 0.28606534004211426 
907, 16.687772750854492, 0.5920958518981934, 0.2800474166870117, 0.29900550842285156 
908, 16.69058609008789, 0.5823087692260742, 0.2814018726348877, 0.2878074645996094 
909, 16.693340301513672, 0.5833604335784912, 0.2801339626312256, 0.29001641273498535 
910, 16.695960998535156, 0.5809509754180908, 0.28046083450317383, 0.2870924472808838 
911, 16.698291778564453, 0.5810704231262207, 0.2806828022003174, 0.2868642807006836 
912, 16.700300216674805, 0.5806691646575928, 0.2805159091949463, 0.28594446182250977 
913, 16.701950073242188, 0.5848855972290039, 0.2820291519165039, 0.2894580364227295 
914, 16.703392028808594, 0.5954351425170898, 0.2825503349304199, 0.2991147041320801 
915, 16.704626083374023, 0.5877776145935059, 0.2839343547821045, 0.289442777633667 
916, 16.705467224121094, 0.5841231346130371, 0.28210926055908203, 0.28792476654052734 
917, 16.706029891967773, 0.580841064453125, 0.28113722801208496, 0.286653995513916 
918, 16.706241607666016, 0.5817523002624512, 0.28183841705322266, 0.28664731979370117 
919, 16.706207275390625, 0.5820322036743164, 0.28106689453125, 0.2876698970794678 
920, 16.706165313720703, 0.5833940505981445, 0.28118109703063965, 0.2882533073425293 
921, 16.708349227905273, 0.5834128856658936, 0.2817573547363281, 0.2884402275085449 
922, 16.710628509521484, 0.5856900215148926, 0.2820923328399658, 0.28995466232299805 
923, 16.711074829101562, 0.5841798782348633, 0.2814297676086426, 0.2891855239868164 
924, 16.712257385253906, 0.5854744911193848, 0.2829010486602783, 0.28906679153442383 
925, 16.713634490966797, 0.5855817794799805, 0.2827942371368408, 0.28878307342529297 
926, 16.715087890625, 0.5932321548461914, 0.28101086616516113, 0.2985365390777588 
927, 16.716232299804688, 0.5838723182678223, 0.2815227508544922, 0.28812193870544434 
928, 16.717254638671875, 0.5816900730133057, 0.2806885242462158, 0.2877695560455322 
929, 16.718185424804688, 0.5845706462860107, 0.28195619583129883, 0.2890329360961914 
930, 16.718944549560547, 0.5852038860321045, 0.2819483280181885, 0.2893388271331787 
931, 16.719451904296875, 0.5845239162445068, 0.28096628189086914, 0.28957438468933105 
932, 16.719619750976562, 0.58380126953125, 0.28144335746765137, 0.28934812545776367 
933, 16.719860076904297, 0.7998650074005127, 0.28142547607421875, 0.2904801368713379 
934, 16.720144271850586, 0.61812424659729, 0.30986618995666504, 0.28867316246032715 
935, 16.72016143798828, 0.5885603427886963, 0.28595972061157227, 0.2886652946472168 
936, 16.71978759765625, 0.5850715637207031, 0.28121042251586914, 0.28987860679626465 
937, 16.718326568603516, 0.5906717777252197, 0.282747745513916, 0.28933143615722656 
938, 16.71636199951172, 0.5841190814971924, 0.281810998916626, 0.2881748676300049 
939, 16.713794708251953, 0.5843038558959961, 0.2809147834777832, 0.28925609588623047 
940, 16.71126365661621, 0.5857985019683838, 0.28108906745910645, 0.29078125953674316 
941, 16.708759307861328, 0.5827291011810303, 0.2804901599884033, 0.28814697265625 
942, 16.706375122070312, 0.5875210762023926, 0.28206753730773926, 0.2915668487548828 
943, 16.704086303710938, 0.5953607559204102, 0.2833747863769531, 0.29790639877319336 
944, 16.701953887939453, 0.5840206146240234, 0.2803041934967041, 0.28954005241394043 
945, 16.69965362548828, 0.6626434326171875, 0.28236913681030273, 0.313678503036499 
946, 16.69741439819336, 0.8131864070892334, 0.34552526473999023, 0.29042577743530273 
947, 16.695796966552734, 0.5966546535491943, 0.29074716567993164, 0.29200100898742676 
948, 16.69460105895996, 0.5910680294036865, 0.2841067314147949, 0.2904398441314697 
949, 16.69407081604004, 0.5964305400848389, 0.29137301445007324, 0.2911241054534912 
950, 16.694168090820312, 0.6114790439605713, 0.28368258476257324, 0.3139655590057373 
951, 16.69518280029297, 0.6171584129333496, 0.31086301803588867, 0.29123902320861816 
952, 16.697193145751953, 0.5821623802185059, 0.278975248336792, 0.28993940353393555 
953, 16.700359344482422, 0.577899694442749, 0.27872395515441895, 0.286121129989624 
954, 16.7044677734375, 0.5795042514801025, 0.2816030979156494, 0.2851734161376953 
955, 16.709213256835938, 0.5791130065917969, 0.2797555923461914, 0.28670716285705566 
956, 16.714839935302734, 0.5815179347991943, 0.2812521457672119, 0.2874774932861328 
957, 16.721969604492188, 0.5889644622802734, 0.2799723148345947, 0.29620838165283203 
958, 16.731136322021484, 0.5793373584747314, 0.2794654369354248, 0.2870910167694092 
959, 16.74110221862793, 0.579214334487915, 0.27919650077819824, 0.2872622013092041 
960, 16.751567840576172, 0.5808925628662109, 0.27999305725097656, 0.28822946548461914 
961, 16.76262092590332, 0.5810201168060303, 0.28052234649658203, 0.2877352237701416 
962, 16.7741641998291, 0.581221342086792, 0.2796468734741211, 0.28792452812194824 
963, 16.785137176513672, 0.5791568756103516, 0.27959227561950684, 0.2863903045654297 
964, 16.79607391357422, 0.5801916122436523, 0.2799949645996094, 0.2870180606842041 
965, 16.807575225830078, 0.5789241790771484, 0.28027868270874023, 0.28588318824768066 
966, 16.819713592529297, 0.5803968906402588, 0.2814483642578125, 0.2863631248474121 
967, 16.832555770874023, 0.579169750213623, 0.28044629096984863, 0.28616786003112793 
968, 16.84588050842285, 0.5789587497711182, 0.28035449981689453, 0.2859969139099121 
969, 16.859813690185547, 0.5853126049041748, 0.2865030765533447, 0.2861804962158203 
970, 16.874235153198242, 0.5805103778839111, 0.28113341331481934, 0.2856318950653076 
971, 16.889070510864258, 0.581038236618042, 0.281374454498291, 0.2870004177093506 
972, 16.904390335083008, 0.5805826187133789, 0.2808852195739746, 0.2870447635650635 
973, 16.92022705078125, 0.5878574848175049, 0.2801671028137207, 0.29493212699890137 
974, 16.93658447265625, 0.5793700218200684, 0.2807748317718506, 0.28592467308044434 
975, 16.95343589782715, 0.5822961330413818, 0.2813887596130371, 0.2875397205352783 
976, 16.970705032348633, 0.5801529884338379, 0.2811014652252197, 0.28618383407592773 
977, 16.988431930541992, 0.5799086093902588, 0.2804298400878906, 0.2860682010650635 
978, 17.006805419921875, 0.5800914764404297, 0.2802243232727051, 0.2870001792907715 
979, 17.02584457397461, 0.5796632766723633, 0.2801206111907959, 0.2868962287902832 
980, 17.045469284057617, 0.589677095413208, 0.280895471572876, 0.2951843738555908 
981, 17.065614700317383, 0.5803899765014648, 0.2806990146636963, 0.2869865894317627 
982, 17.08726692199707, 0.5781888961791992, 0.2786898612976074, 0.28684115409851074 
983, 17.109127044677734, 0.5785396099090576, 0.2799546718597412, 0.285280704498291 
984, 17.131145477294922, 0.5801589488983154, 0.2798118591308594, 0.2867157459259033 
985, 17.153560638427734, 0.578848123550415, 0.2802727222442627, 0.28560614585876465 
986, 17.176729202270508, 0.6084303855895996, 0.2791011333465576, 0.3030734062194824 
987, 17.200790405273438, 0.5803372859954834, 0.2804296016693115, 0.2863781452178955 
988, 17.22565460205078, 0.578742265701294, 0.280087947845459, 0.28524255752563477 
989, 17.251087188720703, 0.5788261890411377, 0.28027892112731934, 0.2856624126434326 
990, 17.277069091796875, 0.5765924453735352, 0.27826619148254395, 0.28563451766967773 
991, 17.303699493408203, 0.5782289505004883, 0.27962756156921387, 0.28580355644226074 
992, 17.331134796142578, 0.5771729946136475, 0.2783501148223877, 0.2859690189361572 
993, 17.35940933227539, 0.5787551403045654, 0.27959513664245605, 0.2863328456878662 
994, 17.388351440429688, 0.578758716583252, 0.2794792652130127, 0.2866685390472412 
995, 17.417999267578125, 0.5811102390289307, 0.28099727630615234, 0.28686094284057617 
996, 17.448211669921875, 0.6197197437286377, 0.28014540672302246, 0.28742504119873047 
997, 17.47908592224121, 0.658726692199707, 0.3364591598510742, 0.3090229034423828 
998, 17.51018524169922, 0.5845317840576172, 0.28092336654663086, 0.2897355556488037 
999, 17.541278839111328, 0.5785095691680908, 0.27913594245910645, 0.2867136001586914 
