Iteration, loss, time 
0, 1.7231899499893188, 0.6498589515686035, 0.3386871814727783, 0.2942924499511719 
1, 1.6672389507293701, 0.5655703544616699, 0.27541232109069824, 0.2761809825897217 
2, 1.6124638319015503, 0.5804312229156494, 0.27878379821777344, 0.2871205806732178 
3, 1.558922290802002, 0.5765628814697266, 0.28444433212280273, 0.27799153327941895 
4, 1.5066535472869873, 0.5718801021575928, 0.27999091148376465, 0.2776949405670166 
5, 1.4556989669799805, 0.5818619728088379, 0.27939271926879883, 0.28809452056884766 
6, 1.4060983657836914, 0.5660145282745361, 0.27457237243652344, 0.2769796848297119 
7, 1.357881784439087, 0.5725569725036621, 0.2820594310760498, 0.275942325592041 
8, 1.3110754489898682, 0.5698854923248291, 0.28050804138183594, 0.2752408981323242 
9, 1.2657051086425781, 0.5733647346496582, 0.27629947662353516, 0.2829766273498535 
10, 1.2217851877212524, 0.5723094940185547, 0.28110647201538086, 0.2765176296234131 
11, 1.1793267726898193, 0.5653560161590576, 0.274524450302124, 0.2764873504638672 
12, 1.1383399963378906, 0.5747532844543457, 0.28026294708251953, 0.28009462356567383 
13, 1.0988235473632812, 0.5676987171173096, 0.2792015075683594, 0.2742197513580322 
14, 1.0607751607894897, 0.5681748390197754, 0.27563977241516113, 0.27889180183410645 
15, 1.0241869688034058, 0.5818278789520264, 0.2828502655029297, 0.2844996452331543 
16, 0.9890463948249817, 0.5665898323059082, 0.2724759578704834, 0.2796132564544678 
17, 0.9553362131118774, 0.5796329975128174, 0.28346824645996094, 0.28179502487182617 
18, 0.9230355024337769, 0.5707864761352539, 0.2822690010070801, 0.27466392517089844 
19, 0.8921196460723877, 0.5713467597961426, 0.27677154541015625, 0.27977466583251953 
20, 0.8625600934028625, 0.5790174007415771, 0.28079819679260254, 0.2842388153076172 
21, 0.834326982498169, 0.5697638988494873, 0.2777986526489258, 0.2774484157562256 
22, 0.807384729385376, 0.5834236145019531, 0.281282901763916, 0.2877655029296875 
23, 0.7816985845565796, 0.5771963596343994, 0.280987024307251, 0.28138279914855957 
24, 0.7572305202484131, 0.5715165138244629, 0.27880001068115234, 0.2781503200531006 
25, 0.7339403629302979, 0.5804812908172607, 0.2829103469848633, 0.2833268642425537 
26, 0.7117888927459717, 0.5824346542358398, 0.28185415267944336, 0.2854340076446533 
27, 0.6907331943511963, 0.5934834480285645, 0.2876293659210205, 0.2907886505126953 
28, 0.6707327365875244, 0.5919320583343506, 0.29177284240722656, 0.28556299209594727 
29, 0.6512943506240845, 0.5813777446746826, 0.2794620990753174, 0.2870602607727051 
30, 0.6325610280036926, 0.5951964855194092, 0.28736400604248047, 0.293048620223999 
31, 0.6147841811180115, 0.5861434936523438, 0.28206539154052734, 0.2896244525909424 
32, 0.5979213714599609, 0.5993287563323975, 0.28642988204956055, 0.29796624183654785 
33, 0.5819335579872131, 0.5810415744781494, 0.28322720527648926, 0.2833540439605713 
34, 0.5669543743133545, 0.5820038318634033, 0.2805478572845459, 0.2867419719696045 
35, 0.552837073802948, 0.593278169631958, 0.2852630615234375, 0.2932107448577881 
36, 0.5394778251647949, 0.5775995254516602, 0.276153564453125, 0.28642797470092773 
37, 0.5268378853797913, 0.588576078414917, 0.2874937057495117, 0.2860527038574219 
38, 0.5148800611495972, 0.5828804969787598, 0.28871774673461914, 0.28121161460876465 
39, 0.5035688281059265, 0.5710911750793457, 0.27546143531799316, 0.2815732955932617 
40, 0.4928695559501648, 0.5738668441772461, 0.2764263153076172, 0.2827448844909668 
41, 0.4827495217323303, 0.5736725330352783, 0.2764120101928711, 0.2833678722381592 
42, 0.4731771647930145, 0.5890278816223145, 0.28062939643859863, 0.2935671806335449 
43, 0.46412235498428345, 0.5851161479949951, 0.28127050399780273, 0.28765320777893066 
44, 0.4555566608905792, 0.5722620487213135, 0.2757713794708252, 0.28212833404541016 
45, 0.44731587171554565, 0.5793642997741699, 0.2816731929779053, 0.28473591804504395 
46, 0.4387516379356384, 0.5851309299468994, 0.2782762050628662, 0.2918539047241211 
47, 0.430626779794693, 0.5910301208496094, 0.28253698348999023, 0.2930490970611572 
48, 0.42291635274887085, 0.5813157558441162, 0.28208446502685547, 0.2842421531677246 
49, 0.4155973196029663, 0.5891227722167969, 0.2831251621246338, 0.29096484184265137 
50, 0.408647745847702, 0.5817317962646484, 0.28069591522216797, 0.28670692443847656 
51, 0.4020466208457947, 0.5874297618865967, 0.27878594398498535, 0.2937896251678467 
52, 0.39570051431655884, 0.5915622711181641, 0.28649449348449707, 0.2901420593261719 
53, 0.38887858390808105, 0.5894272327423096, 0.28050875663757324, 0.2937188148498535 
54, 0.38182035088539124, 0.5878403186798096, 0.2789955139160156, 0.29412221908569336 
55, 0.3750889301300049, 0.5930664539337158, 0.28647518157958984, 0.2915031909942627 
56, 0.36866751313209534, 0.5853288173675537, 0.28004026412963867, 0.2903599739074707 
57, 0.36254024505615234, 0.587116003036499, 0.28104281425476074, 0.29088902473449707 
58, 0.35666602849960327, 0.5818758010864258, 0.2783012390136719, 0.2886347770690918 
59, 0.35101181268692017, 0.5854165554046631, 0.2832467555999756, 0.28740930557250977 
60, 0.34560757875442505, 0.5850889682769775, 0.2802004814147949, 0.28894495964050293 
61, 0.34044021368026733, 0.5919609069824219, 0.28215718269348145, 0.2951974868774414 
62, 0.33549806475639343, 0.5994088649749756, 0.2862992286682129, 0.29773902893066406 
63, 0.3301936089992523, 0.6025576591491699, 0.28853559494018555, 0.2989962100982666 
64, 0.3249453604221344, 0.5920002460479736, 0.28296637535095215, 0.29409146308898926 
65, 0.3199097216129303, 0.5986647605895996, 0.2905299663543701, 0.293048620223999 
66, 0.31507736444473267, 0.6038417816162109, 0.29199790954589844, 0.2969176769256592 
67, 0.3104393184185028, 0.5999836921691895, 0.2867579460144043, 0.29783153533935547 
68, 0.30601558089256287, 0.590717077255249, 0.28015899658203125, 0.2954976558685303 
69, 0.3021758496761322, 0.5989017486572266, 0.28850412368774414, 0.2955038547515869 
70, 0.2985522747039795, 0.620596170425415, 0.306751012802124, 0.2988576889038086 
71, 0.29506608843803406, 0.6021592617034912, 0.28884100914001465, 0.2974367141723633 
72, 0.291792094707489, 0.5970425605773926, 0.29317498207092285, 0.2896847724914551 
73, 0.2889347970485687, 0.5947537422180176, 0.2902841567993164, 0.29026365280151367 
74, 0.2860858738422394, 0.6031861305236816, 0.2926604747772217, 0.2959015369415283 
75, 0.2833457291126251, 0.5880138874053955, 0.2880234718322754, 0.28649044036865234 
76, 0.2807100713253021, 0.5896811485290527, 0.29172253608703613, 0.283719539642334 
77, 0.27813953161239624, 0.5956451892852783, 0.29215264320373535, 0.2896757125854492 
78, 0.2756345570087433, 0.5956335067749023, 0.28754115104675293, 0.2937133312225342 
79, 0.2732257843017578, 0.5914039611816406, 0.2893495559692383, 0.2887740135192871 
80, 0.2709101736545563, 0.590313196182251, 0.28875136375427246, 0.28786778450012207 
81, 0.2686834931373596, 0.5962669849395752, 0.29215359687805176, 0.29013609886169434 
82, 0.26653826236724854, 0.587069034576416, 0.2862727642059326, 0.2868235111236572 
83, 0.2644626796245575, 0.592963695526123, 0.29024410247802734, 0.2882864475250244 
84, 0.26246559619903564, 0.5906133651733398, 0.29202747344970703, 0.284426212310791 
85, 0.2605438232421875, 0.6001036167144775, 0.28776979446411133, 0.2985656261444092 
86, 0.25869449973106384, 0.5956816673278809, 0.2927405834197998, 0.28895068168640137 
87, 0.25691476464271545, 0.579460859298706, 0.2810497283935547, 0.28470563888549805 
88, 0.25520193576812744, 0.5984899997711182, 0.2905395030975342, 0.29287075996398926 
89, 0.253553569316864, 0.6056966781616211, 0.3005211353302002, 0.2890896797180176 
90, 0.251967191696167, 0.6117463111877441, 0.3023660182952881, 0.2948906421661377 
91, 0.2504406273365021, 0.5964958667755127, 0.29183506965637207, 0.2899594306945801 
92, 0.24898353219032288, 0.592045783996582, 0.29003429412841797, 0.2878286838531494 
93, 0.2476186752319336, 0.5897436141967773, 0.289262056350708, 0.28645849227905273 
94, 0.24632415175437927, 0.5927028656005859, 0.28667545318603516, 0.28975534439086914 
95, 0.2451878935098648, 0.6029729843139648, 0.29262781143188477, 0.2971210479736328 
96, 0.2444104105234146, 0.607208251953125, 0.2901957035064697, 0.3024251461029053 
97, 0.24366703629493713, 0.645770788192749, 0.30628466606140137, 0.3245518207550049 
98, 0.24291983246803284, 0.6111400127410889, 0.2939908504486084, 0.30219459533691406 
99, 0.2422027885913849, 0.7413089275360107, 0.3082764148712158, 0.29718804359436035 
100, 0.2416597604751587, 0.6160256862640381, 0.3019835948944092, 0.2993016242980957 
101, 0.24120774865150452, 0.6200542449951172, 0.29113149642944336, 0.3140685558319092 
102, 0.24078261852264404, 0.6187584400177002, 0.2984488010406494, 0.3060486316680908 
103, 0.24035301804542542, 0.6170485019683838, 0.293393611907959, 0.30817079544067383 
104, 0.23986417055130005, 0.6215519905090332, 0.30341076850891113, 0.3036961555480957 
105, 0.23938846588134766, 0.6142268180847168, 0.29248642921447754, 0.3066122531890869 
106, 0.23898832499980927, 0.6146433353424072, 0.29412412643432617, 0.30576014518737793 
107, 0.23867319524288177, 0.6125645637512207, 0.3006930351257324, 0.29805612564086914 
108, 0.2383802831172943, 0.616457462310791, 0.29204630851745605, 0.30956125259399414 
109, 0.2381085902452469, 0.6314268112182617, 0.3060119152069092, 0.3114278316497803 
110, 0.23785735666751862, 0.6017105579376221, 0.2903788089752197, 0.2965881824493408 
111, 0.23762565851211548, 0.6046621799468994, 0.2907378673553467, 0.29880213737487793 
112, 0.23732946813106537, 0.6308424472808838, 0.29360508918762207, 0.29952359199523926 
113, 0.23694375157356262, 0.6382699012756348, 0.31311917304992676, 0.31028008460998535 
114, 0.23657900094985962, 0.6049141883850098, 0.2940504550933838, 0.2964472770690918 
115, 0.23611825704574585, 0.6057195663452148, 0.28804564476013184, 0.30319952964782715 
116, 0.23566393554210663, 0.6306149959564209, 0.31006789207458496, 0.3055708408355713 
117, 0.23522524535655975, 0.6312849521636963, 0.3088240623474121, 0.3076443672180176 
118, 0.23480460047721863, 0.6337494850158691, 0.3096432685852051, 0.3094305992126465 
119, 0.23433904349803925, 0.6206858158111572, 0.30159473419189453, 0.3044297695159912 
120, 0.23372399806976318, 0.6446049213409424, 0.31508612632751465, 0.3144817352294922 
121, 0.2331034243106842, 0.6278824806213379, 0.3084681034088135, 0.3045065402984619 
122, 0.23250336945056915, 0.6503798961639404, 0.30338191986083984, 0.3224616050720215 
123, 0.23190462589263916, 0.6281716823577881, 0.30961060523986816, 0.3044736385345459 
124, 0.23132386803627014, 0.6240870952606201, 0.3039841651916504, 0.3050076961517334 
125, 0.23076200485229492, 0.6323621273040771, 0.30820727348327637, 0.3096630573272705 
126, 0.2303813397884369, 0.624319314956665, 0.29827284812927246, 0.3109445571899414 
127, 0.2301039695739746, 0.6328232288360596, 0.3087158203125, 0.3096482753753662 
128, 0.2298857867717743, 0.6204953193664551, 0.3074171543121338, 0.2985517978668213 
129, 0.22968219220638275, 0.6328094005584717, 0.30749940872192383, 0.3103013038635254 
130, 0.22921568155288696, 0.6356842517852783, 0.31081199645996094, 0.3105299472808838 
131, 0.22870813310146332, 0.6406691074371338, 0.30663132667541504, 0.31977415084838867 
132, 0.2282111793756485, 0.6580817699432373, 0.3170599937438965, 0.32562255859375 
133, 0.22773246467113495, 0.6388390064239502, 0.3079354763031006, 0.316145658493042 
134, 0.22727137804031372, 0.638916015625, 0.3108499050140381, 0.3131723403930664 
135, 0.22682760655879974, 0.6333298683166504, 0.30542588233947754, 0.31329774856567383 
136, 0.226400688290596, 0.649533748626709, 0.3196554183959961, 0.3143467903137207 
137, 0.22599031031131744, 0.6392014026641846, 0.3116152286529541, 0.3130626678466797 
138, 0.22559599578380585, 0.6383218765258789, 0.30510544776916504, 0.31589436531066895 
139, 0.2252115160226822, 0.6467678546905518, 0.32560133934020996, 0.30757999420166016 
140, 0.2245544195175171, 0.6318356990814209, 0.3036363124847412, 0.31377339363098145 
141, 0.22391356527805328, 0.637810468673706, 0.3113884925842285, 0.3123133182525635 
142, 0.22328835725784302, 0.6216781139373779, 0.30263686180114746, 0.30451345443725586 
143, 0.22267869114875793, 0.6253552436828613, 0.3053584098815918, 0.30571699142456055 
144, 0.2220841646194458, 0.6178267002105713, 0.301210880279541, 0.30291080474853516 
145, 0.22150453925132751, 0.6368100643157959, 0.3101620674133301, 0.31240391731262207 
146, 0.22093960642814636, 0.6311712265014648, 0.3039400577545166, 0.31252455711364746 
147, 0.2203913778066635, 0.6491758823394775, 0.316237211227417, 0.3185896873474121 
148, 0.2198551893234253, 0.6406879425048828, 0.32191014289855957, 0.3046731948852539 
149, 0.21933290362358093, 0.6542332172393799, 0.3210713863372803, 0.31748032569885254 
150, 0.21872082352638245, 0.6450858116149902, 0.31894469261169434, 0.3122856616973877 
151, 0.21797776222229004, 0.7956616878509521, 0.31012463569641113, 0.32564759254455566 
152, 0.21715784072875977, 0.6620237827301025, 0.33399105072021484, 0.3143317699432373 
153, 0.21634256839752197, 0.6510603427886963, 0.3184642791748047, 0.31740379333496094 
154, 0.21548721194267273, 0.6620156764984131, 0.3285403251647949, 0.319197416305542 
155, 0.21463030576705933, 0.6562063694000244, 0.32395315170288086, 0.31760311126708984 
156, 0.2137899398803711, 0.6486549377441406, 0.3117227554321289, 0.32239627838134766 
157, 0.21296699345111847, 0.6501650810241699, 0.31960105895996094, 0.3161654472351074 
158, 0.21217913925647736, 0.6519415378570557, 0.3294520378112793, 0.307462215423584 
159, 0.21138018369674683, 0.6492986679077148, 0.317551851272583, 0.3173511028289795 
160, 0.2105863392353058, 0.6448748111724854, 0.3232383728027344, 0.3069767951965332 
161, 0.2098074108362198, 0.6347999572753906, 0.31613683700561523, 0.30409932136535645 
162, 0.20904316008090973, 0.6604540348052979, 0.3155069351196289, 0.3294706344604492 
163, 0.20829340815544128, 0.6734011173248291, 0.33174657821655273, 0.3257443904876709 
164, 0.20757223665714264, 0.7482757568359375, 0.33045077323913574, 0.34995198249816895 
165, 0.20688924193382263, 0.6766407489776611, 0.345012903213501, 0.3172309398651123 
166, 0.20622923970222473, 0.6988532543182373, 0.36405324935913086, 0.31983017921447754 
167, 0.20548918843269348, 0.7130334377288818, 0.373091459274292, 0.3252604007720947 
168, 0.20471985638141632, 0.7312939167022705, 0.38167691230773926, 0.3336794376373291 
169, 0.20396441221237183, 0.7345645427703857, 0.3863213062286377, 0.33361148834228516 
170, 0.20322269201278687, 0.735619306564331, 0.37296032905578613, 0.33638596534729004 
171, 0.20255646109580994, 0.7372441291809082, 0.3865954875946045, 0.3351624011993408 
172, 0.20191466808319092, 0.7264351844787598, 0.3823726177215576, 0.32861876487731934 
173, 0.20128527283668518, 0.7371218204498291, 0.385239839553833, 0.3365037441253662 
174, 0.20066791772842407, 0.7313492298126221, 0.3912162780761719, 0.32500624656677246 
175, 0.20006249845027924, 0.7332732677459717, 0.389143705368042, 0.3288571834564209 
176, 0.1994689255952835, 0.7178494930267334, 0.3849465847015381, 0.3179655075073242 
177, 0.1988871544599533, 0.7223844528198242, 0.3791770935058594, 0.328035831451416 
178, 0.198316752910614, 0.7321243286132812, 0.3851735591888428, 0.33180713653564453 
179, 0.19775789976119995, 0.7191445827484131, 0.3770639896392822, 0.3271808624267578 
180, 0.1972101926803589, 0.7279684543609619, 0.38561344146728516, 0.327085018157959 
181, 0.19667348265647888, 0.7310314178466797, 0.3837554454803467, 0.33225059509277344 
182, 0.19614778459072113, 0.7293136119842529, 0.38493776321411133, 0.3295259475708008 
183, 0.1956329047679901, 0.7492992877960205, 0.39643001556396484, 0.3361949920654297 
184, 0.19512861967086792, 0.7103283405303955, 0.37925219535827637, 0.3169074058532715 
185, 0.19463573396205902, 0.7096688747406006, 0.36465907096862793, 0.33022403717041016 
186, 0.1941547989845276, 0.7106196880340576, 0.36958932876586914, 0.32596397399902344 
187, 0.19368401169776917, 0.7268009185791016, 0.3805067539215088, 0.33094024658203125 
188, 0.19322316348552704, 0.7146220207214355, 0.37558603286743164, 0.3247108459472656 
189, 0.19277217984199524, 0.7126021385192871, 0.37223076820373535, 0.32550525665283203 
190, 0.19233092665672302, 0.7224466800689697, 0.3755524158477783, 0.33312463760375977 
191, 0.19189909100532532, 0.713024377822876, 0.37276434898376465, 0.3252084255218506 
192, 0.19147661328315735, 0.7291152477264404, 0.38024115562438965, 0.33330655097961426 
193, 0.19103609025478363, 0.7207202911376953, 0.3769543170928955, 0.3286607265472412 
194, 0.19055326282978058, 0.7260067462921143, 0.3782379627227783, 0.3328888416290283 
195, 0.19003531336784363, 0.7236497402191162, 0.37552309036254883, 0.3334646224975586 
196, 0.18948842585086823, 0.7417426109313965, 0.3890502452850342, 0.3376023769378662 
197, 0.18891844153404236, 0.7532134056091309, 0.3787848949432373, 0.3566601276397705 
198, 0.18835023045539856, 0.7741532325744629, 0.4127655029296875, 0.3452310562133789 
199, 0.1877930462360382, 0.7411165237426758, 0.3870670795440674, 0.337726354598999 
200, 0.18723773956298828, 0.7547154426574707, 0.3906822204589844, 0.3475925922393799 
201, 0.18672150373458862, 0.7657947540283203, 0.40224623680114746, 0.3473477363586426 
202, 0.18622851371765137, 0.7549068927764893, 0.39197397232055664, 0.3469126224517822 
203, 0.1857457458972931, 0.7495598793029785, 0.38805317878723145, 0.3460984230041504 
204, 0.18527302145957947, 0.7428491115570068, 0.3816545009613037, 0.3456895351409912 
205, 0.18481019139289856, 0.7498414516448975, 0.38617539405822754, 0.3481628894805908 
206, 0.1843568980693817, 0.7394499778747559, 0.3886590003967285, 0.33561110496520996 
207, 0.18391317129135132, 0.7571685314178467, 0.39809417724609375, 0.3435392379760742 
208, 0.1834787130355835, 0.7437875270843506, 0.39353346824645996, 0.3346831798553467 
209, 0.18305346369743347, 0.7490901947021484, 0.3921973705291748, 0.3419640064239502 
210, 0.18263722956180573, 0.7625491619110107, 0.39728784561157227, 0.3493797779083252 
211, 0.18222978711128235, 0.7417206764221191, 0.3847341537475586, 0.3419976234436035 
212, 0.1818310022354126, 0.7531685829162598, 0.3936147689819336, 0.34536266326904297 
213, 0.1814408302307129, 0.743459939956665, 0.3827946186065674, 0.34536051750183105 
214, 0.18105903267860413, 0.7509870529174805, 0.3898282051086426, 0.3459756374359131 
215, 0.18068546056747437, 0.7417523860931396, 0.38622021675109863, 0.33966636657714844 
216, 0.18032002449035645, 0.7531001567840576, 0.39409732818603516, 0.34369540214538574 
217, 0.17996254563331604, 0.7332563400268555, 0.38576459884643555, 0.33240175247192383 
218, 0.17961925268173218, 0.7450509071350098, 0.3901963233947754, 0.33927345275878906 
219, 0.17929776012897491, 0.7453887462615967, 0.3894505500793457, 0.33895111083984375 
220, 0.17898374795913696, 0.755847692489624, 0.3952012062072754, 0.3445394039154053 
221, 0.17867708206176758, 0.7517271041870117, 0.38823819160461426, 0.3481440544128418 
222, 0.17837750911712646, 0.74359130859375, 0.38625669479370117, 0.34128880500793457 
223, 0.17809131741523743, 0.7621026039123535, 0.39678263664245605, 0.3478405475616455 
224, 0.1778174489736557, 0.7565178871154785, 0.3936197757720947, 0.34679412841796875 
225, 0.17755034565925598, 0.7504212856292725, 0.3955574035644531, 0.3393113613128662 
226, 0.17728981375694275, 0.7665205001831055, 0.3977620601654053, 0.3505210876464844 
227, 0.17703573405742645, 0.761643648147583, 0.39702630043029785, 0.34884095191955566 
228, 0.17678794264793396, 0.747917890548706, 0.3815581798553467, 0.35071825981140137 
229, 0.17660143971443176, 0.754150390625, 0.3920464515686035, 0.34658360481262207 
230, 0.17643968760967255, 0.7499685287475586, 0.38848137855529785, 0.34589195251464844 
231, 0.17628327012062073, 0.7590765953063965, 0.3982260227203369, 0.34484314918518066 
232, 0.1761319786310196, 0.7498421669006348, 0.3925175666809082, 0.3417789936065674 
233, 0.1759856790304184, 0.7476346492767334, 0.3870058059692383, 0.345566987991333 
234, 0.17584429681301117, 0.7492074966430664, 0.38161158561706543, 0.35169053077697754 
235, 0.17570775747299194, 0.7551259994506836, 0.39259862899780273, 0.3465697765350342 
236, 0.17556193470954895, 0.7056031227111816, 0.3299987316131592, 0.34215474128723145 
237, 0.17543546855449677, 0.6971235275268555, 0.33425378799438477, 0.3446826934814453 
238, 0.1753135323524475, 0.6908314228057861, 0.32926082611083984, 0.34550046920776367 
239, 0.17519602179527283, 0.7085425853729248, 0.33572816848754883, 0.35727810859680176 
240, 0.17508289217948914, 0.6693847179412842, 0.3301730155944824, 0.3245084285736084 
241, 0.17497402429580688, 0.6810266971588135, 0.33288121223449707, 0.333176851272583 
242, 0.17486928403377533, 0.684701681137085, 0.33936023712158203, 0.33034610748291016 
243, 0.17476873099803925, 0.6882908344268799, 0.32790422439575195, 0.3451240062713623 
244, 0.17467215657234192, 0.6828732490539551, 0.3287336826324463, 0.3387329578399658 
245, 0.17457959055900574, 0.6689591407775879, 0.32178735733032227, 0.33225202560424805 
246, 0.174490824341774, 0.6858866214752197, 0.3319098949432373, 0.3386514186859131 
247, 0.17440590262413025, 0.6767487525939941, 0.32854700088500977, 0.3335549831390381 
248, 0.17432476580142975, 0.6995449066162109, 0.3329153060913086, 0.34896349906921387 
249, 0.17424723505973816, 0.6833033561706543, 0.3297922611236572, 0.33818507194519043 
250, 0.17417341470718384, 0.6920197010040283, 0.3356964588165283, 0.3403501510620117 
251, 0.17410308122634888, 0.6915702819824219, 0.3383805751800537, 0.33794665336608887 
252, 0.1740354299545288, 0.7077169418334961, 0.33976149559020996, 0.35227298736572266 
253, 0.1739712506532669, 0.7492904663085938, 0.3365776538848877, 0.34946680068969727 
254, 0.17391031980514526, 0.6791648864746094, 0.33799004554748535, 0.32509350776672363 
255, 0.1738528162240982, 0.6616899967193604, 0.31992125511169434, 0.32544898986816406 
256, 0.17379847168922424, 0.6527092456817627, 0.3163332939147949, 0.32082676887512207 
257, 0.17374733090400696, 0.6609981060028076, 0.3198723793029785, 0.3253617286682129 
258, 0.17369931936264038, 0.6556134223937988, 0.32251572608947754, 0.3179502487182617 
259, 0.17365436255931854, 0.6487612724304199, 0.3141317367553711, 0.3200230598449707 
260, 0.17361240088939667, 0.6497511863708496, 0.31502723693847656, 0.3204526901245117 
261, 0.17357340455055237, 0.6455204486846924, 0.30611681938171387, 0.3239870071411133 
262, 0.17353737354278564, 0.6453971862792969, 0.3127720355987549, 0.3168191909790039 
263, 0.17350412905216217, 0.6382942199707031, 0.30707240104675293, 0.3165261745452881 
264, 0.17347368597984314, 0.6454629898071289, 0.3118715286254883, 0.31868696212768555 
265, 0.17344598472118378, 0.6309609413146973, 0.3067619800567627, 0.3099207878112793 
266, 0.1734209656715393, 0.6422948837280273, 0.311983585357666, 0.31560301780700684 
267, 0.17339862883090973, 0.641284704208374, 0.3136634826660156, 0.3118152618408203 
268, 0.1733788549900055, 0.637725830078125, 0.3078348636627197, 0.3155710697174072 
269, 0.17336168885231018, 0.636061429977417, 0.30637216567993164, 0.3143632411956787 
270, 0.17334695160388947, 0.6440334320068359, 0.30972933769226074, 0.3188457489013672 
271, 0.17333465814590454, 0.6536931991577148, 0.3158690929412842, 0.32276368141174316 
272, 0.17332486808300018, 0.6386134624481201, 0.307537317276001, 0.31609058380126953 
273, 0.17330563068389893, 0.6371614933013916, 0.2993345260620117, 0.32253050804138184 
274, 0.17330113053321838, 0.6309707164764404, 0.30375027656555176, 0.31227970123291016 
275, 0.17329886555671692, 0.6476502418518066, 0.30428552627563477, 0.32773590087890625 
276, 0.17329877614974976, 0.6404201984405518, 0.30182600021362305, 0.3220534324645996 
277, 0.17330089211463928, 0.6289165019989014, 0.29816722869873047, 0.3155841827392578 
278, 0.17330515384674072, 0.6547582149505615, 0.3099954128265381, 0.32746076583862305 
279, 0.17331142723560333, 0.6452910900115967, 0.30774998664855957, 0.3218977451324463 
280, 0.1733197271823883, 0.6455698013305664, 0.30721545219421387, 0.3225440979003906 
281, 0.17333006858825684, 0.6510329246520996, 0.30866360664367676, 0.32248401641845703 
282, 0.17334243655204773, 0.6474494934082031, 0.303680419921875, 0.3281726837158203 
283, 0.17335662245750427, 0.649219274520874, 0.3049471378326416, 0.32878589630126953 
284, 0.1733727604150772, 0.7540919780731201, 0.30344343185424805, 0.3259437084197998 
285, 0.17338153719902039, 0.6716289520263672, 0.327869176864624, 0.3277246952056885 
286, 0.17340120673179626, 0.6616251468658447, 0.31489992141723633, 0.33104586601257324 
287, 0.17342251539230347, 0.6416704654693604, 0.30231380462646484, 0.3235464096069336 
288, 0.17344607412815094, 0.6472229957580566, 0.30307674407958984, 0.32787275314331055 
289, 0.17347118258476257, 0.6595699787139893, 0.3029637336730957, 0.3304905891418457 
290, 0.17349791526794434, 0.6613702774047852, 0.30977511405944824, 0.3344898223876953 
291, 0.17352613806724548, 0.6500973701477051, 0.31475114822387695, 0.31954360008239746 
292, 0.17355597019195557, 0.643988847732544, 0.30228495597839355, 0.32344484329223633 
293, 0.17358720302581787, 0.6690018177032471, 0.3104879856109619, 0.3419055938720703 
294, 0.17361998558044434, 0.6456344127655029, 0.30065202713012695, 0.3292200565338135 
295, 0.17365410923957825, 0.6509807109832764, 0.31513047218322754, 0.3205301761627197 
296, 0.17368966341018677, 0.6388940811157227, 0.30171918869018555, 0.3214607238769531 
297, 0.17372658848762512, 0.6511526107788086, 0.30340027809143066, 0.3323490619659424 
298, 0.1737648844718933, 0.6430048942565918, 0.30844616889953613, 0.316758394241333 
299, 0.17380447685718536, 0.6307003498077393, 0.2980620861053467, 0.3168046474456787 
300, 0.17384542524814606, 0.6323397159576416, 0.2978322505950928, 0.3191409111022949 
301, 0.17388756573200226, 0.627981424331665, 0.2991166114807129, 0.3130359649658203 
302, 0.17393210530281067, 0.6351854801177979, 0.3038451671600342, 0.3162674903869629 
303, 0.17399296164512634, 0.6267750263214111, 0.2982063293457031, 0.3140716552734375 
304, 0.17401869595050812, 0.6284694671630859, 0.29445385932922363, 0.3188457489013672 
305, 0.1740453541278839, 0.6360282897949219, 0.3003969192504883, 0.32090020179748535 
306, 0.17407292127609253, 0.6260926723480225, 0.2963852882385254, 0.31446218490600586 
307, 0.1741015762090683, 0.627626895904541, 0.2942535877227783, 0.3180420398712158 
308, 0.17413495481014252, 0.6253907680511475, 0.29744482040405273, 0.3129863739013672 
309, 0.1741795837879181, 0.6313223838806152, 0.30204296112060547, 0.3148336410522461 
310, 0.1742250919342041, 0.6214470863342285, 0.2966015338897705, 0.3102078437805176 
311, 0.17427130043506622, 0.6320765018463135, 0.2932617664337158, 0.32285618782043457 
312, 0.17431843280792236, 0.6317105293273926, 0.30297350883483887, 0.314014196395874 
313, 0.174366295337677, 0.6316344738006592, 0.2956728935241699, 0.32010984420776367 
314, 0.17441490292549133, 0.6483402252197266, 0.30826497077941895, 0.3245570659637451 
315, 0.17446428537368774, 0.63480544090271, 0.3042182922363281, 0.31525635719299316 
316, 0.17451438307762146, 0.6435000896453857, 0.30362892150878906, 0.32439088821411133 
317, 0.17456519603729248, 0.6452393531799316, 0.3036041259765625, 0.32512545585632324 
318, 0.17461666464805603, 0.6477994918823242, 0.304279088973999, 0.3273799419403076 
319, 0.17466887831687927, 0.6502916812896729, 0.3103301525115967, 0.3244907855987549 
320, 0.17472171783447266, 0.6442468166351318, 0.3040487766265869, 0.324307918548584 
321, 0.17477522790431976, 0.6409146785736084, 0.3019733428955078, 0.3228883743286133 
322, 0.17482927441596985, 0.6499850749969482, 0.3096311092376709, 0.32485294342041016 
323, 0.17488400638103485, 0.6489048004150391, 0.30423879623413086, 0.32630062103271484 
324, 0.174928218126297, 0.6581227779388428, 0.30315446853637695, 0.3391530513763428 
325, 0.17496132850646973, 0.6386120319366455, 0.30588722229003906, 0.31598520278930664 
326, 0.1749839186668396, 0.6227080821990967, 0.289170503616333, 0.3181750774383545 
327, 0.17501893639564514, 0.6284191608428955, 0.29140591621398926, 0.32048964500427246 
328, 0.17505472898483276, 0.624884843826294, 0.2857828140258789, 0.32146477699279785 
329, 0.17509113252162933, 0.6291022300720215, 0.2914316654205322, 0.3199648857116699 
330, 0.17512817680835724, 0.6126763820648193, 0.28324055671691895, 0.31433987617492676 
331, 0.17516590654850006, 0.6267495155334473, 0.2830960750579834, 0.3286118507385254 
332, 0.17520415782928467, 0.6166009902954102, 0.293454647064209, 0.3082315921783447 
333, 0.1752437949180603, 0.722893238067627, 0.28031373023986816, 0.3167397975921631 
334, 0.17528365552425385, 0.6288928985595703, 0.292095422744751, 0.321519136428833 
335, 0.17532403767108917, 0.6103544235229492, 0.2815968990325928, 0.31398510932922363 
336, 0.17536480724811554, 0.6143743991851807, 0.28714442253112793, 0.312913179397583 
337, 0.17540615797042847, 0.6184654235839844, 0.2805061340332031, 0.31209301948547363 
338, 0.17544804513454437, 0.6153299808502197, 0.28032803535461426, 0.32004284858703613 
339, 0.17549055814743042, 0.6226608753204346, 0.29233765602111816, 0.31565356254577637 
340, 0.17553693056106567, 0.6215806007385254, 0.28400135040283203, 0.3220384120941162 
341, 0.1755865216255188, 0.612511157989502, 0.28102684020996094, 0.31685733795166016 
342, 0.17563657462596893, 0.6175987720489502, 0.28038525581359863, 0.3212099075317383 
343, 0.17568707466125488, 0.6296141147613525, 0.295198917388916, 0.31967592239379883 
344, 0.17573805153369904, 0.6087133884429932, 0.28281569480895996, 0.31086206436157227 
345, 0.17578943073749542, 0.6606447696685791, 0.28124499320983887, 0.32102441787719727 
346, 0.17584121227264404, 0.650172233581543, 0.3085324764251709, 0.3254106044769287 
347, 0.17589345574378967, 0.6254057884216309, 0.2862563133239746, 0.32341933250427246 
348, 0.17594614624977112, 0.6305530071258545, 0.29337549209594727, 0.3218855857849121 
349, 0.17599913477897644, 0.623058557510376, 0.28957176208496094, 0.31775426864624023 
350, 0.176052525639534, 0.6286993026733398, 0.28909754753112793, 0.3242347240447998 
351, 0.17610634863376617, 0.6344168186187744, 0.2898745536804199, 0.3279857635498047 
352, 0.17616046965122223, 0.6386642456054688, 0.2965075969696045, 0.32550787925720215 
353, 0.17621494829654694, 0.6369774341583252, 0.29331326484680176, 0.3281290531158447 
354, 0.1762697398662567, 0.6375274658203125, 0.29361939430236816, 0.32816314697265625 
355, 0.17632490396499634, 0.6394565105438232, 0.2907378673553467, 0.3312067985534668 
356, 0.17638039588928223, 0.6461789608001709, 0.29694104194641113, 0.3333866596221924 
357, 0.1764361560344696, 0.641817569732666, 0.29496121406555176, 0.3310813903808594 
358, 0.17649218440055847, 0.6446900367736816, 0.3015272617340088, 0.32681965827941895 
359, 0.17654851078987122, 0.6324138641357422, 0.29465818405151367, 0.32226014137268066 
360, 0.1766051948070526, 0.6267318725585938, 0.28733062744140625, 0.3236837387084961 
361, 0.17666208744049072, 0.6365258693695068, 0.29259681701660156, 0.32778143882751465 
362, 0.17671909928321838, 0.6269385814666748, 0.2878274917602539, 0.3227059841156006 
363, 0.17677658796310425, 0.6394567489624023, 0.2959709167480469, 0.3274519443511963 
364, 0.17683422565460205, 0.6299731731414795, 0.2919950485229492, 0.32242846488952637 
365, 0.17689210176467896, 0.6273953914642334, 0.28466367721557617, 0.32741212844848633 
366, 0.1769501268863678, 0.6286790370941162, 0.29218482971191406, 0.32114458084106445 
367, 0.17700845003128052, 0.6175808906555176, 0.28400659561157227, 0.3182666301727295 
368, 0.17706695199012756, 0.6305654048919678, 0.2904365062713623, 0.32489991188049316 
369, 0.17712566256523132, 0.6245675086975098, 0.29114556312561035, 0.3181877136230469 
370, 0.17718452215194702, 0.621506929397583, 0.28531527519226074, 0.32111692428588867 
371, 0.17724363505840302, 0.6238794326782227, 0.2842414379119873, 0.3242504596710205 
372, 0.17730283737182617, 0.615696907043457, 0.282360315322876, 0.31774353981018066 
373, 0.17736218869686127, 0.6508891582489014, 0.31446099281311035, 0.3185083866119385 
374, 0.17742182314395905, 0.6174499988555908, 0.286710262298584, 0.31500792503356934 
375, 0.1774815022945404, 0.6216902732849121, 0.2831718921661377, 0.3235347270965576 
376, 0.1775413453578949, 0.6181674003601074, 0.2870066165924072, 0.31623220443725586 
377, 0.17760136723518372, 0.6134672164916992, 0.27918529510498047, 0.3189404010772705 
378, 0.1776614785194397, 0.6210699081420898, 0.28690576553344727, 0.319108247756958 
379, 0.17772173881530762, 0.6156420707702637, 0.2916898727416992, 0.3099517822265625 
380, 0.1777821183204651, 0.6145622730255127, 0.27988219261169434, 0.32027530670166016 
381, 0.17785179615020752, 0.615856409072876, 0.2850186824798584, 0.31412339210510254 
382, 0.17792227864265442, 0.6251125335693359, 0.28214478492736816, 0.3275184631347656 
383, 0.17799285054206848, 0.6206221580505371, 0.2849864959716797, 0.3195939064025879 
384, 0.1780635118484497, 0.6208117008209229, 0.2855250835418701, 0.3193650245666504 
385, 0.17814385890960693, 0.6218762397766113, 0.2855260372161865, 0.3209042549133301 
386, 0.17823973298072815, 0.6214790344238281, 0.28613734245300293, 0.3198096752166748 
387, 0.17833548784255981, 0.6251375675201416, 0.2863287925720215, 0.3234860897064209 
388, 0.17843101918697357, 0.6235334873199463, 0.2834031581878662, 0.3244919776916504 
389, 0.17852649092674255, 0.6269795894622803, 0.2882058620452881, 0.323122501373291 
390, 0.17862169444561005, 0.629906177520752, 0.2901012897491455, 0.32479429244995117 
391, 0.1787167340517044, 0.6275098323822021, 0.28763651847839355, 0.324321985244751 
392, 0.17881172895431519, 0.6237533092498779, 0.28528523445129395, 0.3236560821533203 
393, 0.17890658974647522, 0.6235907077789307, 0.2828245162963867, 0.3255033493041992 
394, 0.1790025681257248, 0.6181275844573975, 0.28455209732055664, 0.31706786155700684 
395, 0.17909836769104004, 0.6577062606811523, 0.2940378189086914, 0.3460524082183838 
396, 0.17919406294822693, 0.622424840927124, 0.29044342041015625, 0.31717371940612793 
397, 0.1792895346879959, 0.614487886428833, 0.28200578689575195, 0.3172309398651123 
398, 0.17938485741615295, 0.6273629665374756, 0.2869601249694824, 0.3241126537322998 
399, 0.17948010563850403, 0.6244359016418457, 0.2895684242248535, 0.3189122676849365 
400, 0.17957518994808197, 0.6378188133239746, 0.28677821159362793, 0.3359558582305908 
401, 0.17967002093791962, 0.6184005737304688, 0.2865457534790039, 0.3168816566467285 
402, 0.17976471781730652, 0.6162557601928711, 0.28087878227233887, 0.3203425407409668 
403, 0.17985931038856506, 0.6279489994049072, 0.2885768413543701, 0.3243708610534668 
404, 0.1799536794424057, 0.618170976638794, 0.2859222888946533, 0.317852258682251 
405, 0.1800478994846344, 0.6187238693237305, 0.28348326683044434, 0.32036399841308594 
406, 0.18014195561408997, 0.6155736446380615, 0.28206491470336914, 0.3188948631286621 
407, 0.1802358329296112, 0.6270086765289307, 0.28603696823120117, 0.3232393264770508 
408, 0.18032953143119812, 0.6356260776519775, 0.2924787998199463, 0.327423095703125 
409, 0.18042311072349548, 0.6240224838256836, 0.289623498916626, 0.3182344436645508 
410, 0.18051522970199585, 0.6286771297454834, 0.2851099967956543, 0.328122615814209 
411, 0.18060141801834106, 0.6385469436645508, 0.29698848724365234, 0.32399868965148926 
412, 0.1806875765323639, 0.6714231967926025, 0.2871556282043457, 0.3324005603790283 
413, 0.18077346682548523, 0.6605422496795654, 0.30614137649536133, 0.33791160583496094 
414, 0.1808592677116394, 0.6317963600158691, 0.290083646774292, 0.32484912872314453 
415, 0.18094488978385925, 0.6438825130462646, 0.2959175109863281, 0.33188891410827637 
416, 0.1810307502746582, 0.6500043869018555, 0.29656410217285156, 0.33588147163391113 
417, 0.1811213195323944, 0.6445889472961426, 0.2970864772796631, 0.33150148391723633 
418, 0.18121196329593658, 0.6459352970123291, 0.29515719413757324, 0.332169771194458 
419, 0.18130233883857727, 0.6358175277709961, 0.29265713691711426, 0.32736754417419434 
420, 0.1813925802707672, 0.6332125663757324, 0.2879910469055176, 0.32923269271850586 
421, 0.18148261308670044, 0.649770975112915, 0.29582667350769043, 0.3369269371032715 
422, 0.18157246708869934, 0.633793830871582, 0.29314494132995605, 0.324141263961792 
423, 0.1816622018814087, 0.6449007987976074, 0.293928861618042, 0.3347010612487793 
424, 0.1817518025636673, 0.6369838714599609, 0.2948484420776367, 0.32649731636047363 
425, 0.1818411648273468, 0.6474876403808594, 0.29733729362487793, 0.3326845169067383 
426, 0.18193048238754272, 0.6391429901123047, 0.29259276390075684, 0.33057594299316406 
427, 0.18201950192451477, 0.6183657646179199, 0.28612184524536133, 0.3166487216949463 
428, 0.18211549520492554, 0.6413149833679199, 0.29659032821655273, 0.3286573886871338 
429, 0.18221575021743774, 0.6285285949707031, 0.2907447814941406, 0.3222980499267578 
430, 0.1823158860206604, 0.6259665489196777, 0.285541296005249, 0.32023167610168457 
431, 0.18241584300994873, 0.6296935081481934, 0.28864622116088867, 0.3257434368133545 
432, 0.1825157105922699, 0.6193408966064453, 0.2886962890625, 0.3145473003387451 
433, 0.18261536955833435, 0.6346073150634766, 0.28533482551574707, 0.33357787132263184 
434, 0.18271493911743164, 0.6238336563110352, 0.28431057929992676, 0.3241105079650879 
435, 0.18281438946723938, 0.6268196105957031, 0.2847588062286377, 0.3260197639465332 
436, 0.1829136610031128, 0.6400723457336426, 0.2840123176574707, 0.34083080291748047 
437, 0.18301281332969666, 0.6239321231842041, 0.2898697853088379, 0.31809306144714355 
438, 0.18311181664466858, 0.6218295097351074, 0.2858583927154541, 0.3213827610015869 
439, 0.18321070075035095, 0.6056649684906006, 0.28122901916503906, 0.30947422981262207 
440, 0.18330934643745422, 0.6050496101379395, 0.27564239501953125, 0.31429600715637207 
441, 0.18340790271759033, 0.6151978969573975, 0.28221821784973145, 0.31801581382751465 
442, 0.1835063099861145, 0.6028261184692383, 0.2792181968688965, 0.3080744743347168 
443, 0.1836046576499939, 0.6245150566101074, 0.29076457023620605, 0.3190913200378418 
444, 0.18370282649993896, 0.6210768222808838, 0.28061556816101074, 0.3249335289001465 
445, 0.1838008165359497, 0.608680248260498, 0.2808225154876709, 0.3132905960083008 
446, 0.1838986873626709, 0.6110880374908447, 0.2768092155456543, 0.31928443908691406 
447, 0.18399634957313538, 0.6147284507751465, 0.28250575065612793, 0.3173682689666748 
448, 0.1840939223766327, 0.6278789043426514, 0.2911396026611328, 0.3217649459838867 
449, 0.18419122695922852, 0.6305694580078125, 0.28910350799560547, 0.3262054920196533 
450, 0.18428859114646912, 0.6270785331726074, 0.2864983081817627, 0.32512474060058594 
451, 0.18438562750816345, 0.634474515914917, 0.28725647926330566, 0.33141422271728516 
452, 0.18448254466056824, 0.6190507411956787, 0.2878842353820801, 0.3165104389190674 
453, 0.18457934260368347, 0.6375095844268799, 0.288250207901001, 0.33307862281799316 
454, 0.184675931930542, 0.63995361328125, 0.29000401496887207, 0.334043025970459 
455, 0.18477241694927216, 0.6286225318908691, 0.2890050411224365, 0.32415056228637695 
456, 0.18486878275871277, 0.641221284866333, 0.2891883850097656, 0.3352241516113281 
457, 0.1849648654460907, 0.701256275177002, 0.298781156539917, 0.37880373001098633 
458, 0.18506093323230743, 0.6537158489227295, 0.2975037097930908, 0.3387010097503662 
459, 0.1851567029953003, 0.6491646766662598, 0.29769015312194824, 0.33420753479003906 
460, 0.18525239825248718, 0.6421282291412354, 0.2940213680267334, 0.33202028274536133 
461, 0.18534785509109497, 0.6401522159576416, 0.293548583984375, 0.33071017265319824 
462, 0.18544325232505798, 0.6602778434753418, 0.29860997200012207, 0.3453335762023926 
463, 0.1855383813381195, 0.662625789642334, 0.29462599754333496, 0.35123586654663086 
464, 0.18563330173492432, 0.6388468742370605, 0.29047298431396484, 0.33234119415283203 
465, 0.18572810292243958, 0.6371898651123047, 0.2942333221435547, 0.32691287994384766 
466, 0.18582278490066528, 0.6376585960388184, 0.28931498527526855, 0.33249950408935547 
467, 0.18591727316379547, 0.6475808620452881, 0.2919611930847168, 0.3392317295074463 
468, 0.18601158261299133, 0.6379361152648926, 0.29023122787475586, 0.33141541481018066 
469, 0.1861056685447693, 0.6355171203613281, 0.2930629253387451, 0.32631587982177734 
470, 0.18619969487190247, 0.638054609298706, 0.29158902168273926, 0.3312098979949951 
471, 0.18629340827465057, 0.6360681056976318, 0.29054737091064453, 0.3292405605316162 
472, 0.1863870918750763, 0.6262848377227783, 0.2890465259552002, 0.321993350982666 
473, 0.18648043274879456, 0.6143467426300049, 0.28174734115600586, 0.3174774646759033 
474, 0.18657371401786804, 0.6287469863891602, 0.28862857818603516, 0.3238406181335449 
475, 0.18666675686836243, 0.637540340423584, 0.2962634563446045, 0.3257718086242676 
476, 0.18675965070724487, 0.6166856288909912, 0.28025197982788086, 0.320620059967041 
477, 0.18685239553451538, 0.6394345760345459, 0.2924978733062744, 0.3314211368560791 
478, 0.1869448721408844, 0.6243433952331543, 0.2889580726623535, 0.319551944732666 
479, 0.1870371252298355, 0.6314330101013184, 0.2913212776184082, 0.3217952251434326 
480, 0.18712930381298065, 0.6282339096069336, 0.28725385665893555, 0.32379961013793945 
481, 0.18722125887870789, 0.6245484352111816, 0.2825164794921875, 0.3265705108642578 
482, 0.187313050031662, 0.6380887031555176, 0.29355812072753906, 0.3288595676422119 
483, 0.187404602766037, 0.6318404674530029, 0.28861498832702637, 0.3273470401763916 
484, 0.1874861717224121, 0.6331686973571777, 0.27704596519470215, 0.3403623104095459 
485, 0.18757754564285278, 0.6308951377868652, 0.28113794326782227, 0.3337578773498535 
486, 0.1876688003540039, 0.6274163722991943, 0.27770137786865234, 0.3332977294921875 
487, 0.18775981664657593, 0.6258795261383057, 0.28429532051086426, 0.32563281059265137 
488, 0.18785063922405243, 0.6198711395263672, 0.2770073413848877, 0.326627254486084 
489, 0.18794125318527222, 0.620335578918457, 0.27544569969177246, 0.3284304141998291 
490, 0.18803173303604126, 0.6256659030914307, 0.2743339538574219, 0.3357408046722412 
491, 0.1881219446659088, 0.6195068359375, 0.27470874786376953, 0.3275289535522461 
492, 0.18821194767951965, 0.6291811466217041, 0.2837386131286621, 0.3298606872558594 
493, 0.18830180168151855, 0.6198070049285889, 0.27817201614379883, 0.3254740238189697 
494, 0.18839147686958313, 0.6364386081695557, 0.2791759967803955, 0.3310081958770752 
495, 0.18848085403442383, 0.64813232421875, 0.2970120906829834, 0.33389854431152344 
496, 0.18857021629810333, 0.628267765045166, 0.28822875022888184, 0.3223228454589844 
497, 0.18865928053855896, 0.6322362422943115, 0.2766587734222412, 0.3311808109283447 
498, 0.18874812126159668, 0.6286849975585938, 0.27738189697265625, 0.3356130123138428 
499, 0.18883678317070007, 0.6171624660491943, 0.2787327766418457, 0.32288074493408203 
500, 0.18892517685890198, 0.6200685501098633, 0.2798330783843994, 0.3245828151702881 
501, 0.18901343643665314, 0.6198480129241943, 0.2796473503112793, 0.32468485832214355 
502, 0.18910156190395355, 0.6165730953216553, 0.27486634254455566, 0.3260011672973633 
503, 0.1891893446445465, 0.627518892288208, 0.2810196876525879, 0.33071422576904297 
504, 0.18927699327468872, 0.6211850643157959, 0.2801835536956787, 0.32478833198547363 
505, 0.18936434388160706, 0.6239774227142334, 0.2772185802459717, 0.3315262794494629 
506, 0.1894516497850418, 0.6226155757904053, 0.2807493209838867, 0.3264808654785156 
507, 0.1895386278629303, 0.6087038516998291, 0.2721548080444336, 0.32092738151550293 
508, 0.18962545692920685, 0.6589422225952148, 0.3025798797607422, 0.34099793434143066 
509, 0.18971207737922668, 0.6317274570465088, 0.2810356616973877, 0.3269188404083252 
510, 0.189798504114151, 0.6119966506958008, 0.2716488838195801, 0.32518696784973145 
511, 0.1898847222328186, 0.6152048110961914, 0.27637338638305664, 0.3235182762145996 
512, 0.1899707317352295, 0.6131923198699951, 0.27416348457336426, 0.32363033294677734 
513, 0.19005653262138367, 0.6160552501678467, 0.2762303352355957, 0.3243408203125 
514, 0.19014209508895874, 0.6072375774383545, 0.2733306884765625, 0.31888628005981445 
515, 0.19022753834724426, 0.6064643859863281, 0.26642560958862305, 0.32375359535217285 
516, 0.1903126835823059, 0.6288833618164062, 0.2836740016937256, 0.3287522792816162 
517, 0.19039775431156158, 0.6241343021392822, 0.2800631523132324, 0.328488826751709 
518, 0.19048257172107697, 0.6131932735443115, 0.2703990936279297, 0.3263437747955322 
519, 0.19056709110736847, 0.6230394840240479, 0.2758305072784424, 0.33114099502563477 
520, 0.19065141677856445, 0.6226398944854736, 0.28164100646972656, 0.3245117664337158 
521, 0.1907356083393097, 0.6263659000396729, 0.27991247177124023, 0.3308749198913574 
522, 0.190819650888443, 0.6180682182312012, 0.2747023105621338, 0.32749319076538086 
523, 0.19090336561203003, 0.6280343532562256, 0.28144240379333496, 0.3304014205932617 
524, 0.19098687171936035, 0.6182405948638916, 0.2781248092651367, 0.32440638542175293 
525, 0.19107025861740112, 0.6240634918212891, 0.2784101963043213, 0.3302912712097168 
526, 0.1911534070968628, 0.6357247829437256, 0.2760777473449707, 0.3431065082550049 
527, 0.19123631715774536, 0.6309096813201904, 0.28461122512817383, 0.329784631729126 
528, 0.19131900370121002, 0.6251156330108643, 0.2798163890838623, 0.32913780212402344 
529, 0.19140160083770752, 0.6294236183166504, 0.2802164554595947, 0.3321547508239746 
530, 0.19148387014865875, 0.6409604549407959, 0.2952592372894287, 0.33034658432006836 
531, 0.19156599044799805, 0.6238605976104736, 0.27722764015197754, 0.328690767288208 
532, 0.1916479468345642, 0.614525556564331, 0.2803230285644531, 0.31913304328918457 
533, 0.19172963500022888, 0.6274702548980713, 0.28245019912719727, 0.32918405532836914 
534, 0.19181105494499207, 0.6101338863372803, 0.2745826244354248, 0.32000279426574707 
535, 0.1918923258781433, 0.6176395416259766, 0.2745482921600342, 0.32760000228881836 
536, 0.19197338819503784, 0.6143782138824463, 0.27499914169311523, 0.3230259418487549 
537, 0.19205430150032043, 0.6329946517944336, 0.28303074836730957, 0.3338437080383301 
538, 0.19213488698005676, 0.6154260635375977, 0.27323102951049805, 0.32637572288513184 
539, 0.1922159492969513, 0.610039234161377, 0.273221492767334, 0.32074975967407227 
540, 0.1922965943813324, 0.637153148651123, 0.28748083114624023, 0.3337993621826172 
541, 0.19237709045410156, 0.6177213191986084, 0.28191184997558594, 0.3209519386291504 
542, 0.19245731830596924, 0.6114852428436279, 0.27228856086730957, 0.32402777671813965 
543, 0.19253742694854736, 0.6148180961608887, 0.2729921340942383, 0.32569074630737305 
544, 0.19261731207370758, 0.6170268058776855, 0.279465913772583, 0.3224020004272461 
545, 0.1926969289779663, 0.6148161888122559, 0.27419257164001465, 0.3244974613189697 
546, 0.19277642667293549, 0.6217784881591797, 0.27733755111694336, 0.32903599739074707 
547, 0.19285568594932556, 0.6124482154846191, 0.27373719215393066, 0.3230147361755371 
548, 0.19293472170829773, 0.6194612979888916, 0.27813076972961426, 0.32537269592285156 
549, 0.19302242994308472, 0.6284246444702148, 0.2786061763763428, 0.3339414596557617 
550, 0.19312405586242676, 0.6137373447418213, 0.27402782440185547, 0.3242480754852295 
551, 0.19322572648525238, 0.6228773593902588, 0.28189706802368164, 0.3255934715270996 
552, 0.19332705438137054, 0.6607351303100586, 0.27571940422058105, 0.3662834167480469 
553, 0.19342829287052155, 0.62115478515625, 0.2777290344238281, 0.3275947570800781 
554, 0.1935293972492218, 0.6262533664703369, 0.2784614562988281, 0.33173131942749023 
555, 0.19363030791282654, 0.6211600303649902, 0.28108978271484375, 0.3238184452056885 
556, 0.19373098015785217, 0.6146581172943115, 0.2746701240539551, 0.32453274726867676 
557, 0.19383153319358826, 0.6200387477874756, 0.27651333808898926, 0.3280160427093506 
558, 0.19393202662467957, 0.6150293350219727, 0.2747838497161865, 0.32512950897216797 
559, 0.19403225183486938, 0.6193516254425049, 0.27613067626953125, 0.3276338577270508 
560, 0.19413238763809204, 0.652212381362915, 0.2815418243408203, 0.32521748542785645 
561, 0.19423235952854156, 0.6237196922302246, 0.2806520462036133, 0.3278646469116211 
562, 0.19433222711086273, 0.6128287315368652, 0.27222132682800293, 0.3249778747558594 
563, 0.1944318562746048, 0.6077103614807129, 0.2702758312225342, 0.3223426342010498 
564, 0.19453132152557373, 0.6237232685089111, 0.27852439880371094, 0.33000850677490234 
565, 0.1946306675672531, 0.619330644607544, 0.27926206588745117, 0.3247058391571045 
566, 0.19472983479499817, 0.6126835346221924, 0.2703206539154053, 0.3256990909576416 
567, 0.1948288083076477, 0.622312068939209, 0.28374719619750977, 0.3232917785644531 
568, 0.19492775201797485, 0.6143183708190918, 0.27701497077941895, 0.3216695785522461 
569, 0.19502654671669006, 0.6241917610168457, 0.27781009674072266, 0.33086442947387695 
570, 0.19512522220611572, 0.61641526222229, 0.27500271797180176, 0.3266172409057617 
571, 0.19522348046302795, 0.6037337779998779, 0.268810510635376, 0.32007622718811035 
572, 0.19532185792922974, 0.6113495826721191, 0.27707505226135254, 0.319612979888916 
573, 0.19541999697685242, 0.6118476390838623, 0.27610039710998535, 0.3210158348083496 
574, 0.19551801681518555, 0.61572265625, 0.2747974395751953, 0.3247389793395996 
575, 0.19561579823493958, 0.6243898868560791, 0.28018617630004883, 0.3286905288696289 
576, 0.19571352005004883, 0.5998835563659668, 0.27071428298950195, 0.3148941993713379 
577, 0.19581106305122375, 0.6073856353759766, 0.27103757858276367, 0.32121968269348145 
578, 0.19590845704078674, 0.6610152721405029, 0.27397656440734863, 0.33220720291137695 
579, 0.19600576162338257, 0.6207339763641357, 0.2846231460571289, 0.3206608295440674 
580, 0.1961028277873993, 0.6212995052337646, 0.28647851943969727, 0.32013607025146484 
581, 0.19619974493980408, 0.6077141761779785, 0.27279043197631836, 0.31914234161376953 
582, 0.19629663228988647, 0.6187648773193359, 0.27186107635498047, 0.33144164085388184 
583, 0.19639325141906738, 0.615962028503418, 0.27762341499328613, 0.3230414390563965 
584, 0.19648978114128113, 0.605510950088501, 0.273540735244751, 0.3168306350708008 
585, 0.19658613204956055, 0.6228969097137451, 0.2749016284942627, 0.33333492279052734 
586, 0.19668234884738922, 0.6189658641815186, 0.2780318260192871, 0.32456278800964355 
587, 0.1967785358428955, 0.6114101409912109, 0.2735600471496582, 0.3226015567779541 
588, 0.19687451422214508, 0.6130337715148926, 0.26943492889404297, 0.3244161605834961 
589, 0.19697026908397675, 0.626349687576294, 0.27789950370788574, 0.3324756622314453 
590, 0.19706590473651886, 0.6075384616851807, 0.2719254493713379, 0.31967949867248535 
591, 0.19716143608093262, 0.6143877506256104, 0.2770106792449951, 0.3220198154449463 
592, 0.19725678861141205, 0.6202647686004639, 0.2755870819091797, 0.3292114734649658 
593, 0.19735196232795715, 0.6173532009124756, 0.28018712997436523, 0.32172536849975586 
594, 0.1974470615386963, 0.6165084838867188, 0.27336573600769043, 0.3276822566986084 
595, 0.19754207134246826, 0.619098424911499, 0.27344274520874023, 0.3300483226776123 
596, 0.19763687252998352, 0.7430307865142822, 0.2801363468170166, 0.3308842182159424 
597, 0.19773143529891968, 0.6236379146575928, 0.2819962501525879, 0.3265533447265625 
598, 0.19782590866088867, 0.6217758655548096, 0.27907466888427734, 0.32645297050476074 
599, 0.19792035222053528, 0.6297450065612793, 0.28122401237487793, 0.33319759368896484 
600, 0.198014497756958, 0.6247508525848389, 0.27692532539367676, 0.33099937438964844 
601, 0.19810862839221954, 0.6385273933410645, 0.2836928367614746, 0.33888745307922363 
602, 0.19820262491703033, 0.622366189956665, 0.277418851852417, 0.3281235694885254 
603, 0.1982964128255844, 0.6290581226348877, 0.2824413776397705, 0.33092498779296875 
604, 0.19838999211788177, 0.6841542720794678, 0.27637553215026855, 0.39115333557128906 
605, 0.19848354160785675, 0.632451057434082, 0.2867856025695801, 0.32932496070861816 
606, 0.19857686758041382, 0.6263675689697266, 0.27832508087158203, 0.3315005302429199 
607, 0.1986701339483261, 0.6342597007751465, 0.2832908630371094, 0.33452939987182617 
608, 0.19875432550907135, 0.6227724552154541, 0.28348445892333984, 0.3237285614013672 
609, 0.1988360434770584, 0.6257355213165283, 0.27634096145629883, 0.3331565856933594 
610, 0.1989177167415619, 0.6281499862670898, 0.2819797992706299, 0.33094048500061035 
611, 0.19899922609329224, 0.6234350204467773, 0.27894067764282227, 0.3289632797241211 
612, 0.19908064603805542, 0.6066176891326904, 0.2728540897369385, 0.3179194927215576 
613, 0.19916191697120667, 0.6205308437347412, 0.28008079528808594, 0.3249070644378662 
614, 0.19924306869506836, 0.6167111396789551, 0.2761349678039551, 0.32486891746520996 
615, 0.1993241012096405, 0.6327259540557861, 0.27319765090942383, 0.3230314254760742 
616, 0.1994050294160843, 0.6204087734222412, 0.27985191345214844, 0.3253476619720459 
617, 0.1994858682155609, 0.6109066009521484, 0.27382826805114746, 0.3211996555328369 
618, 0.19956660270690918, 0.6022367477416992, 0.26999759674072266, 0.3171544075012207 
619, 0.19964712858200073, 0.6074011325836182, 0.27158069610595703, 0.32077646255493164 
620, 0.19972752034664154, 0.6027519702911377, 0.2738373279571533, 0.31420111656188965 
621, 0.19980797171592712, 0.6129357814788818, 0.2692859172821045, 0.328432559967041 
622, 0.19988827407360077, 0.6108770370483398, 0.27344679832458496, 0.32189464569091797 
623, 0.1999683976173401, 0.6189062595367432, 0.27503204345703125, 0.32866382598876953 
624, 0.20004844665527344, 0.6024265289306641, 0.2736928462982178, 0.3137831687927246 
625, 0.20012840628623962, 0.60190749168396, 0.2733616828918457, 0.31356143951416016 
626, 0.2002081423997879, 0.5981178283691406, 0.26909685134887695, 0.3147552013397217 
627, 0.20028793811798096, 0.6031386852264404, 0.26854896545410156, 0.31983447074890137 
628, 0.20036748051643372, 0.6123054027557373, 0.2701289653778076, 0.3254063129425049 
629, 0.20044705271720886, 0.6092391014099121, 0.2781717777252197, 0.31525373458862305 
630, 0.20052644610404968, 0.6008751392364502, 0.268068790435791, 0.3173236846923828 
631, 0.20060572028160095, 0.5987522602081299, 0.2674288749694824, 0.31629109382629395 
632, 0.20068487524986267, 0.5950968265533447, 0.2727363109588623, 0.3074305057525635 
633, 0.20076394081115723, 0.6070518493652344, 0.2679131031036377, 0.32370638847351074 
634, 0.20084288716316223, 0.6062881946563721, 0.27452874183654785, 0.3168144226074219 
635, 0.20092180371284485, 0.6031427383422852, 0.2724001407623291, 0.31624817848205566 
636, 0.20100048184394836, 0.6050577163696289, 0.2674136161804199, 0.3220646381378174 
637, 0.20107914507389069, 0.6382863521575928, 0.2747013568878174, 0.3224365711212158 
638, 0.20115770399570465, 0.6390383243560791, 0.2990145683288574, 0.32434773445129395 
639, 0.20123614370822906, 0.6254703998565674, 0.2793397903442383, 0.329235315322876 
640, 0.20131440460681915, 0.6338238716125488, 0.28563857078552246, 0.3325362205505371 
641, 0.20139271020889282, 0.6227092742919922, 0.28087854385375977, 0.3251006603240967 
642, 0.20147079229354858, 0.6254312992095947, 0.2767763137817383, 0.3329041004180908 
643, 0.20154881477355957, 0.6293854713439941, 0.2790229320526123, 0.33410072326660156 
644, 0.201626718044281, 0.6248745918273926, 0.2837076187133789, 0.325023889541626 
645, 0.20170453190803528, 0.6276724338531494, 0.27671074867248535, 0.3351585865020752 
646, 0.20178218185901642, 0.730140209197998, 0.2781965732574463, 0.3318595886230469 
647, 0.20185984671115875, 0.6356256008148193, 0.2883577346801758, 0.3309793472290039 
648, 0.2019345462322235, 0.6191163063049316, 0.2759363651275635, 0.3267679214477539 
649, 0.2020043432712555, 0.6229457855224609, 0.2816469669342041, 0.3247065544128418 
650, 0.2020740807056427, 0.6273393630981445, 0.28598856925964355, 0.3253958225250244 
651, 0.20214366912841797, 0.6206917762756348, 0.2746725082397461, 0.32648706436157227 
652, 0.20221315324306488, 0.620476484298706, 0.27611231803894043, 0.3285539150238037 
653, 0.20228247344493866, 0.6259973049163818, 0.2754664421081543, 0.3323185443878174 
654, 0.20235173404216766, 0.6069393157958984, 0.27245259284973145, 0.31949925422668457 
655, 0.2024208903312683, 0.6139249801635742, 0.27516651153564453, 0.32338714599609375 
656, 0.20248979330062866, 0.6115326881408691, 0.27843594551086426, 0.3183014392852783 
657, 0.20255880057811737, 0.6253912448883057, 0.282869815826416, 0.3267703056335449 
658, 0.20262745022773743, 0.613675594329834, 0.2738211154937744, 0.32442712783813477 
659, 0.2026960849761963, 0.6054074764251709, 0.2723982334136963, 0.318897008895874 
660, 0.2027645856142044, 0.5968809127807617, 0.2663533687591553, 0.3152751922607422 
661, 0.20283296704292297, 0.6114950180053711, 0.2771329879760742, 0.31789231300354004 
662, 0.20290124416351318, 0.6108834743499756, 0.2779068946838379, 0.3183326721191406 
663, 0.20296935737133026, 0.6129438877105713, 0.271043062210083, 0.32674503326416016 
664, 0.20303738117218018, 0.6214053630828857, 0.27958083152770996, 0.32660746574401855 
665, 0.20310528576374054, 0.6055424213409424, 0.27278566360473633, 0.31781625747680664 
666, 0.20317302644252777, 0.6038360595703125, 0.27426719665527344, 0.3138911724090576 
667, 0.20324070751667023, 0.611762285232544, 0.2722630500793457, 0.32390880584716797 
668, 0.2033083140850067, 0.6071467399597168, 0.27564406394958496, 0.31590723991394043 
669, 0.20337557792663574, 0.6165027618408203, 0.2721099853515625, 0.32860636711120605 
670, 0.20344281196594238, 0.6097991466522217, 0.27117419242858887, 0.32344913482666016 
671, 0.2035100907087326, 0.6196300983428955, 0.27642345428466797, 0.32716917991638184 
672, 0.2035771608352661, 0.6051275730133057, 0.27094149589538574, 0.3190422058105469 
673, 0.2036440223455429, 0.617100715637207, 0.27870821952819824, 0.32273030281066895 
674, 0.20371082425117493, 0.6195507049560547, 0.28302955627441406, 0.3207082748413086 
675, 0.2037774622440338, 0.6103420257568359, 0.27290868759155273, 0.32190537452697754 
676, 0.20384399592876434, 0.6235156059265137, 0.28194141387939453, 0.32604074478149414 
677, 0.20391041040420532, 0.6161019802093506, 0.27501916885375977, 0.32536792755126953 
678, 0.20397670567035675, 0.6303615570068359, 0.2901902198791504, 0.32398319244384766 
679, 0.20403629541397095, 0.6162827014923096, 0.2751157283782959, 0.3258781433105469 
680, 0.20408549904823303, 0.6159341335296631, 0.278170108795166, 0.3222353458404541 
681, 0.20413461327552795, 0.6667923927307129, 0.32042527198791504, 0.33049702644348145 
682, 0.2041834592819214, 0.6140701770782471, 0.27466511726379395, 0.3232421875 
683, 0.20423230528831482, 0.6173815727233887, 0.2759838104248047, 0.3254890441894531 
684, 0.20428088307380676, 0.6102607250213623, 0.2716348171234131, 0.3226737976074219 
685, 0.204329252243042, 0.6455831527709961, 0.2789275646209717, 0.3235945701599121 
686, 0.20437751710414886, 0.6087791919708252, 0.27950239181518555, 0.31488490104675293 
687, 0.2044256627559662, 0.596630334854126, 0.2645282745361328, 0.31686949729919434 
688, 0.20447367429733276, 0.6086962223052979, 0.27388691902160645, 0.320131778717041 
689, 0.20452135801315308, 0.6008443832397461, 0.26879191398620605, 0.316892147064209 
690, 0.20456896722316742, 0.5951015949249268, 0.2673323154449463, 0.3109297752380371 
691, 0.20461638271808624, 0.6072821617126465, 0.27403926849365234, 0.3185751438140869 
692, 0.20466363430023193, 0.5961275100708008, 0.2721993923187256, 0.30963802337646484 
693, 0.2047107219696045, 0.5984220504760742, 0.26561999320983887, 0.31812477111816406 
694, 0.20475761592388153, 0.6064558029174805, 0.2696366310119629, 0.32187581062316895 
695, 0.20480431616306305, 0.707237720489502, 0.27277374267578125, 0.3183917999267578 
696, 0.20485083758831024, 0.5991263389587402, 0.26865363121032715, 0.31499743461608887 
697, 0.2048972249031067, 0.6055402755737305, 0.27236413955688477, 0.31807518005371094 
698, 0.20494046807289124, 0.6007609367370605, 0.2717459201812744, 0.31362152099609375 
699, 0.20498254895210266, 0.5981817245483398, 0.2631807327270508, 0.31988978385925293 
700, 0.2050243467092514, 0.6106574535369873, 0.274644136428833, 0.320906400680542 
701, 0.20506605505943298, 0.6026854515075684, 0.2699882984161377, 0.31795191764831543 
702, 0.20510748028755188, 0.6000607013702393, 0.26584744453430176, 0.31850099563598633 
703, 0.2051488161087036, 0.6135070323944092, 0.27478694915771484, 0.32351064682006836 
704, 0.20518994331359863, 0.6029994487762451, 0.27007293701171875, 0.31789445877075195 
705, 0.2052309364080429, 0.6079435348510742, 0.2727999687194824, 0.3202385902404785 
706, 0.2052716612815857, 0.6242518424987793, 0.27278995513916016, 0.3348970413208008 
707, 0.20531229674816132, 0.6213071346282959, 0.2793097496032715, 0.3245120048522949 
708, 0.20535264909267426, 0.6366846561431885, 0.2903153896331787, 0.32567524909973145 
709, 0.20539285242557526, 0.6281182765960693, 0.28507137298583984, 0.32749176025390625 
710, 0.20543289184570312, 0.6168951988220215, 0.2799034118652344, 0.32169270515441895 
711, 0.20547270774841309, 0.6286985874176025, 0.2787497043609619, 0.33420276641845703 
712, 0.20551225543022156, 0.6214029788970947, 0.2778763771057129, 0.32787275314331055 
713, 0.20555171370506287, 0.6298553943634033, 0.2801389694213867, 0.334439754486084 
714, 0.205591082572937, 0.6125619411468506, 0.27321887016296387, 0.32362842559814453 
715, 0.2056301087141037, 0.627544641494751, 0.28265929222106934, 0.32920408248901367 
716, 0.20566904544830322, 0.6133084297180176, 0.2755317687988281, 0.3225209712982178 
717, 0.20570772886276245, 0.6152029037475586, 0.2735762596130371, 0.32573747634887695 
718, 0.2057461440563202, 0.6252884864807129, 0.27623748779296875, 0.33313417434692383 
719, 0.20578455924987793, 0.6209337711334229, 0.28056907653808594, 0.3247694969177246 
720, 0.2058226764202118, 0.6225106716156006, 0.2706632614135742, 0.32964611053466797 
721, 0.20587117969989777, 0.6104919910430908, 0.274336576461792, 0.3211953639984131 
722, 0.20593217015266418, 0.6063141822814941, 0.2745037078857422, 0.317105770111084 
723, 0.20599281787872314, 0.6106336116790771, 0.26892971992492676, 0.3262295722961426 
724, 0.20605339109897614, 0.6206862926483154, 0.2758352756500244, 0.32893872261047363 
725, 0.20611371099948883, 0.6194648742675781, 0.27814674377441406, 0.32587099075317383 
726, 0.20617368817329407, 0.6089589595794678, 0.27190661430358887, 0.321746826171875 
727, 0.2062336653470993, 0.6085846424102783, 0.2741050720214844, 0.3195629119873047 
728, 0.20629329979419708, 0.611069917678833, 0.27234649658203125, 0.3234529495239258 
729, 0.20635265111923218, 0.6119630336761475, 0.2727212905883789, 0.32364749908447266 
730, 0.2064119279384613, 0.623039722442627, 0.2728421688079834, 0.33503079414367676 
731, 0.20647084712982178, 0.6124718189239502, 0.2740030288696289, 0.32352113723754883 
732, 0.2065296322107315, 0.6274974346160889, 0.27422380447387695, 0.3249673843383789 
733, 0.20658820867538452, 0.6150906085968018, 0.27934885025024414, 0.3205554485321045 
734, 0.20664659142494202, 0.6554975509643555, 0.27356600761413574, 0.32355213165283203 
735, 0.2067047655582428, 0.6817440986633301, 0.33698487281799316, 0.3298227787017822 
736, 0.20676276087760925, 0.6141242980957031, 0.27591538429260254, 0.322721004486084 
737, 0.2068205326795578, 0.6102948188781738, 0.2741687297821045, 0.3216226100921631 
738, 0.20687808096408844, 0.606367826461792, 0.2691044807434082, 0.32192420959472656 
739, 0.20693546533584595, 0.6166596412658691, 0.2783079147338867, 0.32332801818847656 
740, 0.20699258148670197, 0.6063320636749268, 0.27172017097473145, 0.3193082809448242 
741, 0.20704956352710724, 0.6106529235839844, 0.26993846893310547, 0.32523465156555176 
742, 0.20710627734661102, 0.6219112873077393, 0.2780330181121826, 0.32807469367980957 
743, 0.20716288685798645, 0.6136019229888916, 0.2750437259674072, 0.322648286819458 
744, 0.20721924304962158, 0.6176118850708008, 0.2771437168121338, 0.32454371452331543 
745, 0.2072753757238388, 0.6251575946807861, 0.2783787250518799, 0.3310580253601074 
746, 0.2073313593864441, 0.622614860534668, 0.28047847747802734, 0.32652831077575684 
747, 0.20738714933395386, 0.6235392093658447, 0.2786703109741211, 0.32962870597839355 
748, 0.20744270086288452, 0.7329189777374268, 0.2735140323638916, 0.3358163833618164 
749, 0.20749807357788086, 0.6248304843902588, 0.285290002822876, 0.3239097595214844 
750, 0.20755314826965332, 0.6034045219421387, 0.2710690498352051, 0.31775903701782227 
751, 0.20760811865329742, 0.6101398468017578, 0.2736172676086426, 0.3207588195800781 
752, 0.20766296982765198, 0.6108565330505371, 0.2757580280303955, 0.3185286521911621 
753, 0.20771755278110504, 0.610281229019165, 0.2712211608886719, 0.3235177993774414 
754, 0.2077718824148178, 0.6107182502746582, 0.27342963218688965, 0.3225138187408447 
755, 0.20782607793807983, 0.6148030757904053, 0.2728919982910156, 0.3271036148071289 
756, 0.20788007974624634, 0.5932939052581787, 0.2674217224121094, 0.3121628761291504 
757, 0.20793384313583374, 0.6329588890075684, 0.29674315452575684, 0.3213162422180176 
758, 0.20798738300800323, 0.6302065849304199, 0.2702150344848633, 0.3318040370941162 
759, 0.20804066956043243, 0.6252636909484863, 0.2885715961456299, 0.32137298583984375 
760, 0.20809391140937805, 0.6074087619781494, 0.26923298835754395, 0.3229482173919678 
761, 0.20814692974090576, 0.6020891666412354, 0.2727794647216797, 0.3157773017883301 
762, 0.20819973945617676, 0.5998854637145996, 0.2669403553009033, 0.31783485412597656 
763, 0.20825231075286865, 0.6044540405273438, 0.2703213691711426, 0.3170762062072754 
764, 0.20830468833446503, 0.6031951904296875, 0.27048683166503906, 0.31773829460144043 
765, 0.2083568423986435, 0.6105809211730957, 0.2698853015899658, 0.3253622055053711 
766, 0.20840880274772644, 0.6088016033172607, 0.275174617767334, 0.31835484504699707 
767, 0.20846053957939148, 0.6044971942901611, 0.27194881439208984, 0.31815075874328613 
768, 0.20851212739944458, 0.6070244312286377, 0.26485347747802734, 0.32617664337158203 
769, 0.20856347680091858, 0.6310689449310303, 0.28200721740722656, 0.3333301544189453 
770, 0.20861470699310303, 0.6035406589508057, 0.26969194412231445, 0.3185241222381592 
771, 0.2086656391620636, 0.6060628890991211, 0.2713325023651123, 0.32012033462524414 
772, 0.20871640741825104, 0.619797945022583, 0.2758338451385498, 0.3283364772796631 
773, 0.20876696705818176, 0.6203093528747559, 0.2778196334838867, 0.32620978355407715 
774, 0.20881740748882294, 0.6046106815338135, 0.2700812816619873, 0.31769442558288574 
775, 0.20886750519275665, 0.616976261138916, 0.27524352073669434, 0.32674360275268555 
776, 0.20891746878623962, 0.7922217845916748, 0.27436399459838867, 0.31933045387268066 
777, 0.20896711945533752, 0.6185975074768066, 0.2787041664123535, 0.3241593837738037 
778, 0.20901672542095184, 0.6183047294616699, 0.27478885650634766, 0.3280973434448242 
779, 0.20906566083431244, 0.62666916847229, 0.2833588123321533, 0.3251938819885254 
780, 0.20910681784152985, 0.6152667999267578, 0.2718839645385742, 0.32755541801452637 
781, 0.20914769172668457, 0.6359207630157471, 0.2753331661224365, 0.3316640853881836 
782, 0.20918835699558258, 0.6929466724395752, 0.2734203338623047, 0.32193756103515625 
783, 0.20922885835170746, 0.6345739364624023, 0.2911183834075928, 0.3276677131652832 
784, 0.20926909148693085, 0.6157035827636719, 0.2781949043273926, 0.3221395015716553 
785, 0.20930920541286469, 0.6131365299224854, 0.2755119800567627, 0.32198357582092285 
786, 0.20934909582138062, 0.6152832508087158, 0.27184271812438965, 0.3276503086090088 
787, 0.20938879251480103, 0.6306045055389404, 0.2815394401550293, 0.33370161056518555 
788, 0.2094283103942871, 0.6050858497619629, 0.2703559398651123, 0.31983113288879395 
789, 0.20946770906448364, 0.6114997863769531, 0.2771458625793457, 0.31967997550964355 
790, 0.20950692892074585, 0.6197137832641602, 0.27339673042297363, 0.3304564952850342 
791, 0.20954589545726776, 0.6147875785827637, 0.2814960479736328, 0.31781768798828125 
792, 0.2095848023891449, 0.6097640991210938, 0.27152132987976074, 0.32315993309020996 
793, 0.2096235752105713, 0.6045875549316406, 0.26793551445007324, 0.321544885635376 
794, 0.20966210961341858, 0.6075925827026367, 0.27004432678222656, 0.3220367431640625 
795, 0.2097005695104599, 0.6165943145751953, 0.2763800621032715, 0.32402944564819336 
796, 0.20973879098892212, 0.6076033115386963, 0.27591991424560547, 0.3164029121398926 
797, 0.20977683365345, 0.6029133796691895, 0.27286553382873535, 0.3152737617492676 
798, 0.20981474220752716, 0.6068508625030518, 0.26508474349975586, 0.3264882564544678 
799, 0.20985248684883118, 0.613774299621582, 0.2745981216430664, 0.3235297203063965 
800, 0.20989012718200684, 0.5990395545959473, 0.26814818382263184, 0.3162980079650879 
801, 0.2099275290966034, 0.7191927433013916, 0.27114439010620117, 0.3263716697692871 
802, 0.2099648118019104, 0.630418062210083, 0.28917360305786133, 0.3260500431060791 
803, 0.21000203490257263, 0.6010057926177979, 0.2708775997161865, 0.31432008743286133 
804, 0.21003903448581696, 0.6046154499053955, 0.26859092712402344, 0.3160891532897949 
805, 0.21007570624351501, 0.6048250198364258, 0.2687869071960449, 0.3212776184082031 
806, 0.21011245250701904, 0.5960557460784912, 0.26987791061401367, 0.3106851577758789 
807, 0.21014901995658875, 0.6104068756103516, 0.2735941410064697, 0.32144975662231445 
808, 0.21018531918525696, 0.6082091331481934, 0.2707219123840332, 0.32271575927734375 
809, 0.21022149920463562, 0.6080431938171387, 0.27193260192871094, 0.3197460174560547 
810, 0.2102576047182083, 0.5965015888214111, 0.2649843692779541, 0.3169839382171631 
811, 0.21029344201087952, 0.5903818607330322, 0.2656421661376953, 0.310760498046875 
812, 0.21032914519309998, 0.5967166423797607, 0.2655785083770752, 0.31615614891052246 
813, 0.21036475896835327, 0.6017975807189941, 0.2708113193511963, 0.31685566902160645 
814, 0.21040013432502747, 0.6071107387542725, 0.2741267681121826, 0.31760573387145996 
815, 0.21043545007705688, 0.6109387874603271, 0.2764456272125244, 0.3198354244232178 
816, 0.21047043800354004, 0.6023352146148682, 0.26964688301086426, 0.3175313472747803 
817, 0.21050545573234558, 0.6162123680114746, 0.2769906520843506, 0.3240978717803955 
818, 0.2105402648448944, 0.6023380756378174, 0.27076172828674316, 0.3168923854827881 
819, 0.21057483553886414, 0.6148407459259033, 0.27847981452941895, 0.32121753692626953 
820, 0.2106093317270279, 0.6080260276794434, 0.2707948684692383, 0.32231593132019043 
821, 0.21064360439777374, 0.6041281223297119, 0.2746913433074951, 0.3144824504852295 
822, 0.21067769825458527, 0.6093368530273438, 0.27245187759399414, 0.32183122634887695 
823, 0.21071173250675201, 0.601332426071167, 0.2711961269378662, 0.31543540954589844 
824, 0.21074558794498444, 0.5960469245910645, 0.2693023681640625, 0.31185388565063477 
825, 0.21077919006347656, 0.6092221736907959, 0.2686033248901367, 0.32509875297546387 
826, 0.21081271767616272, 0.6159799098968506, 0.27590084075927734, 0.3217928409576416 
827, 0.21084600687026978, 0.6084001064300537, 0.27774953842163086, 0.31635046005249023 
828, 0.21087923645973206, 0.5952746868133545, 0.26569628715515137, 0.31424617767333984 
829, 0.21091210842132568, 0.6071901321411133, 0.2738666534423828, 0.31769847869873047 
830, 0.2109450101852417, 0.6204607486724854, 0.2757456302642822, 0.3300135135650635 
831, 0.2109776735305786, 0.6097931861877441, 0.2694582939147949, 0.3251802921295166 
832, 0.21101011335849762, 0.6483981609344482, 0.27251410484313965, 0.32477617263793945 
833, 0.21104246377944946, 0.6171591281890869, 0.285416841506958, 0.31662702560424805 
834, 0.21107468008995056, 0.6086056232452393, 0.2721397876739502, 0.32170557975769043 
835, 0.21110668778419495, 0.6047470569610596, 0.27115702629089355, 0.31859517097473145 
836, 0.21113860607147217, 0.6006462574005127, 0.27031445503234863, 0.3153820037841797 
837, 0.21117013692855835, 0.609717607498169, 0.26753973960876465, 0.3272073268890381 
838, 0.21120157837867737, 0.610835075378418, 0.275113582611084, 0.320232629776001 
839, 0.2112329751253128, 0.6041367053985596, 0.2728004455566406, 0.3169717788696289 
840, 0.21126416325569153, 0.5989091396331787, 0.26610755920410156, 0.31767988204956055 
841, 0.21129512786865234, 0.6094760894775391, 0.2758979797363281, 0.3180375099182129 
842, 0.21132594347000122, 0.6006219387054443, 0.2696518898010254, 0.3164539337158203 
843, 0.21135658025741577, 0.6027829647064209, 0.26663827896118164, 0.320955753326416 
844, 0.211387038230896, 0.6086978912353516, 0.2747671604156494, 0.3193020820617676 
845, 0.21141740679740906, 0.602400541305542, 0.270885705947876, 0.31648921966552734 
846, 0.21144743263721466, 0.5952470302581787, 0.26430320739746094, 0.31592392921447754 
847, 0.21147747337818146, 0.6051392555236816, 0.27471137046813965, 0.3157463073730469 
848, 0.21150729060173035, 0.6065280437469482, 0.2700653076171875, 0.32093381881713867 
849, 0.21153682470321655, 0.6119349002838135, 0.2755584716796875, 0.3218536376953125 
850, 0.21156622469425201, 0.6073386669158936, 0.27182602882385254, 0.32031941413879395 
851, 0.21159550547599792, 0.6118426322937012, 0.2743721008300781, 0.3223083019256592 
852, 0.21162457764148712, 0.5992450714111328, 0.2669949531555176, 0.31746482849121094 
853, 0.21165350079536438, 0.6227288246154785, 0.28574228286743164, 0.3220703601837158 
854, 0.21168223023414612, 0.6032423973083496, 0.2716660499572754, 0.3169128894805908 
855, 0.21171075105667114, 0.7178308963775635, 0.274580717086792, 0.32289671897888184 
856, 0.21173913776874542, 0.6220481395721436, 0.2849235534667969, 0.3202977180480957 
857, 0.21176733076572418, 0.6068253517150879, 0.27179598808288574, 0.32076072692871094 
858, 0.21179500222206116, 0.5969507694244385, 0.26781272888183594, 0.31389498710632324 
859, 0.2118183970451355, 0.6077480316162109, 0.275951623916626, 0.3166041374206543 
860, 0.2118416577577591, 0.6019647121429443, 0.2738978862762451, 0.3135528564453125 
861, 0.21186473965644836, 0.6010868549346924, 0.2677304744720459, 0.3183884620666504 
862, 0.21188759803771973, 0.605186939239502, 0.27323484420776367, 0.3178539276123047 
863, 0.21191036701202393, 0.5921523571014404, 0.26546239852905273, 0.31227898597717285 
864, 0.21193304657936096, 0.5868227481842041, 0.2623884677886963, 0.3101193904876709 
865, 0.21195557713508606, 0.6048741340637207, 0.2744739055633545, 0.31601405143737793 
866, 0.21197795867919922, 0.586540937423706, 0.2640361785888672, 0.3078806400299072 
867, 0.21200017631053925, 0.5905120372772217, 0.2639896869659424, 0.312147855758667 
868, 0.21202223002910614, 0.6005277633666992, 0.26985788345336914, 0.31588006019592285 
869, 0.21204417943954468, 0.6030709743499756, 0.2775540351867676, 0.3117561340332031 
870, 0.21206609904766083, 0.6072533130645752, 0.26401424407958984, 0.3148612976074219 
871, 0.2120877504348755, 0.6115593910217285, 0.28009772300720215, 0.3172945976257324 
872, 0.21210932731628418, 0.6866707801818848, 0.26239562034606934, 0.3099830150604248 
873, 0.21213075518608093, 0.6033854484558105, 0.27681946754455566, 0.31189393997192383 
874, 0.2121521383523941, 0.6414144039154053, 0.2966732978820801, 0.32381486892700195 
875, 0.21217316389083862, 0.6172103881835938, 0.2811756134033203, 0.3215475082397461 
876, 0.21219433844089508, 0.6077313423156738, 0.28049254417419434, 0.313382625579834 
877, 0.21221530437469482, 0.5960714817047119, 0.27004384994506836, 0.3119242191314697 
878, 0.21223603188991547, 0.5798556804656982, 0.25963282585144043, 0.3066718578338623 
879, 0.21225689351558685, 0.5901174545288086, 0.2665722370147705, 0.30907726287841797 
880, 0.21227745711803436, 0.6020417213439941, 0.27262449264526367, 0.3148195743560791 
881, 0.21229790151119232, 0.6372942924499512, 0.2664980888366699, 0.3179011344909668 
882, 0.21231824159622192, 0.6028299331665039, 0.2778139114379883, 0.3107917308807373 
883, 0.21233852207660675, 0.602135419845581, 0.26781392097473145, 0.3188450336456299 
884, 0.21235844492912292, 0.5898349285125732, 0.26424717903137207, 0.311565637588501 
885, 0.21237853169441223, 0.5982096195220947, 0.27036619186401367, 0.3130028247833252 
886, 0.2123984694480896, 0.6158163547515869, 0.2781639099121094, 0.3225228786468506 
887, 0.21241816878318787, 0.6020996570587158, 0.2698676586151123, 0.31685614585876465 
888, 0.2124376893043518, 0.6074082851409912, 0.27167773246765137, 0.32056474685668945 
889, 0.21245718002319336, 0.613624095916748, 0.2746903896331787, 0.32430005073547363 
890, 0.21247655153274536, 0.6075079441070557, 0.2713944911956787, 0.321056604385376 
891, 0.21249578893184662, 0.6147520542144775, 0.277174711227417, 0.32213735580444336 
892, 0.2125149369239807, 0.6204757690429688, 0.2798283100128174, 0.3256676197052002 
893, 0.2125338613986969, 0.6059551239013672, 0.2739248275756836, 0.31685638427734375 
894, 0.21255269646644592, 0.599808931350708, 0.27057623863220215, 0.3143727779388428 
895, 0.21257151663303375, 0.618610143661499, 0.275958776473999, 0.32774877548217773 
896, 0.2125900387763977, 0.6049399375915527, 0.2729032039642334, 0.3169362545013428 
897, 0.21260851621627808, 0.6109344959259033, 0.27411770820617676, 0.32182788848876953 
898, 0.2126268446445465, 0.612067461013794, 0.2742283344268799, 0.3234126567840576 
899, 0.21264515817165375, 0.609255313873291, 0.2702517509460449, 0.31760430335998535 
900, 0.21266314387321472, 0.5960767269134521, 0.2679455280303955, 0.31350183486938477 
901, 0.2126811146736145, 0.6063053607940674, 0.2720351219177246, 0.3191237449645996 
902, 0.2126990109682083, 0.5954256057739258, 0.27048397064208984, 0.3106265068054199 
903, 0.21271660923957825, 0.6001360416412354, 0.26729345321655273, 0.31810688972473145 
904, 0.21273429691791534, 0.6095981597900391, 0.27079343795776367, 0.32375073432922363 
905, 0.21275171637535095, 0.6014664173126221, 0.26974034309387207, 0.31711459159851074 
906, 0.21276900172233582, 0.5944390296936035, 0.26616477966308594, 0.3141610622406006 
907, 0.21278613805770874, 0.6008329391479492, 0.26771998405456543, 0.31853365898132324 
908, 0.21280324459075928, 0.5927140712738037, 0.26992344856262207, 0.30864524841308594 
909, 0.2128201574087143, 0.5971629619598389, 0.2652473449707031, 0.3161327838897705 
910, 0.21283698081970215, 0.6067662239074707, 0.270355224609375, 0.321336030960083 
911, 0.2128535956144333, 0.6043953895568848, 0.2676229476928711, 0.32198500633239746 
912, 0.21287013590335846, 0.5911500453948975, 0.2689366340637207, 0.3083038330078125 
913, 0.2128864973783493, 0.5916554927825928, 0.2630341053009033, 0.3148531913757324 
914, 0.21290276944637299, 0.5876331329345703, 0.26787853240966797, 0.30580830574035645 
915, 0.21291883289813995, 0.5883135795593262, 0.2621641159057617, 0.3117532730102539 
916, 0.21293488144874573, 0.6064884662628174, 0.26831626892089844, 0.3212916851043701 
917, 0.21295066177845, 0.5937275886535645, 0.2679445743560791, 0.31129002571105957 
918, 0.2129664421081543, 0.5819768905639648, 0.26135802268981934, 0.3065776824951172 
919, 0.2129819691181183, 0.5877578258514404, 0.2601132392883301, 0.3129286766052246 
920, 0.2129974067211151, 0.5976827144622803, 0.27403855323791504, 0.30902838706970215 
921, 0.21301275491714478, 0.5943574905395508, 0.2645392417907715, 0.31520891189575195 
922, 0.21302784979343414, 0.6287169456481934, 0.27076196670532227, 0.3430478572845459 
923, 0.21304291486740112, 0.6018044948577881, 0.27071428298950195, 0.3162970542907715 
924, 0.21305778622627258, 0.6043093204498291, 0.26999378204345703, 0.31952977180480957 
925, 0.21307256817817688, 0.6027452945709229, 0.26940059661865234, 0.31815624237060547 
926, 0.21308717131614685, 0.6101806163787842, 0.27611494064331055, 0.3195827007293701 
927, 0.21310162544250488, 0.6029970645904541, 0.26830387115478516, 0.3195343017578125 
928, 0.21311593055725098, 0.6068217754364014, 0.27049827575683594, 0.32169532775878906 
929, 0.2131301462650299, 0.608426570892334, 0.2772512435913086, 0.3160269260406494 
930, 0.21314416825771332, 0.5923388004302979, 0.26560282707214355, 0.31252217292785645 
931, 0.21315811574459076, 0.602313756942749, 0.2710721492767334, 0.316699743270874 
932, 0.21317188441753387, 0.6030144691467285, 0.27230405807495117, 0.3160891532897949 
933, 0.21318550407886505, 0.7450892925262451, 0.2671644687652588, 0.45940256118774414 
934, 0.21319898962974548, 0.5957071781158447, 0.2655045986175537, 0.31547069549560547 
935, 0.21321235597133636, 0.5915896892547607, 0.2642710208892822, 0.3130066394805908 
936, 0.21322549879550934, 0.5837926864624023, 0.2627284526824951, 0.3070831298828125 
937, 0.21323859691619873, 0.5929989814758301, 0.2651503086090088, 0.31366443634033203 
938, 0.213251531124115, 0.5881915092468262, 0.26716184616088867, 0.3067433834075928 
939, 0.2132643610239029, 0.5906476974487305, 0.26528286933898926, 0.3114619255065918 
940, 0.21327699720859528, 0.6064338684082031, 0.26518964767456055, 0.32696962356567383 
941, 0.21328942477703094, 0.5867104530334473, 0.26482558250427246, 0.30733680725097656 
942, 0.21330171823501587, 0.5791380405426025, 0.2613182067871094, 0.3045692443847656 
943, 0.21331393718719482, 0.5919959545135498, 0.26543545722961426, 0.31243467330932617 
944, 0.21332615613937378, 0.5805535316467285, 0.26384925842285156, 0.3033928871154785 
945, 0.2133379876613617, 0.6932756900787354, 0.2659900188446045, 0.3165426254272461 
946, 0.21334972977638245, 0.6058900356292725, 0.27509498596191406, 0.3160078525543213 
947, 0.21336139738559723, 0.6295406818389893, 0.2647256851196289, 0.31128549575805664 
948, 0.2133728414773941, 0.5918960571289062, 0.27266788482666016, 0.3049049377441406 
949, 0.213384211063385, 0.5946328639984131, 0.2673029899597168, 0.3130652904510498 
950, 0.2133953869342804, 0.5983803272247314, 0.2659912109375, 0.31692957878112793 
951, 0.21340644359588623, 0.5975008010864258, 0.2672295570373535, 0.3158552646636963 
952, 0.21341738104820251, 0.6039948463439941, 0.27314257621765137, 0.31646227836608887 
953, 0.21342802047729492, 0.5908448696136475, 0.2666475772857666, 0.3098716735839844 
954, 0.21343865990638733, 0.596548318862915, 0.26412105560302734, 0.3173556327819824 
955, 0.21344920992851257, 0.6142117977142334, 0.2780020236968994, 0.32082080841064453 
956, 0.21345950663089752, 0.5995702743530273, 0.27007532119750977, 0.31422972679138184 
957, 0.2134697288274765, 0.6100313663482666, 0.27399206161499023, 0.3211178779602051 
958, 0.2134796679019928, 0.6185126304626465, 0.2787473201751709, 0.32456088066101074 
959, 0.21348965167999268, 0.6131761074066162, 0.2750437259674072, 0.32295680046081543 
960, 0.21349938213825226, 0.6005167961120605, 0.27188754081726074, 0.3136608600616455 
961, 0.21350893378257751, 0.6188485622406006, 0.28064799308776855, 0.3232710361480713 
962, 0.213518425822258, 0.6099894046783447, 0.27451252937316895, 0.32043933868408203 
963, 0.21352767944335938, 0.6074450016021729, 0.2715187072753906, 0.31999850273132324 
964, 0.2135368287563324, 0.6403558254241943, 0.28341031074523926, 0.3277158737182617 
965, 0.2135457694530487, 0.608607292175293, 0.27300190925598145, 0.3201127052307129 
966, 0.21355478465557098, 0.5957601070404053, 0.2699766159057617, 0.31107234954833984 
967, 0.21356339752674103, 0.6082515716552734, 0.2742781639099121, 0.3184535503387451 
968, 0.21357199549674988, 0.6076233386993408, 0.2706272602081299, 0.3223860263824463 
969, 0.21358038485050201, 0.5930650234222412, 0.2678401470184326, 0.3104207515716553 
970, 0.21358861029148102, 0.6059238910675049, 0.2750222682952881, 0.31543898582458496 
971, 0.21359682083129883, 0.602902889251709, 0.2711045742034912, 0.3171103000640869 
972, 0.21360471844673157, 0.5873703956604004, 0.2661440372467041, 0.30663132667541504 
973, 0.21361267566680908, 0.5980584621429443, 0.2679417133331299, 0.315659761428833 
974, 0.21362031996250153, 0.6207146644592285, 0.2666280269622803, 0.3365294933319092 
975, 0.2136278748512268, 0.5947880744934082, 0.2644059658050537, 0.3163917064666748 
976, 0.21363529562950134, 0.5926046371459961, 0.2717583179473877, 0.30646586418151855 
977, 0.21364250779151917, 0.5917580127716064, 0.268357515335083, 0.3095827102661133 
978, 0.21364963054656982, 0.5877184867858887, 0.2661311626434326, 0.30782198905944824 
979, 0.21365651488304138, 0.5925562381744385, 0.26584839820861816, 0.3113269805908203 
980, 0.21366329491138458, 0.5894248485565186, 0.262897253036499, 0.31240081787109375 
981, 0.21366998553276062, 0.5813143253326416, 0.26059842109680176, 0.3069133758544922 
982, 0.21367648243904114, 0.5972163677215576, 0.2739601135253906, 0.3075222969055176 
983, 0.2136828899383545, 0.5949070453643799, 0.26496315002441406, 0.3103361129760742 
984, 0.21368911862373352, 0.5909624099731445, 0.2729477882385254, 0.30442118644714355 
985, 0.21369513869285583, 0.6060423851013184, 0.2659332752227783, 0.3094973564147949 
986, 0.213701069355011, 0.6012275218963623, 0.2770688533782959, 0.30991387367248535 
987, 0.213706836104393, 0.5831513404846191, 0.26099348068237305, 0.307431697845459 
988, 0.21371251344680786, 0.5923764705657959, 0.27328944206237793, 0.30542516708374023 
989, 0.213717982172966, 0.5938222408294678, 0.26596951484680176, 0.3135111331939697 
990, 0.2137233465909958, 0.5907948017120361, 0.2662839889526367, 0.3098628520965576 
991, 0.21372905373573303, 0.5938420295715332, 0.26886844635009766, 0.3110828399658203 
992, 0.21373608708381653, 0.5985679626464844, 0.2659749984741211, 0.31769275665283203 
993, 0.2137429118156433, 0.5973451137542725, 0.26871275901794434, 0.31357574462890625 
994, 0.21374967694282532, 0.6084156036376953, 0.27835798263549805, 0.31545186042785645 
995, 0.21375621855258942, 0.6084599494934082, 0.27436041831970215, 0.3192591667175293 
996, 0.21376274526119232, 0.5978081226348877, 0.2720677852630615, 0.31101465225219727 
997, 0.21376904845237732, 0.6048221588134766, 0.2756688594818115, 0.3146030902862549 
998, 0.21377530694007874, 0.597754955291748, 0.2672865390777588, 0.31544041633605957 
999, 0.21378138661384583, 0.5946247577667236, 0.26818037033081055, 0.3102412223815918 
