Iteration, loss, time 
0, -8.841996192932129, 0.08930230140686035 
1, -9.000566482543945, 0.018967628479003906 
2, -9.197298049926758, 0.01827263832092285 
3, -9.349176406860352, 0.01965475082397461 
4, -9.576079368591309, 0.01831650733947754 
5, -9.693344116210938, 0.018600940704345703 
6, -9.91234016418457, 0.018383264541625977 
7, -10.073404312133789, 0.01858210563659668 
8, -10.272378921508789, 0.018274784088134766 
9, -10.435140609741211, 0.018152952194213867 
10, -10.60961627960205, 0.018201112747192383 
11, -10.821255683898926, 0.018253087997436523 
12, -10.967220306396484, 0.01846933364868164 
13, -11.150873184204102, 0.018313169479370117 
14, -11.284788131713867, 0.01851654052734375 
15, -11.433694839477539, 0.018303394317626953 
16, -11.584952354431152, 0.018504858016967773 
17, -11.766823768615723, 0.018535614013671875 
18, -11.923158645629883, 0.018306493759155273 
19, -12.101754188537598, 0.017977237701416016 
20, -12.213810920715332, 0.018512487411499023 
21, -12.381025314331055, 0.018335342407226562 
22, -12.519805908203125, 0.01881861686706543 
23, -12.6255521774292, 0.018262147903442383 
24, -12.793191909790039, 0.018503665924072266 
25, -12.947975158691406, 0.018012046813964844 
26, -13.109064102172852, 0.020038366317749023 
27, -13.210776329040527, 0.01799607276916504 
28, -13.303912162780762, 0.018700361251831055 
29, -13.494667053222656, 0.018469572067260742 
30, -13.647287368774414, 0.01850724220275879 
31, -13.767126083374023, 0.018503189086914062 
32, -13.91379165649414, 0.018350601196289062 
33, -14.012897491455078, 0.01821112632751465 
34, -14.180334091186523, 0.018471956253051758 
35, -14.233163833618164, 0.018074512481689453 
36, -14.458541870117188, 0.01875782012939453 
37, -14.518644332885742, 0.018018245697021484 
38, -14.662046432495117, 0.018518924713134766 
39, -14.765552520751953, 0.018467187881469727 
40, -14.791410446166992, 0.01820540428161621 
41, -15.024227142333984, 0.01827549934387207 
42, -15.108283996582031, 0.018374919891357422 
43, -15.146000862121582, 0.018057584762573242 
44, -15.351243019104004, 0.018409252166748047 
45, -15.40131664276123, 0.018288373947143555 
46, -15.547714233398438, 0.018593788146972656 
47, -15.636726379394531, 0.018021583557128906 
48, -15.749435424804688, 0.018543720245361328 
49, -15.916221618652344, 0.018523693084716797 
50, -15.956279754638672, 0.021093368530273438 
51, -16.051794052124023, 0.018347501754760742 
52, -16.23318099975586, 0.018276691436767578 
53, -16.23590087890625, 0.018149137496948242 
54, -16.391407012939453, 0.01831674575805664 
55, -16.42042350769043, 0.01831507682800293 
56, -16.490720748901367, 0.01826620101928711 
57, -16.642314910888672, 0.018264293670654297 
58, -16.72736358642578, 0.018298864364624023 
59, -16.792007446289062, 0.01810765266418457 
60, -16.88058853149414, 0.018634319305419922 
61, -16.972990036010742, 0.018276453018188477 
62, -17.034578323364258, 0.0182797908782959 
63, -17.145322799682617, 0.01805567741394043 
64, -17.17892837524414, 0.018200397491455078 
65, -17.302169799804688, 0.01862478256225586 
66, -17.328828811645508, 0.01854085922241211 
67, -17.43584442138672, 0.01837468147277832 
68, -17.509950637817383, 0.01825737953186035 
69, -17.582706451416016, 0.01819896697998047 
70, -17.69259262084961, 0.018516063690185547 
71, -17.724699020385742, 0.01816534996032715 
72, -17.78441619873047, 0.018992185592651367 
73, -17.847835540771484, 0.018418073654174805 
74, -17.89434814453125, 0.02128148078918457 
75, -17.983396530151367, 0.018327951431274414 
76, -17.998931884765625, 0.01828742027282715 
77, -18.146881103515625, 0.01826024055480957 
78, -18.280338287353516, 0.018397092819213867 
79, -18.214923858642578, 0.018273115158081055 
80, -18.386463165283203, 0.018565893173217773 
81, -18.349525451660156, 0.01818060874938965 
82, -18.465103149414062, 0.01841282844543457 
83, -18.47083854675293, 0.018136978149414062 
84, -18.56604766845703, 0.018712997436523438 
85, -18.592222213745117, 0.018211841583251953 
86, -18.661792755126953, 0.018383026123046875 
87, -18.715641021728516, 0.01833629608154297 
88, -18.73682403564453, 0.018260955810546875 
89, -18.819000244140625, 0.018106460571289062 
90, -18.8673095703125, 0.0183258056640625 
91, -18.855926513671875, 0.01828742027282715 
92, -18.88467025756836, 0.018723726272583008 
93, -19.13119125366211, 0.018701553344726562 
94, -19.152267456054688, 0.018956661224365234 
95, -19.13758087158203, 0.01811528205871582 
96, -19.203611373901367, 0.018390178680419922 
97, -19.221548080444336, 0.01816582679748535 
98, -19.258708953857422, 0.020549774169921875 
99, -19.31060028076172, 0.01844477653503418 
100, -19.41305923461914, 0.018203020095825195 
101, -19.398767471313477, 0.01838397979736328 
102, -19.440462112426758, 0.01818704605102539 
103, -19.473543167114258, 0.018437862396240234 
104, -19.516183853149414, 0.0188601016998291 
105, -19.488277435302734, 0.018240690231323242 
106, -19.641836166381836, 0.01837754249572754 
107, -19.61297607421875, 0.0181887149810791 
108, -19.692768096923828, 0.018860578536987305 
109, -19.694583892822266, 0.018488407135009766 
110, -19.74281120300293, 0.0185549259185791 
111, -19.854923248291016, 0.018380403518676758 
112, -19.805004119873047, 0.018398046493530273 
113, -19.816078186035156, 0.018698692321777344 
114, -19.985126495361328, 0.018288135528564453 
115, -19.911296844482422, 0.018769264221191406 
116, -19.872371673583984, 0.01901698112487793 
117, -19.906131744384766, 0.01859879493713379 
118, -20.05402374267578, 0.018755674362182617 
119, -20.00708770751953, 0.018346309661865234 
120, -20.015396118164062, 0.018664836883544922 
121, -20.108585357666016, 0.01830124855041504 
122, -20.133792877197266, 0.020992755889892578 
123, -20.121688842773438, 0.018152236938476562 
124, -20.12725067138672, 0.018407821655273438 
125, -20.205154418945312, 0.01843857765197754 
126, -20.241641998291016, 0.018372535705566406 
127, -20.239704132080078, 0.01829695701599121 
128, -20.22327423095703, 0.018729448318481445 
129, -20.318038940429688, 0.018337726593017578 
130, -20.2918758392334, 0.0186464786529541 
131, -20.378890991210938, 0.018784284591674805 
132, -20.387144088745117, 0.018406152725219727 
133, -20.429954528808594, 0.01800370216369629 
134, -20.468769073486328, 0.01862812042236328 
135, -20.450939178466797, 0.018534421920776367 
136, -20.400636672973633, 0.018740415573120117 
137, -20.539207458496094, 0.018236160278320312 
138, -20.54228401184082, 0.01838088035583496 
139, -20.557456970214844, 0.018234968185424805 
140, -20.50937271118164, 0.018294572830200195 
141, -20.576595306396484, 0.01865553855895996 
142, -20.524150848388672, 0.01841902732849121 
143, -20.6156005859375, 0.018288135528564453 
144, -20.648717880249023, 0.01849961280822754 
145, -20.6746826171875, 0.018138647079467773 
146, -20.68427276611328, 0.02113819122314453 
147, -20.70884895324707, 0.018354415893554688 
148, -20.71564483642578, 0.018442869186401367 
149, -20.743370056152344, 0.018236637115478516 
150, -20.743436813354492, 0.018581628799438477 
151, -20.779003143310547, 0.01885056495666504 
152, -20.811851501464844, 0.018576622009277344 
153, -20.818279266357422, 0.01814889907836914 
154, -20.84165382385254, 0.018343448638916016 
155, -20.89381980895996, 0.01818060874938965 
156, -20.895782470703125, 0.018542766571044922 
157, -20.81650161743164, 0.018491268157958984 
158, -20.88075828552246, 0.019357919692993164 
159, -20.886335372924805, 0.01874995231628418 
160, -20.91128158569336, 0.019309520721435547 
161, -20.983903884887695, 0.018407106399536133 
162, -20.997758865356445, 0.018428325653076172 
163, -21.02907371520996, 0.018291234970092773 
164, -20.910938262939453, 0.018621444702148438 
165, -20.961414337158203, 0.018214941024780273 
166, -20.98470687866211, 0.018657207489013672 
167, -21.008060455322266, 0.018381595611572266 
168, -21.01995086669922, 0.018499135971069336 
169, -21.027969360351562, 0.01840972900390625 
170, -21.04180908203125, 0.021359920501708984 
171, -21.047517776489258, 0.018703222274780273 
172, -21.050277709960938, 0.018520116806030273 
173, -21.11624526977539, 0.018370389938354492 
174, -21.128036499023438, 0.018416404724121094 
175, -21.07425880432129, 0.018310070037841797 
176, -21.10602569580078, 0.018523693084716797 
177, -21.11391830444336, 0.018674850463867188 
178, -21.114765167236328, 0.018702030181884766 
179, -21.18248748779297, 0.01877140998840332 
180, -21.17303466796875, 0.018461227416992188 
181, -21.161548614501953, 0.01832747459411621 
182, -21.17082977294922, 0.018746376037597656 
183, -21.15639877319336, 0.018327951431274414 
184, -21.16868782043457, 0.01861405372619629 
185, -21.187938690185547, 0.018260955810546875 
186, -21.19792938232422, 0.018491029739379883 
187, -21.19731903076172, 0.018322467803955078 
188, -21.237154006958008, 0.018659114837646484 
189, -21.234647750854492, 0.01854252815246582 
190, -21.22979736328125, 0.018489360809326172 
191, -21.251815795898438, 0.018217086791992188 
192, -21.260271072387695, 0.018378019332885742 
193, -21.25374412536621, 0.018520355224609375 
194, -21.265548706054688, 0.021106481552124023 
195, -21.270893096923828, 0.01840972900390625 
196, -21.3031005859375, 0.018573522567749023 
197, -21.277496337890625, 0.018240928649902344 
198, -21.302228927612305, 0.018744230270385742 
199, -21.30185317993164, 0.018256425857543945 
200, -21.305130004882812, 0.018785953521728516 
201, -21.317825317382812, 0.019283056259155273 
202, -21.326244354248047, 0.018991470336914062 
203, -21.32811737060547, 0.018639802932739258 
204, -21.335710525512695, 0.018677949905395508 
205, -21.35365867614746, 0.01843738555908203 
206, -21.3560733795166, 0.018564224243164062 
207, -21.358972549438477, 0.01859450340270996 
208, -21.367815017700195, 0.018543720245361328 
209, -21.3717041015625, 0.018345355987548828 
210, -21.381078720092773, 0.01872849464416504 
211, -21.38631820678711, 0.01857924461364746 
212, -21.393022537231445, 0.01853156089782715 
213, -21.402149200439453, 0.018510103225708008 
214, -21.409822463989258, 0.018552780151367188 
215, -21.404340744018555, 0.018346786499023438 
216, -21.414548873901367, 0.018337726593017578 
217, -21.41777801513672, 0.01862812042236328 
218, -21.42629623413086, 0.020697832107543945 
219, -21.42838478088379, 0.018258094787597656 
220, -21.45162010192871, 0.01873326301574707 
221, -21.430782318115234, 0.01838994026184082 
222, -21.467458724975586, 0.018518686294555664 
223, -21.486928939819336, 0.01829981803894043 
224, -21.43885612487793, 0.0185544490814209 
225, -21.48387336730957, 0.01829981803894043 
226, -21.496191024780273, 0.018798112869262695 
227, -21.45878028869629, 0.018393278121948242 
228, -21.459678649902344, 0.018625974655151367 
229, -21.464187622070312, 0.018442630767822266 
230, -21.468650817871094, 0.018596172332763672 
231, -21.470470428466797, 0.018530845642089844 
232, -21.478321075439453, 0.018752336502075195 
233, -21.48242950439453, 0.018380403518676758 
234, -21.485776901245117, 0.01831793785095215 
235, -21.49190902709961, 0.018787145614624023 
236, -21.49277687072754, 0.01889657974243164 
237, -21.49955177307129, 0.018494606018066406 
238, -21.500211715698242, 0.018759965896606445 
239, -21.50446128845215, 0.018361568450927734 
240, -21.50498390197754, 0.018686294555664062 
241, -21.509246826171875, 0.01854729652404785 
242, -21.51727867126465, 0.021071434020996094 
243, -21.51631736755371, 0.018959999084472656 
244, -21.520689010620117, 0.01931595802307129 
245, -21.52425765991211, 0.01866459846496582 
246, -21.527759552001953, 0.01882314682006836 
247, -21.53095817565918, 0.01845693588256836 
248, -21.533645629882812, 0.018685102462768555 
249, -21.537622451782227, 0.018500328063964844 
250, -21.541379928588867, 0.01872563362121582 
251, -21.544038772583008, 0.018689632415771484 
252, -21.544174194335938, 0.018725872039794922 
253, -21.548416137695312, 0.018758773803710938 
254, -21.55145263671875, 0.01848316192626953 
255, -21.552072525024414, 0.018456697463989258 
256, -21.55609703063965, 0.018615245819091797 
257, -21.560043334960938, 0.01852273941040039 
258, -21.56000518798828, 0.018621206283569336 
259, -21.562965393066406, 0.01850104331970215 
260, -21.576168060302734, 0.018511533737182617 
261, -21.570707321166992, 0.018584012985229492 
262, -21.580354690551758, 0.019037246704101562 
263, -21.576950073242188, 0.018478870391845703 
264, -21.550159454345703, 0.0185549259185791 
265, -21.58635902404785, 0.018498897552490234 
266, -21.58738899230957, 0.02085113525390625 
267, -21.568876266479492, 0.018446683883666992 
268, -21.579998016357422, 0.018609285354614258 
269, -21.575359344482422, 0.018411874771118164 
270, -21.591707229614258, 0.018634557723999023 
271, -21.60695457458496, 0.01873612403869629 
272, -21.60500144958496, 0.018605470657348633 
273, -21.60758399963379, 0.01869964599609375 
274, -21.610641479492188, 0.01865410804748535 
275, -21.61217498779297, 0.018282413482666016 
276, -21.614641189575195, 0.01872086524963379 
277, -21.614057540893555, 0.018581628799438477 
278, -21.617572784423828, 0.01904153823852539 
279, -21.623580932617188, 0.018482208251953125 
280, -21.6215877532959, 0.01891303062438965 
281, -21.625688552856445, 0.018470287322998047 
282, -21.627166748046875, 0.01850724220275879 
283, -21.630470275878906, 0.018358945846557617 
284, -21.629594802856445, 0.018996477127075195 
285, -21.635854721069336, 0.019034147262573242 
286, -21.635517120361328, 0.019104480743408203 
287, -21.634618759155273, 0.01855611801147461 
288, -21.63770294189453, 0.018712282180786133 
289, -21.640810012817383, 0.018678903579711914 
290, -21.642671585083008, 0.02093815803527832 
291, -21.64569091796875, 0.01833319664001465 
292, -21.64691925048828, 0.018573284149169922 
293, -21.64936065673828, 0.01863265037536621 
294, -21.650754928588867, 0.018703699111938477 
295, -21.651466369628906, 0.01851344108581543 
296, -21.655376434326172, 0.018703699111938477 
297, -21.657787322998047, 0.01858234405517578 
298, -21.659997940063477, 0.019011974334716797 
299, -21.662839889526367, 0.018607378005981445 
300, -21.662174224853516, 0.018492937088012695 
301, -21.665008544921875, 0.018323898315429688 
302, -21.667633056640625, 0.018558740615844727 
303, -21.663026809692383, 0.018675804138183594 
304, -21.673324584960938, 0.019060850143432617 
305, -21.66917610168457, 0.018561840057373047 
306, -21.674091339111328, 0.0186614990234375 
307, -21.67665672302246, 0.018662691116333008 
308, -21.67742347717285, 0.019400596618652344 
309, -21.682567596435547, 0.018460988998413086 
310, -21.681541442871094, 0.018515348434448242 
311, -21.678062438964844, 0.01840066909790039 
312, -21.683950424194336, 0.01860833168029785 
313, -21.684988021850586, 0.018370389938354492 
314, -21.685970306396484, 0.021158933639526367 
315, -21.689083099365234, 0.01854681968688965 
316, -21.691762924194336, 0.01898980140686035 
317, -21.695932388305664, 0.018359899520874023 
318, -21.695697784423828, 0.018723011016845703 
319, -21.698646545410156, 0.018709897994995117 
320, -21.697189331054688, 0.018913745880126953 
321, -21.698759078979492, 0.018533945083618164 
322, -21.70684814453125, 0.018688201904296875 
323, -21.69957733154297, 0.018320322036743164 
324, -21.705305099487305, 0.018523693084716797 
325, -21.707212448120117, 0.01876974105834961 
326, -21.71173667907715, 0.018882036209106445 
327, -21.70856285095215, 0.01898336410522461 
328, -21.707473754882812, 0.019016504287719727 
329, -21.723997116088867, 0.018807411193847656 
330, -21.71128273010254, 0.018872737884521484 
331, -21.71073341369629, 0.018448829650878906 
332, -21.712827682495117, 0.01859426498413086 
333, -21.714946746826172, 0.018431425094604492 
334, -21.720888137817383, 0.018963098526000977 
335, -21.717626571655273, 0.018553495407104492 
336, -21.72132110595703, 0.018579483032226562 
337, -21.72102928161621, 0.018518447875976562 
338, -21.722049713134766, 0.02097773551940918 
339, -21.722131729125977, 0.01855182647705078 
340, -21.723737716674805, 0.018885374069213867 
341, -21.738542556762695, 0.018615245819091797 
342, -21.724735260009766, 0.018636703491210938 
343, -21.72951889038086, 0.01844000816345215 
344, -21.72976303100586, 0.018799304962158203 
345, -21.735395431518555, 0.018599748611450195 
346, -21.733936309814453, 0.01881575584411621 
347, -21.738000869750977, 0.018491268157958984 
348, -21.733823776245117, 0.018538951873779297 
349, -21.738126754760742, 0.018488407135009766 
350, -21.739059448242188, 0.01876091957092285 
351, -21.739383697509766, 0.018545866012573242 
352, -21.740341186523438, 0.01899266242980957 
353, -21.742521286010742, 0.01868462562561035 
354, -21.7467041015625, 0.01859426498413086 
355, -21.744237899780273, 0.018456220626831055 
356, -21.742050170898438, 0.018638134002685547 
357, -21.748350143432617, 0.01861715316772461 
358, -21.749755859375, 0.018642425537109375 
359, -21.75035858154297, 0.018443822860717773 
360, -21.746313095092773, 0.019264698028564453 
361, -21.750635147094727, 0.018769502639770508 
362, -21.74921989440918, 0.021645784378051758 
363, -21.76247787475586, 0.018414974212646484 
364, -21.753374099731445, 0.018654823303222656 
365, -21.753828048706055, 0.018362760543823242 
366, -21.732215881347656, 0.018666744232177734 
367, -21.770709991455078, 0.01851201057434082 
368, -21.758792877197266, 0.01893138885498047 
369, -21.714189529418945, 0.018823623657226562 
370, -21.753700256347656, 0.019237995147705078 
371, -21.773149490356445, 0.01901698112487793 
372, -21.7701358795166, 0.01880812644958496 
373, -21.76960563659668, 0.018419981002807617 
374, -21.756805419921875, 0.018671274185180664 
375, -21.764381408691406, 0.01860332489013672 
376, -21.755952835083008, 0.018728017807006836 
377, -21.769243240356445, 0.01859450340270996 
378, -21.74394416809082, 0.01864457130432129 
379, -21.78093147277832, 0.01862931251525879 
380, -21.751020431518555, 0.01897263526916504 
381, -21.788856506347656, 0.01851677894592285 
382, -21.77067756652832, 0.018798112869262695 
383, -21.771072387695312, 0.01853346824645996 
384, -21.7728214263916, 0.018709421157836914 
385, -21.787193298339844, 0.01846933364868164 
386, -21.77533721923828, 0.021045684814453125 
387, -21.7764892578125, 0.018805503845214844 
388, -21.761821746826172, 0.019054889678955078 
389, -21.78142547607422, 0.018802881240844727 
390, -21.77911949157715, 0.018613576889038086 
391, -21.792537689208984, 0.018270254135131836 
392, -21.77593994140625, 0.018709182739257812 
393, -21.7646541595459, 0.018458127975463867 
394, -21.791255950927734, 0.018725156784057617 
395, -21.78251075744629, 0.01850128173828125 
396, -21.751609802246094, 0.018765687942504883 
397, -21.787025451660156, 0.018535614013671875 
398, -21.801061630249023, 0.019125699996948242 
399, -21.794696807861328, 0.018544673919677734 
400, -21.770477294921875, 0.018581628799438477 
401, -21.768648147583008, 0.018444061279296875 
402, -21.786333084106445, 0.018601417541503906 
403, -21.766260147094727, 0.01868748664855957 
404, -21.799457550048828, 0.01893019676208496 
405, -21.801111221313477, 0.018518924713134766 
406, -21.777645111083984, 0.018503904342651367 
407, -21.794374465942383, 0.018788576126098633 
408, -21.800907135009766, 0.01862311363220215 
409, -21.793724060058594, 0.01866912841796875 
410, -21.77632713317871, 0.02182626724243164 
411, -21.7997989654541, 0.018859148025512695 
412, -21.8192138671875, 0.019107341766357422 
413, -21.801027297973633, 0.018446922302246094 
414, -21.796293258666992, 0.01875472068786621 
415, -21.77884864807129, 0.018785953521728516 
416, -21.796072006225586, 0.019036531448364258 
417, -21.795753479003906, 0.018458127975463867 
418, -21.806278228759766, 0.018637418746948242 
419, -21.776338577270508, 0.018655061721801758 
420, -21.816875457763672, 0.018929243087768555 
421, -21.81654167175293, 0.018683433532714844 
422, -21.802915573120117, 0.018714427947998047 
423, -21.77906608581543, 0.018422603607177734 
424, -21.804929733276367, 0.01899099349975586 
425, -21.81744956970215, 0.01875019073486328 
426, -21.786968231201172, 0.018433570861816406 
427, -21.804903030395508, 0.01843404769897461 
428, -21.805330276489258, 0.01877284049987793 
429, -21.791349411010742, 0.01865983009338379 
430, -21.829444885253906, 0.01891040802001953 
431, -21.808534622192383, 0.018439292907714844 
432, -21.811912536621094, 0.01862025260925293 
433, -21.80685043334961, 0.018393993377685547 
434, -21.79319190979004, 0.021340370178222656 
435, -21.82894515991211, 0.018647193908691406 
436, -21.789743423461914, 0.01866626739501953 
437, -21.81443977355957, 0.018449068069458008 
438, -21.81201171875, 0.018606185913085938 
439, -21.802701950073242, 0.01848435401916504 
440, -21.81220054626465, 0.018896818161010742 
441, -21.82004165649414, 0.01830458641052246 
442, -21.81977081298828, 0.018712520599365234 
443, -21.816905975341797, 0.018628597259521484 
444, -21.814315795898438, 0.019135713577270508 
445, -21.839006423950195, 0.018904924392700195 
446, -21.815143585205078, 0.018688678741455078 
447, -21.817087173461914, 0.018409013748168945 
448, -21.821348190307617, 0.0187835693359375 
449, -21.821218490600586, 0.01853799819946289 
450, -21.800643920898438, 0.019207239151000977 
451, -21.803653717041016, 0.018993139266967773 
452, -21.839706420898438, 0.01902484893798828 
453, -21.821672439575195, 0.018938064575195312 
454, -21.823352813720703, 0.018723011016845703 
455, -21.825298309326172, 0.018643856048583984 
456, -21.824546813964844, 0.018885135650634766 
457, -21.82327651977539, 0.01849842071533203 
458, -21.79233169555664, 0.020963191986083984 
459, -21.803424835205078, 0.018481731414794922 
460, -21.822097778320312, 0.018759727478027344 
461, -21.822830200195312, 0.018471240997314453 
462, -21.823331832885742, 0.01904129981994629 
463, -21.82345962524414, 0.018433094024658203 
464, -21.828123092651367, 0.018650054931640625 
465, -21.8253231048584, 0.01852560043334961 
466, -21.82566261291504, 0.018645286560058594 
467, -21.827707290649414, 0.018427610397338867 
468, -21.827083587646484, 0.018793106079101562 
469, -21.825233459472656, 0.018568992614746094 
470, -21.832687377929688, 0.018655776977539062 
471, -21.832061767578125, 0.018815279006958008 
472, -21.846996307373047, 0.018604755401611328 
473, -21.834407806396484, 0.01839900016784668 
474, -21.829025268554688, 0.018686771392822266 
475, -21.809539794921875, 0.0184781551361084 
476, -21.815780639648438, 0.018781423568725586 
477, -21.833538055419922, 0.018807649612426758 
478, -21.832006454467773, 0.018767595291137695 
479, -21.815608978271484, 0.018309593200683594 
480, -21.831972122192383, 0.0191500186920166 
481, -21.854177474975586, 0.01853156089782715 
482, -21.83323097229004, 0.021118879318237305 
483, -21.834199905395508, 0.01857924461364746 
484, -21.833423614501953, 0.01866316795349121 
485, -21.832788467407227, 0.01884913444519043 
486, -21.834829330444336, 0.018919944763183594 
487, -21.836048126220703, 0.01857161521911621 
488, -21.836458206176758, 0.018697261810302734 
489, -21.836090087890625, 0.018741130828857422 
490, -21.83095359802246, 0.01862645149230957 
491, -21.83656883239746, 0.018411636352539062 
492, -21.846824645996094, 0.01910257339477539 
493, -21.83890151977539, 0.018973350524902344 
494, -21.839330673217773, 0.0189974308013916 
495, -21.843395233154297, 0.018558740615844727 
496, -21.838438034057617, 0.018674850463867188 
497, -21.787052154541016, 0.018551111221313477 
498, -21.871692657470703, 0.019099712371826172 
499, -21.842144012451172, 0.018735170364379883 
500, -21.84127426147461, 0.01872706413269043 
501, -21.845117568969727, 0.0184323787689209 
502, -21.841081619262695, 0.01864171028137207 
503, -21.84153938293457, 0.018754959106445312 
504, -21.8055419921875, 0.018833637237548828 
505, -21.841718673706055, 0.018479347229003906 
506, -21.842845916748047, 0.021229028701782227 
507, -21.84166145324707, 0.018543481826782227 
508, -21.84503173828125, 0.018966197967529297 
509, -21.846073150634766, 0.018415212631225586 
510, -21.843727111816406, 0.018807172775268555 
511, -21.858154296875, 0.018633365631103516 
512, -21.845613479614258, 0.018673181533813477 
513, -21.84507942199707, 0.01846790313720703 
514, -21.846336364746094, 0.018630027770996094 
515, -21.846092224121094, 0.018599271774291992 
516, -21.8526668548584, 0.01875019073486328 
517, -21.847301483154297, 0.018781661987304688 
518, -21.847389221191406, 0.018579483032226562 
519, -21.849918365478516, 0.0185239315032959 
520, -21.847747802734375, 0.018638134002685547 
521, -21.848934173583984, 0.01863884925842285 
522, -21.847360610961914, 0.01894235610961914 
523, -21.849695205688477, 0.018500089645385742 
524, -21.8491268157959, 0.018709421157836914 
525, -21.85331916809082, 0.018571853637695312 
526, -21.849477767944336, 0.019262313842773438 
527, -21.838226318359375, 0.01880192756652832 
528, -21.85114288330078, 0.018860340118408203 
529, -21.850244522094727, 0.01860523223876953 
530, -21.85148811340332, 0.021356582641601562 
531, -21.8510799407959, 0.0185091495513916 
532, -21.852500915527344, 0.01869654655456543 
533, -21.853281021118164, 0.019042015075683594 
534, -21.853498458862305, 0.0193021297454834 
535, -21.85763931274414, 0.01902484893798828 
536, -21.852941513061523, 0.018584012985229492 
537, -21.85348129272461, 0.018439531326293945 
538, -21.853702545166016, 0.018675804138183594 
539, -21.842256546020508, 0.01849675178527832 
540, -21.854063034057617, 0.018878459930419922 
541, -21.8559627532959, 0.018624067306518555 
542, -21.8452091217041, 0.018744707107543945 
543, -21.855356216430664, 0.018738508224487305 
544, -21.857450485229492, 0.018926382064819336 
545, -21.835466384887695, 0.01839923858642578 
546, -21.85555648803711, 0.01876235008239746 
547, -21.85654640197754, 0.018494844436645508 
548, -21.85818862915039, 0.01868724822998047 
549, -21.855161666870117, 0.01852107048034668 
550, -21.856470108032227, 0.01862168312072754 
551, -21.855947494506836, 0.01870584487915039 
552, -21.860239028930664, 0.019161224365234375 
553, -21.858848571777344, 0.018845796585083008 
554, -21.856515884399414, 0.02107548713684082 
555, -21.859540939331055, 0.01847386360168457 
556, -21.839183807373047, 0.0186464786529541 
557, -21.844242095947266, 0.018429040908813477 
558, -21.859220504760742, 0.018744707107543945 
559, -21.8414306640625, 0.018427371978759766 
560, -21.85968780517578, 0.018703699111938477 
561, -21.862607955932617, 0.01871967315673828 
562, -21.86684799194336, 0.018936872482299805 
563, -21.860116958618164, 0.018588781356811523 
564, -21.861793518066406, 0.018635272979736328 
565, -21.866561889648438, 0.018336772918701172 
566, -21.865116119384766, 0.018596887588500977 
567, -21.861417770385742, 0.01880025863647461 
568, -21.862186431884766, 0.018892288208007812 
569, -21.864606857299805, 0.018552541732788086 
570, -21.864696502685547, 0.01900458335876465 
571, -21.86195945739746, 0.018662214279174805 
572, -21.862716674804688, 0.018660783767700195 
573, -21.84967803955078, 0.018555402755737305 
574, -21.864261627197266, 0.01894855499267578 
575, -21.865549087524414, 0.019037723541259766 
576, -21.871030807495117, 0.019022703170776367 
577, -21.862720489501953, 0.018702268600463867 
578, -21.871904373168945, 0.021214008331298828 
579, -21.866119384765625, 0.018719911575317383 
580, -21.86429786682129, 0.018833637237548828 
581, -21.865459442138672, 0.018510818481445312 
582, -21.8653564453125, 0.018822431564331055 
583, -21.867427825927734, 0.01860785484313965 
584, -21.862394332885742, 0.019139528274536133 
585, -21.86786651611328, 0.018691062927246094 
586, -21.828693389892578, 0.018779993057250977 
587, -21.867483139038086, 0.018523693084716797 
588, -21.865375518798828, 0.01887798309326172 
589, -21.86844825744629, 0.018620967864990234 
590, -21.866174697875977, 0.018568992614746094 
591, -21.874408721923828, 0.018377304077148438 
592, -21.867183685302734, 0.018767356872558594 
593, -21.870107650756836, 0.018715381622314453 
594, -21.870487213134766, 0.018790006637573242 
595, -21.867738723754883, 0.018424510955810547 
596, -21.882604598999023, 0.018707275390625 
597, -21.867921829223633, 0.018527746200561523 
598, -21.869277954101562, 0.01899433135986328 
599, -21.87078285217285, 0.018497467041015625 
600, -21.870880126953125, 0.0185697078704834 
601, -21.87005043029785, 0.018435239791870117 
602, -21.8701171875, 0.021097183227539062 
603, -21.8701229095459, 0.01865100860595703 
604, -21.870763778686523, 0.018934249877929688 
605, -21.89706039428711, 0.01853036880493164 
606, -21.876562118530273, 0.018662452697753906 
607, -21.852880477905273, 0.01884007453918457 
608, -21.87432098388672, 0.018963336944580078 
609, -21.870555877685547, 0.01871013641357422 
610, -21.872995376586914, 0.018677711486816406 
611, -21.871234893798828, 0.0185239315032959 
612, -21.87225341796875, 0.018611669540405273 
613, -21.87110710144043, 0.018477439880371094 
614, -21.871667861938477, 0.018646955490112305 
615, -21.848011016845703, 0.018983840942382812 
616, -21.87244415283203, 0.019383907318115234 
617, -21.87150001525879, 0.01884150505065918 
618, -21.87309455871582, 0.018761157989501953 
619, -21.873310089111328, 0.01862788200378418 
620, -21.869375228881836, 0.018748760223388672 
621, -21.875337600708008, 0.018574953079223633 
622, -21.87755584716797, 0.018735647201538086 
623, -21.879779815673828, 0.018536806106567383 
624, -21.876201629638672, 0.018601417541503906 
625, -21.87543296813965, 0.018913745880126953 
626, -21.873445510864258, 0.020998477935791016 
627, -21.87476921081543, 0.018527746200561523 
628, -21.877201080322266, 0.018739938735961914 
629, -21.87516975402832, 0.018622636795043945 
630, -21.874040603637695, 0.018797636032104492 
631, -21.871179580688477, 0.018489599227905273 
632, -21.875226974487305, 0.018818378448486328 
633, -21.87483024597168, 0.01860213279724121 
634, -21.904979705810547, 0.019061803817749023 
635, -21.875961303710938, 0.018317222595214844 
636, -21.87600326538086, 0.018566608428955078 
637, -21.875307083129883, 0.01872396469116211 
638, -21.878530502319336, 0.018564462661743164 
639, -21.87651824951172, 0.018508434295654297 
640, -21.87810516357422, 0.018899202346801758 
641, -21.878562927246094, 0.018431425094604492 
642, -21.87796974182129, 0.018699169158935547 
643, -21.878765106201172, 0.018831491470336914 
644, -21.877662658691406, 0.018969058990478516 
645, -21.859888076782227, 0.018634796142578125 
646, -21.878150939941406, 0.018444538116455078 
647, -21.87900733947754, 0.018387794494628906 
648, -21.8772029876709, 0.018717527389526367 
649, -21.873720169067383, 0.01871967315673828 
650, -21.9102725982666, 0.021376371383666992 
651, -21.878782272338867, 0.01865983009338379 
652, -21.877288818359375, 0.01903510093688965 
653, -21.879377365112305, 0.018576383590698242 
654, -21.881519317626953, 0.018585681915283203 
655, -21.881418228149414, 0.018541812896728516 
656, -21.87920379638672, 0.01938772201538086 
657, -21.878780364990234, 0.019085407257080078 
658, -21.880483627319336, 0.019057273864746094 
659, -21.88074493408203, 0.01849675178527832 
660, -21.87950897216797, 0.01881241798400879 
661, -21.876049041748047, 0.0187685489654541 
662, -21.868330001831055, 0.018806934356689453 
663, -21.890178680419922, 0.01861119270324707 
664, -21.883533477783203, 0.018674850463867188 
665, -21.87981605529785, 0.018553733825683594 
666, -21.888704299926758, 0.018767833709716797 
667, -21.881122589111328, 0.01852893829345703 
668, -21.880937576293945, 0.018871068954467773 
669, -21.860517501831055, 0.01844930648803711 
670, -21.881305694580078, 0.018821239471435547 
671, -21.881643295288086, 0.01883530616760254 
672, -21.88062858581543, 0.01846766471862793 
673, -21.87700843811035, 0.01848578453063965 
674, -21.881513595581055, 0.021316051483154297 
675, -21.883708953857422, 0.018795490264892578 
676, -21.861026763916016, 0.018930673599243164 
677, -21.88446044921875, 0.01852560043334961 
678, -21.88226318359375, 0.01882481575012207 
679, -21.882793426513672, 0.018733978271484375 
680, -21.88249969482422, 0.01894688606262207 
681, -21.884767532348633, 0.018563508987426758 
682, -21.88188934326172, 0.018622398376464844 
683, -21.88346290588379, 0.018511056900024414 
684, -21.88263702392578, 0.018621444702148438 
685, -21.883255004882812, 0.018578052520751953 
686, -21.884056091308594, 0.018755674362182617 
687, -21.883739471435547, 0.018506765365600586 
688, -21.892366409301758, 0.01858830451965332 
689, -21.901573181152344, 0.018831253051757812 
690, -21.892763137817383, 0.019179105758666992 
691, -21.883193969726562, 0.01858830451965332 
692, -21.884199142456055, 0.018846511840820312 
693, -21.832612991333008, 0.01845550537109375 
694, -21.884519577026367, 0.018550395965576172 
695, -21.884258270263672, 0.018547534942626953 
696, -21.84855079650879, 0.018700599670410156 
697, -21.884265899658203, 0.019108295440673828 
698, -21.88495445251465, 0.021776676177978516 
699, -21.89389419555664, 0.01874518394470215 
700, -21.888952255249023, 0.01893138885498047 
701, -21.88835906982422, 0.018648386001586914 
702, -21.877578735351562, 0.018941640853881836 
703, -21.887351989746094, 0.018639326095581055 
704, -21.898134231567383, 0.018723726272583008 
705, -21.884225845336914, 0.01853346824645996 
706, -21.8884220123291, 0.018932104110717773 
707, -21.88572120666504, 0.018890380859375 
708, -21.90199851989746, 0.01875162124633789 
709, -21.86324119567871, 0.01838397979736328 
710, -21.87971305847168, 0.018714189529418945 
711, -21.89113998413086, 0.0186309814453125 
712, -21.882244110107422, 0.018892765045166016 
713, -21.88813591003418, 0.01855778694152832 
714, -21.888057708740234, 0.018814802169799805 
715, -21.879106521606445, 0.018680095672607422 
716, -21.89223861694336, 0.018974781036376953 
717, -21.855131149291992, 0.02155613899230957 
718, -21.8881893157959, 0.018720388412475586 
719, -21.8709716796875, 0.018610715866088867 
720, -21.879247665405273, 0.018747806549072266 
721, -21.868066787719727, 0.018500566482543945 
722, -21.898025512695312, 0.021086454391479492 
723, -21.893802642822266, 0.018680810928344727 
724, -21.878877639770508, 0.01882791519165039 
725, -21.906982421875, 0.018811702728271484 
726, -21.894102096557617, 0.01868462562561035 
727, -21.880407333374023, 0.018494367599487305 
728, -21.89287567138672, 0.018587827682495117 
729, -21.887550354003906, 0.020096778869628906 
730, -21.888690948486328, 0.019225358963012695 
731, -21.890047073364258, 0.018830537796020508 
732, -21.903221130371094, 0.018866539001464844 
733, -21.87986183166504, 0.018803119659423828 
734, -21.86954116821289, 0.01941537857055664 
735, -21.869510650634766, 0.018523693084716797 
736, -21.88224220275879, 0.01870870590209961 
737, -21.903034210205078, 0.01869678497314453 
738, -21.889442443847656, 0.019356250762939453 
739, -21.88200569152832, 0.018798828125 
740, -21.903724670410156, 0.018905162811279297 
741, -21.851070404052734, 0.018570899963378906 
742, -21.898195266723633, 0.01894688606262207 
743, -21.881908416748047, 0.019083023071289062 
744, -21.881977081298828, 0.018715858459472656 
745, -21.870708465576172, 0.018708467483520508 
746, -21.882436752319336, 0.021065950393676758 
747, -21.907413482666016, 0.01858997344970703 
748, -21.874340057373047, 0.018917560577392578 
749, -21.88079261779785, 0.018575429916381836 
750, -21.881792068481445, 0.018820762634277344 
751, -21.882999420166016, 0.018455982208251953 
752, -21.903379440307617, 0.018878459930419922 
753, -21.879528045654297, 0.018465042114257812 
754, -21.880403518676758, 0.018692970275878906 
755, -21.8818302154541, 0.018614530563354492 
756, -21.898113250732422, 0.019007205963134766 
757, -21.897117614746094, 0.01846909523010254 
758, -21.883691787719727, 0.018650293350219727 
759, -21.884143829345703, 0.018549442291259766 
760, -21.883989334106445, 0.01866888999938965 
761, -21.881559371948242, 0.01880025863647461 
762, -21.88301658630371, 0.018575429916381836 
763, -21.851720809936523, 0.018404006958007812 
764, -21.903581619262695, 0.01883411407470703 
765, -21.906339645385742, 0.01851677894592285 
766, -21.900890350341797, 0.018927335739135742 
767, -21.85368537902832, 0.01883673667907715 
768, -21.88434410095215, 0.01877593994140625 
769, -21.88193130493164, 0.018384218215942383 
770, -21.884952545166016, 0.021515369415283203 
771, -21.89379119873047, 0.01900315284729004 
772, -21.87286949157715, 0.019051074981689453 
773, -21.89800262451172, 0.01858210563659668 
774, -21.900753021240234, 0.01871800422668457 
775, -21.885316848754883, 0.018459796905517578 
776, -21.906883239746094, 0.018756866455078125 
777, -21.883882522583008, 0.01852130889892578 
778, -21.881193161010742, 0.018953800201416016 
779, -21.885889053344727, 0.019211769104003906 
780, -21.90814971923828, 0.019024133682250977 
781, -21.88572120666504, 0.018598079681396484 
782, -21.882034301757812, 0.018756628036499023 
783, -21.902122497558594, 0.018492937088012695 
784, -21.88577651977539, 0.018708467483520508 
785, -21.883892059326172, 0.01852273941040039 
786, -21.8859920501709, 0.01858663558959961 
787, -21.91062355041504, 0.018625259399414062 
788, -21.88548469543457, 0.019016742706298828 
789, -21.88541030883789, 0.01864171028137207 
790, -21.886552810668945, 0.01879405975341797 
791, -21.898014068603516, 0.01853346824645996 
792, -21.886674880981445, 0.01874065399169922 
793, -21.88397216796875, 0.01832270622253418 
794, -21.886140823364258, 0.021195650100708008 
795, -21.88273811340332, 0.018853187561035156 
796, -21.882789611816406, 0.018828392028808594 
797, -21.91176414489746, 0.01898932456970215 
798, -21.884729385375977, 0.01863694190979004 
799, -21.88656234741211, 0.01834583282470703 
800, -21.88592529296875, 0.018843889236450195 
801, -21.88654327392578, 0.018538236618041992 
802, -21.903043746948242, 0.018780231475830078 
803, -21.901185989379883, 0.018633365631103516 
804, -21.886972427368164, 0.01870131492614746 
805, -21.88567352294922, 0.018584251403808594 
806, -21.906177520751953, 0.01891922950744629 
807, -21.89889907836914, 0.01878809928894043 
808, -21.884225845336914, 0.018726110458374023 
809, -21.884502410888672, 0.01833510398864746 
810, -21.887033462524414, 0.018446683883666992 
811, -21.88736343383789, 0.018645763397216797 
812, -21.887331008911133, 0.01925206184387207 
813, -21.88488006591797, 0.018815279006958008 
814, -21.885913848876953, 0.018852949142456055 
815, -21.885408401489258, 0.018559932708740234 
816, -21.89630699157715, 0.01896071434020996 
817, -21.88529396057129, 0.01835346221923828 
818, -21.904787063598633, 0.02125382423400879 
819, -21.88750457763672, 0.019196748733520508 
820, -21.885330200195312, 0.019220829010009766 
821, -21.88518714904785, 0.018895387649536133 
822, -21.88810157775879, 0.018696308135986328 
823, -21.88730812072754, 0.018685340881347656 
824, -21.888687133789062, 0.018771886825561523 
825, -21.88785743713379, 0.018886089324951172 
826, -21.897663116455078, 0.018690109252929688 
827, -21.886898040771484, 0.01854395866394043 
828, -21.88839340209961, 0.018862485885620117 
829, -21.88872718811035, 0.01861715316772461 
830, -21.887243270874023, 0.018810510635375977 
831, -21.88832664489746, 0.0184783935546875 
832, -21.887950897216797, 0.018784523010253906 
833, -21.888113021850586, 0.018429279327392578 
834, -21.88925552368164, 0.018963336944580078 
835, -21.888919830322266, 0.0183866024017334 
836, -21.888896942138672, 0.01882648468017578 
837, -21.888259887695312, 0.01875019073486328 
838, -21.888532638549805, 0.01887226104736328 
839, -21.888742446899414, 0.01861429214477539 
840, -21.88727378845215, 0.018637895584106445 
841, -21.888927459716797, 0.018650054931640625 
842, -21.887405395507812, 0.020932674407958984 
843, -21.888368606567383, 0.018848657608032227 
844, -21.889347076416016, 0.018782615661621094 
845, -21.889219284057617, 0.018474340438842773 
846, -21.88867950439453, 0.018777132034301758 
847, -21.888843536376953, 0.018671274185180664 
848, -21.889989852905273, 0.018875598907470703 
849, -21.88974380493164, 0.018962383270263672 
850, -21.889318466186523, 0.018909931182861328 
851, -21.889455795288086, 0.018491029739379883 
852, -21.88958740234375, 0.019202232360839844 
853, -21.88994789123535, 0.01880812644958496 
854, -21.890485763549805, 0.018855571746826172 
855, -21.889480590820312, 0.018590927124023438 
856, -21.889699935913086, 0.018619060516357422 
857, -21.890321731567383, 0.018418550491333008 
858, -21.889795303344727, 0.018739700317382812 
859, -21.888635635375977, 0.018570423126220703 
860, -21.890050888061523, 0.019268035888671875 
861, -21.8897647857666, 0.019431352615356445 
862, -21.889942169189453, 0.019183874130249023 
863, -21.89035987854004, 0.018500804901123047 
864, -21.889698028564453, 0.018740177154541016 
865, -21.891014099121094, 0.018520593643188477 
866, -21.890182495117188, 0.02118659019470215 
867, -21.91388511657715, 0.018622159957885742 
868, -21.89021873474121, 0.018724441528320312 
869, -21.8906192779541, 0.018646717071533203 
870, -21.888315200805664, 0.018962860107421875 
871, -21.89113998413086, 0.018864154815673828 
872, -21.890722274780273, 0.01869678497314453 
873, -21.89065170288086, 0.018586158752441406 
874, -21.890012741088867, 0.01865243911743164 
875, -21.890972137451172, 0.018456220626831055 
876, -21.889747619628906, 0.01897740364074707 
877, -21.89112091064453, 0.01884150505065918 
878, -21.888675689697266, 0.0189359188079834 
879, -21.891223907470703, 0.01857137680053711 
880, -21.888690948486328, 0.01890873908996582 
881, -21.889741897583008, 0.018440961837768555 
882, -21.890605926513672, 0.018817663192749023 
883, -21.89069366455078, 0.01853322982788086 
884, -21.891019821166992, 0.01882624626159668 
885, -21.8909912109375, 0.01860332489013672 
886, -21.891551971435547, 0.018728256225585938 
887, -21.891239166259766, 0.018717050552368164 
888, -21.891626358032227, 0.018900394439697266 
889, -21.88934898376465, 0.018787145614624023 
890, -21.891616821289062, 0.02112746238708496 
891, -21.89150047302246, 0.018294811248779297 
892, -21.915771484375, 0.018829822540283203 
893, -21.891921997070312, 0.018941640853881836 
894, -21.891555786132812, 0.019042015075683594 
895, -21.89164924621582, 0.018587589263916016 
896, -21.89149284362793, 0.01876068115234375 
897, -21.89006805419922, 0.01861405372619629 
898, -21.89142608642578, 0.019051313400268555 
899, -21.8917236328125, 0.018448591232299805 
900, -21.891286849975586, 0.0190889835357666 
901, -21.892093658447266, 0.019135236740112305 
902, -21.89193344116211, 0.01909470558166504 
903, -21.89189910888672, 0.018741130828857422 
904, -21.892431259155273, 0.01862025260925293 
905, -21.891857147216797, 0.018683433532714844 
906, -21.892257690429688, 0.018591642379760742 
907, -21.891740798950195, 0.018856525421142578 
908, -21.89228630065918, 0.018846511840820312 
909, -21.891069412231445, 0.01858210563659668 
910, -21.891746520996094, 0.018769025802612305 
911, -21.892532348632812, 0.018687963485717773 
912, -21.892385482788086, 0.018723249435424805 
913, -21.892135620117188, 0.01864480972290039 
914, -21.892282485961914, 0.02123713493347168 
915, -21.892391204833984, 0.018361568450927734 
916, -21.8917293548584, 0.01889944076538086 
917, -21.892274856567383, 0.018727779388427734 
918, -21.892505645751953, 0.01886725425720215 
919, -21.89255714416504, 0.018782615661621094 
920, -21.8925838470459, 0.018656492233276367 
921, -21.892641067504883, 0.018483877182006836 
922, -21.892080307006836, 0.018817663192749023 
923, -21.89243507385254, 0.018642187118530273 
924, -21.891700744628906, 0.018889188766479492 
925, -21.89244842529297, 0.018674373626708984 
926, -21.89272117614746, 0.01889181137084961 
927, -21.89288330078125, 0.018299102783203125 
928, -21.8924560546875, 0.018645048141479492 
929, -21.893075942993164, 0.018622398376464844 
930, -21.89281463623047, 0.018671512603759766 
931, -21.892820358276367, 0.018479585647583008 
932, -21.893115997314453, 0.01862645149230957 
933, -21.89286994934082, 0.01865553855895996 
934, -21.892850875854492, 0.019101381301879883 
935, -21.893112182617188, 0.018906354904174805 
936, -21.892894744873047, 0.018586397171020508 
937, -21.893360137939453, 0.018610715866088867 
938, -21.891565322875977, 0.021116018295288086 
939, -21.892419815063477, 0.018494129180908203 
940, -21.893457412719727, 0.0190432071685791 
941, -21.890209197998047, 0.019109487533569336 
942, -21.892221450805664, 0.019104719161987305 
943, -21.893272399902344, 0.01884627342224121 
944, -21.8931827545166, 0.01927781105041504 
945, -21.89260482788086, 0.018639087677001953 
946, -21.892438888549805, 0.01878046989440918 
947, -21.89320945739746, 0.018565654754638672 
948, -21.893556594848633, 0.01867222785949707 
949, -21.893362045288086, 0.018725872039794922 
950, -21.893705368041992, 0.01878809928894043 
951, -21.893781661987305, 0.018592119216918945 
952, -21.893596649169922, 0.01866912841796875 
953, -21.893596649169922, 0.018769264221191406 
954, -21.893680572509766, 0.01888751983642578 
955, -21.89330291748047, 0.018514394760131836 
956, -21.893997192382812, 0.018735885620117188 
957, -21.89339828491211, 0.018571853637695312 
958, -21.892942428588867, 0.018856048583984375 
959, -21.89385414123535, 0.018526554107666016 
960, -21.893417358398438, 0.01881694793701172 
961, -21.89373016357422, 0.018473386764526367 
962, -21.89352035522461, 0.021489381790161133 
963, -21.89293098449707, 0.018475770950317383 
964, -21.892974853515625, 0.018599271774291992 
965, -21.892498016357422, 0.01853036880493164 
966, -21.893539428710938, 0.018874406814575195 
967, -21.893573760986328, 0.01864767074584961 
968, -21.894018173217773, 0.01872706413269043 
969, -21.89366912841797, 0.018694162368774414 
970, -21.894155502319336, 0.018940448760986328 
971, -21.894054412841797, 0.018868207931518555 
972, -21.89254379272461, 0.018659353256225586 
973, -21.893644332885742, 0.018524646759033203 
974, -21.893186569213867, 0.019011259078979492 
975, -21.89406967163086, 0.018779516220092773 
976, -21.89400291442871, 0.018851518630981445 
977, -21.893842697143555, 0.01842975616455078 
978, -21.893693923950195, 0.018895864486694336 
979, -21.894092559814453, 0.01851201057434082 
980, -21.89388084411621, 0.019165754318237305 
981, -21.894515991210938, 0.01911759376525879 
982, -21.893625259399414, 0.019205331802368164 
983, -21.89427947998047, 0.018718719482421875 
984, -21.89436149597168, 0.018689632415771484 
985, -21.894485473632812, 0.018488168716430664 
986, -21.894027709960938, 0.021220922470092773 
987, -21.89371109008789, 0.01861429214477539 
988, -21.894119262695312, 0.018662691116333008 
989, -21.894203186035156, 0.01893448829650879 
990, -21.89426040649414, 0.018748998641967773 
991, -21.893360137939453, 0.01867222785949707 
992, -21.894594192504883, 0.01890254020690918 
993, -21.894588470458984, 0.01860952377319336 
994, -21.893627166748047, 0.0189054012298584 
995, -21.894397735595703, 0.01851797103881836 
996, -21.89392852783203, 0.018747806549072266 
997, -21.891218185424805, 0.01858973503112793 
998, -21.894500732421875, 0.019185781478881836 
999, -21.894115447998047, 0.018530845642089844 
