Iteration, loss, time 
0, -5.2871785163879395, 0.11853218078613281 
1, -5.378750801086426, 0.021323204040527344 
2, -5.49896764755249, 0.02050638198852539 
3, -5.605648517608643, 0.02220630645751953 
4, -5.695512771606445, 0.020516157150268555 
5, -5.784505844116211, 0.020920991897583008 
6, -5.883536338806152, 0.020274877548217773 
7, -5.988133907318115, 0.020547151565551758 
8, -6.080616474151611, 0.02066516876220703 
9, -6.181617259979248, 0.020531177520751953 
10, -6.251659393310547, 0.02070331573486328 
11, -6.3375773429870605, 0.020151615142822266 
12, -6.433653831481934, 0.02045416831970215 
13, -6.543489456176758, 0.020058870315551758 
14, -6.638974189758301, 0.020038843154907227 
15, -6.724221229553223, 0.01974201202392578 
16, -6.831351280212402, 0.02020883560180664 
17, -6.909650802612305, 0.019677400588989258 
18, -6.987259387969971, 0.019246578216552734 
19, -7.100093841552734, 0.019217252731323242 
20, -7.157271385192871, 0.020222187042236328 
21, -7.253885269165039, 0.019813060760498047 
22, -7.336613655090332, 0.020393848419189453 
23, -7.423765182495117, 0.020147085189819336 
24, -7.509191989898682, 0.020355701446533203 
25, -7.5843505859375, 0.01991581916809082 
26, -7.644613265991211, 0.02098846435546875 
27, -7.7646989822387695, 0.019262313842773438 
28, -7.8332343101501465, 0.019344806671142578 
29, -7.91351318359375, 0.018946170806884766 
30, -8.008194923400879, 0.018288612365722656 
31, -8.05659008026123, 0.018197059631347656 
32, -8.134992599487305, 0.018262624740600586 
33, -8.218714714050293, 0.018320083618164062 
34, -8.306841850280762, 0.01912236213684082 
35, -8.374470710754395, 0.019076108932495117 
36, -8.45131778717041, 0.019498825073242188 
37, -8.527403831481934, 0.019069671630859375 
38, -8.583839416503906, 0.01938319206237793 
39, -8.687124252319336, 0.018923044204711914 
40, -8.720050811767578, 0.019110679626464844 
41, -8.805726051330566, 0.018546342849731445 
42, -8.875988960266113, 0.018593788146972656 
43, -8.956489562988281, 0.019099712371826172 
44, -9.009988784790039, 0.019236326217651367 
45, -9.073343276977539, 0.018841028213500977 
46, -9.151229858398438, 0.019014835357666016 
47, -9.255064010620117, 0.018956661224365234 
48, -9.287737846374512, 0.019119977951049805 
49, -9.359696388244629, 0.01904129981994629 
50, -9.387731552124023, 0.021335363388061523 
51, -9.49057388305664, 0.018839597702026367 
52, -9.543106079101562, 0.018824100494384766 
53, -9.615335464477539, 0.018361330032348633 
54, -9.68818473815918, 0.018474102020263672 
55, -9.789129257202148, 0.018481969833374023 
56, -9.756887435913086, 0.0186159610748291 
57, -9.843790054321289, 0.019275903701782227 
58, -9.960122108459473, 0.018656492233276367 
59, -9.981488227844238, 0.018625259399414062 
60, -10.06074333190918, 0.018931865692138672 
61, -10.068397521972656, 0.01931142807006836 
62, -10.13807201385498, 0.019346237182617188 
63, -10.159578323364258, 0.01895308494567871 
64, -10.256721496582031, 0.019209623336791992 
65, -10.305115699768066, 0.019157886505126953 
66, -10.358550071716309, 0.019646167755126953 
67, -10.463342666625977, 0.019329547882080078 
68, -10.4617919921875, 0.01961970329284668 
69, -10.543390274047852, 0.019376516342163086 
70, -10.610235214233398, 0.019428491592407227 
71, -10.628432273864746, 0.019162893295288086 
72, -10.669021606445312, 0.018772363662719727 
73, -10.731683731079102, 0.018759727478027344 
74, -10.77392292022705, 0.021089792251586914 
75, -10.832140922546387, 0.018631935119628906 
76, -10.8974609375, 0.018963098526000977 
77, -10.906045913696289, 0.019131183624267578 
78, -10.976838111877441, 0.019395828247070312 
79, -11.019766807556152, 0.019292593002319336 
80, -11.06325626373291, 0.019459962844848633 
81, -11.127925872802734, 0.019217491149902344 
82, -11.201706886291504, 0.019418716430664062 
83, -11.20785903930664, 0.019443273544311523 
84, -11.25307559967041, 0.019741296768188477 
85, -11.326454162597656, 0.01962733268737793 
86, -11.347177505493164, 0.019841670989990234 
87, -11.386850357055664, 0.01916670799255371 
88, -11.42579460144043, 0.01946568489074707 
89, -11.479284286499023, 0.019387245178222656 
90, -11.51827335357666, 0.019003868103027344 
91, -11.531100273132324, 0.018619775772094727 
92, -11.605000495910645, 0.019564151763916016 
93, -11.65151596069336, 0.01917123794555664 
94, -11.712577819824219, 0.01967167854309082 
95, -11.712503433227539, 0.019327640533447266 
96, -11.76899528503418, 0.019524335861206055 
97, -11.776984214782715, 0.018958330154418945 
98, -11.835395812988281, 0.021305084228515625 
99, -11.907746315002441, 0.01876688003540039 
100, -11.947206497192383, 0.018538951873779297 
101, -11.984334945678711, 0.01824784278869629 
102, -12.003082275390625, 0.019014358520507812 
103, -12.046895027160645, 0.01892256736755371 
104, -12.099607467651367, 0.018605709075927734 
105, -12.11633014678955, 0.018572330474853516 
106, -12.157136917114258, 0.01840806007385254 
107, -12.191341400146484, 0.018404722213745117 
108, -12.228830337524414, 0.01898050308227539 
109, -12.276493072509766, 0.018876314163208008 
110, -12.297087669372559, 0.019211292266845703 
111, -12.343873977661133, 0.018657922744750977 
112, -12.40058422088623, 0.018984317779541016 
113, -12.379060745239258, 0.018876314163208008 
114, -12.44724178314209, 0.01884770393371582 
115, -12.477872848510742, 0.018413066864013672 
116, -12.501030921936035, 0.018554210662841797 
117, -12.528722763061523, 0.01920342445373535 
118, -12.550302505493164, 0.01917123794555664 
119, -12.596736907958984, 0.019339799880981445 
120, -12.60085678100586, 0.01951909065246582 
121, -12.648393630981445, 0.019565820693969727 
122, -12.746530532836914, 0.022068262100219727 
123, -12.726858139038086, 0.019169092178344727 
124, -12.728541374206543, 0.019214630126953125 
125, -12.778522491455078, 0.019268512725830078 
126, -12.811256408691406, 0.019208431243896484 
127, -12.842097282409668, 0.018391132354736328 
128, -12.889348030090332, 0.018663883209228516 
129, -12.894817352294922, 0.019189834594726562 
130, -12.930953979492188, 0.01947808265686035 
131, -12.966651916503906, 0.01946282386779785 
132, -12.9949951171875, 0.01935744285583496 
133, -13.044145584106445, 0.01924443244934082 
134, -13.047283172607422, 0.019558429718017578 
135, -13.031611442565918, 0.019452810287475586 
136, -13.126747131347656, 0.01961994171142578 
137, -13.125903129577637, 0.01894664764404297 
138, -13.16786003112793, 0.01950383186340332 
139, -13.21953296661377, 0.01970076560974121 
140, -13.242498397827148, 0.019550561904907227 
141, -13.243131637573242, 0.019211769104003906 
142, -13.263435363769531, 0.019073009490966797 
143, -13.280998229980469, 0.018580198287963867 
144, -13.330059051513672, 0.01871037483215332 
145, -13.378543853759766, 0.018871545791625977 
146, -13.384883880615234, 0.021261215209960938 
147, -13.382811546325684, 0.018680572509765625 
148, -13.398744583129883, 0.01918172836303711 
149, -13.407011985778809, 0.018871784210205078 
150, -13.442110061645508, 0.01957988739013672 
151, -13.48379898071289, 0.019266128540039062 
152, -13.430814743041992, 0.019583463668823242 
153, -13.51758861541748, 0.01949620246887207 
154, -13.539384841918945, 0.019678115844726562 
155, -13.558090209960938, 0.019247055053710938 
156, -13.560696601867676, 0.01916027069091797 
157, -13.590194702148438, 0.019021272659301758 
158, -13.606882095336914, 0.019179582595825195 
159, -13.653090476989746, 0.01934075355529785 
160, -13.679841995239258, 0.01993584632873535 
161, -13.698968887329102, 0.0191957950592041 
162, -13.66253662109375, 0.0192108154296875 
163, -13.6859712600708, 0.0195162296295166 
164, -13.819101333618164, 0.019626855850219727 
165, -13.782934188842773, 0.01910853385925293 
166, -13.727513313293457, 0.01934671401977539 
167, -13.823068618774414, 0.019597530364990234 
168, -13.847752571105957, 0.019136905670166016 
169, -13.858562469482422, 0.018939971923828125 
170, -13.868936538696289, 0.02185797691345215 
171, -13.874017715454102, 0.01919102668762207 
172, -13.919648170471191, 0.018906354904174805 
173, -13.94668197631836, 0.018581867218017578 
174, -13.94638442993164, 0.0186765193939209 
175, -14.030662536621094, 0.01875448226928711 
176, -13.995844841003418, 0.01932215690612793 
177, -14.060111045837402, 0.018943309783935547 
178, -14.018736839294434, 0.01903843879699707 
179, -14.058395385742188, 0.01855182647705078 
180, -14.005205154418945, 0.01887655258178711 
181, -14.133087158203125, 0.01868271827697754 
182, -14.10345458984375, 0.01952815055847168 
183, -14.116973876953125, 0.018861055374145508 
184, -14.117177963256836, 0.018923044204711914 
185, -14.23175048828125, 0.01892256736755371 
186, -14.198648452758789, 0.019073486328125 
187, -14.14592170715332, 0.018996715545654297 
188, -14.19807243347168, 0.018996238708496094 
189, -14.12908935546875, 0.019055843353271484 
190, -14.230515480041504, 0.019306421279907227 
191, -14.199979782104492, 0.019348859786987305 
192, -14.194583892822266, 0.01954174041748047 
193, -14.326093673706055, 0.019121885299682617 
194, -14.215362548828125, 0.02139759063720703 
195, -14.306392669677734, 0.01872396469116211 
196, -14.314067840576172, 0.018944263458251953 
197, -14.345907211303711, 0.018624305725097656 
198, -14.33792495727539, 0.01891493797302246 
199, -14.392643928527832, 0.019189834594726562 
200, -14.505073547363281, 0.01959967613220215 
201, -14.400907516479492, 0.019823312759399414 
202, -14.414142608642578, 0.020390033721923828 
203, -14.432380676269531, 0.02025628089904785 
204, -14.489940643310547, 0.020473480224609375 
205, -14.453134536743164, 0.020264387130737305 
206, -14.47077751159668, 0.02029895782470703 
207, -14.467718124389648, 0.019606828689575195 
208, -14.471701622009277, 0.019965171813964844 
209, -14.488338470458984, 0.01984095573425293 
210, -14.524423599243164, 0.01986098289489746 
211, -14.561266899108887, 0.019337892532348633 
212, -14.565958976745605, 0.019434213638305664 
213, -14.561478614807129, 0.0192263126373291 
214, -14.580328941345215, 0.01934027671813965 
215, -14.579468727111816, 0.019025802612304688 
216, -14.609016418457031, 0.019576311111450195 
217, -14.554891586303711, 0.018958568572998047 
218, -14.647002220153809, 0.021453380584716797 
219, -14.6556978225708, 0.019281864166259766 
220, -14.684392929077148, 0.019514799118041992 
221, -14.65268325805664, 0.019199609756469727 
222, -14.604975700378418, 0.019132614135742188 
223, -14.61325740814209, 0.018931865692138672 
224, -14.65611457824707, 0.019397258758544922 
225, -14.661874771118164, 0.01949620246887207 
226, -14.73910903930664, 0.019015789031982422 
227, -14.699922561645508, 0.018657207489013672 
228, -14.72475528717041, 0.0192105770111084 
229, -14.741952896118164, 0.01907181739807129 
230, -14.740966796875, 0.01912713050842285 
231, -14.863052368164062, 0.018862247467041016 
232, -14.795090675354004, 0.019366741180419922 
233, -14.80279541015625, 0.018997907638549805 
234, -14.819647789001465, 0.01935744285583496 
235, -14.91610336303711, 0.01926875114440918 
236, -14.843037605285645, 0.0196993350982666 
237, -14.848304748535156, 0.019536733627319336 
238, -14.859013557434082, 0.019675731658935547 
239, -14.87008285522461, 0.019225358963012695 
240, -14.88037109375, 0.01911783218383789 
241, -14.888227462768555, 0.01853775978088379 
242, -14.900985717773438, 0.021355152130126953 
243, -14.911721229553223, 0.018820524215698242 
244, -14.919731140136719, 0.019587278366088867 
245, -14.92282485961914, 0.01923656463623047 
246, -14.943918228149414, 0.01915907859802246 
247, -14.945634841918945, 0.01880025863647461 
248, -14.96064567565918, 0.018851041793823242 
249, -14.969257354736328, 0.01878046989440918 
250, -14.970898628234863, 0.019086360931396484 
251, -14.985738754272461, 0.01896834373474121 
252, -14.989343643188477, 0.019301652908325195 
253, -15.000467300415039, 0.018398284912109375 
254, -15.008646011352539, 0.01878976821899414 
255, -15.015545845031738, 0.018926620483398438 
256, -15.026280403137207, 0.01915764808654785 
257, -15.031115531921387, 0.01857900619506836 
258, -15.045488357543945, 0.019093990325927734 
259, -15.051589012145996, 0.019199132919311523 
260, -15.064077377319336, 0.01955127716064453 
261, -15.072565078735352, 0.019181013107299805 
262, -15.081454277038574, 0.019421100616455078 
263, -15.086967468261719, 0.019212007522583008 
264, -15.091678619384766, 0.01932835578918457 
265, -15.098470687866211, 0.01919841766357422 
266, -15.113754272460938, 0.02187323570251465 
267, -15.118160247802734, 0.01883840560913086 
268, -15.123085021972656, 0.018734216690063477 
269, -15.142664909362793, 0.01864027976989746 
270, -15.14194393157959, 0.019237041473388672 
271, -15.151774406433105, 0.01883697509765625 
272, -15.158502578735352, 0.019609928131103516 
273, -15.166278839111328, 0.01917243003845215 
274, -15.172554016113281, 0.019799470901489258 
275, -15.180994033813477, 0.019672393798828125 
276, -15.183910369873047, 0.01993846893310547 
277, -15.193199157714844, 0.019481420516967773 
278, -15.195838928222656, 0.01946854591369629 
279, -15.206734657287598, 0.01963663101196289 
280, -15.211311340332031, 0.019678115844726562 
281, -15.218900680541992, 0.0194244384765625 
282, -15.22695541381836, 0.019577741622924805 
283, -15.231966018676758, 0.019443035125732422 
284, -15.239253997802734, 0.019732952117919922 
285, -15.25283145904541, 0.01951456069946289 
286, -15.2559814453125, 0.019744157791137695 
287, -15.263212203979492, 0.019367456436157227 
288, -15.2685546875, 0.020020723342895508 
289, -15.274219512939453, 0.01950526237487793 
290, -15.28253173828125, 0.022083044052124023 
291, -15.282217025756836, 0.019472360610961914 
292, -15.294849395751953, 0.019730806350708008 
293, -15.293530464172363, 0.01947641372680664 
294, -15.296545028686523, 0.01970219612121582 
295, -15.3087158203125, 0.019451618194580078 
296, -15.319294929504395, 0.01958942413330078 
297, -15.329439163208008, 0.019377946853637695 
298, -15.33432674407959, 0.019684553146362305 
299, -15.331304550170898, 0.019449949264526367 
300, -15.345446586608887, 0.019531965255737305 
301, -15.349072456359863, 0.01943826675415039 
302, -15.354127883911133, 0.019148588180541992 
303, -15.358857154846191, 0.019225358963012695 
304, -15.366263389587402, 0.019744157791137695 
305, -15.37120532989502, 0.019283533096313477 
306, -15.376399040222168, 0.019331693649291992 
307, -15.38276481628418, 0.019315719604492188 
308, -15.384295463562012, 0.019626855850219727 
309, -15.393424987792969, 0.018640756607055664 
310, -15.400641441345215, 0.018732786178588867 
311, -15.404712677001953, 0.018747568130493164 
312, -15.410565376281738, 0.019196033477783203 
313, -15.41228199005127, 0.018665075302124023 
314, -15.418338775634766, 0.021045684814453125 
315, -15.42261791229248, 0.018667936325073242 
316, -15.429672241210938, 0.01854538917541504 
317, -15.435273170471191, 0.01909637451171875 
318, -15.439385414123535, 0.019255399703979492 
319, -15.442936897277832, 0.019271373748779297 
320, -15.451664924621582, 0.018840551376342773 
321, -15.453269958496094, 0.019037961959838867 
322, -15.459431648254395, 0.019101858139038086 
323, -15.464330673217773, 0.01857781410217285 
324, -15.470545768737793, 0.018613576889038086 
325, -15.47249698638916, 0.018974781036376953 
326, -15.478163719177246, 0.019392967224121094 
327, -15.480765342712402, 0.019161701202392578 
328, -15.488116264343262, 0.0194549560546875 
329, -15.491983413696289, 0.019565820693969727 
330, -15.497674942016602, 0.019600868225097656 
331, -15.502878189086914, 0.019072771072387695 
332, -15.501969337463379, 0.01972508430480957 
333, -15.508461952209473, 0.019162654876708984 
334, -15.511026382446289, 0.018868684768676758 
335, -15.515835762023926, 0.0187070369720459 
336, -15.55262279510498, 0.018789052963256836 
337, -15.591174125671387, 0.018789291381835938 
338, -15.575864791870117, 0.021609067916870117 
339, -15.577366828918457, 0.01911783218383789 
340, -15.574416160583496, 0.019591808319091797 
341, -15.582793235778809, 0.01945328712463379 
342, -15.582551002502441, 0.019585371017456055 
343, -15.5346040725708, 0.019412994384765625 
344, -15.567681312561035, 0.01978278160095215 
345, -15.557940483093262, 0.01962423324584961 
346, -15.566238403320312, 0.01992177963256836 
347, -15.562529563903809, 0.01956939697265625 
348, -15.565850257873535, 0.02000594139099121 
349, -15.568671226501465, 0.019524812698364258 
350, -15.572510719299316, 0.019490957260131836 
351, -15.573060989379883, 0.01946568489074707 
352, -15.574841499328613, 0.019527196884155273 
353, -15.581537246704102, 0.019186019897460938 
354, -15.587363243103027, 0.019016265869140625 
355, -15.588737487792969, 0.018955707550048828 
356, -15.595855712890625, 0.018847227096557617 
357, -15.596565246582031, 0.01905679702758789 
358, -15.60762882232666, 0.01925492286682129 
359, -15.593120574951172, 0.019437789916992188 
360, -15.616326332092285, 0.019638538360595703 
361, -15.615950584411621, 0.019505977630615234 
362, -15.658230781555176, 0.021836042404174805 
363, -15.66003131866455, 0.0189669132232666 
364, -15.669392585754395, 0.019240617752075195 
365, -15.666291236877441, 0.019123315811157227 
366, -15.686741828918457, 0.019747257232666016 
367, -15.699178695678711, 0.019557476043701172 
368, -15.686856269836426, 0.019815683364868164 
369, -15.702366828918457, 0.019644975662231445 
370, -15.703683853149414, 0.01985907554626465 
371, -15.64893627166748, 0.01958298683166504 
372, -15.651575088500977, 0.01979684829711914 
373, -15.657282829284668, 0.019079208374023438 
374, -15.660690307617188, 0.019142627716064453 
375, -15.661561012268066, 0.01924896240234375 
376, -15.66296672821045, 0.019710302352905273 
377, -15.665886878967285, 0.019562721252441406 
378, -15.672989845275879, 0.01959848403930664 
379, -15.67228889465332, 0.019408464431762695 
380, -15.676599502563477, 0.019503116607666016 
381, -15.679076194763184, 0.019043684005737305 
382, -15.681556701660156, 0.0194547176361084 
383, -15.685708045959473, 0.01929306983947754 
384, -15.685281753540039, 0.019129276275634766 
385, -15.688626289367676, 0.019411325454711914 
386, -15.693560600280762, 0.022112607955932617 
387, -15.696956634521484, 0.018945932388305664 
388, -15.69761848449707, 0.019103527069091797 
389, -15.703096389770508, 0.0187985897064209 
390, -15.705605506896973, 0.018878459930419922 
391, -15.706033706665039, 0.018979310989379883 
392, -15.710725784301758, 0.019245624542236328 
393, -15.711480140686035, 0.019016504287719727 
394, -15.71492862701416, 0.018539905548095703 
395, -15.718229293823242, 0.019043445587158203 
396, -15.720627784729004, 0.019039392471313477 
397, -15.718399047851562, 0.018590450286865234 
398, -15.724051475524902, 0.018918275833129883 
399, -15.728331565856934, 0.01897430419921875 
400, -15.728178024291992, 0.019314050674438477 
401, -15.733317375183105, 0.01911020278930664 
402, -15.734353065490723, 0.01949286460876465 
403, -15.737030982971191, 0.01940751075744629 
404, -15.73888111114502, 0.019788265228271484 
405, -15.7428560256958, 0.019568920135498047 
406, -15.744633674621582, 0.019513368606567383 
407, -15.747208595275879, 0.018991947174072266 
408, -15.747809410095215, 0.019189119338989258 
409, -15.750213623046875, 0.018802642822265625 
410, -15.753493309020996, 0.02115654945373535 
411, -15.755472183227539, 0.018651247024536133 
412, -15.758551597595215, 0.01927804946899414 
413, -15.761344909667969, 0.019374608993530273 
414, -15.760053634643555, 0.01954960823059082 
415, -15.761207580566406, 0.01930832862854004 
416, -15.765827178955078, 0.01970958709716797 
417, -15.764689445495605, 0.019624710083007812 
418, -15.769163131713867, 0.019427776336669922 
419, -15.773433685302734, 0.018733501434326172 
420, -15.771121978759766, 0.019462108612060547 
421, -15.775650978088379, 0.019321918487548828 
422, -15.778924942016602, 0.019544363021850586 
423, -15.780824661254883, 0.019001245498657227 
424, -15.778552055358887, 0.01919698715209961 
425, -15.786221504211426, 0.019031047821044922 
426, -15.785916328430176, 0.01943063735961914 
427, -15.786897659301758, 0.01918196678161621 
428, -15.791614532470703, 0.01920938491821289 
429, -15.792789459228516, 0.019407987594604492 
430, -15.790647506713867, 0.019433975219726562 
431, -15.796757698059082, 0.019438982009887695 
432, -15.797666549682617, 0.019721508026123047 
433, -15.801457405090332, 0.018865346908569336 
434, -15.800681114196777, 0.0212404727935791 
435, -15.802478790283203, 0.019119739532470703 
436, -15.805431365966797, 0.0196075439453125 
437, -15.805655479431152, 0.019185543060302734 
438, -15.806888580322266, 0.019315719604492188 
439, -15.807350158691406, 0.019217491149902344 
440, -15.810986518859863, 0.019460201263427734 
441, -15.811223983764648, 0.019603967666625977 
442, -15.813224792480469, 0.0196990966796875 
443, -15.813937187194824, 0.019106388092041016 
444, -15.81422233581543, 0.019577741622924805 
445, -15.818671226501465, 0.01952385902404785 
446, -15.81935977935791, 0.019183635711669922 
447, -15.887956619262695, 0.018727779388427734 
448, -15.866798400878906, 0.019243717193603516 
449, -15.880287170410156, 0.019060373306274414 
450, -15.86385726928711, 0.018935680389404297 
451, -15.868398666381836, 0.019214391708374023 
452, -15.803906440734863, 0.019526004791259766 
453, -15.866528511047363, 0.019008159637451172 
454, -15.80015754699707, 0.018798828125 
455, -15.800353050231934, 0.018776655197143555 
456, -15.81113338470459, 0.018756866455078125 
457, -15.858170509338379, 0.01883220672607422 
458, -15.82295036315918, 0.02166438102722168 
459, -15.804408073425293, 0.018996000289916992 
460, -15.90439224243164, 0.01869344711303711 
461, -15.854753494262695, 0.018726587295532227 
462, -15.825187683105469, 0.01900339126586914 
463, -15.85478687286377, 0.019075393676757812 
464, -15.89634895324707, 0.0186307430267334 
465, -15.852025032043457, 0.01876354217529297 
466, -15.785603523254395, 0.019247770309448242 
467, -15.818079948425293, 0.019121408462524414 
468, -15.80477237701416, 0.019349098205566406 
469, -15.801136016845703, 0.01881551742553711 
470, -15.798779487609863, 0.019248008728027344 
471, -15.793685913085938, 0.01908707618713379 
472, -15.859344482421875, 0.019409894943237305 
473, -15.860438346862793, 0.019339323043823242 
474, -15.85946273803711, 0.01933455467224121 
475, -15.862112045288086, 0.01915597915649414 
476, -15.864521026611328, 0.019081830978393555 
477, -15.866128921508789, 0.018785715103149414 
478, -15.866971015930176, 0.01903557777404785 
479, -15.866814613342285, 0.019367456436157227 
480, -15.867005348205566, 0.0195157527923584 
481, -15.868281364440918, 0.01924753189086914 
482, -15.870651245117188, 0.02229762077331543 
483, -15.870256423950195, 0.0195465087890625 
484, -15.871484756469727, 0.02024102210998535 
485, -15.8726224899292, 0.020379304885864258 
486, -15.873019218444824, 0.020755290985107422 
487, -15.87686824798584, 0.020573854446411133 
488, -15.877622604370117, 0.020739316940307617 
489, -15.87665843963623, 0.020171165466308594 
490, -15.830082893371582, 0.020240306854248047 
491, -15.879484176635742, 0.019928932189941406 
492, -15.882049560546875, 0.019824743270874023 
493, -15.883489608764648, 0.01984095573425293 
494, -15.834386825561523, 0.019840717315673828 
495, -15.833109855651855, 0.019296884536743164 
496, -15.832033157348633, 0.019440650939941406 
497, -15.832881927490234, 0.019327402114868164 
498, -15.833439826965332, 0.019303083419799805 
499, -15.83549690246582, 0.019475221633911133 
500, -15.831745147705078, 0.019564390182495117 
501, -15.835885047912598, 0.019232988357543945 
502, -15.839177131652832, 0.01972031593322754 
503, -15.835172653198242, 0.019635677337646484 
504, -15.834561347961426, 0.019751310348510742 
505, -15.817073822021484, 0.019452571868896484 
506, -15.83669376373291, 0.022235631942749023 
507, -15.817420959472656, 0.019378185272216797 
508, -15.815473556518555, 0.019655466079711914 
509, -15.815869331359863, 0.019587993621826172 
510, -15.821606636047363, 0.019504308700561523 
511, -15.818668365478516, 0.019372940063476562 
512, -15.821828842163086, 0.019574642181396484 
513, -15.81926441192627, 0.019253969192504883 
514, -15.818185806274414, 0.019115686416625977 
515, -15.816045761108398, 0.0194551944732666 
516, -15.817989349365234, 0.019350528717041016 
517, -15.815431594848633, 0.018843650817871094 
518, -15.815896034240723, 0.018986940383911133 
519, -15.820055961608887, 0.019061803817749023 
520, -15.816439628601074, 0.019177913665771484 
521, -15.82075309753418, 0.018662214279174805 
522, -15.818315505981445, 0.019032955169677734 
523, -15.818681716918945, 0.018570661544799805 
524, -15.818450927734375, 0.0193023681640625 
525, -15.822412490844727, 0.019391536712646484 
526, -15.817350387573242, 0.019069671630859375 
527, -15.819859504699707, 0.018909931182861328 
528, -15.817045211791992, 0.01887059211730957 
529, -15.821502685546875, 0.018732547760009766 
530, -15.817769050598145, 0.02139568328857422 
531, -15.819609642028809, 0.018657922744750977 
532, -15.854104042053223, 0.019048213958740234 
533, -15.856623649597168, 0.018433809280395508 
534, -15.820426940917969, 0.01900029182434082 
535, -15.821945190429688, 0.018941640853881836 
536, -15.857410430908203, 0.019040822982788086 
537, -15.948243141174316, 0.018637418746948242 
538, -15.859472274780273, 0.019619226455688477 
539, -15.950843811035156, 0.019304275512695312 
540, -15.94874382019043, 0.019631385803222656 
541, -15.95117473602295, 0.019203901290893555 
542, -15.952610969543457, 0.019516468048095703 
543, -15.952176094055176, 0.019428253173828125 
544, -15.95236873626709, 0.01965951919555664 
545, -15.954233169555664, 0.01943230628967285 
546, -15.954809188842773, 0.019245147705078125 
547, -15.955265045166016, 0.018889188766479492 
548, -15.954724311828613, 0.018799781799316406 
549, -15.956498146057129, 0.018546104431152344 
550, -15.958404541015625, 0.019078493118286133 
551, -15.960200309753418, 0.01917886734008789 
552, -15.959590911865234, 0.019437074661254883 
553, -15.961044311523438, 0.01944422721862793 
554, -15.961063385009766, 0.022171497344970703 
555, -15.962221145629883, 0.01937246322631836 
556, -15.961465835571289, 0.019370555877685547 
557, -15.960782051086426, 0.019066572189331055 
558, -15.962038040161133, 0.019205093383789062 
559, -15.963974952697754, 0.01920342445373535 
560, -15.965103149414062, 0.01923847198486328 
561, -15.965588569641113, 0.019132137298583984 
562, -15.965980529785156, 0.019189834594726562 
563, -15.966551780700684, 0.018869400024414062 
564, -15.967315673828125, 0.018780231475830078 
565, -15.968402862548828, 0.019167184829711914 
566, -15.968574523925781, 0.019327878952026367 
567, -15.96880054473877, 0.019193649291992188 
568, -15.94517707824707, 0.019545555114746094 
569, -15.969252586364746, 0.01943063735961914 
570, -15.97179126739502, 0.019687652587890625 
571, -15.971192359924316, 0.01953291893005371 
572, -15.972308158874512, 0.01932215690612793 
573, -15.947356224060059, 0.018986940383911133 
574, -15.97282600402832, 0.019338607788085938 
575, -15.94990348815918, 0.019244670867919922 
576, -15.95162296295166, 0.019487619400024414 
577, -15.95561408996582, 0.019556522369384766 
578, -15.976850509643555, 0.02194070816040039 
579, -15.950193405151367, 0.019637107849121094 
580, -15.951574325561523, 0.0197141170501709 
581, -15.951786994934082, 0.019286632537841797 
582, -15.95285415649414, 0.019321441650390625 
583, -15.95840072631836, 0.019327163696289062 
584, -15.958756446838379, 0.019750118255615234 
585, -15.958605766296387, 0.019946575164794922 
586, -15.959657669067383, 0.020242929458618164 
587, -15.958910942077637, 0.02003955841064453 
588, -15.960155487060547, 0.02020430564880371 
589, -15.960556983947754, 0.019624710083007812 
590, -15.96187973022461, 0.019212722778320312 
591, -15.963774681091309, 0.01921248435974121 
592, -15.96396255493164, 0.019543170928955078 
593, -15.963563919067383, 0.019056081771850586 
594, -15.963663101196289, 0.018607616424560547 
595, -15.966350555419922, 0.01854538917541504 
596, -15.966486930847168, 0.018685579299926758 
597, -15.966756820678711, 0.018896818161010742 
598, -15.968894004821777, 0.01947307586669922 
599, -15.969086647033691, 0.018993616104125977 
600, -15.92983627319336, 0.018845319747924805 
601, -15.970065116882324, 0.0184018611907959 
602, -15.931432723999023, 0.021692514419555664 
603, -15.90553092956543, 0.018938541412353516 
604, -15.930643081665039, 0.018538236618041992 
605, -15.931541442871094, 0.018769502639770508 
606, -15.93080997467041, 0.019211769104003906 
607, -15.93288803100586, 0.019008398056030273 
608, -15.908321380615234, 0.019771099090576172 
609, -15.932666778564453, 0.01957559585571289 
610, -15.933076858520508, 0.019852876663208008 
611, -15.909680366516113, 0.01970052719116211 
612, -15.934724807739258, 0.019769906997680664 
613, -15.911358833312988, 0.01932239532470703 
614, -15.913540840148926, 0.019179344177246094 
615, -15.935236930847168, 0.018863916397094727 
616, -15.92944049835205, 0.019208908081054688 
617, -15.913325309753418, 0.01944446563720703 
618, -15.968862533569336, 0.020000934600830078 
619, -15.91356372833252, 0.020206928253173828 
620, -15.92185115814209, 0.02084827423095703 
621, -15.918781280517578, 0.02057337760925293 
622, -15.970624923706055, 0.020609378814697266 
623, -15.919960021972656, 0.02004241943359375 
624, -15.926519393920898, 0.020219087600708008 
625, -15.935023307800293, 0.019741535186767578 
626, -15.983702659606934, 0.022289514541625977 
627, -15.98365306854248, 0.01969289779663086 
628, -15.929586410522461, 0.02002429962158203 
629, -15.985050201416016, 0.01970362663269043 
630, -15.93575668334961, 0.019701480865478516 
631, -15.983746528625488, 0.01960468292236328 
632, -15.984899520874023, 0.019657373428344727 
633, -15.974024772644043, 0.019356966018676758 
634, -15.975728988647461, 0.019703388214111328 
635, -15.977287292480469, 0.019232511520385742 
636, -15.985846519470215, 0.019301176071166992 
637, -15.985560417175293, 0.018993854522705078 
638, -15.985672950744629, 0.01916813850402832 
639, -15.97835922241211, 0.018926382064819336 
640, -15.979970932006836, 0.019273757934570312 
641, -15.986466407775879, 0.018899202346801758 
642, -15.981081008911133, 0.019666194915771484 
643, -15.98223876953125, 0.018944978713989258 
644, -15.960589408874512, 0.01902151107788086 
645, -15.95926284790039, 0.01893901824951172 
646, -15.958864212036133, 0.019366025924682617 
647, -15.961857795715332, 0.01912975311279297 
648, -15.98769474029541, 0.019015073776245117 
649, -15.962005615234375, 0.01896214485168457 
650, -15.989686012268066, 0.021420001983642578 
651, -15.984269142150879, 0.019244670867919922 
652, -15.985005378723145, 0.019351720809936523 
653, -15.963417053222656, 0.019182443618774414 
654, -15.961896896362305, 0.019426345825195312 
655, -15.985738754272461, 0.01957082748413086 
656, -15.964409828186035, 0.019424915313720703 
657, -15.966744422912598, 0.019041776657104492 
658, -15.965625762939453, 0.01924443244934082 
659, -15.986218452453613, 0.019216060638427734 
660, -15.966740608215332, 0.018987655639648438 
661, -15.969854354858398, 0.018625974655151367 
662, -15.968108177185059, 0.01904582977294922 
663, -15.967554092407227, 0.01873326301574707 
664, -15.970383644104004, 0.019567489624023438 
665, -15.967510223388672, 0.019248247146606445 
666, -15.969700813293457, 0.018807411193847656 
667, -15.97003173828125, 0.018712282180786133 
668, -15.971138000488281, 0.018787622451782227 
669, -15.971890449523926, 0.01867508888244629 
670, -15.972591400146484, 0.019162893295288086 
671, -15.973152160644531, 0.01921820640563965 
672, -15.973860740661621, 0.019314050674438477 
673, -15.97619915008545, 0.018671751022338867 
674, -15.975385665893555, 0.02160787582397461 
675, -15.973712921142578, 0.01900315284729004 
676, -15.974329948425293, 0.019175291061401367 
677, -15.972871780395508, 0.01938486099243164 
678, -15.976271629333496, 0.01974940299987793 
679, -15.977184295654297, 0.019090652465820312 
680, -15.975332260131836, 0.01993107795715332 
681, -15.979536056518555, 0.019523143768310547 
682, -15.977616310119629, 0.01979851722717285 
683, -15.980910301208496, 0.019848108291625977 
684, -15.97999382019043, 0.019638538360595703 
685, -15.97907829284668, 0.01922464370727539 
686, -15.9799165725708, 0.019117355346679688 
687, -15.981907844543457, 0.01930522918701172 
688, -15.97984790802002, 0.019547700881958008 
689, -15.979437828063965, 0.019227027893066406 
690, -15.979825973510742, 0.019538164138793945 
691, -15.983743667602539, 0.01927328109741211 
692, -15.982275009155273, 0.019905805587768555 
693, -15.982747077941895, 0.020131587982177734 
694, -15.984550476074219, 0.02074742317199707 
695, -15.985184669494629, 0.02063441276550293 
696, -15.986005783081055, 0.020618677139282227 
697, -15.988430976867676, 0.019888639450073242 
698, -15.983311653137207, 0.022491931915283203 
699, -15.986879348754883, 0.019639015197753906 
700, -15.986019134521484, 0.02019524574279785 
701, -15.986973762512207, 0.019702434539794922 
702, -15.986262321472168, 0.019856691360473633 
703, -15.990488052368164, 0.01988816261291504 
704, -15.99072265625, 0.01999354362487793 
705, -15.98955249786377, 0.019645214080810547 
706, -15.99142837524414, 0.019742965698242188 
707, -15.989150047302246, 0.019674301147460938 
708, -15.9929838180542, 0.019968271255493164 
709, -15.992182731628418, 0.019378185272216797 
710, -15.990909576416016, 0.019695281982421875 
711, -15.993359565734863, 0.019735336303710938 
712, -15.991220474243164, 0.020108699798583984 
713, -16.029705047607422, 0.01991128921508789 
714, -15.993196487426758, 0.01998114585876465 
715, -15.99148941040039, 0.01981663703918457 
716, -15.995999336242676, 0.02013254165649414 
717, -15.995355606079102, 0.01984715461730957 
718, -15.991390228271484, 0.02007746696472168 
719, -15.992183685302734, 0.01974797248840332 
720, -15.996969223022461, 0.01982879638671875 
721, -16.031883239746094, 0.01968073844909668 
722, -16.0313720703125, 0.021828413009643555 
723, -15.995535850524902, 0.019516706466674805 
724, -15.997628211975098, 0.019703149795532227 
725, -16.00030517578125, 0.019530296325683594 
726, -15.998754501342773, 0.019992589950561523 
727, -16.032638549804688, 0.019297122955322266 
728, -15.995840072631836, 0.019166946411132812 
729, -15.998526573181152, 0.01888442039489746 
730, -15.999200820922852, 0.019426584243774414 
731, -16.001548767089844, 0.019275426864624023 
732, -16.000051498413086, 0.019330263137817383 
733, -15.997503280639648, 0.018970727920532227 
734, -15.997823715209961, 0.01884913444519043 
735, -16.001815795898438, 0.01912546157836914 
736, -16.002864837646484, 0.019448518753051758 
737, -15.996261596679688, 0.019510984420776367 
738, -16.002246856689453, 0.01978468894958496 
739, -16.0023193359375, 0.019318819046020508 
740, -15.999800682067871, 0.019194602966308594 
741, -16.001258850097656, 0.01921391487121582 
742, -16.004732131958008, 0.01938319206237793 
743, -16.004898071289062, 0.019108057022094727 
744, -16.001747131347656, 0.019167661666870117 
745, -16.00564193725586, 0.01928544044494629 
746, -16.00452995300293, 0.02181720733642578 
747, -16.037353515625, 0.019773244857788086 
748, -16.001577377319336, 0.019893646240234375 
749, -16.037269592285156, 0.019677162170410156 
750, -16.03707504272461, 0.020099163055419922 
751, -16.00037384033203, 0.019494056701660156 
752, -16.004840850830078, 0.019835233688354492 
753, -16.001235961914062, 0.019472122192382812 
754, -16.00522232055664, 0.019379138946533203 
755, -16.004840850830078, 0.019193172454833984 
756, -16.007465362548828, 0.019543886184692383 
757, -16.06512451171875, 0.019542694091796875 
758, -16.005889892578125, 0.019725799560546875 
759, -16.039878845214844, 0.019746065139770508 
760, -16.006336212158203, 0.020277023315429688 
761, -16.038740158081055, 0.020488739013671875 
762, -16.005992889404297, 0.020559072494506836 
763, -16.039894104003906, 0.020443439483642578 
764, -16.002830505371094, 0.02049994468688965 
765, -16.040407180786133, 0.020624637603759766 
766, -16.039878845214844, 0.020939111709594727 
767, -16.004131317138672, 0.020398378372192383 
768, -16.009798049926758, 0.020409345626831055 
769, -16.005796432495117, 0.020206928253173828 
770, -16.066940307617188, 0.02312612533569336 
771, -16.04012107849121, 0.020336151123046875 
772, -16.009023666381836, 0.020262479782104492 
773, -16.064823150634766, 0.02001810073852539 
774, -16.067428588867188, 0.020053863525390625 
775, -16.04132080078125, 0.020006179809570312 
776, -16.008037567138672, 0.020109891891479492 
777, -16.04187774658203, 0.019908428192138672 
778, -16.01134490966797, 0.020198345184326172 
779, -16.04212188720703, 0.02010059356689453 
780, -16.04215431213379, 0.020290613174438477 
781, -16.010160446166992, 0.019841432571411133 
782, -16.04248046875, 0.020063400268554688 
783, -16.01140785217285, 0.020037174224853516 
784, -16.009624481201172, 0.02047252655029297 
785, -16.043046951293945, 0.020455360412597656 
786, -16.043800354003906, 0.02082037925720215 
787, -16.068180084228516, 0.0205230712890625 
788, -16.068578720092773, 0.0207061767578125 
789, -16.01215934753418, 0.020050048828125 
790, -16.043251037597656, 0.020241260528564453 
791, -16.043132781982422, 0.019974708557128906 
792, -16.043691635131836, 0.020058631896972656 
793, -16.012325286865234, 0.019573211669921875 
794, -16.044578552246094, 0.022952795028686523 
795, -16.01215362548828, 0.019716978073120117 
796, -16.06768035888672, 0.019940614700317383 
797, -16.0122013092041, 0.02018594741821289 
798, -16.069412231445312, 0.020570993423461914 
799, -16.013748168945312, 0.020351171493530273 
800, -16.04450225830078, 0.020577669143676758 
801, -16.045000076293945, 0.02019810676574707 
802, -16.06791114807129, 0.020044326782226562 
803, -16.06985092163086, 0.01967763900756836 
804, -16.06982421875, 0.01970195770263672 
805, -16.045658111572266, 0.019474029541015625 
806, -16.045650482177734, 0.019540786743164062 
807, -16.070945739746094, 0.01958632469177246 
808, -16.04570960998535, 0.019838809967041016 
809, -16.046171188354492, 0.01946711540222168 
810, -16.012258529663086, 0.019446134567260742 
811, -16.069698333740234, 0.019132375717163086 
812, -16.046289443969727, 0.019371747970581055 
813, -16.070232391357422, 0.019580841064453125 
814, -16.047115325927734, 0.019745349884033203 
815, -16.013391494750977, 0.019392967224121094 
816, -16.011627197265625, 0.019335031509399414 
817, -16.01282501220703, 0.019223451614379883 
818, -16.047197341918945, 0.02235865592956543 
819, -16.006977081298828, 0.019577741622924805 
820, -16.015701293945312, 0.019655704498291016 
821, -16.01131820678711, 0.019911527633666992 
822, -16.07130241394043, 0.020010948181152344 
823, -16.06914520263672, 0.019534587860107422 
824, -16.04758644104004, 0.019780397415161133 
825, -16.017677307128906, 0.0196535587310791 
826, -16.071861267089844, 0.02026510238647461 
827, -16.04845428466797, 0.02049994468688965 
828, -16.02033233642578, 0.02066779136657715 
829, -16.072832107543945, 0.020249605178833008 
830, -16.047754287719727, 0.020618438720703125 
831, -16.048473358154297, 0.020215511322021484 
832, -16.048805236816406, 0.020462751388549805 
833, -16.020740509033203, 0.020459413528442383 
834, -16.048866271972656, 0.02063131332397461 
835, -16.049171447753906, 0.02019476890563965 
836, -16.016746520996094, 0.020477294921875 
837, -16.02103042602539, 0.020353078842163086 
838, -16.07442283630371, 0.02054738998413086 
839, -16.07480239868164, 0.020293712615966797 
840, -16.075279235839844, 0.020231008529663086 
841, -16.049419403076172, 0.019704580307006836 
842, -16.015338897705078, 0.022587060928344727 
843, -16.049846649169922, 0.019814729690551758 
844, -16.074142456054688, 0.020177364349365234 
845, -16.050071716308594, 0.01980757713317871 
846, -16.073911666870117, 0.019968271255493164 
847, -16.020477294921875, 0.019665002822875977 
848, -16.050188064575195, 0.019956111907958984 
849, -16.075241088867188, 0.01975727081298828 
850, -16.05017852783203, 0.019911527633666992 
851, -16.05013656616211, 0.01964282989501953 
852, -16.050228118896484, 0.019946813583374023 
853, -16.050304412841797, 0.019862651824951172 
854, -16.0757999420166, 0.019965171813964844 
855, -16.01865577697754, 0.019645214080810547 
856, -16.0509033203125, 0.020145177841186523 
857, -16.05147933959961, 0.019737720489501953 
858, -16.05142593383789, 0.020063400268554688 
859, -16.02302360534668, 0.019862651824951172 
860, -16.075939178466797, 0.020269155502319336 
861, -16.018930435180664, 0.020009756088256836 
862, -16.07708740234375, 0.02022385597229004 
863, -16.051158905029297, 0.019812583923339844 
864, -16.05135726928711, 0.01981496810913086 
865, -16.051395416259766, 0.019600391387939453 
866, -16.07559585571289, 0.022708415985107422 
867, -16.024005889892578, 0.020251750946044922 
868, -16.077695846557617, 0.02057504653930664 
869, -16.051536560058594, 0.020444869995117188 
870, -16.052120208740234, 0.020831584930419922 
871, -16.077478408813477, 0.02063751220703125 
872, -16.021493911743164, 0.020392656326293945 
873, -16.07720947265625, 0.0194094181060791 
874, -16.05211639404297, 0.01980280876159668 
875, -16.07843589782715, 0.01965808868408203 
876, -16.015113830566406, 0.0196988582611084 
877, -16.05194854736328, 0.019309282302856445 
878, -16.052276611328125, 0.01957535743713379 
879, -16.077957153320312, 0.0194547176361084 
880, -16.052644729614258, 0.01999187469482422 
881, -16.02135467529297, 0.01975870132446289 
882, -16.023468017578125, 0.0200345516204834 
883, -16.021364212036133, 0.0197451114654541 
884, -16.021480560302734, 0.019855737686157227 
885, -16.052337646484375, 0.019562721252441406 
886, -16.022022247314453, 0.019879579544067383 
887, -16.024215698242188, 0.019432783126831055 
888, -16.021127700805664, 0.0196382999420166 
889, -16.021709442138672, 0.01956772804260254 
890, -16.021812438964844, 0.022240161895751953 
891, -16.021818161010742, 0.01998424530029297 
892, -16.05324935913086, 0.020448923110961914 
893, -16.022136688232422, 0.02014613151550293 
894, -16.053573608398438, 0.020460128784179688 
895, -16.022056579589844, 0.020279407501220703 
896, -16.022193908691406, 0.02056288719177246 
897, -16.037755966186523, 0.020241975784301758 
898, -16.02241325378418, 0.020076751708984375 
899, -16.0236873626709, 0.01997542381286621 
900, -16.022300720214844, 0.020020008087158203 
901, -16.021926879882812, 0.020138025283813477 
902, -16.045970916748047, 0.020524978637695312 
903, -16.023971557617188, 0.02056574821472168 
904, -16.078624725341797, 0.020577430725097656 
905, -16.022991180419922, 0.020499467849731445 
906, -16.04181671142578, 0.0205078125 
907, -16.066455841064453, 0.0203554630279541 
908, -16.02265167236328, 0.020739316940307617 
909, -16.080101013183594, 0.02062392234802246 
910, -16.045997619628906, 0.020842313766479492 
911, -16.062652587890625, 0.020320653915405273 
912, -16.072669982910156, 0.020578861236572266 
913, -16.045917510986328, 0.020495891571044922 
914, -16.022695541381836, 0.022942781448364258 
915, -16.079177856445312, 0.019811391830444336 
916, -16.025833129882812, 0.020242691040039062 
917, -16.023059844970703, 0.019932270050048828 
918, -16.07855796813965, 0.01997518539428711 
919, -16.023164749145508, 0.019769668579101562 
920, -16.05470848083496, 0.020061969757080078 
921, -16.023956298828125, 0.01974964141845703 
922, -16.024147033691406, 0.020383358001708984 
923, -16.055158615112305, 0.020359039306640625 
924, -16.079238891601562, 0.020447254180908203 
925, -16.024320602416992, 0.020212650299072266 
926, -16.0244197845459, 0.020339250564575195 
927, -16.055164337158203, 0.01993417739868164 
928, -16.07974624633789, 0.020420551300048828 
929, -16.08279800415039, 0.020139217376708984 
930, -16.023632049560547, 0.02013683319091797 
931, -16.087242126464844, 0.019710063934326172 
932, -16.027801513671875, 0.020069122314453125 
933, -16.025611877441406, 0.01974010467529297 
934, -16.055614471435547, 0.020002126693725586 
935, -16.024181365966797, 0.019616365432739258 
936, -16.0241756439209, 0.01965785026550293 
937, -16.023818969726562, 0.019352197647094727 
938, -16.02412986755371, 0.02250218391418457 
939, -16.05550193786621, 0.01995706558227539 
940, -16.025497436523438, 0.019996166229248047 
941, -16.028045654296875, 0.020013809204101562 
942, -16.043045043945312, 0.020046234130859375 
943, -16.024566650390625, 0.020002365112304688 
944, -16.024791717529297, 0.020088672637939453 
945, -16.073413848876953, 0.01964545249938965 
946, -16.02782440185547, 0.019703388214111328 
947, -16.052139282226562, 0.01933598518371582 
948, -16.064311981201172, 0.01986837387084961 
949, -16.05075454711914, 0.019622087478637695 
950, -16.067943572998047, 0.019608497619628906 
951, -16.070465087890625, 0.019644737243652344 
952, -16.026273727416992, 0.019887924194335938 
953, -16.025754928588867, 0.0196378231048584 
954, -16.024267196655273, 0.01996469497680664 
955, -16.024927139282227, 0.01980757713317871 
956, -16.02825927734375, 0.020081520080566406 
957, -16.024904251098633, 0.01938605308532715 
958, -16.08174705505371, 0.01972222328186035 
959, -16.04515838623047, 0.019485950469970703 
960, -16.028278350830078, 0.019634485244750977 
961, -16.06995964050293, 0.019100189208984375 
962, -16.08470916748047, 0.0223386287689209 
963, -16.025344848632812, 0.019467830657958984 
964, -16.086483001708984, 0.02000117301940918 
965, -16.077117919921875, 0.01967644691467285 
966, -16.077777862548828, 0.020069122314453125 
967, -16.039825439453125, 0.019773244857788086 
968, -16.058135986328125, 0.019942522048950195 
969, -16.02873992919922, 0.019618988037109375 
970, -16.025245666503906, 0.019873857498168945 
971, -16.07373046875, 0.01949596405029297 
972, -16.025131225585938, 0.01952338218688965 
973, -16.025135040283203, 0.01928257942199707 
974, -16.02556800842285, 0.019794464111328125 
975, -16.076078414916992, 0.01987147331237793 
976, -16.02520179748535, 0.01994919776916504 
977, -16.025449752807617, 0.019782543182373047 
978, -16.025455474853516, 0.020352840423583984 
979, -16.025497436523438, 0.020086050033569336 
980, -16.07790756225586, 0.019959449768066406 
981, -16.080806732177734, 0.01956939697265625 
982, -16.091611862182617, 0.019594669342041016 
983, -16.083751678466797, 0.019713878631591797 
984, -16.02674674987793, 0.01972508430480957 
985, -16.026493072509766, 0.019640445709228516 
986, -16.082386016845703, 0.022519826889038086 
987, -16.028587341308594, 0.019650936126708984 
988, -16.073974609375, 0.01966547966003418 
989, -16.0266056060791, 0.01959991455078125 
990, -16.081806182861328, 0.01985311508178711 
991, -16.057601928710938, 0.01976323127746582 
992, -16.09299087524414, 0.020287275314331055 
993, -16.026309967041016, 0.021181344985961914 
994, -16.072154998779297, 0.0200803279876709 
995, -16.08721160888672, 0.019942760467529297 
996, -16.02658462524414, 0.020106077194213867 
997, -16.02560806274414, 0.019806861877441406 
998, -16.02652931213379, 0.020018815994262695 
999, -16.089908599853516, 0.019911527633666992 
