Iteration, loss, time 
0, -6.561761856079102, 0.11361312866210938, 0.08876490592956543, 0.012110710144042969 
1, -6.458652496337891, 0.032250165939331055, 0.018352985382080078, 0.011708259582519531 
2, -6.354647636413574, 0.023333072662353516, 0.009372472763061523, 0.011816978454589844 
3, -6.249897480010986, 0.023216962814331055, 0.009340763092041016, 0.011696338653564453 
4, -6.144560813903809, 0.023067474365234375, 0.009197473526000977, 0.011731624603271484 
5, -6.0388031005859375, 0.024367809295654297, 0.009220361709594727, 0.013008356094360352 
6, -5.93280029296875, 0.02279210090637207, 0.008917808532714844, 0.011857271194458008 
7, -5.826727390289307, 0.023110389709472656, 0.009005069732666016, 0.01182246208190918 
8, -5.720766067504883, 0.023478984832763672, 0.009216547012329102, 0.011863946914672852 
9, -5.615096092224121, 0.02310323715209961, 0.0091705322265625, 0.011803388595581055 
10, -5.509895324707031, 0.022388935089111328, 0.0089874267578125, 0.011315345764160156 
11, -5.405346870422363, 0.022844314575195312, 0.009126901626586914, 0.011616945266723633 
12, -5.301624298095703, 0.02223968505859375, 0.009016036987304688, 0.011221885681152344 
13, -5.198897361755371, 0.022252559661865234, 0.00893712043762207, 0.011266231536865234 
14, -5.097328186035156, 0.0223081111907959, 0.008952856063842773, 0.011307477951049805 
15, -4.997071743011475, 0.022391557693481445, 0.008796215057373047, 0.011492729187011719 
16, -4.898271560668945, 0.02159881591796875, 0.00878286361694336, 0.010812759399414062 
17, -4.80106782913208, 0.020863056182861328, 0.008243083953857422, 0.01059269905090332 
18, -4.705578804016113, 0.021353721618652344, 0.008465766906738281, 0.010866403579711914 
19, -4.611917495727539, 0.02132582664489746, 0.008378267288208008, 0.010807991027832031 
20, -4.520186424255371, 0.022401094436645508, 0.00891876220703125, 0.011374235153198242 
21, -4.430468559265137, 0.02239680290222168, 0.008989572525024414, 0.011207103729248047 
22, -4.342843055725098, 0.022556066513061523, 0.008830070495605469, 0.011594772338867188 
23, -4.257370471954346, 0.021953105926513672, 0.0087890625, 0.011028289794921875 
24, -4.17409610748291, 0.021638870239257812, 0.008578062057495117, 0.011051177978515625 
25, -4.0930633544921875, 0.021669626235961914, 0.008616209030151367, 0.011073589324951172 
26, -4.014300346374512, 0.021074533462524414, 0.008419036865234375, 0.010661840438842773 
27, -3.937816858291626, 0.02143573760986328, 0.008633136749267578, 0.010803937911987305 
28, -3.8636221885681152, 0.02083134651184082, 0.00834798812866211, 0.010558843612670898 
29, -3.7917113304138184, 0.02112126350402832, 0.008226156234741211, 0.010971784591674805 
30, -3.7220726013183594, 0.020824909210205078, 0.008196592330932617, 0.010631084442138672 
31, -3.6546854972839355, 0.020910978317260742, 0.008371829986572266, 0.010520458221435547 
32, -3.5895204544067383, 0.021349191665649414, 0.008517026901245117, 0.0108642578125 
33, -3.526545524597168, 0.022058486938476562, 0.008732795715332031, 0.011287689208984375 
34, -3.4657208919525146, 0.02166271209716797, 0.008772134780883789, 0.01099395751953125 
35, -3.4070022106170654, 0.021193265914916992, 0.008428335189819336, 0.010828495025634766 
36, -3.350339651107788, 0.02118396759033203, 0.008430957794189453, 0.010762929916381836 
37, -3.2956831455230713, 0.020827293395996094, 0.008502721786499023, 0.010456323623657227 
38, -3.242974042892456, 0.020293474197387695, 0.00809621810913086, 0.010308504104614258 
39, -3.19216251373291, 0.021164894104003906, 0.008351325988769531, 0.010818004608154297 
40, -3.143181085586548, 0.020667552947998047, 0.008208513259887695, 0.010438919067382812 
41, -3.095975160598755, 0.020977497100830078, 0.00832819938659668, 0.010625839233398438 
42, -3.0504820346832275, 0.021052837371826172, 0.00831151008605957, 0.010763168334960938 
43, -3.0066416263580322, 0.021117448806762695, 0.008435249328613281, 0.010782003402709961 
44, -2.964390993118286, 0.020840883255004883, 0.008307456970214844, 0.010547399520874023 
45, -2.9236700534820557, 0.02078866958618164, 0.00827479362487793, 0.010484695434570312 
46, -2.8844192028045654, 0.020773649215698242, 0.008248329162597656, 0.010589599609375 
47, -2.84657883644104, 0.02056431770324707, 0.008338689804077148, 0.010361194610595703 
48, -2.810091018676758, 0.02037835121154785, 0.008051156997680664, 0.01049041748046875 
49, -2.7748963832855225, 0.019881486892700195, 0.007943153381347656, 0.010092735290527344 
50, -2.7409417629241943, 0.020223379135131836, 0.008028030395507812, 0.010288476943969727 
51, -2.708172559738159, 0.020689964294433594, 0.008261680603027344, 0.010492563247680664 
52, -2.676534652709961, 0.02065300941467285, 0.008199453353881836, 0.010568618774414062 
53, -2.645979166030884, 0.02107071876525879, 0.008522748947143555, 0.010646820068359375 
54, -2.6164557933807373, 0.020422935485839844, 0.00811147689819336, 0.010418891906738281 
55, -2.587918281555176, 0.02051687240600586, 0.008145332336425781, 0.010396003723144531 
56, -2.5603187084198, 0.021022796630859375, 0.008246660232543945, 0.010819196701049805 
57, -2.5336155891418457, 0.021474838256835938, 0.008662700653076172, 0.010824441909790039 
58, -2.5077672004699707, 0.021273374557495117, 0.008512496948242188, 0.01075887680053711 
59, -2.482732057571411, 0.021116018295288086, 0.008352279663085938, 0.010807037353515625 
60, -2.4584717750549316, 0.021397829055786133, 0.00857090950012207, 0.010797977447509766 
61, -2.4349496364593506, 0.02175426483154297, 0.008756160736083984, 0.010929346084594727 
62, -2.4121313095092773, 0.021573781967163086, 0.008605480194091797, 0.010984182357788086 
63, -2.389983654022217, 0.022031307220458984, 0.008858442306518555, 0.011164188385009766 
64, -2.368474245071411, 0.021767377853393555, 0.008690118789672852, 0.011055469512939453 
65, -2.347573757171631, 0.02138805389404297, 0.008555412292480469, 0.010882854461669922 
66, -2.3272511959075928, 0.02103567123413086, 0.008346319198608398, 0.01075124740600586 
67, -2.307481527328491, 0.020754575729370117, 0.008130788803100586, 0.0107269287109375 
68, -2.288238763809204, 0.0208437442779541, 0.008358001708984375, 0.010601520538330078 
69, -2.2694973945617676, 0.021116256713867188, 0.00845789909362793, 0.010796785354614258 
70, -2.2512340545654297, 0.021091938018798828, 0.008316516876220703, 0.010810136795043945 
71, -2.233428478240967, 0.02110123634338379, 0.008493900299072266, 0.010577201843261719 
72, -2.216057538986206, 0.02183389663696289, 0.008804559707641602, 0.011046171188354492 
73, -2.199103593826294, 0.021661996841430664, 0.008614301681518555, 0.011027812957763672 
74, -2.1825459003448486, 0.02178955078125, 0.008702278137207031, 0.011050224304199219 
75, -2.166368246078491, 0.021720170974731445, 0.008668661117553711, 0.011024236679077148 
76, -2.1505537033081055, 0.021660566329956055, 0.008704900741577148, 0.010973691940307617 
77, -2.1350858211517334, 0.021404504776000977, 0.008421897888183594, 0.010990381240844727 
78, -2.1199495792388916, 0.021986722946166992, 0.008695363998413086, 0.011228561401367188 
79, -2.105132818222046, 0.021712541580200195, 0.008721590042114258, 0.010793924331665039 
80, -2.0906198024749756, 0.02152395248413086, 0.008605003356933594, 0.010947942733764648 
81, -2.0763986110687256, 0.021828174591064453, 0.00867772102355957, 0.011060953140258789 
82, -2.062457323074341, 0.021654129028320312, 0.008671998977661133, 0.011002779006958008 
83, -2.048785448074341, 0.021702051162719727, 0.008699655532836914, 0.011002302169799805 
84, -2.0353715419769287, 0.020609140396118164, 0.008387088775634766, 0.010359764099121094 
85, -2.0222055912017822, 0.020565509796142578, 0.008098125457763672, 0.010611295700073242 
86, -2.0092780590057373, 0.02111053466796875, 0.008341789245605469, 0.010824918746948242 
87, -1.9965797662734985, 0.0215609073638916, 0.008579254150390625, 0.010995149612426758 
88, -1.9841030836105347, 0.021744966506958008, 0.008792638778686523, 0.010964155197143555 
89, -1.9718389511108398, 0.020888090133666992, 0.008344173431396484, 0.010595083236694336 
90, -1.9597808122634888, 0.021285533905029297, 0.00856924057006836, 0.010715007781982422 
91, -1.947920322418213, 0.021209716796875, 0.008392095565795898, 0.010928630828857422 
92, -1.9362506866455078, 0.020040035247802734, 0.008002042770385742, 0.010160207748413086 
93, -1.9247664213180542, 0.019966602325439453, 0.008049249649047852, 0.010020971298217773 
94, -1.9134604930877686, 0.020172119140625, 0.008007287979125977, 0.010241031646728516 
95, -1.9023261070251465, 0.020546436309814453, 0.008314132690429688, 0.010404109954833984 
96, -1.8913602828979492, 0.02035379409790039, 0.008152961730957031, 0.01038360595703125 
97, -1.8805568218231201, 0.02040696144104004, 0.008158206939697266, 0.010421991348266602 
98, -1.8699095249176025, 0.0201871395111084, 0.008137941360473633, 0.010175943374633789 
99, -1.8594151735305786, 0.0203397274017334, 0.008200645446777344, 0.010332107543945312 
100, -1.8490681648254395, 0.020427942276000977, 0.008063316345214844, 0.010438919067382812 
101, -1.838865041732788, 0.02093672752380371, 0.008309602737426758, 0.010632753372192383 
102, -1.8288005590438843, 0.02112293243408203, 0.008354902267456055, 0.010761022567749023 
103, -1.8188714981079102, 0.021368026733398438, 0.008732795715332031, 0.010678768157958984 
104, -1.8090754747390747, 0.02084040641784668, 0.008307218551635742, 0.010560035705566406 
105, -1.7994072437286377, 0.020903348922729492, 0.008340597152709961, 0.010640382766723633 
106, -1.78986394405365, 0.0213165283203125, 0.008472204208374023, 0.010896682739257812 
107, -1.780442476272583, 0.020371675491333008, 0.008165121078491211, 0.010310173034667969 
108, -1.7711390256881714, 0.021110057830810547, 0.008182287216186523, 0.0108489990234375 
109, -1.7619520425796509, 0.021341800689697266, 0.008684873580932617, 0.010757923126220703 
110, -1.7528777122497559, 0.02138996124267578, 0.0084381103515625, 0.010875940322875977 
111, -1.7439135313034058, 0.021975994110107422, 0.008935928344726562, 0.01109623908996582 
112, -1.7350578308105469, 0.021875619888305664, 0.00873875617980957, 0.01108241081237793 
113, -1.7263063192367554, 0.021721839904785156, 0.008657455444335938, 0.011101245880126953 
114, -1.7176579236984253, 0.021172285079956055, 0.00849604606628418, 0.010692596435546875 
115, -1.7091100215911865, 0.021203994750976562, 0.008296012878417969, 0.010814905166625977 
116, -1.7006608247756958, 0.021159887313842773, 0.00846099853515625, 0.010687828063964844 
117, -1.6923081874847412, 0.020812273025512695, 0.00841832160949707, 0.010442972183227539 
118, -1.6840494871139526, 0.020531177520751953, 0.008112907409667969, 0.010516166687011719 
119, -1.675883173942566, 0.02094268798828125, 0.008246898651123047, 0.010744571685791016 
120, -1.6678063869476318, 0.02159261703491211, 0.008608818054199219, 0.011000633239746094 
121, -1.6598198413848877, 0.02178049087524414, 0.008603572845458984, 0.011124849319458008 
122, -1.6519197225570679, 0.021593809127807617, 0.008588075637817383, 0.011019229888916016 
123, -1.6441047191619873, 0.021620750427246094, 0.008650541305541992, 0.010930299758911133 
124, -1.636372447013855, 0.021448373794555664, 0.008605480194091797, 0.010937929153442383 
125, -1.6287230253219604, 0.021767377853393555, 0.008645772933959961, 0.011046886444091797 
126, -1.621153473854065, 0.021602153778076172, 0.00858163833618164, 0.011121034622192383 
127, -1.613663911819458, 0.020842790603637695, 0.008277416229248047, 0.010727167129516602 
128, -1.6062510013580322, 0.02092289924621582, 0.008288145065307617, 0.010610818862915039 
129, -1.5989152193069458, 0.021518468856811523, 0.008432626724243164, 0.011058807373046875 
130, -1.5916540622711182, 0.02138233184814453, 0.008514165878295898, 0.010872840881347656 
131, -1.584465742111206, 0.021175622940063477, 0.008599519729614258, 0.010622978210449219 
132, -1.577350378036499, 0.02059316635131836, 0.008450746536254883, 0.0103607177734375 
133, -1.5703061819076538, 0.0201723575592041, 0.008121252059936523, 0.01027536392211914 
134, -1.563331127166748, 0.02055954933166504, 0.008011817932128906, 0.010481595993041992 
135, -1.5564258098602295, 0.02089715003967285, 0.008321046829223633, 0.01052713394165039 
136, -1.5495872497558594, 0.020477771759033203, 0.008311748504638672, 0.01021575927734375 
137, -1.542816400527954, 0.02083730697631836, 0.008239030838012695, 0.010545730590820312 
138, -1.5361095666885376, 0.02097296714782715, 0.008522272109985352, 0.01047062873840332 
139, -1.5294675827026367, 0.02103114128112793, 0.008178234100341797, 0.010752201080322266 
140, -1.5228898525238037, 0.02118992805480957, 0.008354902267456055, 0.010737895965576172 
141, -1.5163735151290894, 0.021915435791015625, 0.008669853210449219, 0.011175870895385742 
142, -1.5099190473556519, 0.021994352340698242, 0.00877690315246582, 0.011174917221069336 
143, -1.503524899482727, 0.021965742111206055, 0.00873112678527832, 0.011205196380615234 
144, -1.4971904754638672, 0.02208685874938965, 0.008887529373168945, 0.011113405227661133 
145, -1.4909151792526245, 0.0214998722076416, 0.008638143539428711, 0.010865211486816406 
146, -1.4846971035003662, 0.021872520446777344, 0.008774042129516602, 0.011090755462646484 
147, -1.4785361289978027, 0.021703481674194336, 0.008683204650878906, 0.011053800582885742 
148, -1.4724318981170654, 0.02187061309814453, 0.008715152740478516, 0.011157989501953125 
149, -1.4663825035095215, 0.021900653839111328, 0.008820056915283203, 0.011106252670288086 
150, -1.4603880643844604, 0.021536827087402344, 0.008496284484863281, 0.011103391647338867 
151, -1.4544463157653809, 0.021325111389160156, 0.008465290069580078, 0.010834693908691406 
152, -1.4485588073730469, 0.020922422409057617, 0.008453369140625, 0.010615110397338867 
153, -1.4427226781845093, 0.020888090133666992, 0.008308887481689453, 0.010722637176513672 
154, -1.4369388818740845, 0.02096700668334961, 0.008278369903564453, 0.010729312896728516 
155, -1.4312052726745605, 0.02126336097717285, 0.008602619171142578, 0.010739564895629883 
156, -1.4255220890045166, 0.021637678146362305, 0.00859832763671875, 0.011034250259399414 
157, -1.4198883771896362, 0.020824670791625977, 0.008478879928588867, 0.01044154167175293 
158, -1.414303183555603, 0.020967721939086914, 0.008306741714477539, 0.010657787322998047 
159, -1.408766508102417, 0.02131199836730957, 0.008509159088134766, 0.010912895202636719 
160, -1.4032766819000244, 0.021120548248291016, 0.008499383926391602, 0.010746955871582031 
161, -1.3978339433670044, 0.02033853530883789, 0.008079767227172852, 0.010343790054321289 
162, -1.3924375772476196, 0.020496845245361328, 0.00813603401184082, 0.010493040084838867 
163, -1.387086272239685, 0.02029895782470703, 0.008017539978027344, 0.010336160659790039 
164, -1.3817803859710693, 0.020476102828979492, 0.008054971694946289, 0.01051783561706543 
165, -1.376518964767456, 0.020825624465942383, 0.008315086364746094, 0.010533332824707031 
166, -1.3713020086288452, 0.020603656768798828, 0.008159875869750977, 0.010467529296875 
167, -1.3661270141601562, 0.0204315185546875, 0.008392095565795898, 0.010176420211791992 
168, -1.3609954118728638, 0.0205230712890625, 0.00807952880859375, 0.010442018508911133 
169, -1.3559058904647827, 0.021039247512817383, 0.008422374725341797, 0.010701179504394531 
170, -1.3508583307266235, 0.02044963836669922, 0.008178234100341797, 0.01038050651550293 
171, -1.3458515405654907, 0.01985955238342285, 0.007892847061157227, 0.010050535202026367 
172, -1.340885043144226, 0.020774126052856445, 0.008062601089477539, 0.010675430297851562 
173, -1.3359589576721191, 0.020934343338012695, 0.008478164672851562, 0.010571002960205078 
174, -1.3310728073120117, 0.02057671546936035, 0.00818634033203125, 0.010460615158081055 
175, -1.3262256383895874, 0.020588159561157227, 0.0082244873046875, 0.010429859161376953 
176, -1.3214167356491089, 0.020609617233276367, 0.008257150650024414, 0.010470867156982422 
177, -1.3166464567184448, 0.021062135696411133, 0.008373022079467773, 0.010728120803833008 
178, -1.3119136095046997, 0.02098846435546875, 0.008261680603027344, 0.010656356811523438 
179, -1.3072181940078735, 0.02167487144470215, 0.008589744567871094, 0.011049032211303711 
180, -1.3025599718093872, 0.021170616149902344, 0.008517026901245117, 0.010650634765625 
181, -1.2979375123977661, 0.020896196365356445, 0.008482217788696289, 0.010464191436767578 
182, -1.2933508157730103, 0.020525217056274414, 0.008122444152832031, 0.010355234146118164 
183, -1.2888003587722778, 0.02079629898071289, 0.008239507675170898, 0.010658502578735352 
184, -1.2842844724655151, 0.02123737335205078, 0.008313894271850586, 0.010925769805908203 
185, -1.2798035144805908, 0.02181100845336914, 0.00853586196899414, 0.01128387451171875 
186, -1.2753568887710571, 0.022654294967651367, 0.009065866470336914, 0.011565923690795898 
187, -1.2709437608718872, 0.02308177947998047, 0.009324789047241211, 0.011693477630615234 
188, -1.2665644884109497, 0.02232956886291504, 0.009018182754516602, 0.011299848556518555 
189, -1.2622178792953491, 0.022280454635620117, 0.008866071701049805, 0.011241436004638672 
190, -1.2579044103622437, 0.021979093551635742, 0.008905887603759766, 0.011187314987182617 
191, -1.2536232471466064, 0.02196359634399414, 0.008710384368896484, 0.011149406433105469 
192, -1.2493739128112793, 0.022276878356933594, 0.008813858032226562, 0.01141047477722168 
193, -1.2451560497283936, 0.021903276443481445, 0.008841514587402344, 0.011001110076904297 
194, -1.240970253944397, 0.021555185317993164, 0.008753538131713867, 0.010810613632202148 
195, -1.2368146181106567, 0.022166967391967773, 0.008894205093383789, 0.011196613311767578 
196, -1.2326897382736206, 0.02170109748840332, 0.008683204650878906, 0.011032581329345703 
197, -1.2285948991775513, 0.02199721336364746, 0.00898122787475586, 0.011005163192749023 
198, -1.2245303392410278, 0.02176523208618164, 0.008759498596191406, 0.011000394821166992 
199, -1.2204949855804443, 0.021715164184570312, 0.008780956268310547, 0.01089167594909668 
200, -1.216489315032959, 0.021527767181396484, 0.008574247360229492, 0.010843753814697266 
201, -1.2125122547149658, 0.02154850959777832, 0.008501529693603516, 0.011003971099853516 
202, -1.208564281463623, 0.02124643325805664, 0.008583784103393555, 0.010727167129516602 
203, -1.2046442031860352, 0.020900964736938477, 0.008181095123291016, 0.010685920715332031 
204, -1.2007519006729126, 0.02105998992919922, 0.008507490158081055, 0.010592222213745117 
205, -1.196887493133545, 0.020911455154418945, 0.008455514907836914, 0.010458230972290039 
206, -1.1930506229400635, 0.021117210388183594, 0.008301973342895508, 0.01075124740600586 
207, -1.1892402172088623, 0.0212247371673584, 0.008458852767944336, 0.01076650619506836 
208, -1.185457706451416, 0.020933866500854492, 0.00831460952758789, 0.010590791702270508 
209, -1.1817009449005127, 0.021706581115722656, 0.008663415908813477, 0.01102590560913086 
210, -1.1779711246490479, 0.021383047103881836, 0.008415460586547852, 0.01098942756652832 
211, -1.1742668151855469, 0.021413564682006836, 0.008661270141601562, 0.010852813720703125 
212, -1.1705881357192993, 0.021084308624267578, 0.00844573974609375, 0.01065826416015625 
213, -1.1669353246688843, 0.021790266036987305, 0.008681058883666992, 0.011111259460449219 
214, -1.1633071899414062, 0.021763324737548828, 0.008661746978759766, 0.011071205139160156 
215, -1.1597039699554443, 0.022086143493652344, 0.008724451065063477, 0.011263132095336914 
216, -1.1561254262924194, 0.021953582763671875, 0.008793354034423828, 0.01114034652709961 
217, -1.1525717973709106, 0.022496700286865234, 0.008866548538208008, 0.011513948440551758 
218, -1.1490423679351807, 0.022431612014770508, 0.008942842483520508, 0.011487722396850586 
219, -1.145536184310913, 0.022489547729492188, 0.008933544158935547, 0.011477231979370117 
220, -1.1420539617538452, 0.022400856018066406, 0.009038448333740234, 0.011294126510620117 
221, -1.1385959386825562, 0.021751880645751953, 0.00874781608581543, 0.010894060134887695 
222, -1.1351604461669922, 0.022092580795288086, 0.008803844451904297, 0.011185646057128906 
223, -1.1317477226257324, 0.02222418785095215, 0.00879812240600586, 0.011380672454833984 
224, -1.1283575296401978, 0.022716283798217773, 0.008951187133789062, 0.011649608612060547 
225, -1.124990701675415, 0.022974491119384766, 0.009273767471313477, 0.011700153350830078 
226, -1.1216461658477783, 0.022974014282226562, 0.009079217910766602, 0.011779308319091797 
227, -1.1183230876922607, 0.021759033203125, 0.008756875991821289, 0.011030912399291992 
228, -1.1150221824645996, 0.021202802658081055, 0.008487224578857422, 0.01072382926940918 
229, -1.1117429733276367, 0.021364927291870117, 0.008544206619262695, 0.010842323303222656 
230, -1.1084848642349243, 0.02127671241760254, 0.008394718170166016, 0.010836362838745117 
231, -1.1052483320236206, 0.021587848663330078, 0.008612394332885742, 0.010931253433227539 
232, -1.1020325422286987, 0.021811246871948242, 0.00864267349243164, 0.011108636856079102 
233, -1.0988378524780273, 0.021242618560791016, 0.008532285690307617, 0.010686874389648438 
234, -1.0956637859344482, 0.021947860717773438, 0.008596181869506836, 0.010924577713012695 
235, -1.0925097465515137, 0.021070241928100586, 0.008388519287109375, 0.010680913925170898 
236, -1.0893765687942505, 0.02138209342956543, 0.008516311645507812, 0.010914087295532227 
237, -1.0862629413604736, 0.021372079849243164, 0.008561372756958008, 0.010772943496704102 
238, -1.0831689834594727, 0.02159857749938965, 0.008530855178833008, 0.011011838912963867 
239, -1.080095648765564, 0.021433591842651367, 0.008670330047607422, 0.010843276977539062 
240, -1.0770410299301147, 0.021335124969482422, 0.008353233337402344, 0.0108795166015625 
241, -1.0740056037902832, 0.020911455154418945, 0.00852823257446289, 0.010442018508911133 
242, -1.070989727973938, 0.021212339401245117, 0.008398294448852539, 0.010857820510864258 
243, -1.0679925680160522, 0.021104097366333008, 0.00851297378540039, 0.010699748992919922 
244, -1.065014362335205, 0.0216066837310791, 0.00845026969909668, 0.011196136474609375 
245, -1.0620545148849487, 0.021760225296020508, 0.00877070426940918, 0.010978221893310547 
246, -1.0591132640838623, 0.02175617218017578, 0.008697271347045898, 0.011009454727172852 
247, -1.0561901330947876, 0.02176642417907715, 0.00862884521484375, 0.011114358901977539 
248, -1.053285002708435, 0.02126789093017578, 0.008366823196411133, 0.010889291763305664 
249, -1.0503981113433838, 0.02151966094970703, 0.00860142707824707, 0.010929107666015625 
250, -1.0475291013717651, 0.021549463272094727, 0.008589029312133789, 0.01093745231628418 
251, -1.0446771383285522, 0.021489620208740234, 0.008643388748168945, 0.010907888412475586 
252, -1.0418426990509033, 0.021619558334350586, 0.008695602416992188, 0.010979890823364258 
253, -1.0390257835388184, 0.02130722999572754, 0.00859832763671875, 0.010792255401611328 
254, -1.0362260341644287, 0.021389245986938477, 0.008370161056518555, 0.011049032211303711 
255, -1.033442735671997, 0.021439552307128906, 0.008483409881591797, 0.010898828506469727 
256, -1.0306771993637085, 0.022204160690307617, 0.008765697479248047, 0.011406183242797852 
257, -1.0279273986816406, 0.022558212280273438, 0.008961200714111328, 0.011467456817626953 
258, -1.025194764137268, 0.02242445945739746, 0.00892019271850586, 0.011413812637329102 
259, -1.0224782228469849, 0.0231015682220459, 0.009397268295288086, 0.011588573455810547 
260, -1.0197780132293701, 0.02280449867248535, 0.00920414924621582, 0.01152181625366211 
261, -1.0170937776565552, 0.023248910903930664, 0.009539604187011719, 0.011592626571655273 
262, -1.0144256353378296, 0.023056507110595703, 0.009386539459228516, 0.01161336898803711 
263, -1.0117732286453247, 0.023398876190185547, 0.009293079376220703, 0.0120849609375 
264, -1.0091367959976196, 0.02245616912841797, 0.008937835693359375, 0.011498212814331055 
265, -1.0065157413482666, 0.02299976348876953, 0.009146928787231445, 0.011719942092895508 
266, -1.003909707069397, 0.022790193557739258, 0.009210586547851562, 0.01153564453125 
267, -1.001319408416748, 0.021344900131225586, 0.00865483283996582, 0.010734081268310547 
268, -0.9987441897392273, 0.020937442779541016, 0.008331775665283203, 0.010612964630126953 
269, -0.9961836934089661, 0.020888805389404297, 0.008335351943969727, 0.010476112365722656 
270, -0.9936383962631226, 0.02087092399597168, 0.008358478546142578, 0.010566234588623047 
271, -0.9911080598831177, 0.020734071731567383, 0.008278846740722656, 0.010518074035644531 
272, -0.9885919094085693, 0.020947933197021484, 0.008193731307983398, 0.010700702667236328 
273, -0.986090362071991, 0.02165985107421875, 0.00869441032409668, 0.010920047760009766 
274, -0.9836040139198303, 0.021574974060058594, 0.008661508560180664, 0.010872602462768555 
275, -0.9811311364173889, 0.02179431915283203, 0.008699893951416016, 0.011019468307495117 
276, -0.978672206401825, 0.02174234390258789, 0.008620023727416992, 0.011091470718383789 
277, -0.9762276411056519, 0.021776676177978516, 0.008707046508789062, 0.011094093322753906 
278, -0.9737973809242249, 0.021760225296020508, 0.008536577224731445, 0.011183738708496094 
279, -0.9713805913925171, 0.0216829776763916, 0.008728742599487305, 0.011043787002563477 
280, -0.9689778089523315, 0.02211141586303711, 0.008565425872802734, 0.01113581657409668 
281, -0.9665884375572205, 0.02165842056274414, 0.008685588836669922, 0.011003255844116211 
282, -0.9642121195793152, 0.021549701690673828, 0.008707523345947266, 0.010927915573120117 
283, -0.9618492722511292, 0.021197080612182617, 0.008513212203979492, 0.010720014572143555 
284, -0.9595000743865967, 0.021073341369628906, 0.008311986923217773, 0.010799884796142578 
285, -0.9571639895439148, 0.021240949630737305, 0.008454084396362305, 0.010782957077026367 
286, -0.9548408389091492, 0.021500587463378906, 0.008676528930664062, 0.010829687118530273 
287, -0.9525303840637207, 0.020830631256103516, 0.008284330368041992, 0.010596513748168945 
288, -0.9502331614494324, 0.021018505096435547, 0.00827169418334961, 0.01074671745300293 
289, -0.9479483366012573, 0.021483898162841797, 0.008545398712158203, 0.010945320129394531 
290, -0.9456765055656433, 0.021622896194458008, 0.008714914321899414, 0.010946512222290039 
291, -0.9434166550636292, 0.021352052688598633, 0.008536338806152344, 0.010759830474853516 
292, -0.9411696195602417, 0.021531105041503906, 0.008578777313232422, 0.01084446907043457 
293, -0.9389350414276123, 0.02084064483642578, 0.008232593536376953, 0.010714292526245117 
294, -0.9367125630378723, 0.021332740783691406, 0.008484601974487305, 0.01087188720703125 
295, -0.9345020651817322, 0.02131509780883789, 0.008500099182128906, 0.010853767395019531 
296, -0.932303786277771, 0.02125835418701172, 0.008519411087036133, 0.010801315307617188 
297, -0.9301173090934753, 0.021119117736816406, 0.008396148681640625, 0.010749340057373047 
298, -0.9279429316520691, 0.02127695083618164, 0.008464336395263672, 0.01082301139831543 
299, -0.9257803559303284, 0.02120208740234375, 0.00842428207397461, 0.010746240615844727 
300, -0.9236290454864502, 0.02123737335205078, 0.008351325988769531, 0.010946035385131836 
301, -0.9214898347854614, 0.0213468074798584, 0.008555889129638672, 0.010822057723999023 
302, -0.91936194896698, 0.021947383880615234, 0.008568525314331055, 0.011249780654907227 
303, -0.9172452688217163, 0.0217282772064209, 0.008679389953613281, 0.011034965515136719 
304, -0.9151400923728943, 0.021123409271240234, 0.00853729248046875, 0.010671615600585938 
305, -0.9130460023880005, 0.02168893814086914, 0.00868988037109375, 0.010947227478027344 
306, -0.910963237285614, 0.02120208740234375, 0.008504629135131836, 0.01074528694152832 
307, -0.9088918566703796, 0.02078700065612793, 0.008255481719970703, 0.010570526123046875 
308, -0.9068305492401123, 0.0211181640625, 0.008432388305664062, 0.01068258285522461 
309, -0.9047808051109314, 0.021096229553222656, 0.008321046829223633, 0.010704994201660156 
310, -0.9027416706085205, 0.02104640007019043, 0.008362054824829102, 0.010736465454101562 
311, -0.9007137417793274, 0.0213162899017334, 0.008506298065185547, 0.010832071304321289 
312, -0.898695707321167, 0.021401166915893555, 0.008489847183227539, 0.010902166366577148 
313, -0.8966886401176453, 0.02108311653137207, 0.008485078811645508, 0.010686397552490234 
314, -0.8946922421455383, 0.021132230758666992, 0.00847315788269043, 0.010774374008178711 
315, -0.8927060961723328, 0.02086043357849121, 0.00830078125, 0.010614871978759766 
316, -0.8907302618026733, 0.02054738998413086, 0.008175134658813477, 0.010462522506713867 
317, -0.8887644410133362, 0.0205841064453125, 0.008379936218261719, 0.010370969772338867 
318, -0.8868094086647034, 0.020429611206054688, 0.008216142654418945, 0.010355472564697266 
319, -0.8848639726638794, 0.020868301391601562, 0.008166074752807617, 0.010791301727294922 
320, -0.8829290270805359, 0.021110057830810547, 0.008346080780029297, 0.010740041732788086 
321, -0.8810034990310669, 0.02132391929626465, 0.008530378341674805, 0.010951042175292969 
322, -0.8790884017944336, 0.021120309829711914, 0.008440494537353516, 0.010684728622436523 
323, -0.8771827220916748, 0.021137475967407227, 0.008480310440063477, 0.010757207870483398 
324, -0.8752869367599487, 0.020491361618041992, 0.00815892219543457, 0.010489225387573242 
325, -0.8734012842178345, 0.020574569702148438, 0.008118152618408203, 0.010514259338378906 
326, -0.8715248107910156, 0.021542787551879883, 0.008484125137329102, 0.011136531829833984 
327, -0.8696578145027161, 0.02117300033569336, 0.008418083190917969, 0.010754823684692383 
328, -0.867800235748291, 0.020987272262573242, 0.008383750915527344, 0.010570526123046875 
329, -0.86595219373703, 0.021448612213134766, 0.008441448211669922, 0.010875463485717773 
330, -0.8641135692596436, 0.0212705135345459, 0.008584737777709961, 0.010766744613647461 
331, -0.8622841238975525, 0.02189350128173828, 0.008888721466064453, 0.011077404022216797 
332, -0.8604639172554016, 0.021717309951782227, 0.008531570434570312, 0.011176109313964844 
333, -0.8586529493331909, 0.02191162109375, 0.008680582046508789, 0.011247396469116211 
334, -0.8568511009216309, 0.0216524600982666, 0.008702754974365234, 0.010993480682373047 
335, -0.8550582528114319, 0.021291494369506836, 0.008437156677246094, 0.010885953903198242 
336, -0.8532744646072388, 0.02079153060913086, 0.008312702178955078, 0.010526657104492188 
337, -0.8514993190765381, 0.020770788192749023, 0.008306264877319336, 0.01050424575805664 
338, -0.8497329354286194, 0.02114248275756836, 0.008430242538452148, 0.01081395149230957 
339, -0.8479754328727722, 0.02097320556640625, 0.008344650268554688, 0.010700702667236328 
340, -0.8462268710136414, 0.022226572036743164, 0.008693933486938477, 0.011530399322509766 
341, -0.8444868922233582, 0.022266387939453125, 0.008997917175292969, 0.011270999908447266 
342, -0.8427552580833435, 0.021968364715576172, 0.008692502975463867, 0.011218547821044922 
343, -0.8410323262214661, 0.022155046463012695, 0.008829116821289062, 0.011253833770751953 
344, -0.8393177390098572, 0.022117137908935547, 0.008924484252929688, 0.011142969131469727 
345, -0.8376120328903198, 0.021601438522338867, 0.00861811637878418, 0.010996818542480469 
346, -0.8359142541885376, 0.02149176597595215, 0.008664369583129883, 0.010905027389526367 
347, -0.8342245817184448, 0.021345138549804688, 0.008460283279418945, 0.010875225067138672 
348, -0.8325433731079102, 0.02137303352355957, 0.008503437042236328, 0.01088571548461914 
349, -0.8308705687522888, 0.021705150604248047, 0.00856161117553711, 0.011127948760986328 
350, -0.8292055726051331, 0.02216815948486328, 0.008899688720703125, 0.011247634887695312 
351, -0.8275487422943115, 0.02191901206970215, 0.008816242218017578, 0.011040210723876953 
352, -0.8259001970291138, 0.02185201644897461, 0.008722305297851562, 0.010997772216796875 
353, -0.8242592811584473, 0.021741867065429688, 0.008706092834472656, 0.011040925979614258 
354, -0.8226264119148254, 0.02160048484802246, 0.008551836013793945, 0.011085748672485352 
355, -0.821001410484314, 0.02047133445739746, 0.0082855224609375, 0.01032710075378418 
356, -0.8193844556808472, 0.021080970764160156, 0.008167743682861328, 0.01092219352722168 
357, -0.8177752494812012, 0.021305084228515625, 0.008534669876098633, 0.010846376419067383 
358, -0.8161734342575073, 0.021560192108154297, 0.008601188659667969, 0.010996103286743164 
359, -0.8145793080329895, 0.021630525588989258, 0.008680105209350586, 0.010973215103149414 
360, -0.8129929900169373, 0.021327495574951172, 0.008675575256347656, 0.010713338851928711 
361, -0.8114140033721924, 0.021147489547729492, 0.008461475372314453, 0.010779619216918945 
362, -0.809842586517334, 0.020182371139526367, 0.008063077926635742, 0.010206460952758789 
363, -0.8082787394523621, 0.02025747299194336, 0.008001327514648438, 0.010371208190917969 
364, -0.8067224621772766, 0.020401716232299805, 0.008253097534179688, 0.010230302810668945 
365, -0.8051732182502747, 0.020325422286987305, 0.00802469253540039, 0.010359525680541992 
366, -0.803631603717804, 0.02025580406188965, 0.008038997650146484, 0.010251760482788086 
367, -0.8020970821380615, 0.020782470703125, 0.008245706558227539, 0.010615825653076172 
368, -0.8005695939064026, 0.020138025283813477, 0.008083820343017578, 0.010192155838012695 
369, -0.7990493774414062, 0.019873619079589844, 0.007805585861206055, 0.010080575942993164 
370, -0.7975364327430725, 0.02027440071105957, 0.008072137832641602, 0.010241985321044922 
371, -0.7960306406021118, 0.020601749420166016, 0.008212566375732422, 0.01046609878540039 
372, -0.7945317029953003, 0.020958900451660156, 0.008434057235717773, 0.010573387145996094 
373, -0.7930399179458618, 0.020930051803588867, 0.008378028869628906, 0.010612010955810547 
374, -0.7915547490119934, 0.021196603775024414, 0.008478403091430664, 0.010815858840942383 
375, -0.7900768518447876, 0.020980358123779297, 0.00840306282043457, 0.010679960250854492 
376, -0.788605809211731, 0.02820730209350586, 0.008390665054321289, 0.0178830623626709 
377, -0.7871413826942444, 0.020489931106567383, 0.008141279220581055, 0.010460138320922852 
378, -0.7856835126876831, 0.019886255264282227, 0.00798177719116211, 0.010108709335327148 
379, -0.7842328548431396, 0.020298480987548828, 0.00793600082397461, 0.010470390319824219 
380, -0.7827887535095215, 0.02131795883178711, 0.008703470230102539, 0.010810136795043945 
381, -0.7813513278961182, 0.020930051803588867, 0.008315324783325195, 0.010691165924072266 
382, -0.7799204587936401, 0.02090144157409668, 0.008389472961425781, 0.010537147521972656 
383, -0.7784962058067322, 0.02126026153564453, 0.00843048095703125, 0.010775327682495117 
384, -0.7770783305168152, 0.021187543869018555, 0.00842905044555664, 0.010784626007080078 
385, -0.7756671905517578, 0.021309852600097656, 0.008638620376586914, 0.010811567306518555 
386, -0.7742623686790466, 0.02100062370300293, 0.008325338363647461, 0.010752201080322266 
387, -0.7728639841079712, 0.021043777465820312, 0.008515357971191406, 0.010654211044311523 
388, -0.7714717984199524, 0.020894527435302734, 0.008183002471923828, 0.010639429092407227 
389, -0.7700859308242798, 0.02092909812927246, 0.008305549621582031, 0.010629415512084961 
390, -0.7687064409255981, 0.021146059036254883, 0.008528947830200195, 0.010682106018066406 
391, -0.7673332691192627, 0.020844697952270508, 0.008315801620483398, 0.010590314865112305 
392, -0.7659663558006287, 0.021027326583862305, 0.008386373519897461, 0.010701894760131836 
393, -0.7646054029464722, 0.021215200424194336, 0.008421659469604492, 0.010776758193969727 
394, -0.7632508873939514, 0.02157735824584961, 0.008567094802856445, 0.011111736297607422 
395, -0.7619022130966187, 0.021315336227416992, 0.008517026901245117, 0.01083517074584961 
396, -0.7605597972869873, 0.020956754684448242, 0.00838017463684082, 0.010613203048706055 
397, -0.7592233419418335, 0.02126002311706543, 0.008587837219238281, 0.010737895965576172 
398, -0.7578929662704468, 0.02056121826171875, 0.008276700973510742, 0.010381698608398438 
399, -0.7565683722496033, 0.021147727966308594, 0.008552074432373047, 0.01066899299621582 
400, -0.7552496194839478, 0.021100282669067383, 0.00835275650024414, 0.010705947875976562 
401, -0.7539370656013489, 0.02111029624938965, 0.008287668228149414, 0.010948657989501953 
402, -0.7526301741600037, 0.02025437355041504, 0.00822305679321289, 0.010262250900268555 
403, -0.7513291239738464, 0.020211219787597656, 0.008026123046875, 0.01025700569152832 
404, -0.750033974647522, 0.02061772346496582, 0.008164405822753906, 0.010537862777709961 
405, -0.7487443089485168, 0.0207364559173584, 0.00820302963256836, 0.010626077651977539 
406, -0.7474605441093445, 0.020518064498901367, 0.008126020431518555, 0.010486364364624023 
407, -0.7461823225021362, 0.02057623863220215, 0.008012771606445312, 0.010503292083740234 
408, -0.7449098825454712, 0.020293474197387695, 0.008083581924438477, 0.010293006896972656 
409, -0.7436431050300598, 0.02106451988220215, 0.008523941040039062, 0.010659217834472656 
410, -0.7423816919326782, 0.021134138107299805, 0.00828695297241211, 0.010869264602661133 
411, -0.7411258220672607, 0.021311283111572266, 0.008530855178833008, 0.010887861251831055 
412, -0.7398754954338074, 0.021317481994628906, 0.008516311645507812, 0.010856389999389648 
413, -0.7386308908462524, 0.0218353271484375, 0.008522272109985352, 0.01115870475769043 
414, -0.7373915910720825, 0.021683931350708008, 0.008710861206054688, 0.0108795166015625 
415, -0.7361576557159424, 0.021685123443603516, 0.008612871170043945, 0.011075973510742188 
416, -0.734929084777832, 0.0221560001373291, 0.00883626937866211, 0.01130986213684082 
417, -0.7337061166763306, 0.02206134796142578, 0.008821249008178711, 0.011215448379516602 
418, -0.732488214969635, 0.02220940589904785, 0.008744955062866211, 0.011403799057006836 
419, -0.7312759160995483, 0.022142887115478516, 0.008871793746948242, 0.011209487915039062 
420, -0.730068564414978, 0.022189617156982422, 0.008800268173217773, 0.011312246322631836 
421, -0.728866696357727, 0.02191948890686035, 0.008760452270507812, 0.011186599731445312 
422, -0.7276696562767029, 0.021601438522338867, 0.008714914321899414, 0.010954856872558594 
423, -0.726478099822998, 0.021563053131103516, 0.008638858795166016, 0.010929346084594727 
424, -0.72529137134552, 0.021230220794677734, 0.00858926773071289, 0.010698318481445312 
425, -0.7241103649139404, 0.021255016326904297, 0.008433103561401367, 0.010840177536010742 
426, -0.7229342460632324, 0.021259307861328125, 0.00844120979309082, 0.010849237442016602 
427, -0.7217628359794617, 0.021209001541137695, 0.00825953483581543, 0.010940790176391602 
428, -0.7205966114997864, 0.0212404727935791, 0.008650541305541992, 0.01066899299621582 
429, -0.719435453414917, 0.020589828491210938, 0.008038759231567383, 0.010536432266235352 
430, -0.7182791829109192, 0.028343915939331055, 0.008369684219360352, 0.017992258071899414 
431, -0.7171280384063721, 0.02084183692932129, 0.00823831558227539, 0.010635137557983398 
432, -0.7159817814826965, 0.020048856735229492, 0.008006095886230469, 0.010245323181152344 
433, -0.714840292930603, 0.020051002502441406, 0.007859468460083008, 0.010340452194213867 
434, -0.7137035727500916, 0.02011418342590332, 0.00799870491027832, 0.010143280029296875 
435, -0.7125715613365173, 0.020506858825683594, 0.008171558380126953, 0.010366439819335938 
436, -0.7114450335502625, 0.020545482635498047, 0.008247613906860352, 0.010377168655395508 
437, -0.7103230357170105, 0.020681142807006836, 0.008210897445678711, 0.010552644729614258 
438, -0.7092054486274719, 0.020581960678100586, 0.008303165435791016, 0.01036977767944336 
439, -0.7080926299095154, 0.020432233810424805, 0.008055925369262695, 0.010441064834594727 
440, -0.7069849967956543, 0.020598411560058594, 0.008244752883911133, 0.010469675064086914 
441, -0.7058814764022827, 0.020656347274780273, 0.008171319961547852, 0.010574579238891602 
442, -0.7047832012176514, 0.02073955535888672, 0.008430957794189453, 0.010457754135131836 
443, -0.7036890983581543, 0.02070903778076172, 0.008121490478515625, 0.010547876358032227 
444, -0.702599823474884, 0.020992040634155273, 0.008435249328613281, 0.010580778121948242 
445, -0.7015149593353271, 0.020780086517333984, 0.008324146270751953, 0.010416746139526367 
446, -0.7004345059394836, 0.020953655242919922, 0.008384227752685547, 0.010606527328491211 
447, -0.6993589997291565, 0.02093219757080078, 0.008288145065307617, 0.010666370391845703 
448, -0.6982877850532532, 0.021005630493164062, 0.00833749771118164, 0.010595083236694336 
449, -0.6972212195396423, 0.021348953247070312, 0.00853872299194336, 0.010820388793945312 
450, -0.6961590051651001, 0.020883798599243164, 0.008440494537353516, 0.010538578033447266 
451, -0.6951010227203369, 0.02121567726135254, 0.008413553237915039, 0.010931253433227539 
452, -0.6940478086471558, 0.0211184024810791, 0.00832676887512207, 0.01082611083984375 
453, -0.6929983496665955, 0.02132439613342285, 0.008439302444458008, 0.010956525802612305 
454, -0.6919538378715515, 0.021500349044799805, 0.008598566055297852, 0.010994911193847656 
455, -0.6909136176109314, 0.021189212799072266, 0.008440256118774414, 0.010811805725097656 
456, -0.689877450466156, 0.022397518157958984, 0.00869607925415039, 0.011681318283081055 
457, -0.6888459324836731, 0.022983789443969727, 0.009134531021118164, 0.01169443130493164 
458, -0.6878185868263245, 0.022382736206054688, 0.009016275405883789, 0.011353731155395508 
459, -0.6867953538894653, 0.02215433120727539, 0.008939743041992188, 0.01124429702758789 
460, -0.6857763528823853, 0.021664857864379883, 0.00865316390991211, 0.010987043380737305 
461, -0.6847613453865051, 0.022405624389648438, 0.009239673614501953, 0.011171579360961914 
462, -0.6837510466575623, 0.02186274528503418, 0.008711814880371094, 0.011154413223266602 
463, -0.6827446222305298, 0.021502017974853516, 0.0086517333984375, 0.010843992233276367 
464, -0.6817423105239868, 0.021314382553100586, 0.008562088012695312, 0.010818958282470703 
465, -0.6807441115379333, 0.02151775360107422, 0.008589744567871094, 0.010914087295532227 
466, -0.6797499656677246, 0.021565675735473633, 0.008685111999511719, 0.010902643203735352 
467, -0.6787600517272949, 0.021337032318115234, 0.008510351181030273, 0.010897636413574219 
468, -0.6777741312980652, 0.021851301193237305, 0.008628606796264648, 0.011221647262573242 
469, -0.6767923831939697, 0.021452665328979492, 0.008512496948242188, 0.010930776596069336 
470, -0.6758145689964294, 0.021404266357421875, 0.008524179458618164, 0.011042356491088867 
471, -0.6748404502868652, 0.021164417266845703, 0.008433341979980469, 0.010752439498901367 
472, -0.6738704442977905, 0.020706653594970703, 0.008218050003051758, 0.010469913482666016 
473, -0.6729044318199158, 0.020760774612426758, 0.0083160400390625, 0.010622739791870117 
474, -0.6719427704811096, 0.020735740661621094, 0.008202314376831055, 0.010609149932861328 
475, -0.6709845066070557, 0.02055835723876953, 0.008115053176879883, 0.010534048080444336 
476, -0.6700302362442017, 0.021517276763916016, 0.008516073226928711, 0.010960578918457031 
477, -0.6690795421600342, 0.021887779235839844, 0.00879812240600586, 0.011137247085571289 
478, -0.6681333780288696, 0.021331310272216797, 0.008660554885864258, 0.01069331169128418 
479, -0.6671903133392334, 0.021279335021972656, 0.008531808853149414, 0.010670185089111328 
480, -0.6662518978118896, 0.02141594886779785, 0.008516311645507812, 0.010891914367675781 
481, -0.6653163433074951, 0.02060532569885254, 0.008272409439086914, 0.010453939437866211 
482, -0.6643854379653931, 0.020580530166625977, 0.00815129280090332, 0.01047825813293457 
483, -0.663457989692688, 0.020883560180664062, 0.008237123489379883, 0.010681867599487305 
484, -0.6625339984893799, 0.02123093605041504, 0.008498907089233398, 0.010795354843139648 
485, -0.661613941192627, 0.021072864532470703, 0.008364439010620117, 0.010695934295654297 
486, -0.6606975793838501, 0.020936250686645508, 0.008261919021606445, 0.010619640350341797 
487, -0.659784734249115, 0.02057814598083496, 0.008265256881713867, 0.010379552841186523 
488, -0.6588754653930664, 0.021055936813354492, 0.008311271667480469, 0.01081991195678711 
489, -0.6579703688621521, 0.020971298217773438, 0.008335113525390625, 0.010629415512084961 
490, -0.6570684909820557, 0.02111530303955078, 0.008253097534179688, 0.0108795166015625 
491, -0.6561700105667114, 0.021619081497192383, 0.008590459823608398, 0.010914325714111328 
492, -0.6552757024765015, 0.021632909774780273, 0.008574724197387695, 0.011038541793823242 
493, -0.654384434223175, 0.02108621597290039, 0.008396625518798828, 0.010645866394042969 
494, -0.6534970998764038, 0.021441221237182617, 0.008475065231323242, 0.010914802551269531 
495, -0.6526130437850952, 0.02149796485900879, 0.008658409118652344, 0.010871171951293945 
496, -0.6517328023910522, 0.020814180374145508, 0.008320331573486328, 0.010619401931762695 
497, -0.6508557796478271, 0.021213769912719727, 0.008395195007324219, 0.010921478271484375 
498, -0.6499823331832886, 0.021473407745361328, 0.008693695068359375, 0.010774612426757812 
499, -0.6491122245788574, 0.021464824676513672, 0.008640766143798828, 0.010874032974243164 
500, -0.6482458114624023, 0.02145552635192871, 0.00861811637878418, 0.010873556137084961 
501, -0.6473825573921204, 0.02174234390258789, 0.008518695831298828, 0.011157751083374023 
502, -0.6465230584144592, 0.02145695686340332, 0.008640766143798828, 0.010828018188476562 
503, -0.6456667184829712, 0.020957231521606445, 0.008319377899169922, 0.010622739791870117 
504, -0.6448136568069458, 0.02132725715637207, 0.008543014526367188, 0.010837316513061523 
505, -0.643964409828186, 0.020404577255249023, 0.008212089538574219, 0.010203123092651367 
506, -0.6431180834770203, 0.020550966262817383, 0.008177757263183594, 0.010370254516601562 
507, -0.642275333404541, 0.020659685134887695, 0.008217811584472656, 0.010443687438964844 
508, -0.6414355039596558, 0.021093130111694336, 0.008403301239013672, 0.010699272155761719 
509, -0.6405995488166809, 0.02148914337158203, 0.008625507354736328, 0.01087808609008789 
510, -0.6397665739059448, 0.020572662353515625, 0.008235931396484375, 0.010368824005126953 
511, -0.6389370560646057, 0.020771265029907227, 0.00828862190246582, 0.010592222213745117 
512, -0.6381104588508606, 0.020782470703125, 0.008260726928710938, 0.01059722900390625 
513, -0.6372870206832886, 0.020635366439819336, 0.008349895477294922, 0.010363101959228516 
514, -0.6364672780036926, 0.02062392234802246, 0.008314371109008789, 0.010356426239013672 
515, -0.6356503963470459, 0.021147489547729492, 0.0084381103515625, 0.010773181915283203 
516, -0.6348368525505066, 0.020778894424438477, 0.008337020874023438, 0.010533332824707031 
517, -0.6340267062187195, 0.020877361297607422, 0.008240699768066406, 0.010601282119750977 
518, -0.633219301700592, 0.02129077911376953, 0.008488178253173828, 0.010747671127319336 
519, -0.6324151754379272, 0.02123546600341797, 0.008550405502319336, 0.010731697082519531 
520, -0.6316143274307251, 0.02086353302001953, 0.008308649063110352, 0.010632753372192383 
521, -0.6308164596557617, 0.021187782287597656, 0.008460521697998047, 0.010725975036621094 
522, -0.6300217509269714, 0.02128911018371582, 0.008596181869506836, 0.010721206665039062 
523, -0.6292300820350647, 0.021301746368408203, 0.008675575256347656, 0.010706186294555664 
524, -0.628441572189331, 0.02095317840576172, 0.008413314819335938, 0.010553359985351562 
525, -0.6276562213897705, 0.022147417068481445, 0.00869607925415039, 0.011500120162963867 
526, -0.6268735527992249, 0.021918058395385742, 0.008864879608154297, 0.011045694351196289 
527, -0.6260940432548523, 0.021479368209838867, 0.008584260940551758, 0.010823488235473633 
528, -0.6253178715705872, 0.021860361099243164, 0.008802652359008789, 0.011042356491088867 
529, -0.6245445013046265, 0.02185654640197754, 0.00857996940612793, 0.011228561401367188 
530, -0.6237741112709045, 0.022151708602905273, 0.008723974227905273, 0.01130223274230957 
531, -0.6230064630508423, 0.022719621658325195, 0.008961200714111328, 0.011610984802246094 
532, -0.6222421526908875, 0.02292323112487793, 0.009191751480102539, 0.01182866096496582 
533, -0.6214805841445923, 0.02212667465209961, 0.008844375610351562, 0.01133584976196289 
534, -0.6207219362258911, 0.021403789520263672, 0.008565902709960938, 0.010895490646362305 
535, -0.6199665069580078, 0.021910667419433594, 0.008863210678100586, 0.010998725891113281 
536, -0.6192137598991394, 0.022814273834228516, 0.00915217399597168, 0.011622190475463867 
537, -0.6184637546539307, 0.023324251174926758, 0.009069204330444336, 0.012033939361572266 
538, -0.6177166700363159, 0.024110078811645508, 0.009670495986938477, 0.012362241744995117 
539, -0.6169726252555847, 0.023431062698364258, 0.009638547897338867, 0.011696100234985352 
540, -0.616231381893158, 0.022337675094604492, 0.008960485458374023, 0.01137399673461914 
541, -0.6154929995536804, 0.021735429763793945, 0.008767127990722656, 0.011007308959960938 
542, -0.6147575378417969, 0.02151942253112793, 0.008632183074951172, 0.010935306549072266 
543, -0.6140245199203491, 0.02183818817138672, 0.008679866790771484, 0.011170625686645508 
544, -0.6132947206497192, 0.021696805953979492, 0.008625030517578125, 0.011034965515136719 
545, -0.6125674843788147, 0.021558284759521484, 0.008639812469482422, 0.010946989059448242 
546, -0.6118432283401489, 0.022004365921020508, 0.008793115615844727, 0.011176586151123047 
547, -0.6111213564872742, 0.02215099334716797, 0.008870601654052734, 0.011288642883300781 
548, -0.6104026436805725, 0.022207975387573242, 0.008903980255126953, 0.011231660842895508 
549, -0.6096866130828857, 0.02245020866394043, 0.008990049362182617, 0.011398553848266602 
550, -0.6089731454849243, 0.0220186710357666, 0.008840322494506836, 0.011029958724975586 
551, -0.6082624793052673, 0.022809267044067383, 0.00899195671081543, 0.011695623397827148 
552, -0.6075544357299805, 0.022874116897583008, 0.009090900421142578, 0.01161050796508789 
553, -0.6068490743637085, 0.022423505783081055, 0.009092569351196289, 0.011230230331420898 
554, -0.6061464548110962, 0.022551298141479492, 0.008880853652954102, 0.011574268341064453 
555, -0.6054466366767883, 0.022650957107543945, 0.009090185165405273, 0.011484384536743164 
556, -0.6047495007514954, 0.02254796028137207, 0.009027719497680664, 0.011494874954223633 
557, -0.6040547490119934, 0.021578073501586914, 0.008754730224609375, 0.010822534561157227 
558, -0.6033626198768616, 0.021470069885253906, 0.008503437042236328, 0.011010408401489258 
559, -0.6026734709739685, 0.021498441696166992, 0.008755207061767578, 0.010758399963378906 
560, -0.6019864678382874, 0.0211944580078125, 0.008536577224731445, 0.010695695877075195 
561, -0.6013022065162659, 0.021592378616333008, 0.008528947830200195, 0.011022567749023438 
562, -0.6006205677986145, 0.021683692932128906, 0.008655309677124023, 0.011008739471435547 
563, -0.599941611289978, 0.02161431312561035, 0.008616447448730469, 0.011001110076904297 
564, -0.5992653369903564, 0.020962238311767578, 0.008360862731933594, 0.010644912719726562 
565, -0.5985914468765259, 0.021393299102783203, 0.008389472961425781, 0.010960578918457031 
566, -0.5979200005531311, 0.02159428596496582, 0.008586645126342773, 0.010918617248535156 
567, -0.5972514152526855, 0.021439552307128906, 0.008666515350341797, 0.01070404052734375 
568, -0.5965847969055176, 0.021719932556152344, 0.00868678092956543, 0.010888099670410156 
569, -0.5959210991859436, 0.021529674530029297, 0.008632659912109375, 0.010846853256225586 
570, -0.5952596664428711, 0.021608352661132812, 0.008664608001708984, 0.010907411575317383 
571, -0.594601035118103, 0.021754980087280273, 0.008699417114257812, 0.011121988296508789 
572, -0.5939446687698364, 0.021202564239501953, 0.008538484573364258, 0.010806083679199219 
573, -0.5932904481887817, 0.021299362182617188, 0.008616209030151367, 0.010800838470458984 
574, -0.5926392674446106, 0.020579814910888672, 0.008142471313476562, 0.010593175888061523 
575, -0.5919901728630066, 0.021414995193481445, 0.008449316024780273, 0.011047840118408203 
576, -0.5913438200950623, 0.021708965301513672, 0.008623600006103516, 0.01103353500366211 
577, -0.5906994938850403, 0.021695375442504883, 0.008700847625732422, 0.01099085807800293 
578, -0.5900578498840332, 0.021754026412963867, 0.008571386337280273, 0.011134624481201172 
579, -0.5894184708595276, 0.022268056869506836, 0.008960247039794922, 0.011306285858154297 
580, -0.5887815356254578, 0.021282196044921875, 0.008615970611572266, 0.010763883590698242 
581, -0.5881470441818237, 0.021049022674560547, 0.008474349975585938, 0.010682106018066406 
582, -0.5875146389007568, 0.0208437442779541, 0.008252382278442383, 0.010628461837768555 
583, -0.5868850946426392, 0.020843982696533203, 0.008307933807373047, 0.010637760162353516 
584, -0.5862574577331543, 0.02070140838623047, 0.008225679397583008, 0.010539531707763672 
585, -0.5856324434280396, 0.02125716209411621, 0.008469343185424805, 0.010822057723999023 
586, -0.5850095152854919, 0.020851850509643555, 0.008356332778930664, 0.010593652725219727 
587, -0.5843890309333801, 0.020815134048461914, 0.008402109146118164, 0.010505914688110352 
588, -0.5837709903717041, 0.02032327651977539, 0.008151769638061523, 0.010239839553833008 
589, -0.5831551551818848, 0.020865917205810547, 0.008287906646728516, 0.010677814483642578 
590, -0.5825414657592773, 0.021184921264648438, 0.008476734161376953, 0.01074981689453125 
591, -0.5819301009178162, 0.02097606658935547, 0.008395195007324219, 0.010612249374389648 
592, -0.5813212394714355, 0.021208763122558594, 0.00847172737121582, 0.010900020599365234 
593, -0.5807143449783325, 0.02171921730041504, 0.008479118347167969, 0.011193990707397461 
594, -0.5801098346710205, 0.021883726119995117, 0.008699417114257812, 0.011249780654907227 
595, -0.57950758934021, 0.021964550018310547, 0.008725166320800781, 0.011192083358764648 
596, -0.5789075493812561, 0.02160191535949707, 0.008584976196289062, 0.01098942756652832 
597, -0.5783098340034485, 0.02162623405456543, 0.008676528930664062, 0.010983467102050781 
598, -0.5777143836021423, 0.021575450897216797, 0.008554458618164062, 0.010966300964355469 
599, -0.5771209001541138, 0.02215886116027832, 0.008899688720703125, 0.011362791061401367 
600, -0.5765296816825867, 0.02164435386657715, 0.008607625961303711, 0.011032342910766602 
601, -0.5759406089782715, 0.021439075469970703, 0.008483648300170898, 0.010920524597167969 
602, -0.5753538012504578, 0.021466732025146484, 0.008576393127441406, 0.010915994644165039 
603, -0.5747690200805664, 0.02191638946533203, 0.008837699890136719, 0.011093616485595703 
604, -0.5741866230964661, 0.021586179733276367, 0.008966445922851562, 0.010718107223510742 
605, -0.5736064910888672, 0.021271228790283203, 0.008464813232421875, 0.010876178741455078 
606, -0.573028028011322, 0.02145075798034668, 0.008496522903442383, 0.011003732681274414 
607, -0.5724517703056335, 0.02139592170715332, 0.008613109588623047, 0.010621309280395508 
608, -0.5718781352043152, 0.02128744125366211, 0.008494377136230469, 0.010752439498901367 
609, -0.5713063478469849, 0.021557331085205078, 0.008560657501220703, 0.010986328125 
610, -0.5707367062568665, 0.021300077438354492, 0.008534669876098633, 0.010762214660644531 
611, -0.5701686143875122, 0.02172684669494629, 0.008520126342773438, 0.011150121688842773 
612, -0.5696032047271729, 0.02163076400756836, 0.008593082427978516, 0.011009693145751953 
613, -0.5690398216247559, 0.021886825561523438, 0.008550643920898438, 0.011227607727050781 
614, -0.5684784650802612, 0.02213263511657715, 0.008871078491210938, 0.011198043823242188 
615, -0.5679193139076233, 0.02212810516357422, 0.008852481842041016, 0.011231422424316406 
616, -0.5673618912696838, 0.022621870040893555, 0.00893259048461914, 0.01157379150390625 
617, -0.5668066740036011, 0.022103071212768555, 0.008746147155761719, 0.011207818984985352 
618, -0.5662537813186646, 0.022097110748291016, 0.008800029754638672, 0.011242389678955078 
619, -0.5657023787498474, 0.021967649459838867, 0.008974313735961914, 0.010944604873657227 
620, -0.5651533603668213, 0.02152872085571289, 0.008543014526367188, 0.01092672348022461 
621, -0.5646061301231384, 0.02187347412109375, 0.00880575180053711, 0.011024236679077148 
622, -0.5640611052513123, 0.021434545516967773, 0.008646011352539062, 0.01085042953491211 
623, -0.5635178089141846, 0.021800518035888672, 0.008408784866333008, 0.011339664459228516 
624, -0.5629769563674927, 0.021762371063232422, 0.008900642395019531, 0.010846376419067383 
625, -0.5624377727508545, 0.021209716796875, 0.00849461555480957, 0.010708093643188477 
626, -0.5619004964828491, 0.021631717681884766, 0.008569955825805664, 0.011020898818969727 
627, -0.5613652467727661, 0.021969079971313477, 0.008745431900024414, 0.011229515075683594 
628, -0.5608320832252502, 0.022066116333007812, 0.00878596305847168, 0.01127004623413086 
629, -0.5603010058403015, 0.02200460433959961, 0.008774995803833008, 0.011127710342407227 
630, -0.5597711801528931, 0.022187471389770508, 0.008898496627807617, 0.011232376098632812 
631, -0.5592441558837891, 0.021199703216552734, 0.008713006973266602, 0.010523319244384766 
632, -0.5587184429168701, 0.02105879783630371, 0.008428096771240234, 0.01069188117980957 
633, -0.5581949353218079, 0.021756649017333984, 0.008655071258544922, 0.011120796203613281 
634, -0.5576733946800232, 0.021589994430541992, 0.008628129959106445, 0.01098012924194336 
635, -0.5571537017822266, 0.02132701873779297, 0.008426904678344727, 0.010861635208129883 
636, -0.5566357374191284, 0.02149510383605957, 0.008649826049804688, 0.01085805892944336 
637, -0.5561197996139526, 0.02114558219909668, 0.008592367172241211, 0.010651588439941406 
638, -0.5556057691574097, 0.02013421058654785, 0.008085489273071289, 0.01009821891784668 
639, -0.5550934076309204, 0.020497798919677734, 0.00810384750366211, 0.010469436645507812 
640, -0.5545831918716431, 0.020459413528442383, 0.008260488510131836, 0.010293960571289062 
641, -0.5540747046470642, 0.02035379409790039, 0.008169889450073242, 0.010381460189819336 
642, -0.5535678863525391, 0.020372867584228516, 0.008031368255615234, 0.010477781295776367 
643, -0.5530632138252258, 0.020780086517333984, 0.008219718933105469, 0.010614395141601562 
644, -0.5525602102279663, 0.02069830894470215, 0.008135557174682617, 0.010564088821411133 
645, -0.5520590543746948, 0.0207822322845459, 0.008332967758178711, 0.010467052459716797 
646, -0.5515596270561218, 0.020874977111816406, 0.008366823196411133, 0.010586738586425781 
647, -0.551062285900116, 0.02156662940979004, 0.008643388748168945, 0.01096653938293457 
648, -0.5505666136741638, 0.021269559860229492, 0.008466482162475586, 0.010784626007080078 
649, -0.5500725507736206, 0.0213620662689209, 0.008622407913208008, 0.010818958282470703 
650, -0.5495807528495789, 0.020797014236450195, 0.00831151008605957, 0.010525703430175781 
651, -0.5490904450416565, 0.021250009536743164, 0.008403539657592773, 0.010759830474853516 
652, -0.5486018657684326, 0.02135777473449707, 0.008481025695800781, 0.010912656784057617 
653, -0.5481149554252625, 0.02188849449157715, 0.00873708724975586, 0.011152982711791992 
654, -0.5476300716400146, 0.02198004722595215, 0.008702278137207031, 0.011251211166381836 
655, -0.5471468567848206, 0.021859407424926758, 0.008781671524047852, 0.010950088500976562 
656, -0.546665370464325, 0.022108793258666992, 0.008824825286865234, 0.011170387268066406 
657, -0.5461859107017517, 0.022104501724243164, 0.00901651382446289, 0.01110219955444336 
658, -0.5457075238227844, 0.02165985107421875, 0.008776664733886719, 0.010877132415771484 
659, -0.5452313423156738, 0.02132391929626465, 0.008577823638916016, 0.01087498664855957 
660, -0.5447567701339722, 0.021021604537963867, 0.008379936218261719, 0.010712146759033203 
661, -0.5442839860916138, 0.02106451988220215, 0.00835871696472168, 0.010815620422363281 
662, -0.5438129305839539, 0.02145075798034668, 0.008498191833496094, 0.010973691940307617 
663, -0.5433434247970581, 0.021557092666625977, 0.008649826049804688, 0.010944366455078125 
664, -0.5428758263587952, 0.021914005279541016, 0.00874018669128418, 0.011214017868041992 
665, -0.5424095392227173, 0.02187371253967285, 0.00879359245300293, 0.011028766632080078 
666, -0.5419453382492065, 0.021866559982299805, 0.008648157119750977, 0.011222600936889648 
667, -0.5414827466011047, 0.021224260330200195, 0.008758783340454102, 0.010544300079345703 
668, -0.5410217642784119, 0.020806074142456055, 0.008225440979003906, 0.01061391830444336 
669, -0.5405625104904175, 0.021207809448242188, 0.008372306823730469, 0.010815620422363281 
670, -0.5401048064231873, 0.021057605743408203, 0.008322954177856445, 0.010756492614746094 
671, -0.5396488904953003, 0.021471261978149414, 0.008568525314331055, 0.010941505432128906 
672, -0.5391944050788879, 0.021096229553222656, 0.008394718170166016, 0.010670185089111328 
673, -0.5387417078018188, 0.020659685134887695, 0.008315801620483398, 0.010479450225830078 
674, -0.5382906198501587, 0.020367145538330078, 0.008215188980102539, 0.01030731201171875 
675, -0.5378410220146179, 0.02106618881225586, 0.008077621459960938, 0.01104593276977539 
676, -0.5373930931091309, 0.020780563354492188, 0.008193731307983398, 0.010668516159057617 
677, -0.5369470715522766, 0.02048325538635254, 0.008225440979003906, 0.010305643081665039 
678, -0.536502480506897, 0.021013736724853516, 0.008411884307861328, 0.01064157485961914 
679, -0.5360594391822815, 0.02122211456298828, 0.008338451385498047, 0.010852813720703125 
680, -0.5356180667877197, 0.021458864212036133, 0.008601903915405273, 0.010941743850708008 
681, -0.5351782441139221, 0.020867109298706055, 0.008365869522094727, 0.010640859603881836 
682, -0.5347400903701782, 0.020747661590576172, 0.00816202163696289, 0.010627508163452148 
683, -0.5343035459518433, 0.021217823028564453, 0.008338689804077148, 0.010892629623413086 
684, -0.5338681936264038, 0.02161431312561035, 0.00856328010559082, 0.010946273803710938 
685, -0.5334346294403076, 0.02128314971923828, 0.008557558059692383, 0.010762453079223633 
686, -0.5330026745796204, 0.022111892700195312, 0.008736133575439453, 0.011219024658203125 
687, -0.5325721502304077, 0.022228717803955078, 0.00897216796875, 0.011258363723754883 
688, -0.5321435332298279, 0.022173643112182617, 0.008913516998291016, 0.011169672012329102 
689, -0.5317161083221436, 0.021900415420532227, 0.008799076080322266, 0.011069297790527344 
690, -0.5312904119491577, 0.0216217041015625, 0.008576154708862305, 0.011045217514038086 
691, -0.5308660864830017, 0.021041154861450195, 0.00849294662475586, 0.010658502578735352 
692, -0.5304434895515442, 0.020931005477905273, 0.008289575576782227, 0.010635614395141602 
693, -0.5300222039222717, 0.02222919464111328, 0.008887767791748047, 0.011284112930297852 
694, -0.529602587223053, 0.022286176681518555, 0.008930683135986328, 0.011282920837402344 
695, -0.5291844010353088, 0.022466182708740234, 0.008647441864013672, 0.011607646942138672 
696, -0.5287677049636841, 0.02251887321472168, 0.008975028991699219, 0.011441946029663086 
697, -0.5283525586128235, 0.022626399993896484, 0.009087085723876953, 0.011458873748779297 
698, -0.5279389023780823, 0.02207779884338379, 0.009014368057250977, 0.011084556579589844 
699, -0.5275263786315918, 0.021756887435913086, 0.008635759353637695, 0.010973691940307617 
700, -0.5271158218383789, 0.022382259368896484, 0.009067535400390625, 0.011270523071289062 
701, -0.5267067551612854, 0.022019386291503906, 0.008925437927246094, 0.011094093322753906 
702, -0.526298999786377, 0.021451473236083984, 0.008547067642211914, 0.010916709899902344 
703, -0.5258926153182983, 0.021615982055664062, 0.008697748184204102, 0.010958671569824219 
704, -0.5254876613616943, 0.021384477615356445, 0.008553028106689453, 0.010840177536010742 
705, -0.5250843167304993, 0.021673202514648438, 0.008767366409301758, 0.01093602180480957 
706, -0.5246825218200684, 0.0214841365814209, 0.008639097213745117, 0.010842084884643555 
707, -0.5242820382118225, 0.0214846134185791, 0.008646249771118164, 0.010928153991699219 
708, -0.5238828659057617, 0.0213162899017334, 0.008524179458618164, 0.010789155960083008 
709, -0.5234852433204651, 0.021056413650512695, 0.008351802825927734, 0.010682106018066406 
710, -0.5230887532234192, 0.02133488655090332, 0.008538007736206055, 0.01077580451965332 
711, -0.5226942896842957, 0.021125316619873047, 0.008453607559204102, 0.010719537734985352 
712, -0.5223007798194885, 0.02112746238708496, 0.00857400894165039, 0.010625362396240234 
713, -0.5219089388847351, 0.02142930030822754, 0.00863504409790039, 0.010843515396118164 
714, -0.5215184092521667, 0.021625757217407227, 0.008570432662963867, 0.011054515838623047 
715, -0.5211293697357178, 0.02103114128112793, 0.00850677490234375, 0.010598897933959961 
716, -0.5207414031028748, 0.02089691162109375, 0.008266687393188477, 0.010596275329589844 
717, -0.5203550457954407, 0.021240234375, 0.008461952209472656, 0.010801076889038086 
718, -0.5199699997901917, 0.021201372146606445, 0.008401155471801758, 0.010834217071533203 
719, -0.519586443901062, 0.020905256271362305, 0.008336544036865234, 0.010747432708740234 
720, -0.5192041993141174, 0.02093195915222168, 0.008331298828125, 0.010688543319702148 
721, -0.5188236236572266, 0.02067708969116211, 0.008328914642333984, 0.010535955429077148 
722, -0.5184440016746521, 0.021033525466918945, 0.008410453796386719, 0.010700702667236328 
723, -0.5180658102035522, 0.020980358123779297, 0.008290290832519531, 0.010717630386352539 
724, -0.5176889896392822, 0.021685123443603516, 0.008416414260864258, 0.01125025749206543 
725, -0.5173139572143555, 0.022560596466064453, 0.0089263916015625, 0.011580705642700195 
726, -0.5169394612312317, 0.02332305908203125, 0.009210824966430664, 0.012049674987792969 
727, -0.5165668725967407, 0.022739410400390625, 0.009181737899780273, 0.011432409286499023 
728, -0.5161952972412109, 0.022679567337036133, 0.009102821350097656, 0.011478662490844727 
729, -0.5158255100250244, 0.02299046516418457, 0.009530067443847656, 0.011455297470092773 
730, -0.5154567360877991, 0.02229785919189453, 0.008958816528320312, 0.011315345764160156 
731, -0.5150893330574036, 0.021974563598632812, 0.008815288543701172, 0.011187076568603516 
732, -0.5147232413291931, 0.022343158721923828, 0.008997201919555664, 0.011374235153198242 
733, -0.5143582820892334, 0.02243518829345703, 0.008776664733886719, 0.011643409729003906 
734, -0.5139948129653931, 0.022785186767578125, 0.009165287017822266, 0.011645793914794922 
735, -0.5136327743530273, 0.022339344024658203, 0.00910639762878418, 0.011224031448364258 
736, -0.513271689414978, 0.022357940673828125, 0.009027957916259766, 0.011271476745605469 
737, -0.5129121541976929, 0.021530628204345703, 0.008682489395141602, 0.01083517074584961 
738, -0.5125539302825928, 0.02191901206970215, 0.008574247360229492, 0.011428117752075195 
739, -0.5121968984603882, 0.02193140983581543, 0.008696794509887695, 0.011204719543457031 
740, -0.5118412375450134, 0.02164936065673828, 0.00858306884765625, 0.011011838912963867 
741, -0.5114866495132446, 0.021562814712524414, 0.008549928665161133, 0.01101231575012207 
742, -0.5111334323883057, 0.02117753028869629, 0.008482694625854492, 0.010836124420166016 
743, -0.5107815861701965, 0.021544218063354492, 0.008545160293579102, 0.011021137237548828 
744, -0.5104308724403381, 0.021250486373901367, 0.00859689712524414, 0.010762929916381836 
745, -0.5100815296173096, 0.02115774154663086, 0.008399248123168945, 0.010827779769897461 
746, -0.5097333192825317, 0.021334409713745117, 0.00854039192199707, 0.010833024978637695 
747, -0.5093863606452942, 0.02168750762939453, 0.008757352828979492, 0.010931015014648438 
748, -0.5090407729148865, 0.02196526527404785, 0.00872182846069336, 0.011217832565307617 
749, -0.5086962580680847, 0.02196359634399414, 0.008801460266113281, 0.011155128479003906 
750, -0.5083531737327576, 0.04235506057739258, 0.008503198623657227, 0.010274887084960938 
751, -0.5080112218856812, 0.02289891242980957, 0.00938558578491211, 0.011431694030761719 
752, -0.5076705813407898, 0.021524429321289062, 0.008597850799560547, 0.010937690734863281 
753, -0.5073310732841492, 0.02183675765991211, 0.008723735809326172, 0.011041641235351562 
754, -0.5069926381111145, 0.021598100662231445, 0.008507251739501953, 0.011005640029907227 
755, -0.5066556334495544, 0.02224254608154297, 0.008828163146972656, 0.011365890502929688 
756, -0.5063197016716003, 0.0220797061920166, 0.00875234603881836, 0.011225461959838867 
757, -0.5059849619865417, 0.02193927764892578, 0.008862018585205078, 0.011017084121704102 
758, -0.5056515336036682, 0.022231578826904297, 0.008884668350219727, 0.011240482330322266 
759, -0.5053192377090454, 0.021902799606323242, 0.008810997009277344, 0.011077642440795898 
760, -0.5049882531166077, 0.021816730499267578, 0.008714914321899414, 0.011033773422241211 
761, -0.5046582221984863, 0.021521329879760742, 0.008671045303344727, 0.010911941528320312 
762, -0.50432950258255, 0.021286964416503906, 0.008372783660888672, 0.010961294174194336 
763, -0.5040019154548645, 0.022212982177734375, 0.008991718292236328, 0.011188745498657227 
764, -0.5036757588386536, 0.022150039672851562, 0.008852958679199219, 0.011263370513916016 
765, -0.5033502578735352, 0.022251367568969727, 0.009013891220092773, 0.011209726333618164 
766, -0.5030263066291809, 0.022696256637573242, 0.009054183959960938, 0.011578559875488281 
767, -0.5027036070823669, 0.022287607192993164, 0.00884556770324707, 0.011438608169555664 
768, -0.5023818016052246, 0.021490097045898438, 0.008725643157958984, 0.010745048522949219 
769, -0.5020611882209778, 0.021328210830688477, 0.008491754531860352, 0.010878324508666992 
770, -0.5017418265342712, 0.021657228469848633, 0.008655071258544922, 0.011015653610229492 
771, -0.5014234781265259, 0.02156996726989746, 0.00866556167602539, 0.010927200317382812 
772, -0.5011065602302551, 0.02174830436706543, 0.008621454238891602, 0.011096000671386719 
773, -0.5007904767990112, 0.021717548370361328, 0.008840560913085938, 0.010907411575317383 
774, -0.5004755854606628, 0.022091150283813477, 0.008704185485839844, 0.01130986213684082 
775, -0.5001617670059204, 0.021242141723632812, 0.008419513702392578, 0.010843515396118164 
776, -0.4998491108417511, 0.0208132266998291, 0.008281707763671875, 0.010675430297851562 
777, -0.49953773617744446, 0.021174907684326172, 0.008423328399658203, 0.010772943496704102 
778, -0.49922746419906616, 0.02120065689086914, 0.008445024490356445, 0.01079416275024414 
779, -0.4989180862903595, 0.021271944046020508, 0.008386611938476562, 0.010881662368774414 
780, -0.4986100196838379, 0.021374225616455078, 0.00842905044555664, 0.01091623306274414 
781, -0.4983031153678894, 0.02097296714782715, 0.008463621139526367, 0.010598182678222656 
782, -0.4979970455169678, 0.021277904510498047, 0.008505582809448242, 0.01089024543762207 
783, -0.49769219756126404, 0.020996809005737305, 0.00838470458984375, 0.010679006576538086 
784, -0.49738845229148865, 0.021017789840698242, 0.008402585983276367, 0.010659933090209961 
785, -0.4970858097076416, 0.020941495895385742, 0.008385658264160156, 0.01060795783996582 
786, -0.4967842400074005, 0.021337509155273438, 0.008545160293579102, 0.01075291633605957 
787, -0.49648404121398926, 0.021000385284423828, 0.008477449417114258, 0.010596275329589844 
788, -0.4961842894554138, 0.021274566650390625, 0.008444547653198242, 0.010776758193969727 
789, -0.49588581919670105, 0.021123886108398438, 0.008414030075073242, 0.010740041732788086 
790, -0.4955886900424957, 0.021213769912719727, 0.008484363555908203, 0.010778188705444336 
791, -0.4952924847602844, 0.021152734756469727, 0.008399009704589844, 0.010798454284667969 
792, -0.49499744176864624, 0.02126908302307129, 0.008579730987548828, 0.010660409927368164 
793, -0.49470335245132446, 0.0212247371673584, 0.008617401123046875, 0.010639667510986328 
794, -0.49441030621528625, 0.020912885665893555, 0.008406400680541992, 0.010571002960205078 
795, -0.49411827325820923, 0.02085566520690918, 0.008287429809570312, 0.010622262954711914 
796, -0.49382761120796204, 0.020995616912841797, 0.008293867111206055, 0.010733366012573242 
797, -0.49353766441345215, 0.021181583404541016, 0.008476018905639648, 0.010641813278198242 
798, -0.49324893951416016, 0.021344423294067383, 0.008451700210571289, 0.010845661163330078 
799, -0.4929611086845398, 0.021451234817504883, 0.008640766143798828, 0.010881423950195312 
800, -0.4926741421222687, 0.02185225486755371, 0.00853276252746582, 0.011150836944580078 
801, -0.4923885464668274, 0.02206897735595703, 0.00866389274597168, 0.01134347915649414 
802, -0.4921037256717682, 0.022781848907470703, 0.008828878402709961, 0.011700630187988281 
803, -0.4918201267719269, 0.022650718688964844, 0.008878707885742188, 0.011572122573852539 
804, -0.4915376603603363, 0.02239370346069336, 0.009061098098754883, 0.011256933212280273 
805, -0.49125608801841736, 0.022002220153808594, 0.008973836898803711, 0.011017084121704102 
806, -0.49097520112991333, 0.022215604782104492, 0.008802175521850586, 0.011384010314941406 
807, -0.4906957447528839, 0.022495269775390625, 0.009109973907470703, 0.011336565017700195 
808, -0.4904171824455261, 0.022731781005859375, 0.00900888442993164, 0.011723756790161133 
809, -0.4901396334171295, 0.022248506546020508, 0.008986473083496094, 0.011234760284423828 
810, -0.48986294865608215, 0.021918535232543945, 0.00884556770324707, 0.011087179183959961 
811, -0.4895874261856079, 0.02217841148376465, 0.008947134017944336, 0.011190414428710938 
812, -0.4893127381801605, 0.02219247817993164, 0.008945941925048828, 0.011176347732543945 
813, -0.4890391528606415, 0.021924734115600586, 0.008838653564453125, 0.011072397232055664 
814, -0.48876655101776123, 0.02167487144470215, 0.008710384368896484, 0.010919570922851562 
815, -0.48849475383758545, 0.021761178970336914, 0.008756399154663086, 0.010977029800415039 
816, -0.4882242977619171, 0.02218174934387207, 0.008719921112060547, 0.01131892204284668 
817, -0.48795461654663086, 0.02241373062133789, 0.008972883224487305, 0.01137852668762207 
818, -0.48768576979637146, 0.02299332618713379, 0.00911569595336914, 0.01159214973449707 
819, -0.4874180555343628, 0.02267932891845703, 0.00899648666381836, 0.011510133743286133 
820, -0.48715144395828247, 0.023014068603515625, 0.009121417999267578, 0.011720418930053711 
821, -0.486885666847229, 0.023149967193603516, 0.009162425994873047, 0.01177072525024414 
822, -0.48662060499191284, 0.022782564163208008, 0.009142875671386719, 0.011516094207763672 
823, -0.4863566756248474, 0.02290630340576172, 0.009175300598144531, 0.011575460433959961 
824, -0.4860936403274536, 0.023023605346679688, 0.009218454360961914, 0.011634349822998047 
825, -0.4858317971229553, 0.022641420364379883, 0.009155988693237305, 0.011431455612182617 
826, -0.4855707287788391, 0.02272343635559082, 0.009221792221069336, 0.011420965194702148 
827, -0.48531070351600647, 0.022737979888916016, 0.009047746658325195, 0.01154947280883789 
828, -0.4850515127182007, 0.022707700729370117, 0.009180307388305664, 0.011513233184814453 
829, -0.4847933053970337, 0.021937847137451172, 0.008780479431152344, 0.011121273040771484 
830, -0.48453590273857117, 0.02187800407409668, 0.008719205856323242, 0.011168241500854492 
831, -0.48427966237068176, 0.02147531509399414, 0.008589029312133789, 0.010887861251831055 
832, -0.4840240776538849, 0.021891355514526367, 0.008635759353637695, 0.011193990707397461 
833, -0.4837692677974701, 0.022061824798583984, 0.00882577896118164, 0.011157512664794922 
834, -0.48351600766181946, 0.02215743064880371, 0.008960485458374023, 0.011147737503051758 
835, -0.4832632839679718, 0.022023677825927734, 0.008911371231079102, 0.011109113693237305 
836, -0.48301148414611816, 0.021965980529785156, 0.008760452270507812, 0.011183500289916992 
837, -0.48276081681251526, 0.02157735824584961, 0.008759498596191406, 0.010803461074829102 
838, -0.48251065611839294, 0.021471023559570312, 0.008575439453125, 0.01085352897644043 
839, -0.4822617769241333, 0.021843433380126953, 0.008654594421386719, 0.011184215545654297 
840, -0.48201364278793335, 0.02210855484008789, 0.008791208267211914, 0.011164188385009766 
841, -0.48176634311676025, 0.022248029708862305, 0.00884103775024414, 0.011289119720458984 
842, -0.4815199673175812, 0.022604703903198242, 0.009072303771972656, 0.011409282684326172 
843, -0.48127448558807373, 0.021864891052246094, 0.008888006210327148, 0.010946512222290039 
844, -0.4810299873352051, 0.02213311195373535, 0.008807659149169922, 0.011217355728149414 
845, -0.48078644275665283, 0.022122621536254883, 0.008876800537109375, 0.011262178421020508 
846, -0.4805437922477722, 0.02222156524658203, 0.008749008178710938, 0.011409759521484375 
847, -0.48030179738998413, 0.023166894912719727, 0.009529352188110352, 0.011670589447021484 
848, -0.4800605773925781, 0.02260303497314453, 0.009122371673583984, 0.011467218399047852 
849, -0.4798206388950348, 0.022473573684692383, 0.008991479873657227, 0.011375665664672852 
850, -0.4795813262462616, 0.02173161506652832, 0.009012937545776367, 0.010764360427856445 
851, -0.47934284806251526, 0.02168750762939453, 0.00855875015258789, 0.011062860488891602 
852, -0.47910529375076294, 0.02221226692199707, 0.008877992630004883, 0.011346578598022461 
853, -0.4788685739040375, 0.021570205688476562, 0.008639097213745117, 0.01093292236328125 
854, -0.4786328971385956, 0.021892786026000977, 0.008664608001708984, 0.011178731918334961 
855, -0.4783976972103119, 0.022013425827026367, 0.00881338119506836, 0.011152505874633789 
856, -0.4781636595726013, 0.022105932235717773, 0.008656740188598633, 0.011440277099609375 
857, -0.47793057560920715, 0.021653175354003906, 0.008564949035644531, 0.010961294174194336 
858, -0.4776979684829712, 0.021795988082885742, 0.00865483283996582, 0.011053800582885742 
859, -0.4774664044380188, 0.0224149227142334, 0.008937358856201172, 0.011433601379394531 
860, -0.47723573446273804, 0.021822690963745117, 0.008771419525146484, 0.010995864868164062 
861, -0.4770060181617737, 0.021733522415161133, 0.008659601211547852, 0.01106119155883789 
862, -0.4767768383026123, 0.021968603134155273, 0.008683204650878906, 0.011165857315063477 
863, -0.47654861211776733, 0.02234363555908203, 0.008800029754638672, 0.011376619338989258 
864, -0.47632119059562683, 0.022190332412719727, 0.00893712043762207, 0.011191129684448242 
865, -0.4760947823524475, 0.022094249725341797, 0.00873565673828125, 0.011354923248291016 
866, -0.47586899995803833, 0.02245187759399414, 0.008969306945800781, 0.011411666870117188 
867, -0.4756442904472351, 0.02230525016784668, 0.009063720703125, 0.011235475540161133 
868, -0.47542014718055725, 0.022684335708618164, 0.008769750595092773, 0.011903047561645508 
869, -0.47519686818122864, 0.022528886795043945, 0.008994817733764648, 0.011516571044921875 
870, -0.47497430443763733, 0.022104740142822266, 0.008893728256225586, 0.011189460754394531 
871, -0.47475290298461914, 0.022042036056518555, 0.008843183517456055, 0.011162519454956055 
872, -0.47453200817108154, 0.022282123565673828, 0.008874654769897461, 0.011340141296386719 
873, -0.47431185841560364, 0.022174596786499023, 0.008882284164428711, 0.011309385299682617 
874, -0.47409266233444214, 0.021655559539794922, 0.008693933486938477, 0.01098775863647461 
875, -0.47387444972991943, 0.022161483764648438, 0.008680582046508789, 0.011416912078857422 
876, -0.4736567735671997, 0.02168560028076172, 0.008674144744873047, 0.011000871658325195 
877, -0.4734399914741516, 0.02159261703491211, 0.008559226989746094, 0.010974407196044922 
878, -0.4732239246368408, 0.02172398567199707, 0.00879049301147461, 0.010953187942504883 
879, -0.4730086624622345, 0.02160930633544922, 0.008528709411621094, 0.010999441146850586 
880, -0.4727943241596222, 0.021995067596435547, 0.008666515350341797, 0.011245965957641602 
881, -0.4725804924964905, 0.021967411041259766, 0.0087738037109375, 0.011166095733642578 
882, -0.4723677635192871, 0.02153635025024414, 0.0086669921875, 0.010885000228881836 
883, -0.4721556305885315, 0.021189451217651367, 0.00848698616027832, 0.010762691497802734 
884, -0.4719444215297699, 0.021312952041625977, 0.008547544479370117, 0.010809659957885742 
885, -0.47173386812210083, 0.022172212600708008, 0.00864267349243164, 0.01131892204284668 
886, -0.4715239405632019, 0.023054122924804688, 0.00913858413696289, 0.011786460876464844 
887, -0.4713152348995209, 0.023086071014404297, 0.009203672409057617, 0.0117034912109375 
888, -0.4711068570613861, 0.02352166175842285, 0.0097198486328125, 0.011684656143188477 
889, -0.4708995819091797, 0.02276444435119629, 0.009133338928222656, 0.011523246765136719 
890, -0.4706927239894867, 0.022877931594848633, 0.009322166442871094, 0.01148080825805664 
891, -0.47048673033714294, 0.022704124450683594, 0.009276390075683594, 0.01137852668762207 
892, -0.47028157114982605, 0.02210068702697754, 0.00875997543334961, 0.011266708374023438 
893, -0.4700770378112793, 0.02211785316467285, 0.008991241455078125, 0.011115789413452148 
894, -0.46987342834472656, 0.02182626724243164, 0.008790731430053711, 0.011045217514038086 
895, -0.46967050433158875, 0.02160954475402832, 0.008639812469482422, 0.010993003845214844 
896, -0.469468355178833, 0.022001981735229492, 0.00873255729675293, 0.011218786239624023 
897, -0.46926677227020264, 0.022309064865112305, 0.008917570114135742, 0.011272192001342773 
898, -0.46906617283821106, 0.022355079650878906, 0.008987665176391602, 0.011320352554321289 
899, -0.4688661992549896, 0.02214360237121582, 0.008838415145874023, 0.011261701583862305 
900, -0.4686671495437622, 0.021485567092895508, 0.008641719818115234, 0.010856151580810547 
901, -0.46846866607666016, 0.021662473678588867, 0.008466482162475586, 0.011154651641845703 
902, -0.46827077865600586, 0.02292490005493164, 0.009172201156616211, 0.011657953262329102 
903, -0.4680737555027008, 0.022152423858642578, 0.008986473083496094, 0.011137723922729492 
904, -0.46787744760513306, 0.02214837074279785, 0.008623600006103516, 0.011330366134643555 
905, -0.4676819145679474, 0.02252483367919922, 0.008805990219116211, 0.011580944061279297 
906, -0.4674872159957886, 0.02225637435913086, 0.008900880813598633, 0.011213302612304688 
907, -0.46729305386543274, 0.021430253982543945, 0.008729934692382812, 0.01074981689453125 
908, -0.46709954738616943, 0.020856380462646484, 0.008381843566894531, 0.010532379150390625 
909, -0.4669068455696106, 0.050360918045043945, 0.008319854736328125, 0.010767698287963867 
910, -0.46671485900878906, 0.021076440811157227, 0.008408069610595703, 0.010757684707641602 
911, -0.4665237367153168, 0.02095627784729004, 0.008382797241210938, 0.01061248779296875 
912, -0.46633291244506836, 0.020741939544677734, 0.008326292037963867, 0.010588884353637695 
913, -0.46614307165145874, 0.02107405662536621, 0.008466243743896484, 0.010732889175415039 
914, -0.4659539461135864, 0.02063155174255371, 0.008138656616210938, 0.010479450225830078 
915, -0.46576565504074097, 0.02086615562438965, 0.008288860321044922, 0.010657787322998047 
916, -0.46557778120040894, 0.020953893661499023, 0.008364439010620117, 0.0106658935546875 
917, -0.4653908312320709, 0.021112918853759766, 0.008320093154907227, 0.010710954666137695 
918, -0.46520447731018066, 0.021625041961669922, 0.008777141571044922, 0.010825872421264648 
919, -0.4650188088417053, 0.02140188217163086, 0.008498907089233398, 0.01085209846496582 
920, -0.46483367681503296, 0.021308183670043945, 0.008511781692504883, 0.010783195495605469 
921, -0.46464937925338745, 0.021681785583496094, 0.008657217025756836, 0.011042594909667969 
922, -0.464465856552124, 0.02080368995666504, 0.008281946182250977, 0.010530948638916016 
923, -0.46428292989730835, 0.021155118942260742, 0.008316993713378906, 0.010822057723999023 
924, -0.4641006588935852, 0.021671533584594727, 0.00874471664428711, 0.010873556137084961 
925, -0.4639192819595337, 0.021822690963745117, 0.008585929870605469, 0.011197805404663086 
926, -0.4637381434440613, 0.022321701049804688, 0.009107589721679688, 0.011116743087768555 
927, -0.4635578989982605, 0.021444320678710938, 0.008554697036743164, 0.010830402374267578 
928, -0.46337834000587463, 0.02179265022277832, 0.008730173110961914, 0.011136531829833984 
929, -0.4631994962692261, 0.021614789962768555, 0.008668184280395508, 0.010917425155639648 
930, -0.463021457195282, 0.020877599716186523, 0.008348941802978516, 0.010515689849853516 
931, -0.46284377574920654, 0.02090287208557129, 0.008376836776733398, 0.010477781295776367 
932, -0.4626668393611908, 0.02074408531188965, 0.008193254470825195, 0.010637998580932617 
933, -0.46249067783355713, 0.02021050453186035, 0.008039712905883789, 0.010354757308959961 
934, -0.462315171957016, 0.02068042755126953, 0.008136749267578125, 0.010452508926391602 
935, -0.4621400535106659, 0.021401405334472656, 0.008455276489257812, 0.01095438003540039 
936, -0.4619659185409546, 0.021416664123535156, 0.008547544479370117, 0.01090240478515625 
937, -0.46179234981536865, 0.02165365219116211, 0.008655548095703125, 0.01086735725402832 
938, -0.4616193473339081, 0.021909236907958984, 0.00864720344543457, 0.01116633415222168 
939, -0.46144717931747437, 0.022006750106811523, 0.008723020553588867, 0.011265039443969727 
940, -0.4612753391265869, 0.02202320098876953, 0.008724212646484375, 0.011172294616699219 
941, -0.4611043334007263, 0.02187967300415039, 0.008786678314208984, 0.01111292839050293 
942, -0.4609338641166687, 0.02119731903076172, 0.00854945182800293, 0.010708808898925781 
943, -0.4607641398906708, 0.021321773529052734, 0.008550643920898438, 0.010804414749145508 
944, -0.4605949819087982, 0.021222591400146484, 0.008517265319824219, 0.010772466659545898 
945, -0.4604264199733734, 0.02083873748779297, 0.00822901725769043, 0.010671377182006836 
946, -0.4602586030960083, 0.021332979202270508, 0.008544683456420898, 0.010771036148071289 
947, -0.4600914418697357, 0.02061319351196289, 0.008341312408447266, 0.010335922241210938 
948, -0.4599248468875885, 0.02036309242248535, 0.008115291595458984, 0.010339736938476562 
949, -0.4597588777542114, 0.020212173461914062, 0.00806736946105957, 0.010198831558227539 
950, -0.4595935642719269, 0.02091383934020996, 0.008252620697021484, 0.01058816909790039 
951, -0.45942890644073486, 0.020960569381713867, 0.008470535278320312, 0.010523796081542969 
952, -0.4592648446559906, 0.021035432815551758, 0.00822591781616211, 0.010711431503295898 
953, -0.4591013789176941, 0.021386384963989258, 0.008623600006103516, 0.010798931121826172 
954, -0.45893847942352295, 0.02144026756286621, 0.008361101150512695, 0.010961055755615234 
955, -0.4587761461734772, 0.021592378616333008, 0.00862431526184082, 0.010957956314086914 
956, -0.4586145877838135, 0.02175116539001465, 0.00883936882019043, 0.010880708694458008 
957, -0.4584536552429199, 0.022207975387573242, 0.008749246597290039, 0.011439800262451172 
958, -0.4582931399345398, 0.02192974090576172, 0.008659601211547852, 0.011265277862548828 
959, -0.4581332802772522, 0.022025585174560547, 0.008711814880371094, 0.011286258697509766 
960, -0.45797407627105713, 0.021583080291748047, 0.008667230606079102, 0.010854482650756836 
961, -0.45781540870666504, 0.021724939346313477, 0.008730411529541016, 0.010993003845214844 
962, -0.45765745639801025, 0.022215604782104492, 0.008781909942626953, 0.011366844177246094 
963, -0.45750001072883606, 0.022137165069580078, 0.008904695510864258, 0.011186599731445312 
964, -0.4573432207107544, 0.0226747989654541, 0.008925676345825195, 0.011687755584716797 
965, -0.4571869969367981, 0.022301912307739258, 0.008995294570922852, 0.011214017868041992 
966, -0.4570314288139343, 0.022191524505615234, 0.008973836898803711, 0.011211633682250977 
967, -0.456876277923584, 0.02271890640258789, 0.009055376052856445, 0.01163792610168457 
968, -0.45672178268432617, 0.021898746490478516, 0.00877523422241211, 0.011139154434204102 
969, -0.4565679430961609, 0.02182149887084961, 0.008663415908813477, 0.011092901229858398 
970, -0.45641452074050903, 0.021556615829467773, 0.008614778518676758, 0.010930061340332031 
971, -0.4562617242336273, 0.021673202514648438, 0.008745431900024414, 0.010950565338134766 
972, -0.4561097025871277, 0.021014690399169922, 0.00847005844116211, 0.01058816909790039 
973, -0.45595815777778625, 0.021068096160888672, 0.00835108757019043, 0.010754585266113281 
974, -0.4558071196079254, 0.021364212036132812, 0.00849294662475586, 0.01092839241027832 
975, -0.4556567966938019, 0.021387815475463867, 0.008514881134033203, 0.010895013809204102 
976, -0.45550698041915894, 0.020979881286621094, 0.008565664291381836, 0.010553598403930664 
977, -0.4553575813770294, 0.020561933517456055, 0.008125543594360352, 0.010486841201782227 
978, -0.45520901679992676, 0.020650863647460938, 0.008258342742919922, 0.010436773300170898 
979, -0.4550606608390808, 0.021160602569580078, 0.00827646255493164, 0.010846376419067383 
980, -0.45491310954093933, 0.020987510681152344, 0.008440256118774414, 0.010616779327392578 
981, -0.454766184091568, 0.021022319793701172, 0.00843667984008789, 0.010625839233398438 
982, -0.45461970567703247, 0.02097487449645996, 0.008462905883789062, 0.010530233383178711 
983, -0.4544738233089447, 0.020926475524902344, 0.008211135864257812, 0.010766983032226562 
984, -0.45432862639427185, 0.020582914352416992, 0.00817108154296875, 0.010416746139526367 
985, -0.45418375730514526, 0.020613431930541992, 0.008121013641357422, 0.010483264923095703 
986, -0.454039603471756, 0.020560264587402344, 0.008304357528686523, 0.010281801223754883 
987, -0.4538958966732025, 0.020970582962036133, 0.008291006088256836, 0.010634899139404297 
988, -0.45375287532806396, 0.020658016204833984, 0.008340120315551758, 0.010395050048828125 
989, -0.4536101520061493, 0.02059173583984375, 0.008145809173583984, 0.010436296463012695 
990, -0.45346808433532715, 0.020833730697631836, 0.008307695388793945, 0.010518312454223633 
991, -0.45332658290863037, 0.021084070205688477, 0.008491992950439453, 0.010550737380981445 
992, -0.45318567752838135, 0.02089071273803711, 0.008270978927612305, 0.010556936264038086 
993, -0.45304539799690247, 0.020978927612304688, 0.008313655853271484, 0.010718345642089844 
994, -0.45290544629096985, 0.021079540252685547, 0.008430004119873047, 0.010699748992919922 
995, -0.45276620984077454, 0.021164894104003906, 0.008575439453125, 0.010689973831176758 
996, -0.4526273310184479, 0.020951271057128906, 0.008340835571289062, 0.010624408721923828 
997, -0.4524889588356018, 0.02269148826599121, 0.00882577896118164, 0.011768341064453125 
998, -0.45235130190849304, 0.02214813232421875, 0.008845806121826172, 0.01123952865600586 
999, -0.45221400260925293, 0.022211790084838867, 0.008958816528320312, 0.011200904846191406 
