Iteration, loss, time 
0, 2.122577667236328, 9.656459093093872, 5.155498743057251, 4.382426023483276 
1, 2.1143078804016113, 8.95472002029419, 4.6206536293029785, 4.214502573013306 
2, 2.119563102722168, 8.540659427642822, 4.429609060287476, 3.9942195415496826 
3, 2.127755641937256, 8.563501596450806, 4.453848361968994, 3.9925405979156494 
4, 2.138451099395752, 8.55082631111145, 4.419055223464966, 4.015222072601318 
5, 2.1483206748962402, 8.564878940582275, 4.4439308643341064, 4.0050060749053955 
6, 2.1575472354888916, 8.606621503829956, 4.413705110549927, 4.055650472640991 
7, 2.1675729751586914, 8.606918573379517, 4.430642604827881, 4.059479475021362 
8, 2.1761691570281982, 8.635502576828003, 4.452018976211548, 4.031820297241211 
9, 2.184457778930664, 8.499486923217773, 4.401794672012329, 3.980802536010742 
