Iteration, loss, time 
0, 0.846100926399231, 1.5944836139678955, 0.9074506759643555, 0.6820695400238037 
1, 0.8038739562034607, 1.5598163604736328, 0.8911676406860352, 0.6657006740570068 
2, 0.7653648853302002, 1.5220119953155518, 0.8637166023254395, 0.65555739402771 
3, 0.7308757305145264, 1.5313377380371094, 0.8615415096282959, 0.6671962738037109 
4, 0.6908360123634338, 1.4975502490997314, 0.8445072174072266, 0.6499552726745605 
5, 0.6565870046615601, 1.4960918426513672, 0.8402235507965088, 0.6531581878662109 
6, 0.6156748533248901, 1.4599928855895996, 0.8329012393951416, 0.6246175765991211 
7, 0.5862252712249756, 1.4568371772766113, 0.8274860382080078, 0.6263535022735596 
8, 0.5599000453948975, 1.4741487503051758, 0.8168487548828125, 0.6546063423156738 
9, 0.5143537521362305, 1.4470224380493164, 0.8204560279846191, 0.6240420341491699 
