Iteration, loss, time 
0, 1.1134766340255737, 117.80083322525024, 56.09297156333923, 61.68938136100769 
1, 1.0887315273284912, 116.90569829940796, 55.66800332069397, 61.222739696502686 
2, 1.0652785301208496, 115.36005330085754, 55.44974231719971, 59.89543914794922 
3, 1.0393357276916504, 114.84225749969482, 54.89561200141907, 59.93260645866394 
4, 1.0125758647918701, 107.86322617530823, 52.08941960334778, 55.760875940322876 
5, 0.9859691262245178, 106.42675685882568, 50.88257360458374, 55.53132438659668 
6, 0.9597854614257812, 107.16745066642761, 51.331170320510864, 55.73834562301636 
7, 0.9337283372879028, 103.85311126708984, 50.08843541145325, 53.564879417419434 
8, 0.9081050157546997, 100.37615180015564, 48.254292011260986, 51.91211986541748 
9, 0.8826092481613159, 97.74480652809143, 47.524763107299805, 50.023350954055786 
