Iteration, loss, time 
0, 1.137585163116455, 0.10606098175048828 
1, 1.0491971969604492, 0.024155855178833008 
2, 0.9421852827072144, 0.023366689682006836 
3, 0.8830705881118774, 0.025029659271240234 
4, 0.7994033098220825, 0.023412704467773438 
5, 0.7025983333587646, 0.023521900177001953 
6, 0.5999082326889038, 0.023145437240600586 
7, 0.5355010032653809, 0.02337956428527832 
8, 0.4606688320636749, 0.023405790328979492 
9, 0.3716082274913788, 0.02331089973449707 
10, 0.29523035883903503, 0.02341604232788086 
11, 0.22653889656066895, 0.02315807342529297 
12, 0.14351269602775574, 0.022716522216796875 
13, 0.07938888669013977, 0.02283787727355957 
14, 0.002230525016784668, 0.02299356460571289 
15, -0.065972238779068, 0.02343606948852539 
16, -0.13152152299880981, 0.023500919342041016 
17, -0.21314555406570435, 0.023514986038208008 
18, -0.2607806921005249, 0.02271246910095215 
19, -0.3218385875225067, 0.022609233856201172 
20, -0.39913877844810486, 0.023244380950927734 
21, -0.4693973660469055, 0.022188901901245117 
22, -0.5443918704986572, 0.021993637084960938 
23, -0.600692868232727, 0.021507740020751953 
24, -0.657402515411377, 0.02143406867980957 
25, -0.7132155895233154, 0.021526813507080078 
26, -0.7577508687973022, 0.023428678512573242 
27, -0.810073971748352, 0.021839141845703125 
28, -0.8764041662216187, 0.021749258041381836 
29, -0.9397428035736084, 0.021651268005371094 
30, -0.9928086400032043, 0.022219181060791016 
31, -1.0239893198013306, 0.021668195724487305 
32, -1.0782277584075928, 0.02200484275817871 
33, -1.1206109523773193, 0.02217578887939453 
34, -1.1855344772338867, 0.02235102653503418 
35, -1.2295351028442383, 0.02220606803894043 
36, -1.2891647815704346, 0.022774219512939453 
37, -1.3232914209365845, 0.022558212280273438 
38, -1.375997543334961, 0.022637367248535156 
39, -1.4084633588790894, 0.02237224578857422 
40, -1.4545929431915283, 0.021936655044555664 
41, -1.506319284439087, 0.02179121971130371 
42, -1.5485893487930298, 0.021780014038085938 
43, -1.583925724029541, 0.021813392639160156 
44, -1.6439249515533447, 0.022055625915527344 
45, -1.6715580224990845, 0.0220184326171875 
46, -1.7124849557876587, 0.02256631851196289 
47, -1.747711420059204, 0.02263808250427246 
48, -1.7933276891708374, 0.023299217224121094 
49, -1.8238599300384521, 0.022916078567504883 
50, -1.8654112815856934, 0.02525925636291504 
51, -1.9008386135101318, 0.02369093894958496 
52, -1.946411371231079, 0.022979259490966797 
53, -1.9731836318969727, 0.022524356842041016 
54, -1.9995946884155273, 0.022501468658447266 
55, -2.0447959899902344, 0.02220439910888672 
56, -2.0859792232513428, 0.022512435913085938 
57, -2.104527473449707, 0.022709131240844727 
58, -2.144364595413208, 0.022702932357788086 
59, -2.181583881378174, 0.02236199378967285 
60, -2.1988024711608887, 0.022713422775268555 
61, -2.239621162414551, 0.02264690399169922 
62, -2.2588891983032227, 0.02266073226928711 
63, -2.286914110183716, 0.022311687469482422 
64, -2.310196876525879, 0.022431373596191406 
65, -2.3376882076263428, 0.02209162712097168 
66, -2.370725393295288, 0.022572040557861328 
67, -2.392947196960449, 0.022970914840698242 
68, -2.4147629737854004, 0.022659778594970703 
69, -2.446927309036255, 0.022012948989868164 
70, -2.470073699951172, 0.022609472274780273 
71, -2.498570680618286, 0.02263331413269043 
72, -2.5196919441223145, 0.023343563079833984 
73, -2.5349478721618652, 0.02311110496520996 
74, -2.553823947906494, 0.02581048011779785 
75, -2.5826988220214844, 0.02307415008544922 
76, -2.608025074005127, 0.02322101593017578 
77, -2.626115322113037, 0.022595882415771484 
78, -2.637838125228882, 0.022673368453979492 
79, -2.6628644466400146, 0.02275681495666504 
80, -2.681205987930298, 0.022579431533813477 
81, -2.709105968475342, 0.022269487380981445 
82, -2.724780797958374, 0.022403955459594727 
83, -2.7458975315093994, 0.022413253784179688 
84, -2.761532783508301, 0.022608041763305664 
85, -2.779222011566162, 0.022426128387451172 
86, -2.789355993270874, 0.02255558967590332 
87, -2.8138225078582764, 0.02260589599609375 
88, -2.8233916759490967, 0.022619009017944336 
89, -2.8458075523376465, 0.022264957427978516 
90, -2.869541883468628, 0.022797584533691406 
91, -2.877239227294922, 0.022763729095458984 
92, -2.894787073135376, 0.02342963218688965 
93, -2.907822608947754, 0.02347278594970703 
94, -2.9204187393188477, 0.023452043533325195 
95, -2.932614803314209, 0.023073196411132812 
96, -2.957472324371338, 0.023406267166137695 
97, -2.9629225730895996, 0.023077964782714844 
98, -2.9762122631073, 0.025658130645751953 
99, -2.992353916168213, 0.02310490608215332 
100, -3.006406784057617, 0.023108959197998047 
101, -3.0195932388305664, 0.02301955223083496 
102, -3.0310282707214355, 0.023080110549926758 
103, -3.0453543663024902, 0.02315378189086914 
104, -3.057462215423584, 0.02346968650817871 
105, -3.059647560119629, 0.022942781448364258 
106, -3.077641725540161, 0.02285623550415039 
107, -3.0862877368927, 0.02282547950744629 
108, -3.1083076000213623, 0.022986650466918945 
109, -3.104865550994873, 0.0227658748626709 
110, -3.120143175125122, 0.022899150848388672 
111, -3.134618043899536, 0.022636890411376953 
112, -3.1451194286346436, 0.022940397262573242 
113, -3.149648904800415, 0.0226743221282959 
114, -3.159524440765381, 0.022853374481201172 
115, -3.172755718231201, 0.02235126495361328 
116, -3.183748483657837, 0.022612810134887695 
117, -3.187802791595459, 0.022676706314086914 
118, -3.195614814758301, 0.02281022071838379 
119, -3.209812641143799, 0.022754430770874023 
120, -3.215714454650879, 0.02294754981994629 
121, -3.222136974334717, 0.02242588996887207 
122, -3.230635643005371, 0.0255734920501709 
123, -3.2404332160949707, 0.02289724349975586 
124, -3.248899459838867, 0.02322220802307129 
125, -3.2569596767425537, 0.02280426025390625 
126, -3.2610154151916504, 0.02298426628112793 
127, -3.271864891052246, 0.022818326950073242 
128, -3.2767601013183594, 0.023084640502929688 
129, -3.2843708992004395, 0.022839069366455078 
130, -3.2942562103271484, 0.023235321044921875 
131, -3.303290843963623, 0.022403478622436523 
132, -3.3102211952209473, 0.022753477096557617 
133, -3.315737247467041, 0.02242588996887207 
134, -3.3270299434661865, 0.022655725479125977 
135, -3.3278729915618896, 0.022639036178588867 
136, -3.334545612335205, 0.023128271102905273 
137, -3.3383352756500244, 0.022961139678955078 
138, -3.342390775680542, 0.023436546325683594 
139, -3.350701332092285, 0.023260116577148438 
140, -3.3585290908813477, 0.023357868194580078 
141, -3.3659372329711914, 0.023206472396850586 
142, -3.369656801223755, 0.023337841033935547 
143, -3.375657558441162, 0.0231778621673584 
144, -3.381861686706543, 0.02341008186340332 
145, -3.3884034156799316, 0.02262115478515625 
146, -3.392012119293213, 0.0251312255859375 
147, -3.395972728729248, 0.0225985050201416 
148, -3.4018867015838623, 0.02300882339477539 
149, -3.409688949584961, 0.022845745086669922 
150, -3.411200761795044, 0.022981643676757812 
151, -3.4170680046081543, 0.02276444435119629 
152, -3.423097610473633, 0.023047685623168945 
153, -3.4253716468811035, 0.02279949188232422 
154, -3.4339773654937744, 0.022806167602539062 
155, -3.4375410079956055, 0.02267765998840332 
156, -3.4432811737060547, 0.022901535034179688 
157, -3.442119598388672, 0.02269768714904785 
158, -3.450704574584961, 0.023203372955322266 
159, -3.4528274536132812, 0.02285003662109375 
160, -3.4584133625030518, 0.022953271865844727 
161, -3.4611501693725586, 0.02228093147277832 
162, -3.465451240539551, 0.022719383239746094 
163, -3.4714934825897217, 0.022893667221069336 
164, -3.4747118949890137, 0.023272275924682617 
165, -3.4749345779418945, 0.02296304702758789 
166, -3.4836349487304688, 0.023395776748657227 
167, -3.4858527183532715, 0.023195743560791016 
168, -3.490281581878662, 0.02342987060546875 
169, -3.491513252258301, 0.023290157318115234 
170, -3.4930319786071777, 0.02586960792541504 
171, -3.5003113746643066, 0.02334737777709961 
172, -3.5042147636413574, 0.023934125900268555 
173, -3.5065717697143555, 0.023279428482055664 
174, -3.510427474975586, 0.022813081741333008 
175, -3.516035556793213, 0.0227510929107666 
176, -3.518157482147217, 0.02310466766357422 
177, -3.517991065979004, 0.022953271865844727 
178, -3.5256001949310303, 0.0227506160736084 
179, -3.527346611022949, 0.02248692512512207 
180, -3.528824806213379, 0.022696495056152344 
181, -3.531606674194336, 0.022976160049438477 
182, -3.5352156162261963, 0.023200511932373047 
183, -3.5409858226776123, 0.023064374923706055 
184, -3.540036201477051, 0.023343801498413086 
185, -3.5429868698120117, 0.02327895164489746 
186, -3.5449600219726562, 0.02347731590270996 
187, -3.5525026321411133, 0.023047924041748047 
188, -3.55130934715271, 0.02306509017944336 
189, -3.555229902267456, 0.023027420043945312 
190, -3.559705972671509, 0.023393869400024414 
191, -3.55724835395813, 0.022974252700805664 
192, -3.5629425048828125, 0.023070096969604492 
193, -3.565114974975586, 0.022942304611206055 
194, -3.565216541290283, 0.02642035484313965 
195, -3.566755533218384, 0.02365851402282715 
196, -3.572204351425171, 0.02407097816467285 
197, -3.573199510574341, 0.023383140563964844 
198, -3.5756094455718994, 0.023793697357177734 
199, -3.579840898513794, 0.023090839385986328 
200, -3.582054615020752, 0.02355647087097168 
201, -3.584106922149658, 0.023357629776000977 
202, -3.585177183151245, 0.023451566696166992 
203, -3.59033465385437, 0.02339625358581543 
204, -3.5872178077697754, 0.023458003997802734 
205, -3.591460704803467, 0.023041725158691406 
206, -3.5945827960968018, 0.023393869400024414 
207, -3.5982506275177, 0.023401975631713867 
208, -3.5989344120025635, 0.023312807083129883 
209, -3.6010773181915283, 0.023222923278808594 
210, -3.6029744148254395, 0.02345418930053711 
211, -3.6028218269348145, 0.02297830581665039 
212, -3.608062267303467, 0.02338433265686035 
213, -3.608609437942505, 0.02289581298828125 
214, -3.61078143119812, 0.023019790649414062 
215, -3.612269401550293, 0.023071765899658203 
216, -3.613351583480835, 0.023499488830566406 
217, -3.615128993988037, 0.02317976951599121 
218, -3.6151304244995117, 0.02561163902282715 
219, -3.6197919845581055, 0.02279210090637207 
220, -3.6194450855255127, 0.022947072982788086 
221, -3.6224560737609863, 0.022554874420166016 
222, -3.624631881713867, 0.02314162254333496 
223, -3.6265358924865723, 0.02307438850402832 
224, -3.6274468898773193, 0.023264646530151367 
225, -3.6271255016326904, 0.023008108139038086 
226, -3.6299450397491455, 0.023326396942138672 
227, -3.6320605278015137, 0.023096323013305664 
228, -3.631610870361328, 0.023498058319091797 
229, -3.634434938430786, 0.02335357666015625 
230, -3.638256311416626, 0.023524999618530273 
231, -3.6384835243225098, 0.023270130157470703 
232, -3.6405413150787354, 0.023514509201049805 
233, -3.6417641639709473, 0.023476600646972656 
234, -3.6443428993225098, 0.02306652069091797 
235, -3.644378423690796, 0.02288222312927246 
236, -3.64448618888855, 0.023125886917114258 
237, -3.6470985412597656, 0.0229647159576416 
238, -3.646253824234009, 0.023313283920288086 
239, -3.6489615440368652, 0.0229647159576416 
240, -3.65281081199646, 0.023144960403442383 
241, -3.651263952255249, 0.02287149429321289 
242, -3.6524970531463623, 0.025559186935424805 
243, -3.654080867767334, 0.022643566131591797 
244, -3.6563737392425537, 0.022831201553344727 
245, -3.6578598022460938, 0.022806406021118164 
246, -3.6587979793548584, 0.02325606346130371 
247, -3.65993595123291, 0.023090362548828125 
248, -3.6606738567352295, 0.023159027099609375 
249, -3.661166191101074, 0.02310490608215332 
250, -3.6645452976226807, 0.02331995964050293 
251, -3.664241075515747, 0.023334503173828125 
252, -3.6654551029205322, 0.023386240005493164 
253, -3.6652467250823975, 0.023344993591308594 
254, -3.6687071323394775, 0.02353191375732422 
255, -3.670891523361206, 0.023425579071044922 
256, -3.671614170074463, 0.023502588272094727 
257, -3.6708903312683105, 0.022763967514038086 
258, -3.671912670135498, 0.022807598114013672 
259, -3.672908306121826, 0.022587060928344727 
260, -3.675654649734497, 0.02291393280029297 
261, -3.6750216484069824, 0.022874832153320312 
262, -3.6776247024536133, 0.02297830581665039 
263, -3.6787936687469482, 0.022758960723876953 
264, -3.678341865539551, 0.023144006729125977 
265, -3.6800477504730225, 0.022970199584960938 
266, -3.6819732189178467, 0.02547764778137207 
267, -3.682004690170288, 0.02298736572265625 
268, -3.683074712753296, 0.02330493927001953 
269, -3.6855432987213135, 0.02311253547668457 
270, -3.685147523880005, 0.023273706436157227 
271, -3.6857149600982666, 0.023023605346679688 
272, -3.6865315437316895, 0.023139476776123047 
273, -3.6883482933044434, 0.02262115478515625 
274, -3.689985752105713, 0.023107290267944336 
275, -3.689791679382324, 0.022965669631958008 
276, -3.6918532848358154, 0.023252248764038086 
277, -3.69191837310791, 0.023061275482177734 
278, -3.6917848587036133, 0.023311853408813477 
279, -3.692972183227539, 0.022979021072387695 
280, -3.694737672805786, 0.022944211959838867 
281, -3.6949384212493896, 0.02247762680053711 
282, -3.6957340240478516, 0.02274799346923828 
283, -3.69726824760437, 0.022743701934814453 
284, -3.6976428031921387, 0.023073911666870117 
285, -3.69769024848938, 0.022272109985351562 
286, -3.700047254562378, 0.022797346115112305 
287, -3.699767827987671, 0.022740840911865234 
288, -3.700772762298584, 0.022819042205810547 
289, -3.701753854751587, 0.022507190704345703 
290, -3.7028143405914307, 0.025455951690673828 
291, -3.7040743827819824, 0.02275991439819336 
292, -3.703624963760376, 0.02328014373779297 
293, -3.703333616256714, 0.022938013076782227 
294, -3.704526662826538, 0.022516489028930664 
295, -3.7064599990844727, 0.022845745086669922 
296, -3.7063140869140625, 0.023570775985717773 
297, -3.707071542739868, 0.023232460021972656 
298, -3.7076313495635986, 0.023730993270874023 
299, -3.7092137336730957, 0.023372888565063477 
300, -3.709392786026001, 0.02379918098449707 
301, -3.7117326259613037, 0.023454904556274414 
302, -3.712071418762207, 0.023574352264404297 
303, -3.711082696914673, 0.02331399917602539 
304, -3.712106227874756, 0.023586511611938477 
305, -3.7125425338745117, 0.0233309268951416 
306, -3.7133681774139404, 0.02351999282836914 
307, -3.7143211364746094, 0.023132801055908203 
308, -3.715576171875, 0.023524999618530273 
309, -3.715493679046631, 0.023121356964111328 
310, -3.7152676582336426, 0.023212432861328125 
311, -3.7166950702667236, 0.022771835327148438 
312, -3.7167654037475586, 0.023125410079956055 
313, -3.717522621154785, 0.023084640502929688 
314, -3.71992826461792, 0.025828123092651367 
315, -3.7199416160583496, 0.023012161254882812 
316, -3.7186856269836426, 0.023493051528930664 
317, -3.720470428466797, 0.02322697639465332 
318, -3.7202582359313965, 0.023494243621826172 
319, -3.7217700481414795, 0.023462772369384766 
320, -3.7216238975524902, 0.02357649803161621 
321, -3.722407579421997, 0.023218393325805664 
322, -3.723374843597412, 0.02373790740966797 
323, -3.724283218383789, 0.023817062377929688 
324, -3.7239646911621094, 0.022935152053833008 
325, -3.7249372005462646, 0.022881031036376953 
326, -3.7258763313293457, 0.02301168441772461 
327, -3.725151538848877, 0.022974729537963867 
328, -3.727081298828125, 0.023123979568481445 
329, -3.7258784770965576, 0.022827863693237305 
330, -3.7279484272003174, 0.023038625717163086 
331, -3.7282536029815674, 0.022761106491088867 
332, -3.7272682189941406, 0.02305293083190918 
333, -3.7291646003723145, 0.022859573364257812 
334, -3.7295613288879395, 0.0230410099029541 
335, -3.7302544116973877, 0.0228424072265625 
336, -3.731738805770874, 0.02294754981994629 
337, -3.730578660964966, 0.022619247436523438 
338, -3.73184871673584, 0.025685548782348633 
339, -3.7325899600982666, 0.022669315338134766 
340, -3.7326204776763916, 0.022986888885498047 
341, -3.733440399169922, 0.022706985473632812 
342, -3.7326767444610596, 0.02303147315979004 
343, -3.73325777053833, 0.02280879020690918 
344, -3.7345385551452637, 0.02324223518371582 
345, -3.7365241050720215, 0.02329087257385254 
346, -3.735197067260742, 0.023463010787963867 
347, -3.7352147102355957, 0.02329254150390625 
348, -3.7369589805603027, 0.023546695709228516 
349, -3.7360787391662598, 0.02347111701965332 
350, -3.7368102073669434, 0.023454904556274414 
351, -3.738757848739624, 0.0232388973236084 
352, -3.7366719245910645, 0.02302837371826172 
353, -3.7381138801574707, 0.022712230682373047 
354, -3.738915205001831, 0.02301764488220215 
355, -3.7384071350097656, 0.022890567779541016 
356, -3.739349842071533, 0.02301764488220215 
357, -3.739500045776367, 0.022705078125 
358, -3.7410600185394287, 0.02271413803100586 
359, -3.7406346797943115, 0.02250528335571289 
360, -3.74147891998291, 0.022927045822143555 
361, -3.7413320541381836, 0.02277970314025879 
362, -3.741834878921509, 0.025653362274169922 
363, -3.7413666248321533, 0.02289271354675293 
364, -3.7425754070281982, 0.02324533462524414 
365, -3.743666887283325, 0.023047208786010742 
366, -3.7430386543273926, 0.023084640502929688 
367, -3.744541645050049, 0.023023366928100586 
368, -3.7435786724090576, 0.023077011108398438 
369, -3.7437021732330322, 0.02299666404724121 
370, -3.7455945014953613, 0.02318549156188965 
371, -3.744904041290283, 0.02284860610961914 
372, -3.7450220584869385, 0.023153305053710938 
373, -3.746495008468628, 0.02288031578063965 
374, -3.745116710662842, 0.022945165634155273 
375, -3.7459542751312256, 0.022970199584960938 
376, -3.7478480339050293, 0.02316570281982422 
377, -3.747507333755493, 0.022761821746826172 
378, -3.747735023498535, 0.02277350425720215 
379, -3.747537612915039, 0.022797107696533203 
380, -3.7478885650634766, 0.023045778274536133 
381, -3.748748302459717, 0.02231884002685547 
382, -3.7486319541931152, 0.022630929946899414 
383, -3.7492542266845703, 0.022176504135131836 
384, -3.749966859817505, 0.022622346878051758 
385, -3.7493410110473633, 0.02236151695251465 
386, -3.750046491622925, 0.025210857391357422 
387, -3.7502381801605225, 0.02242136001586914 
388, -3.751037120819092, 0.02303338050842285 
389, -3.7503981590270996, 0.022598743438720703 
390, -3.7510626316070557, 0.022530317306518555 
391, -3.7520639896392822, 0.022757768630981445 
392, -3.7519099712371826, 0.02271270751953125 
393, -3.7533071041107178, 0.02278304100036621 
394, -3.7529256343841553, 0.02342844009399414 
395, -3.7530338764190674, 0.023539066314697266 
396, -3.7527596950531006, 0.02368783950805664 
397, -3.75256609916687, 0.02345895767211914 
398, -3.753746271133423, 0.023546934127807617 
399, -3.7543108463287354, 0.02315974235534668 
400, -3.753844976425171, 0.02356886863708496 
401, -3.7546699047088623, 0.02336907386779785 
402, -3.754525661468506, 0.023625612258911133 
403, -3.755643129348755, 0.023510456085205078 
404, -3.7550547122955322, 0.023880481719970703 
405, -3.7545385360717773, 0.023571252822875977 
406, -3.755911111831665, 0.02360057830810547 
407, -3.755732536315918, 0.02339339256286621 
408, -3.7562875747680664, 0.02374720573425293 
409, -3.756175994873047, 0.02370476722717285 
410, -3.7559993267059326, 0.02650904655456543 
411, -3.757187604904175, 0.023417234420776367 
412, -3.7579410076141357, 0.023577213287353516 
413, -3.7580599784851074, 0.022979021072387695 
414, -3.757801055908203, 0.023292064666748047 
415, -3.758293867111206, 0.023189783096313477 
416, -3.758110761642456, 0.023365259170532227 
417, -3.7587268352508545, 0.023180723190307617 
418, -3.758882999420166, 0.023365497589111328 
419, -3.7595577239990234, 0.023125648498535156 
420, -3.7595160007476807, 0.023375749588012695 
421, -3.758913516998291, 0.022952795028686523 
422, -3.759709119796753, 0.02282094955444336 
423, -3.759902238845825, 0.022669315338134766 
424, -3.7603588104248047, 0.02319645881652832 
425, -3.7600033283233643, 0.023155689239501953 
426, -3.761167287826538, 0.023247718811035156 
427, -3.7604663372039795, 0.023012399673461914 
428, -3.7610764503479004, 0.023319721221923828 
429, -3.761756658554077, 0.023350954055786133 
430, -3.761505603790283, 0.02369093894958496 
431, -3.7619712352752686, 0.02337503433227539 
432, -3.7607314586639404, 0.023793458938598633 
433, -3.7616002559661865, 0.023463726043701172 
434, -3.7626307010650635, 0.026511669158935547 
435, -3.7630224227905273, 0.023330211639404297 
436, -3.7629003524780273, 0.023276090621948242 
437, -3.763468027114868, 0.02301812171936035 
438, -3.763179302215576, 0.023029565811157227 
439, -3.7632880210876465, 0.022756099700927734 
440, -3.7636590003967285, 0.023328542709350586 
441, -3.7632687091827393, 0.022927522659301758 
442, -3.7643203735351562, 0.023389577865600586 
443, -3.764228105545044, 0.022895097732543945 
444, -3.7639830112457275, 0.023164749145507812 
445, -3.7645106315612793, 0.02306675910949707 
446, -3.764160633087158, 0.02311253547668457 
447, -3.7646689414978027, 0.023037433624267578 
448, -3.765291929244995, 0.023296594619750977 
449, -3.7645390033721924, 0.022978782653808594 
450, -3.7647225856781006, 0.023116111755371094 
451, -3.7657341957092285, 0.022925853729248047 
452, -3.765172243118286, 0.02283334732055664 
453, -3.766173839569092, 0.023172616958618164 
454, -3.7662158012390137, 0.023264646530151367 
455, -3.7660000324249268, 0.023067712783813477 
456, -3.7669968605041504, 0.023387432098388672 
457, -3.7666499614715576, 0.023391246795654297 
458, -3.767099380493164, 0.025274038314819336 
459, -3.767505407333374, 0.02230072021484375 
460, -3.7669711112976074, 0.022882699966430664 
461, -3.7670905590057373, 0.02302718162536621 
462, -3.768106460571289, 0.023247241973876953 
463, -3.7678959369659424, 0.022321701049804688 
464, -3.7679715156555176, 0.022705078125 
465, -3.7687766551971436, 0.02252960205078125 
466, -3.767505645751953, 0.022764921188354492 
467, -3.7681446075439453, 0.022691965103149414 
468, -3.768545627593994, 0.02311992645263672 
469, -3.7685227394104004, 0.022669315338134766 
470, -3.769223690032959, 0.02343583106994629 
471, -3.769099235534668, 0.02286982536315918 
472, -3.7695817947387695, 0.022393465042114258 
473, -3.7692348957061768, 0.022841453552246094 
474, -3.769113302230835, 0.022814512252807617 
475, -3.7697389125823975, 0.02265310287475586 
476, -3.7696359157562256, 0.023102998733520508 
477, -3.77030611038208, 0.022564411163330078 
478, -3.7704524993896484, 0.022956371307373047 
479, -3.770681381225586, 0.02283334732055664 
480, -3.7703146934509277, 0.023140907287597656 
481, -3.7703771591186523, 0.022443056106567383 
482, -3.77105450630188, 0.025540590286254883 
483, -3.7708117961883545, 0.022984981536865234 
484, -3.7707254886627197, 0.02347111701965332 
485, -3.7711777687072754, 0.02303910255432129 
486, -3.7710986137390137, 0.02308940887451172 
487, -3.770902633666992, 0.022663354873657227 
488, -3.771428108215332, 0.02292656898498535 
489, -3.7722156047821045, 0.02269268035888672 
490, -3.771724224090576, 0.023282289505004883 
491, -3.7720298767089844, 0.022743940353393555 
492, -3.7719242572784424, 0.02315521240234375 
493, -3.7722270488739014, 0.023324251174926758 
494, -3.7723686695098877, 0.023637056350708008 
495, -3.7730014324188232, 0.023339271545410156 
496, -3.772583484649658, 0.023701906204223633 
497, -3.7727530002593994, 0.023698806762695312 
498, -3.7732014656066895, 0.023997068405151367 
499, -3.7728025913238525, 0.023590087890625 
500, -3.773209571838379, 0.023614168167114258 
501, -3.773395538330078, 0.022936582565307617 
502, -3.773375988006592, 0.023181676864624023 
503, -3.7735371589660645, 0.022765636444091797 
504, -3.7734463214874268, 0.023099422454833984 
505, -3.7739052772521973, 0.02286696434020996 
506, -3.7740864753723145, 0.02570033073425293 
507, -3.7736520767211914, 0.0230712890625 
508, -3.7741355895996094, 0.02324080467224121 
509, -3.773695230484009, 0.022945404052734375 
510, -3.7745325565338135, 0.02324962615966797 
511, -3.774339437484741, 0.023032665252685547 
512, -3.7746565341949463, 0.023099184036254883 
513, -3.7746784687042236, 0.022911787033081055 
514, -3.7744438648223877, 0.0232391357421875 
515, -3.774897575378418, 0.022866487503051758 
516, -3.775073289871216, 0.02324390411376953 
517, -3.7752692699432373, 0.02252650260925293 
518, -3.7753336429595947, 0.022841215133666992 
519, -3.7755143642425537, 0.02279186248779297 
520, -3.7754251956939697, 0.0233306884765625 
521, -3.7754225730895996, 0.023256778717041016 
522, -3.7757363319396973, 0.02355504035949707 
523, -3.775728225708008, 0.023364782333374023 
524, -3.7760307788848877, 0.023805618286132812 
525, -3.776264190673828, 0.023486614227294922 
526, -3.7764594554901123, 0.02373528480529785 
527, -3.775954246520996, 0.023680448532104492 
528, -3.776092290878296, 0.02368021011352539 
529, -3.7765111923217773, 0.02331399917602539 
530, -3.7766706943511963, 0.025610923767089844 
531, -3.7764663696289062, 0.022986888885498047 
532, -3.7770512104034424, 0.02351856231689453 
533, -3.776834726333618, 0.023150920867919922 
534, -3.7770133018493652, 0.022953271865844727 
535, -3.7773830890655518, 0.02295994758605957 
536, -3.777273178100586, 0.022826194763183594 
537, -3.777240514755249, 0.02329397201538086 
538, -3.777040481567383, 0.023467540740966797 
539, -3.7772388458251953, 0.023262977600097656 
540, -3.7778656482696533, 0.023564577102661133 
541, -3.7777774333953857, 0.023012876510620117 
542, -3.7778587341308594, 0.02326512336730957 
543, -3.7773351669311523, 0.023066997528076172 
544, -3.778041124343872, 0.023350238800048828 
545, -3.778101682662964, 0.023179054260253906 
546, -3.778146505355835, 0.023576974868774414 
547, -3.7783730030059814, 0.02311992645263672 
548, -3.7785561084747314, 0.02314138412475586 
549, -3.7787463665008545, 0.022789955139160156 
550, -3.7785444259643555, 0.02343153953552246 
551, -3.7784159183502197, 0.02311396598815918 
552, -3.7783384323120117, 0.023444175720214844 
553, -3.778595209121704, 0.023250102996826172 
554, -3.778831720352173, 0.025995254516601562 
555, -3.778676986694336, 0.0225677490234375 
556, -3.779076099395752, 0.023005247116088867 
557, -3.7790844440460205, 0.0228726863861084 
558, -3.778794288635254, 0.022846460342407227 
559, -3.779226064682007, 0.022799253463745117 
560, -3.779261589050293, 0.022826194763183594 
561, -3.779466390609741, 0.022935867309570312 
562, -3.779423236846924, 0.02285027503967285 
563, -3.779357433319092, 0.02274346351623535 
564, -3.7795779705047607, 0.02298259735107422 
565, -3.779562473297119, 0.022576332092285156 
566, -3.779543399810791, 0.022840261459350586 
567, -3.779789924621582, 0.02252817153930664 
568, -3.7796895503997803, 0.02312636375427246 
569, -3.779857873916626, 0.022916078567504883 
570, -3.7802934646606445, 0.023174762725830078 
571, -3.7803664207458496, 0.023138761520385742 
572, -3.7802298069000244, 0.02372884750366211 
573, -3.77984881401062, 0.023298025131225586 
574, -3.7805750370025635, 0.02324986457824707 
575, -3.7808139324188232, 0.022797107696533203 
576, -3.780226945877075, 0.02308511734008789 
577, -3.7805991172790527, 0.022783756256103516 
578, -3.7802653312683105, 0.025782108306884766 
579, -3.780566930770874, 0.023093461990356445 
580, -3.780734062194824, 0.023593425750732422 
581, -3.780966281890869, 0.023741483688354492 
582, -3.7809672355651855, 0.02376103401184082 
583, -3.7807276248931885, 0.023359298706054688 
584, -3.7805685997009277, 0.023865938186645508 
585, -3.7809338569641113, 0.023531198501586914 
586, -3.780846118927002, 0.023923873901367188 
587, -3.780635356903076, 0.023792266845703125 
588, -3.7811570167541504, 0.023642301559448242 
589, -3.781299114227295, 0.023224353790283203 
590, -3.7814550399780273, 0.023478984832763672 
591, -3.7814571857452393, 0.02302837371826172 
592, -3.781442165374756, 0.023280858993530273 
593, -3.7814993858337402, 0.023247718811035156 
594, -3.7817845344543457, 0.023401975631713867 
595, -3.7816178798675537, 0.023251056671142578 
596, -3.781536340713501, 0.02340221405029297 
597, -3.7820823192596436, 0.02301645278930664 
598, -3.7819440364837646, 0.023244857788085938 
599, -3.7818446159362793, 0.022760868072509766 
600, -3.781895160675049, 0.022919893264770508 
601, -3.781914234161377, 0.02292776107788086 
602, -3.7818167209625244, 0.02583169937133789 
603, -3.781940221786499, 0.023201465606689453 
604, -3.7819228172302246, 0.0236208438873291 
605, -3.782137870788574, 0.023227214813232422 
606, -3.7823173999786377, 0.02336430549621582 
607, -3.782754421234131, 0.023357629776000977 
608, -3.7824044227600098, 0.023528337478637695 
609, -3.782247543334961, 0.023526668548583984 
610, -3.7826051712036133, 0.023712158203125 
611, -3.7828304767608643, 0.023453712463378906 
612, -3.782414436340332, 0.023610353469848633 
613, -3.7828497886657715, 0.0230712890625 
614, -3.7829320430755615, 0.023119211196899414 
615, -3.7830634117126465, 0.0226285457611084 
616, -3.7832016944885254, 0.022753000259399414 
617, -3.782884120941162, 0.022987842559814453 
618, -3.7826597690582275, 0.023165464401245117 
619, -3.7828359603881836, 0.02299356460571289 
620, -3.783036470413208, 0.02333688735961914 
621, -3.783285617828369, 0.022774934768676758 
622, -3.7830631732940674, 0.022869110107421875 
623, -3.7828240394592285, 0.023065805435180664 
624, -3.783513069152832, 0.02304697036743164 
625, -3.783262252807617, 0.02295970916748047 
626, -3.7831828594207764, 0.02582573890686035 
627, -3.7833845615386963, 0.02290940284729004 
628, -3.7835404872894287, 0.023224830627441406 
629, -3.783651828765869, 0.02248072624206543 
630, -3.783792734146118, 0.023302555084228516 
631, -3.783573627471924, 0.02304530143737793 
632, -3.7838876247406006, 0.023044586181640625 
633, -3.783693552017212, 0.023044586181640625 
634, -3.783858299255371, 0.02333235740661621 
635, -3.7836203575134277, 0.022934675216674805 
636, -3.7838239669799805, 0.02267909049987793 
637, -3.7837908267974854, 0.022493600845336914 
638, -3.784237861633301, 0.022895336151123047 
639, -3.7837705612182617, 0.0231478214263916 
640, -3.7841525077819824, 0.02279067039489746 
641, -3.784118413925171, 0.022444963455200195 
642, -3.7840545177459717, 0.02258467674255371 
643, -3.7841944694519043, 0.022536754608154297 
644, -3.78411865234375, 0.022822856903076172 
645, -3.784184694290161, 0.022572755813598633 
646, -3.7845396995544434, 0.02269744873046875 
647, -3.784301519393921, 0.02269601821899414 
648, -3.7846829891204834, 0.02292943000793457 
649, -3.784438133239746, 0.02226877212524414 
650, -3.784468173980713, 0.025229215621948242 
651, -3.784252882003784, 0.022530794143676758 
652, -3.784440279006958, 0.02270030975341797 
653, -3.7846059799194336, 0.022601604461669922 
654, -3.784424066543579, 0.022654056549072266 
655, -3.784435510635376, 0.022950410842895508 
656, -3.784498929977417, 0.023147106170654297 
657, -3.784440517425537, 0.022682666778564453 
658, -3.7847256660461426, 0.02324509620666504 
659, -3.784951686859131, 0.022879362106323242 
660, -3.78482723236084, 0.023101091384887695 
661, -3.784914970397949, 0.022792577743530273 
662, -3.784498691558838, 0.02309703826904297 
663, -3.784923791885376, 0.022661447525024414 
664, -3.784865140914917, 0.022408246994018555 
665, -3.785144090652466, 0.022046804428100586 
666, -3.7848567962646484, 0.022515058517456055 
667, -3.7851457595825195, 0.022531509399414062 
668, -3.7852299213409424, 0.022574901580810547 
669, -3.78499174118042, 0.02256941795349121 
670, -3.7848293781280518, 0.022937774658203125 
671, -3.7855241298675537, 0.022904396057128906 
672, -3.7853143215179443, 0.02301311492919922 
673, -3.78517746925354, 0.02304244041442871 
674, -3.7853095531463623, 0.02583622932434082 
675, -3.7855212688446045, 0.023007631301879883 
676, -3.7856926918029785, 0.023652076721191406 
677, -3.7856385707855225, 0.02324509620666504 
678, -3.7852251529693604, 0.023164749145507812 
679, -3.7855541706085205, 0.022300243377685547 
680, -3.7856571674346924, 0.022954225540161133 
681, -3.7860050201416016, 0.023006200790405273 
682, -3.7854959964752197, 0.023441314697265625 
683, -3.785604476928711, 0.02279520034790039 
684, -3.7858848571777344, 0.022960901260375977 
685, -3.785947561264038, 0.02286362648010254 
686, -3.7857067584991455, 0.023340463638305664 
687, -3.7859437465667725, 0.022840023040771484 
688, -3.785757541656494, 0.023198843002319336 
689, -3.7857820987701416, 0.022893905639648438 
690, -3.7856781482696533, 0.022967815399169922 
691, -3.786238193511963, 0.022678136825561523 
692, -3.7860398292541504, 0.0230865478515625 
693, -3.7860960960388184, 0.022460222244262695 
694, -3.7858102321624756, 0.02216053009033203 
695, -3.7859299182891846, 0.022127866744995117 
696, -3.7860147953033447, 0.022607088088989258 
697, -3.7859115600585938, 0.02237105369567871 
698, -3.7860000133514404, 0.02523660659790039 
699, -3.786195993423462, 0.022680997848510742 
700, -3.7861697673797607, 0.023285627365112305 
701, -3.7862415313720703, 0.023050546646118164 
702, -3.786114454269409, 0.02344346046447754 
703, -3.786127805709839, 0.023286104202270508 
704, -3.7862284183502197, 0.023545026779174805 
705, -3.786379098892212, 0.02330780029296875 
706, -3.786022186279297, 0.022980690002441406 
707, -3.786447525024414, 0.02233147621154785 
708, -3.786491632461548, 0.022989988327026367 
709, -3.7865071296691895, 0.02301311492919922 
710, -3.7867722511291504, 0.023235559463500977 
711, -3.7866296768188477, 0.02277994155883789 
712, -3.7866318225860596, 0.022739887237548828 
713, -3.7865631580352783, 0.022507429122924805 
714, -3.786625862121582, 0.02280712127685547 
715, -3.7865216732025146, 0.022425174713134766 
716, -3.7867305278778076, 0.02280712127685547 
717, -3.7866055965423584, 0.022603750228881836 
718, -3.7866687774658203, 0.02256011962890625 
719, -3.7866008281707764, 0.02274918556213379 
720, -3.7867166996002197, 0.02273416519165039 
721, -3.7867074012756348, 0.02247905731201172 
722, -3.7867043018341064, 0.025196552276611328 
723, -3.786804437637329, 0.02263474464416504 
724, -3.7867300510406494, 0.023168563842773438 
725, -3.786659002304077, 0.0225222110748291 
726, -3.7868120670318604, 0.022901535034179688 
727, -3.7867023944854736, 0.02284407615661621 
728, -3.7868642807006836, 0.02315235137939453 
729, -3.787137985229492, 0.022800207138061523 
730, -3.7868845462799072, 0.0229642391204834 
731, -3.7867698669433594, 0.02220296859741211 
732, -3.7871155738830566, 0.02253103256225586 
733, -3.786975860595703, 0.022795915603637695 
734, -3.787045478820801, 0.022336721420288086 
735, -3.787019968032837, 0.022104263305664062 
736, -3.7872729301452637, 0.022203683853149414 
737, -3.787186861038208, 0.02220916748046875 
738, -3.7871696949005127, 0.022445201873779297 
739, -3.7872354984283447, 0.022437095642089844 
740, -3.7871460914611816, 0.022356271743774414 
741, -3.7870724201202393, 0.022526264190673828 
742, -3.7871670722961426, 0.022582530975341797 
743, -3.787175416946411, 0.02212238311767578 
744, -3.7872846126556396, 0.022841930389404297 
745, -3.7872674465179443, 0.022325992584228516 
746, -3.787301778793335, 0.025371551513671875 
747, -3.7873411178588867, 0.022586345672607422 
748, -3.787421703338623, 0.02319502830505371 
749, -3.787383556365967, 0.022982120513916016 
750, -3.7872684001922607, 0.023128747940063477 
751, -3.787442207336426, 0.0222928524017334 
752, -3.787572145462036, 0.02237725257873535 
753, -3.7872493267059326, 0.02234506607055664 
754, -3.7871828079223633, 0.02260565757751465 
755, -3.787395477294922, 0.022638797760009766 
756, -3.7873966693878174, 0.022940635681152344 
757, -3.787451982498169, 0.02292013168334961 
758, -3.787525177001953, 0.02321934700012207 
759, -3.7874605655670166, 0.02312493324279785 
760, -3.7875330448150635, 0.023395061492919922 
761, -3.7875537872314453, 0.023157119750976562 
762, -3.7874765396118164, 0.023489952087402344 
763, -3.7874724864959717, 0.023148298263549805 
764, -3.787597179412842, 0.023271560668945312 
765, -3.787487745285034, 0.023115873336791992 
766, -3.787691593170166, 0.0229947566986084 
767, -3.7877304553985596, 0.022806882858276367 
768, -3.7875561714172363, 0.0229644775390625 
769, -3.7877888679504395, 0.022897958755493164 
770, -3.787738084793091, 0.025409460067749023 
771, -3.7876455783843994, 0.022861957550048828 
772, -3.7876644134521484, 0.023213863372802734 
773, -3.787806272506714, 0.02301812171936035 
774, -3.7878568172454834, 0.023117542266845703 
775, -3.7877118587493896, 0.02230358123779297 
776, -3.7875051498413086, 0.022890567779541016 
777, -3.7877159118652344, 0.02274632453918457 
778, -3.7878425121307373, 0.023189783096313477 
779, -3.7878644466400146, 0.023393869400024414 
780, -3.7878007888793945, 0.02368903160095215 
781, -3.7878262996673584, 0.023591041564941406 
782, -3.7878596782684326, 0.023807525634765625 
783, -3.7877309322357178, 0.023516178131103516 
784, -3.7878682613372803, 0.02362370491027832 
785, -3.787954092025757, 0.023589134216308594 
786, -3.7879722118377686, 0.02367091178894043 
787, -3.7879018783569336, 0.02343606948852539 
788, -3.787984848022461, 0.023843765258789062 
789, -3.7878642082214355, 0.02340984344482422 
790, -3.788010358810425, 0.023552656173706055 
791, -3.7879116535186768, 0.023022890090942383 
792, -3.7880518436431885, 0.0230100154876709 
793, -3.7879838943481445, 0.022864103317260742 
794, -3.788200855255127, 0.025640487670898438 
795, -3.78804349899292, 0.02291727066040039 
796, -3.788102149963379, 0.02389669418334961 
797, -3.788144111633301, 0.023755550384521484 
798, -3.7880749702453613, 0.023773908615112305 
799, -3.78810715675354, 0.023085594177246094 
800, -3.7880396842956543, 0.02290654182434082 
801, -3.7881672382354736, 0.022505521774291992 
802, -3.7880501747131348, 0.022643327713012695 
803, -3.7880425453186035, 0.022307395935058594 
804, -3.788205146789551, 0.022370338439941406 
805, -3.788174867630005, 0.02208542823791504 
806, -3.7882869243621826, 0.022571802139282227 
807, -3.7882208824157715, 0.02265620231628418 
808, -3.7881357669830322, 0.022549867630004883 
809, -3.788217544555664, 0.022440671920776367 
810, -3.7883965969085693, 0.022394180297851562 
811, -3.7882864475250244, 0.02241063117980957 
812, -3.788248300552368, 0.022640228271484375 
813, -3.7882163524627686, 0.022685527801513672 
814, -3.7882981300354004, 0.02255725860595703 
815, -3.7883119583129883, 0.022172212600708008 
816, -3.788107395172119, 0.02225041389465332 
817, -3.7882556915283203, 0.021908998489379883 
818, -3.7883148193359375, 0.025153398513793945 
819, -3.788226366043091, 0.021925926208496094 
820, -3.7882728576660156, 0.022318601608276367 
821, -3.788339138031006, 0.02190876007080078 
822, -3.788386106491089, 0.022449016571044922 
823, -3.7885289192199707, 0.022323131561279297 
824, -3.788360357284546, 0.02261805534362793 
825, -3.788424491882324, 0.02245473861694336 
826, -3.7884624004364014, 0.02350473403930664 
827, -3.788395404815674, 0.023012161254882812 
828, -3.7883477210998535, 0.02225208282470703 
829, -3.788499355316162, 0.02235889434814453 
830, -3.7883644104003906, 0.022541522979736328 
831, -3.7884674072265625, 0.02251434326171875 
832, -3.788649082183838, 0.022849321365356445 
833, -3.788512706756592, 0.022232770919799805 
834, -3.7884960174560547, 0.022801876068115234 
835, -3.7884578704833984, 0.022983789443969727 
836, -3.78847599029541, 0.023085355758666992 
837, -3.7886037826538086, 0.022620677947998047 
838, -3.788378953933716, 0.022998571395874023 
839, -3.788524866104126, 0.023648977279663086 
840, -3.7884445190429688, 0.023210525512695312 
841, -3.7886340618133545, 0.02282571792602539 
842, -3.7885193824768066, 0.025841712951660156 
843, -3.7886691093444824, 0.022535085678100586 
844, -3.7884719371795654, 0.022454261779785156 
845, -3.7885990142822266, 0.022329330444335938 
846, -3.788465976715088, 0.02309703826904297 
847, -3.7884488105773926, 0.023009777069091797 
848, -3.7886850833892822, 0.023073434829711914 
849, -3.7886359691619873, 0.02324700355529785 
850, -3.788619041442871, 0.02373480796813965 
851, -3.7886128425598145, 0.023402929306030273 
852, -3.7887723445892334, 0.023777246475219727 
853, -3.7886414527893066, 0.023539304733276367 
854, -3.7885894775390625, 0.02417278289794922 
855, -3.7885637283325195, 0.023427963256835938 
856, -3.7886641025543213, 0.02332615852355957 
857, -3.7887489795684814, 0.02242255210876465 
858, -3.7885489463806152, 0.02281951904296875 
859, -3.7886688709259033, 0.02261042594909668 
860, -3.7888312339782715, 0.022965192794799805 
861, -3.7888050079345703, 0.023017406463623047 
862, -3.7886180877685547, 0.023003339767456055 
863, -3.788761615753174, 0.0229337215423584 
864, -3.788761615753174, 0.023079395294189453 
865, -3.7887110710144043, 0.02316761016845703 
866, -3.7885560989379883, 0.026221752166748047 
867, -3.7886247634887695, 0.023630857467651367 
868, -3.7887144088745117, 0.024033069610595703 
869, -3.7886970043182373, 0.023692607879638672 
870, -3.7887930870056152, 0.024071693420410156 
871, -3.788731098175049, 0.02384781837463379 
872, -3.788698196411133, 0.0237579345703125 
873, -3.7887253761291504, 0.02346324920654297 
874, -3.7887351512908936, 0.02373957633972168 
875, -3.788689136505127, 0.023554086685180664 
876, -3.788825273513794, 0.02394247055053711 
877, -3.788860321044922, 0.023817062377929688 
878, -3.7888705730438232, 0.024085044860839844 
879, -3.7888309955596924, 0.02376842498779297 
880, -3.7889373302459717, 0.023967742919921875 
881, -3.788809299468994, 0.023911714553833008 
882, -3.788799524307251, 0.023866653442382812 
883, -3.7888834476470947, 0.023682594299316406 
884, -3.789027214050293, 0.02391791343688965 
885, -3.7888641357421875, 0.023332834243774414 
886, -3.7888689041137695, 0.02344799041748047 
887, -3.7889564037323, 0.023382186889648438 
888, -3.7889604568481445, 0.023456573486328125 
889, -3.788907527923584, 0.02294301986694336 
890, -3.7889251708984375, 0.025990962982177734 
891, -3.7889363765716553, 0.02306818962097168 
892, -3.788966655731201, 0.023486852645874023 
893, -3.788992166519165, 0.02317667007446289 
894, -3.788759231567383, 0.023542404174804688 
895, -3.788942575454712, 0.023379087448120117 
896, -3.7888598442077637, 0.023510456085205078 
897, -3.78890323638916, 0.02319192886352539 
898, -3.7888431549072266, 0.023410797119140625 
899, -3.7889885902404785, 0.023135662078857422 
900, -3.788869857788086, 0.02349114418029785 
901, -3.7890830039978027, 0.023182153701782227 
902, -3.789069652557373, 0.023517370223999023 
903, -3.7889277935028076, 0.023286819458007812 
904, -3.788881301879883, 0.023131608963012695 
905, -3.7890162467956543, 0.023279666900634766 
906, -3.7890524864196777, 0.0235445499420166 
907, -3.7890982627868652, 0.023264646530151367 
908, -3.788973093032837, 0.023671388626098633 
909, -3.7890610694885254, 0.022743940353393555 
910, -3.789034605026245, 0.02277231216430664 
911, -3.7890350818634033, 0.02292943000793457 
912, -3.7890169620513916, 0.02276444435119629 
913, -3.789010763168335, 0.02278614044189453 
914, -3.7890045642852783, 0.025329113006591797 
915, -3.789060115814209, 0.022683382034301758 
916, -3.7891225814819336, 0.023345947265625 
917, -3.7890191078186035, 0.023128271102905273 
918, -3.7889938354492188, 0.022925853729248047 
919, -3.7890243530273438, 0.02279210090637207 
920, -3.7889983654022217, 0.023036956787109375 
921, -3.789104700088501, 0.02257990837097168 
922, -3.7891359329223633, 0.023526430130004883 
923, -3.789069175720215, 0.02290177345275879 
924, -3.789140224456787, 0.023049592971801758 
925, -3.7889909744262695, 0.022892236709594727 
926, -3.788940906524658, 0.023416996002197266 
927, -3.7890400886535645, 0.023068904876708984 
928, -3.7891340255737305, 0.023324966430664062 
929, -3.789114236831665, 0.022696971893310547 
930, -3.789118766784668, 0.022777795791625977 
931, -3.7891159057617188, 0.022687911987304688 
932, -3.7891862392425537, 0.02290034294128418 
933, -3.78916597366333, 0.022755861282348633 
934, -3.789085865020752, 0.02309727668762207 
935, -3.7891790866851807, 0.023032188415527344 
936, -3.7891154289245605, 0.023424148559570312 
937, -3.7890784740448, 0.023257732391357422 
938, -3.789045572280884, 0.026244640350341797 
939, -3.789029359817505, 0.023549318313598633 
940, -3.7890090942382812, 0.023791074752807617 
941, -3.789076089859009, 0.02347421646118164 
942, -3.789108991622925, 0.023693323135375977 
943, -3.789196252822876, 0.023349523544311523 
944, -3.7892343997955322, 0.02347087860107422 
945, -3.78918194770813, 0.023000240325927734 
946, -3.7891862392425537, 0.023238182067871094 
947, -3.789104700088501, 0.023018360137939453 
948, -3.7891955375671387, 0.023226499557495117 
949, -3.7892191410064697, 0.023129701614379883 
950, -3.7892086505889893, 0.02319192886352539 
951, -3.7890801429748535, 0.023023366928100586 
952, -3.7892816066741943, 0.0230410099029541 
953, -3.789139747619629, 0.022687435150146484 
954, -3.789177417755127, 0.02324080467224121 
955, -3.789245128631592, 0.02283024787902832 
956, -3.789137363433838, 0.02307724952697754 
957, -3.7892088890075684, 0.022968769073486328 
958, -3.789212465286255, 0.023392677307128906 
959, -3.7891757488250732, 0.023450374603271484 
960, -3.7890946865081787, 0.023586511611938477 
961, -3.7892842292785645, 0.02347874641418457 
962, -3.789208173751831, 0.02640557289123535 
963, -3.7891347408294678, 0.023404359817504883 
964, -3.7891836166381836, 0.02414536476135254 
965, -3.7892351150512695, 0.02389979362487793 
966, -3.7893009185791016, 0.02408123016357422 
967, -3.7892141342163086, 0.023798227310180664 
968, -3.789194345474243, 0.02373528480529785 
969, -3.7892210483551025, 0.023540735244750977 
970, -3.7892215251922607, 0.023654460906982422 
971, -3.7892391681671143, 0.023416996002197266 
972, -3.7892868518829346, 0.02366328239440918 
973, -3.78924298286438, 0.02318429946899414 
974, -3.789311647415161, 0.023412704467773438 
975, -3.7893006801605225, 0.02327752113342285 
976, -3.7891876697540283, 0.0235595703125 
977, -3.7892513275146484, 0.023254871368408203 
978, -3.7892448902130127, 0.02340555191040039 
979, -3.789303779602051, 0.023272275924682617 
980, -3.789336919784546, 0.023531436920166016 
981, -3.78920316696167, 0.023083209991455078 
982, -3.7893002033233643, 0.023290157318115234 
983, -3.7892870903015137, 0.023154258728027344 
984, -3.7892401218414307, 0.023276090621948242 
985, -3.7893171310424805, 0.023144960403442383 
986, -3.789245843887329, 0.02621936798095703 
987, -3.789236307144165, 0.023190736770629883 
988, -3.789238691329956, 0.023218154907226562 
989, -3.789313793182373, 0.02304220199584961 
990, -3.789292335510254, 0.02310800552368164 
991, -3.7892391681671143, 0.022924423217773438 
992, -3.789289712905884, 0.023280620574951172 
993, -3.7892773151397705, 0.022754907608032227 
994, -3.7891199588775635, 0.02309441566467285 
995, -3.7891905307769775, 0.022764205932617188 
996, -3.7893145084381104, 0.023094654083251953 
997, -3.7893292903900146, 0.023020505905151367 
998, -3.7892792224884033, 0.0232088565826416 
999, -3.7893075942993164, 0.02297830581665039 
