Iteration, loss, time 
0, 1.322991132736206, 0.17725372314453125, 0.11643052101135254, 0.054311513900756836 
1, 1.2828783988952637, 0.1074380874633789, 0.049695491790771484, 0.05302715301513672 
2, 1.2435460090637207, 0.10578513145446777, 0.048401594161987305, 0.05299210548400879 
3, 1.2050306797027588, 0.10436511039733887, 0.04817032814025879, 0.0522153377532959 
4, 1.167356014251709, 0.1043999195098877, 0.04697370529174805, 0.05305004119873047 
5, 1.1305501461029053, 0.1046895980834961, 0.04821610450744629, 0.05277228355407715 
6, 1.0946354866027832, 0.10162830352783203, 0.04726767539978027, 0.0504918098449707 
7, 1.0596342086791992, 0.10399007797241211, 0.04821419715881348, 0.05199718475341797 
8, 1.0255630016326904, 0.10139179229736328, 0.04728817939758301, 0.05048680305480957 
9, 0.9924390912055969, 0.10111570358276367, 0.047013044357299805, 0.050571441650390625 
10, 0.9602702856063843, 0.0993204116821289, 0.04621529579162598, 0.04966020584106445 
11, 0.9290682077407837, 0.10012292861938477, 0.04699301719665527, 0.049437522888183594 
12, 0.8988393545150757, 0.10127520561218262, 0.0470883846282959, 0.05023956298828125 
13, 0.8695837259292603, 0.10484099388122559, 0.04788064956665039, 0.05332517623901367 
14, 0.8413035869598389, 0.1012728214263916, 0.04705619812011719, 0.050475120544433594 
15, 0.8139926195144653, 0.10255742073059082, 0.04772019386291504, 0.051117658615112305 
16, 0.7876489162445068, 0.10388708114624023, 0.04697585105895996, 0.05238652229309082 
17, 0.7622610926628113, 0.10259675979614258, 0.047574758529663086, 0.051323890686035156 
18, 0.7378204464912415, 0.10102128982543945, 0.04703068733215332, 0.05025839805603027 
19, 0.7143110036849976, 0.0996403694152832, 0.046918630599975586, 0.049294233322143555 
20, 0.6917179226875305, 0.10016942024230957, 0.046621084213256836, 0.050073862075805664 
21, 0.6700239777565002, 0.10131597518920898, 0.046854257583618164, 0.05098247528076172 
22, 0.6492112278938293, 0.10021662712097168, 0.04604053497314453, 0.05029726028442383 
23, 0.6292577385902405, 0.10168981552124023, 0.04699444770812988, 0.05080461502075195 
24, 0.6101410388946533, 0.10072541236877441, 0.04656505584716797, 0.05050349235534668 
25, 0.5918406248092651, 0.10122394561767578, 0.04635977745056152, 0.050896644592285156 
26, 0.5743287801742554, 0.10228919982910156, 0.047204017639160156, 0.051599740982055664 
27, 0.5575833320617676, 0.10148811340332031, 0.04598236083984375, 0.0518186092376709 
28, 0.5415771007537842, 0.10023069381713867, 0.046525001525878906, 0.049880266189575195 
29, 0.5262867212295532, 0.10287833213806152, 0.04732656478881836, 0.05141615867614746 
30, 0.511683464050293, 0.10343384742736816, 0.04759550094604492, 0.05162978172302246 
31, 0.49774301052093506, 0.1004946231842041, 0.0472254753112793, 0.04982757568359375 
32, 0.48443904519081116, 0.10141491889953613, 0.046864986419677734, 0.05054807662963867 
33, 0.4717467427253723, 0.10046553611755371, 0.04619336128234863, 0.05070948600769043 
34, 0.4596390724182129, 0.09898734092712402, 0.04609227180480957, 0.04936575889587402 
35, 0.44809162616729736, 0.10025930404663086, 0.04645133018493652, 0.0502781867980957 
36, 0.4370805025100708, 0.10076117515563965, 0.04636240005493164, 0.05083608627319336 
37, 0.42658087611198425, 0.10160541534423828, 0.04690432548522949, 0.05122876167297363 
38, 0.41657012701034546, 0.10166621208190918, 0.04662275314331055, 0.051009178161621094 
39, 0.40702396631240845, 0.10734772682189941, 0.049253225326538086, 0.05412173271179199 
40, 0.39792224764823914, 0.1050870418548584, 0.04868626594543457, 0.05221986770629883 
41, 0.3892427086830139, 0.1020348072052002, 0.04750514030456543, 0.05065035820007324 
42, 0.3809647560119629, 0.10143399238586426, 0.046910762786865234, 0.05098223686218262 
43, 0.3730684220790863, 0.10198855400085449, 0.047078847885131836, 0.05109548568725586 
44, 0.3655364513397217, 0.10386323928833008, 0.04782581329345703, 0.05184435844421387 
45, 0.3583486080169678, 0.10612010955810547, 0.04926586151123047, 0.05254483222961426 
46, 0.35148781538009644, 0.10276341438293457, 0.047341346740722656, 0.05143237113952637 
47, 0.3449385166168213, 0.10431957244873047, 0.04880094528198242, 0.0518794059753418 
48, 0.33868396282196045, 0.10274648666381836, 0.04716610908508301, 0.05171966552734375 
49, 0.33270925283432007, 0.10069036483764648, 0.046834707260131836, 0.050048112869262695 
50, 0.32699936628341675, 0.10184192657470703, 0.04706168174743652, 0.05076861381530762 
51, 0.32154181599617004, 0.10216283798217773, 0.047408342361450195, 0.05089616775512695 
52, 0.3163227438926697, 0.10449337959289551, 0.0488126277923584, 0.0520021915435791 
53, 0.31132984161376953, 0.10608959197998047, 0.04838252067565918, 0.053383588790893555 
54, 0.3065513074398041, 0.10451579093933105, 0.04772233963012695, 0.05245232582092285 
55, 0.3019762933254242, 0.10675978660583496, 0.049272775650024414, 0.05346250534057617 
56, 0.29759377241134644, 0.10424089431762695, 0.04939699172973633, 0.05121421813964844 
57, 0.29339438676834106, 0.10199308395385742, 0.04673194885253906, 0.05106925964355469 
58, 0.28936854004859924, 0.10355520248413086, 0.0474085807800293, 0.051849365234375 
59, 0.2855074405670166, 0.1016244888305664, 0.04741525650024414, 0.050579071044921875 
60, 0.2818024456501007, 0.10106515884399414, 0.04681730270385742, 0.05049538612365723 
61, 0.27824515104293823, 0.1011359691619873, 0.04641413688659668, 0.05090212821960449 
62, 0.27482926845550537, 0.10165548324584961, 0.04756355285644531, 0.050325870513916016 
63, 0.27154630422592163, 0.10140037536621094, 0.0465092658996582, 0.05114245414733887 
64, 0.2683902680873871, 0.10231590270996094, 0.04653644561767578, 0.05171465873718262 
65, 0.26535508036613464, 0.10247349739074707, 0.04765748977661133, 0.05092263221740723 
66, 0.2624340355396271, 0.10248994827270508, 0.04731464385986328, 0.05083966255187988 
67, 0.25962188839912415, 0.10469627380371094, 0.04768633842468262, 0.05313920974731445 
68, 0.2569134831428528, 0.10337352752685547, 0.04792475700378418, 0.05114912986755371 
69, 0.2543037235736847, 0.10317087173461914, 0.047971487045288086, 0.05147957801818848 
70, 0.2517872154712677, 0.10119032859802246, 0.047048091888427734, 0.05008721351623535 
71, 0.24936038255691528, 0.10359072685241699, 0.04795551300048828, 0.051517486572265625 
72, 0.24701857566833496, 0.10304117202758789, 0.04739546775817871, 0.051474809646606445 
73, 0.2447577714920044, 0.10237908363342285, 0.04752540588378906, 0.05120563507080078 
74, 0.24300993978977203, 0.10661530494689941, 0.047727346420288086, 0.05452322959899902 
75, 0.2415287345647812, 0.1035919189453125, 0.04710102081298828, 0.05314016342163086 
76, 0.24011653661727905, 0.10129570960998535, 0.04689431190490723, 0.0511627197265625 
77, 0.23876917362213135, 0.10078215599060059, 0.045601844787597656, 0.05163979530334473 
78, 0.23748308420181274, 0.1026296615600586, 0.04650282859802246, 0.0525510311126709 
79, 0.23625557124614716, 0.10216712951660156, 0.046511173248291016, 0.052073001861572266 
80, 0.23508299887180328, 0.10181570053100586, 0.046233415603637695, 0.05167889595031738 
81, 0.23396271467208862, 0.1049509048461914, 0.0470728874206543, 0.05365896224975586 
82, 0.23289139568805695, 0.10315370559692383, 0.0471799373626709, 0.05220818519592285 
83, 0.23186741769313812, 0.1031806468963623, 0.047261953353881836, 0.05243206024169922 
84, 0.23088738322257996, 0.10282588005065918, 0.04674673080444336, 0.052459001541137695 
85, 0.22994926571846008, 0.10403275489807129, 0.0471644401550293, 0.053160667419433594 
86, 0.22905144095420837, 0.10355877876281738, 0.04656267166137695, 0.05296492576599121 
87, 0.2281912863254547, 0.10617256164550781, 0.04809212684631348, 0.05401492118835449 
88, 0.22736681997776031, 0.10361695289611816, 0.047611236572265625, 0.05225110054016113 
89, 0.22657683491706848, 0.10248398780822754, 0.04663705825805664, 0.052124738693237305 
90, 0.22581911087036133, 0.10204553604125977, 0.04643368721008301, 0.05213046073913574 
91, 0.22509241104125977, 0.10096430778503418, 0.045372962951660156, 0.05200457572937012 
92, 0.22439490258693695, 0.10358238220214844, 0.046446800231933594, 0.05355548858642578 
93, 0.22372521460056305, 0.10467863082885742, 0.04729485511779785, 0.053415775299072266 
94, 0.22308218479156494, 0.10677337646484375, 0.047853946685791016, 0.054827213287353516 
95, 0.2224644273519516, 0.10724568367004395, 0.048632144927978516, 0.0548090934753418 
96, 0.2218705415725708, 0.10456562042236328, 0.04751873016357422, 0.05318713188171387 
97, 0.22129935026168823, 0.10338735580444336, 0.0470271110534668, 0.05271339416503906 
98, 0.2207501232624054, 0.10516548156738281, 0.04742622375488281, 0.05366373062133789 
99, 0.21965880692005157, 0.10311532020568848, 0.04693126678466797, 0.052571773529052734 
100, 0.21848630905151367, 0.10303664207458496, 0.0464017391204834, 0.05298590660095215 
101, 0.21735000610351562, 0.10511445999145508, 0.047553300857543945, 0.0538179874420166 
102, 0.21624886989593506, 0.10212516784667969, 0.04610276222229004, 0.052429914474487305 
103, 0.21518146991729736, 0.10309934616088867, 0.046949148178100586, 0.05271482467651367 
104, 0.2141459882259369, 0.10320258140563965, 0.04653644561767578, 0.05283403396606445 
105, 0.21298927068710327, 0.10390233993530273, 0.04672503471374512, 0.05351114273071289 
106, 0.21161320805549622, 0.10464859008789062, 0.04737710952758789, 0.053498029708862305 
107, 0.21027375757694244, 0.10333871841430664, 0.04708218574523926, 0.05274009704589844 
108, 0.2089698612689972, 0.10552239418029785, 0.04714059829711914, 0.054178476333618164 
109, 0.20770001411437988, 0.10666036605834961, 0.04805254936218262, 0.054917097091674805 
110, 0.2064633071422577, 0.10598134994506836, 0.04731297492980957, 0.0545964241027832 
111, 0.20525842905044556, 0.10716891288757324, 0.04796409606933594, 0.05499601364135742 
112, 0.20408421754837036, 0.10906577110290527, 0.04860424995422363, 0.0558474063873291 
113, 0.20294000208377838, 0.10889291763305664, 0.048676490783691406, 0.05610918998718262 
114, 0.20182424783706665, 0.10603690147399902, 0.047675371170043945, 0.05435442924499512 
115, 0.20073682069778442, 0.10550951957702637, 0.04819917678833008, 0.05391645431518555 
116, 0.19967606663703918, 0.10484194755554199, 0.046971797943115234, 0.05422019958496094 
117, 0.1986415535211563, 0.10684967041015625, 0.04806256294250488, 0.05508232116699219 
118, 0.19763235747814178, 0.10769057273864746, 0.04836153984069824, 0.055104732513427734 
119, 0.19664780795574188, 0.10918951034545898, 0.04998064041137695, 0.05530548095703125 
120, 0.19568698108196259, 0.10735464096069336, 0.04903435707092285, 0.05422163009643555 
121, 0.19474920630455017, 0.10650634765625, 0.04816150665283203, 0.05440497398376465 
122, 0.19383397698402405, 0.10563445091247559, 0.04716086387634277, 0.0547637939453125 
123, 0.19294045865535736, 0.10610580444335938, 0.04833102226257324, 0.05414319038391113 
124, 0.19176606833934784, 0.1033787727355957, 0.04655933380126953, 0.053192853927612305 
125, 0.19057154655456543, 0.10509586334228516, 0.04668545722961426, 0.05430722236633301 
126, 0.18940222263336182, 0.10653066635131836, 0.047518014907836914, 0.05507922172546387 
127, 0.18825727701187134, 0.10590863227844238, 0.04802727699279785, 0.05433797836303711 
128, 0.18713624775409698, 0.10769248008728027, 0.04769134521484375, 0.05551290512084961 
129, 0.18607328832149506, 0.10656428337097168, 0.048514604568481445, 0.054437875747680664 
130, 0.18474839627742767, 0.10495114326477051, 0.047189950942993164, 0.05401325225830078 
131, 0.18305222690105438, 0.10453462600708008, 0.04643559455871582, 0.05431056022644043 
132, 0.18139320611953735, 0.10515785217285156, 0.04681992530822754, 0.05436968803405762 
133, 0.17977023124694824, 0.10614132881164551, 0.04835772514343262, 0.054094791412353516 
134, 0.17818260192871094, 0.10705280303955078, 0.04817986488342285, 0.0547945499420166 
135, 0.17662949860095978, 0.10640335083007812, 0.04727339744567871, 0.05505657196044922 
136, 0.17511017620563507, 0.10684490203857422, 0.04837441444396973, 0.054647207260131836 
137, 0.1736239492893219, 0.10537576675415039, 0.04747509956359863, 0.054178476333618164 
138, 0.1721697747707367, 0.10509800910949707, 0.04688453674316406, 0.054173946380615234 
139, 0.17074736952781677, 0.1050722599029541, 0.04704999923706055, 0.054422855377197266 
140, 0.16935604810714722, 0.10469627380371094, 0.046912431716918945, 0.05385255813598633 
141, 0.16799472272396088, 0.10573220252990723, 0.04746437072753906, 0.05429410934448242 
142, 0.16666331887245178, 0.10745930671691895, 0.048639774322509766, 0.05499458312988281 
143, 0.16535988450050354, 0.10508465766906738, 0.04734206199645996, 0.05382657051086426 
144, 0.16397812962532043, 0.10454630851745605, 0.046881675720214844, 0.05367565155029297 
145, 0.16262423992156982, 0.1083517074584961, 0.04780864715576172, 0.0565185546875 
146, 0.16090774536132812, 0.10798859596252441, 0.04752802848815918, 0.05667996406555176 
147, 0.15922239422798157, 0.10878396034240723, 0.04860711097717285, 0.05635333061218262 
148, 0.15756921470165253, 0.10817623138427734, 0.048311710357666016, 0.05574178695678711 
149, 0.15594784915447235, 0.11059093475341797, 0.04773759841918945, 0.05875897407531738 
150, 0.1543407291173935, 0.11455202102661133, 0.05060124397277832, 0.060037851333618164 
151, 0.15275469422340393, 0.10664558410644531, 0.047998666763305664, 0.05478954315185547 
152, 0.151197612285614, 0.10727143287658691, 0.04671287536621094, 0.05631136894226074 
153, 0.14966922998428345, 0.10820746421813965, 0.04865598678588867, 0.055753469467163086 
154, 0.14816910028457642, 0.1059415340423584, 0.04772663116455078, 0.05463743209838867 
155, 0.14669668674468994, 0.10595583915710449, 0.04694819450378418, 0.055173635482788086 
156, 0.14525175094604492, 0.10577774047851562, 0.047310590744018555, 0.05471634864807129 
157, 0.14383375644683838, 0.10889053344726562, 0.047640085220336914, 0.05735278129577637 
158, 0.14244243502616882, 0.11070656776428223, 0.049301862716674805, 0.057596683502197266 
159, 0.14107733964920044, 0.10711097717285156, 0.04795122146606445, 0.05520153045654297 
160, 0.1397380530834198, 0.10680937767028809, 0.047432661056518555, 0.05543017387390137 
161, 0.13842414319515228, 0.10690569877624512, 0.0480809211730957, 0.05484151840209961 
162, 0.13713541626930237, 0.10707211494445801, 0.0477139949798584, 0.055481910705566406 
163, 0.13589569926261902, 0.1088869571685791, 0.0503849983215332, 0.054749488830566406 
164, 0.13465914130210876, 0.10985612869262695, 0.05057668685913086, 0.055423736572265625 
165, 0.13344688713550568, 0.11171150207519531, 0.05001950263977051, 0.05728936195373535 
166, 0.13225847482681274, 0.11053109169006348, 0.05104994773864746, 0.05552220344543457 
167, 0.13109362125396729, 0.11175799369812012, 0.05054211616516113, 0.05677366256713867 
168, 0.1299521028995514, 0.11080551147460938, 0.0501408576965332, 0.05632758140563965 
169, 0.1288335919380188, 0.11326360702514648, 0.05102372169494629, 0.05794930458068848 
170, 0.1277374029159546, 0.11045265197753906, 0.05048990249633789, 0.05584216117858887 
171, 0.12666350603103638, 0.11256265640258789, 0.0506746768951416, 0.05763101577758789 
172, 0.1256115734577179, 0.11582732200622559, 0.053981781005859375, 0.05781269073486328 
173, 0.12458106875419617, 0.11162662506103516, 0.05090928077697754, 0.056706905364990234 
174, 0.12357179075479507, 0.11327195167541504, 0.05021262168884277, 0.0585169792175293 
175, 0.12258332967758179, 0.11213016510009766, 0.05093979835510254, 0.056920528411865234 
176, 0.1216154620051384, 0.11203265190124512, 0.05145144462585449, 0.05638551712036133 
177, 0.12066774815320969, 0.11410808563232422, 0.05186176300048828, 0.05811572074890137 
178, 0.11967052519321442, 0.11019253730773926, 0.04985809326171875, 0.05647540092468262 
179, 0.1186738908290863, 0.11342453956604004, 0.05175495147705078, 0.05747485160827637 
180, 0.11810441315174103, 0.11808991432189941, 0.05402398109436035, 0.059474945068359375 
181, 0.11761199682950974, 0.11241579055786133, 0.05150723457336426, 0.05664873123168945 
182, 0.1171303391456604, 0.11144828796386719, 0.04965353012084961, 0.05743575096130371 
183, 0.11665903031826019, 0.11033153533935547, 0.05045819282531738, 0.05612301826477051 
184, 0.1162005141377449, 0.10950446128845215, 0.04983067512512207, 0.05596041679382324 
185, 0.11575456708669662, 0.10868287086486816, 0.049109458923339844, 0.055973052978515625 
186, 0.11532096564769745, 0.10946035385131836, 0.04961109161376953, 0.05620598793029785 
187, 0.1148993968963623, 0.11189746856689453, 0.05071377754211426, 0.057224273681640625 
188, 0.11448963731527328, 0.11318778991699219, 0.051880598068237305, 0.057268619537353516 
189, 0.11409159749746323, 0.11139202117919922, 0.04972720146179199, 0.05731773376464844 
190, 0.11370492726564407, 0.11440539360046387, 0.05307435989379883, 0.05724072456359863 
191, 0.11332939565181732, 0.10887670516967773, 0.049483299255371094, 0.05585312843322754 
192, 0.11296474933624268, 0.10893869400024414, 0.049153804779052734, 0.05581331253051758 
193, 0.11261086910963058, 0.11054325103759766, 0.04983353614807129, 0.056531667709350586 
194, 0.11226750165224075, 0.11053180694580078, 0.04992818832397461, 0.056656837463378906 
195, 0.11193440109491348, 0.1113283634185791, 0.04974985122680664, 0.057242393493652344 
196, 0.11161155998706818, 0.11133599281311035, 0.05127310752868652, 0.05630040168762207 
197, 0.11129837483167648, 0.10753750801086426, 0.04917573928833008, 0.05471229553222656 
198, 0.11099500209093094, 0.10883498191833496, 0.04942822456359863, 0.055670976638793945 
199, 0.1107010617852211, 0.10811328887939453, 0.04884743690490723, 0.05554556846618652 
200, 0.11041639745235443, 0.1099085807800293, 0.049453020095825195, 0.05682706832885742 
201, 0.11014088243246078, 0.11095905303955078, 0.050214290618896484, 0.0567317008972168 
202, 0.10987425595521927, 0.11470556259155273, 0.051483869552612305, 0.05917191505432129 
203, 0.10961633920669556, 0.11622214317321777, 0.05289912223815918, 0.05967307090759277 
204, 0.10936708748340607, 0.11110472679138184, 0.05073690414428711, 0.056502580642700195 
205, 0.10912611335515976, 0.11154365539550781, 0.04999399185180664, 0.05723285675048828 
206, 0.10890538990497589, 0.11275458335876465, 0.05092430114746094, 0.05783677101135254 
207, 0.10869338363409042, 0.11085629463195801, 0.05033731460571289, 0.0565485954284668 
208, 0.10848964750766754, 0.1110222339630127, 0.04939556121826172, 0.0575864315032959 
209, 0.10829386860132217, 0.11131143569946289, 0.05142831802368164, 0.0561978816986084 
210, 0.10810589045286179, 0.11068177223205566, 0.04936408996582031, 0.0570988655090332 
211, 0.10792562365531921, 0.11178803443908691, 0.05098724365234375, 0.05727362632751465 
212, 0.10775282979011536, 0.10888814926147461, 0.049304962158203125, 0.05559873580932617 
213, 0.10758718848228455, 0.11007046699523926, 0.0494692325592041, 0.05676698684692383 
214, 0.10742877423763275, 0.10963320732116699, 0.04962635040283203, 0.05608797073364258 
215, 0.10727714747190475, 0.1105799674987793, 0.049748897552490234, 0.05713701248168945 
216, 0.10713225603103638, 0.11147642135620117, 0.05110335350036621, 0.056638240814208984 
217, 0.10699400305747986, 0.10887408256530762, 0.0501863956451416, 0.05520296096801758 
218, 0.1068621501326561, 0.10976266860961914, 0.04902291297912598, 0.056792497634887695 
219, 0.10669604688882828, 0.11215877532958984, 0.05158352851867676, 0.05656147003173828 
220, 0.10650726407766342, 0.11277890205383301, 0.05205678939819336, 0.057068586349487305 
221, 0.10632513463497162, 0.11243581771850586, 0.05181884765625, 0.05667281150817871 
222, 0.1061495840549469, 0.11111283302307129, 0.051991939544677734, 0.05559659004211426 
223, 0.10598047822713852, 0.11081480979919434, 0.05044150352478027, 0.05663919448852539 
224, 0.10581768304109573, 0.11146092414855957, 0.05157327651977539, 0.05611562728881836 
225, 0.10566097497940063, 0.11166000366210938, 0.051380157470703125, 0.056508541107177734 
226, 0.1055101528763771, 0.11244869232177734, 0.051996469497680664, 0.05664563179016113 
227, 0.10536512732505798, 0.11495065689086914, 0.0526578426361084, 0.05809307098388672 
228, 0.10523924231529236, 0.11452293395996094, 0.052464962005615234, 0.0583195686340332 
229, 0.10520154982805252, 0.11489319801330566, 0.051590681076049805, 0.059625864028930664 
230, 0.10517529398202896, 0.11193108558654785, 0.050614118576049805, 0.05756807327270508 
231, 0.10515283793210983, 0.11509490013122559, 0.05157065391540527, 0.059288978576660156 
232, 0.10513431578874588, 0.11544394493103027, 0.05057072639465332, 0.06045889854431152 
233, 0.10511975735425949, 0.11383247375488281, 0.05124044418334961, 0.05880141258239746 
234, 0.10510914027690887, 0.1162724494934082, 0.05198335647583008, 0.059755802154541016 
235, 0.10510231554508209, 0.11360359191894531, 0.05132865905761719, 0.058379173278808594 
236, 0.1050991490483284, 0.1153876781463623, 0.05150413513183594, 0.05974912643432617 
237, 0.10509954392910004, 0.11909365653991699, 0.054132699966430664, 0.06092357635498047 
238, 0.10510335117578506, 0.1121821403503418, 0.05034804344177246, 0.057799577713012695 
239, 0.10511068254709244, 0.1154935359954834, 0.05123257637023926, 0.05999350547790527 
240, 0.10512112826108932, 0.12032580375671387, 0.05431246757507324, 0.06181907653808594 
241, 0.10513508319854736, 0.11693692207336426, 0.0523226261138916, 0.06038403511047363 
242, 0.10515214502811432, 0.11293888092041016, 0.050855398178100586, 0.05814242362976074 
243, 0.10517219454050064, 0.11185431480407715, 0.05021333694458008, 0.05766725540161133 
244, 0.10519538819789886, 0.11359286308288574, 0.0512089729309082, 0.058159828186035156 
245, 0.1052214503288269, 0.11342334747314453, 0.05107545852661133, 0.05836749076843262 
246, 0.10525035113096237, 0.11266183853149414, 0.05065107345581055, 0.05800747871398926 
247, 0.1052820235490799, 0.11403727531433105, 0.051130056381225586, 0.05912280082702637 
248, 0.10531657189130783, 0.11230301856994629, 0.051633596420288086, 0.05692863464355469 
249, 0.10535898804664612, 0.11078000068664551, 0.05002403259277344, 0.056905508041381836 
250, 0.10540448874235153, 0.11254143714904785, 0.05006694793701172, 0.05854177474975586 
251, 0.10545230656862259, 0.11108994483947754, 0.05006694793701172, 0.057366371154785156 
252, 0.10550270974636078, 0.11014986038208008, 0.04967212677001953, 0.0566861629486084 
253, 0.10555528104305267, 0.11593174934387207, 0.05214667320251465, 0.059851646423339844 
254, 0.10561003535985947, 0.11668586730957031, 0.05139803886413574, 0.061284780502319336 
255, 0.10566700994968414, 0.11628174781799316, 0.05265021324157715, 0.05995917320251465 
256, 0.10572604835033417, 0.11347222328186035, 0.0497434139251709, 0.05920982360839844 
257, 0.10570278018712997, 0.1167902946472168, 0.051921844482421875, 0.06035280227661133 
258, 0.10567179322242737, 0.11562132835388184, 0.05185675621032715, 0.05938982963562012 
259, 0.1056409552693367, 0.11300182342529297, 0.050331830978393555, 0.05888104438781738 
260, 0.10559649765491486, 0.11266613006591797, 0.05037331581115723, 0.058480024337768555 
261, 0.10555562376976013, 0.1125345230102539, 0.05049252510070801, 0.05820178985595703 
262, 0.10551784187555313, 0.11217164993286133, 0.04990673065185547, 0.058316946029663086 
263, 0.10548321902751923, 0.11285018920898438, 0.05018138885498047, 0.05892539024353027 
264, 0.10545167326927185, 0.11244750022888184, 0.04994058609008789, 0.05856609344482422 
265, 0.10542292892932892, 0.1126401424407959, 0.05072522163391113, 0.05820775032043457 
266, 0.1053970605134964, 0.11273431777954102, 0.050469160079956055, 0.05816221237182617 
267, 0.10537392646074295, 0.1134786605834961, 0.05072331428527832, 0.05906057357788086 
268, 0.10535360872745514, 0.11307716369628906, 0.05085611343383789, 0.05848813056945801 
269, 0.10533598810434341, 0.114013671875, 0.05002236366271973, 0.05941414833068848 
270, 0.10532072931528091, 0.11339354515075684, 0.0510709285736084, 0.05838155746459961 
271, 0.10530820488929749, 0.11522102355957031, 0.05099773406982422, 0.05990457534790039 
272, 0.10529813915491104, 0.11473941802978516, 0.05112147331237793, 0.059229135513305664 
273, 0.10529045760631561, 0.11224079132080078, 0.05033254623413086, 0.058205366134643555 
274, 0.10528504103422165, 0.11060309410095215, 0.04989337921142578, 0.05707049369812012 
275, 0.10528204590082169, 0.1108248233795166, 0.049393415451049805, 0.057631731033325195 
276, 0.10528119653463364, 0.11343741416931152, 0.050534963607788086, 0.05879068374633789 
277, 0.10528261959552765, 0.11330914497375488, 0.05060935020446777, 0.05773353576660156 
278, 0.10528615117073059, 0.11414289474487305, 0.049608707427978516, 0.06013751029968262 
279, 0.10529185831546783, 0.11673951148986816, 0.052294015884399414, 0.06009936332702637 
280, 0.10529974848031998, 0.11470746994018555, 0.05127549171447754, 0.05931282043457031 
281, 0.10530954599380493, 0.11476421356201172, 0.05084681510925293, 0.06013154983520508 
282, 0.10524286329746246, 0.11346650123596191, 0.049988746643066406, 0.059273481369018555 
283, 0.10523156076669693, 0.11559605598449707, 0.0510106086730957, 0.060170888900756836 
284, 0.10522306710481644, 0.11797332763671875, 0.0514066219329834, 0.06211662292480469 
285, 0.1052173525094986, 0.11504364013671875, 0.05150103569030762, 0.059769392013549805 
286, 0.10521431267261505, 0.11672616004943848, 0.05090498924255371, 0.061557769775390625 
287, 0.10521766543388367, 0.1137847900390625, 0.05009269714355469, 0.05972552299499512 
288, 0.10522416234016418, 0.11529421806335449, 0.0503690242767334, 0.0609588623046875 
289, 0.10523314774036407, 0.11697816848754883, 0.05214262008666992, 0.06032872200012207 
290, 0.10524468123912811, 0.11448192596435547, 0.04983639717102051, 0.0603485107421875 
291, 0.10526331514120102, 0.11998176574707031, 0.05249500274658203, 0.06339001655578613 
292, 0.10528738796710968, 0.11964035034179688, 0.05349421501159668, 0.06168699264526367 
293, 0.10531361401081085, 0.11878728866577148, 0.0524296760559082, 0.061803340911865234 
294, 0.10534193366765976, 0.12272930145263672, 0.057111501693725586, 0.06156802177429199 
295, 0.10537244379520416, 0.1137239933013916, 0.05004692077636719, 0.0598599910736084 
296, 0.10540503263473511, 0.1165616512298584, 0.051024675369262695, 0.06124258041381836 
297, 0.10543964058160782, 0.11772537231445312, 0.05202746391296387, 0.06127285957336426 
298, 0.10547617077827454, 0.1175227165222168, 0.051087379455566406, 0.06188035011291504 
299, 0.10551398992538452, 0.11991357803344727, 0.05252790451049805, 0.06281852722167969 
300, 0.10554750263690948, 0.11666297912597656, 0.05166316032409668, 0.061070919036865234 
301, 0.1055828258395195, 0.11459183692932129, 0.05012965202331543, 0.06043410301208496 
302, 0.10562016069889069, 0.11545729637145996, 0.05061197280883789, 0.06104731559753418 
303, 0.10565924644470215, 0.11347389221191406, 0.04974961280822754, 0.05991673469543457 
304, 0.10570026189088821, 0.11456131935119629, 0.05028510093688965, 0.06040453910827637 
305, 0.10574305802583694, 0.11813974380493164, 0.0525202751159668, 0.06151938438415527 
306, 0.10578747093677521, 0.11707186698913574, 0.0509188175201416, 0.06203603744506836 
307, 0.10583367943763733, 0.11783552169799805, 0.0507807731628418, 0.06305146217346191 
308, 0.10588158667087555, 0.11401009559631348, 0.0504450798034668, 0.05974864959716797 
309, 0.10593102127313614, 0.11579513549804688, 0.05041837692260742, 0.0611419677734375 
310, 0.10598614811897278, 0.11556267738342285, 0.05109357833862305, 0.060320377349853516 
311, 0.10604456067085266, 0.11680459976196289, 0.0531764030456543, 0.059488773345947266 
312, 0.10610450059175491, 0.1152198314666748, 0.05082845687866211, 0.060636281967163086 
313, 0.10616573691368103, 0.11545729637145996, 0.050267696380615234, 0.061313629150390625 
314, 0.1062285378575325, 0.1147463321685791, 0.05122017860412598, 0.0598597526550293 
315, 0.10628770291805267, 0.11408281326293945, 0.05031538009643555, 0.059789180755615234 
316, 0.10631794482469559, 0.11408376693725586, 0.04992055892944336, 0.06025052070617676 
317, 0.10635018348693848, 0.11351203918457031, 0.04994845390319824, 0.05971813201904297 
318, 0.1063842922449112, 0.11401200294494629, 0.04980826377868652, 0.0600893497467041 
319, 0.10642042011022568, 0.1154184341430664, 0.05094504356384277, 0.060526132583618164 
320, 0.10645822435617447, 0.1160883903503418, 0.05178713798522949, 0.06045937538146973 
321, 0.10649791359901428, 0.11387228965759277, 0.04938983917236328, 0.060472965240478516 
322, 0.10653922706842422, 0.11519169807434082, 0.05005645751953125, 0.06088376045227051 
323, 0.10658235102891922, 0.11500239372253418, 0.050432443618774414, 0.060812950134277344 
324, 0.10662715137004852, 0.1138772964477539, 0.04973411560058594, 0.06014680862426758 
325, 0.10667362064123154, 0.11264705657958984, 0.049352407455444336, 0.05955362319946289 
326, 0.1067216619849205, 0.11376404762268066, 0.049700021743774414, 0.05996894836425781 
327, 0.10677127540111542, 0.11487436294555664, 0.05109739303588867, 0.059868812561035156 
328, 0.10682245343923569, 0.11866140365600586, 0.05146908760070801, 0.06329584121704102 
329, 0.10687514394521713, 0.11489987373352051, 0.050728559494018555, 0.06015467643737793 
330, 0.10692937672138214, 0.11769223213195801, 0.05091047286987305, 0.06241154670715332 
331, 0.106984943151474, 0.1163334846496582, 0.05149054527282715, 0.06089496612548828 
332, 0.10704200714826584, 0.11755657196044922, 0.05039095878601074, 0.0633845329284668 
333, 0.10711005330085754, 0.1159677505493164, 0.05121254920959473, 0.06041288375854492 
334, 0.10719304531812668, 0.11602163314819336, 0.050803184509277344, 0.06125187873840332 
335, 0.10727719962596893, 0.11644124984741211, 0.05062365531921387, 0.06187152862548828 
336, 0.10736221075057983, 0.11468863487243652, 0.05065107345581055, 0.060448646545410156 
337, 0.10744594037532806, 0.11448383331298828, 0.048940181732177734, 0.06103038787841797 
338, 0.10753313452005386, 0.11154603958129883, 0.04815101623535156, 0.05947470664978027 
339, 0.1076211929321289, 0.11033248901367188, 0.04737281799316406, 0.05937600135803223 
340, 0.10771021246910095, 0.11260128021240234, 0.0475313663482666, 0.06097149848937988 
341, 0.10780014842748642, 0.11702728271484375, 0.049677133560180664, 0.06340265274047852 
342, 0.10789109766483307, 0.11359143257141113, 0.0481717586517334, 0.06132769584655762 
343, 0.1079828068614006, 0.11681175231933594, 0.049256324768066406, 0.06324028968811035 
344, 0.108075350522995, 0.11837983131408691, 0.05093550682067871, 0.06273174285888672 
345, 0.10816890746355057, 0.11535859107971191, 0.04927802085876465, 0.06178998947143555 
346, 0.10826318711042404, 0.1155099868774414, 0.048960208892822266, 0.06204342842102051 
347, 0.10835827142000198, 0.11526250839233398, 0.04944181442260742, 0.06124711036682129 
348, 0.10845424979925156, 0.11551260948181152, 0.04920649528503418, 0.06188631057739258 
349, 0.10855096578598022, 0.11537051200866699, 0.049295663833618164, 0.06169533729553223 
350, 0.1086483970284462, 0.11727738380432129, 0.049379587173461914, 0.0632786750793457 
351, 0.10874663293361664, 0.11581754684448242, 0.05018782615661621, 0.06172323226928711 
352, 0.10884568840265274, 0.11656355857849121, 0.04929375648498535, 0.0628499984741211 
353, 0.10894547402858734, 0.11703276634216309, 0.049040794372558594, 0.06362199783325195 
354, 0.10904589295387268, 0.11519384384155273, 0.04861927032470703, 0.06252241134643555 
355, 0.10914696007966995, 0.11240291595458984, 0.04796290397644043, 0.06024312973022461 
356, 0.10924883931875229, 0.11737704277038574, 0.04925251007080078, 0.06394171714782715 
357, 0.10935131460428238, 0.12194013595581055, 0.053420305252075195, 0.06407022476196289 
358, 0.1094544380903244, 0.11626195907592773, 0.04902982711791992, 0.0631563663482666 
359, 0.10955823957920074, 0.11488199234008789, 0.049140214920043945, 0.06135153770446777 
360, 0.10966265201568604, 0.11594462394714355, 0.04922318458557129, 0.062196969985961914 
361, 0.1097676232457161, 0.1144094467163086, 0.04933953285217285, 0.0606074333190918 
362, 0.10987324267625809, 0.1131591796875, 0.04850912094116211, 0.060956716537475586 
363, 0.10997939854860306, 0.1143195629119873, 0.04799389839172363, 0.0618746280670166 
364, 0.11008626222610474, 0.1160435676574707, 0.049323320388793945, 0.06225109100341797 
365, 0.11019359529018402, 0.11568617820739746, 0.0495457649230957, 0.06209897994995117 
366, 0.11030140519142151, 0.11408829689025879, 0.04808664321899414, 0.06148648262023926 
367, 0.11040987074375153, 0.11427879333496094, 0.04899716377258301, 0.06118893623352051 
368, 0.11051883548498154, 0.11298608779907227, 0.048331499099731445, 0.06061410903930664 
369, 0.11062822490930557, 0.11115789413452148, 0.04753422737121582, 0.0598294734954834 
370, 0.11073821038007736, 0.11451554298400879, 0.048033952713012695, 0.06235384941101074 
371, 0.11084866523742676, 0.11194682121276855, 0.04831051826477051, 0.0598602294921875 
372, 0.11095963418483734, 0.11268901824951172, 0.04714345932006836, 0.06142544746398926 
373, 0.11107094585895538, 0.11576604843139648, 0.04990434646606445, 0.061522722244262695 
374, 0.1111828088760376, 0.11416149139404297, 0.04820656776428223, 0.06157970428466797 
375, 0.11129498481750488, 0.11262035369873047, 0.04887104034423828, 0.05997633934020996 
376, 0.11140760034322739, 0.11246442794799805, 0.04826045036315918, 0.06020951271057129 
377, 0.11152074486017227, 0.11009550094604492, 0.04725933074951172, 0.05927920341491699 
378, 0.11163423210382462, 0.11137104034423828, 0.04705309867858887, 0.06017708778381348 
379, 0.11174816638231277, 0.11161446571350098, 0.04842877388000488, 0.059357643127441406 
380, 0.11186244338750839, 0.11356687545776367, 0.04800128936767578, 0.0616762638092041 
381, 0.11197709292173386, 0.11184120178222656, 0.04806780815124512, 0.05977606773376465 
382, 0.11209206283092499, 0.11309146881103516, 0.04835224151611328, 0.060382843017578125 
383, 0.11220748722553253, 0.11326837539672852, 0.04875373840332031, 0.060401201248168945 
384, 0.11232317239046097, 0.11492180824279785, 0.05000162124633789, 0.06097722053527832 
385, 0.11243919283151627, 0.11001706123352051, 0.04721212387084961, 0.05884075164794922 
386, 0.11255569010972977, 0.11431360244750977, 0.04871344566345215, 0.06141924858093262 
387, 0.11267232894897461, 0.11590862274169922, 0.04910993576049805, 0.06184816360473633 
388, 0.1127893328666687, 0.11152148246765137, 0.048255205154418945, 0.05922865867614746 
389, 0.11290651559829712, 0.11271810531616211, 0.04831194877624512, 0.06065201759338379 
390, 0.11302419006824493, 0.10962772369384766, 0.04656982421875, 0.05920982360839844 
391, 0.11314249038696289, 0.10985183715820312, 0.0469815731048584, 0.059095144271850586 
392, 0.11326172947883606, 0.11159205436706543, 0.047332763671875, 0.06051754951477051 
393, 0.11338111013174057, 0.11158037185668945, 0.04741692543029785, 0.060123443603515625 
394, 0.11350084841251373, 0.1133575439453125, 0.04958987236022949, 0.06022763252258301 
395, 0.11362084001302719, 0.11437487602233887, 0.0484006404876709, 0.06197333335876465 
396, 0.1137409433722496, 0.11239457130432129, 0.048069000244140625, 0.06005358695983887 
397, 0.11386139690876007, 0.11148667335510254, 0.0475008487701416, 0.05997467041015625 
398, 0.11398212611675262, 0.11234235763549805, 0.047943115234375, 0.06032586097717285 
399, 0.1141030490398407, 0.11313724517822266, 0.04799509048461914, 0.06106758117675781 
400, 0.11422403901815414, 0.11402130126953125, 0.04814553260803223, 0.06140494346618652 
401, 0.11434552073478699, 0.11548757553100586, 0.048642873764038086, 0.06232643127441406 
402, 0.11446711421012878, 0.11645984649658203, 0.0496973991394043, 0.062372684478759766 
403, 0.11458893865346909, 0.1131582260131836, 0.048845529556274414, 0.06052255630493164 
404, 0.11471094936132431, 0.11173009872436523, 0.04770708084106445, 0.06003880500793457 
405, 0.11483313888311386, 0.11251187324523926, 0.04800224304199219, 0.06065702438354492 
406, 0.1149556040763855, 0.11313796043395996, 0.048519134521484375, 0.06102418899536133 
407, 0.11507823318243027, 0.11144781112670898, 0.0469968318939209, 0.06043291091918945 
408, 0.11520101875066757, 0.11611652374267578, 0.04929614067077637, 0.06257820129394531 
409, 0.11532405018806458, 0.11417460441589355, 0.04999136924743652, 0.06009483337402344 
410, 0.11544729024171829, 0.11566376686096191, 0.049302101135253906, 0.06231689453125 
411, 0.11557059735059738, 0.11315584182739258, 0.0489199161529541, 0.060387611389160156 
412, 0.11569405347108841, 0.11368274688720703, 0.048245906829833984, 0.061144113540649414 
413, 0.11581774801015854, 0.1134943962097168, 0.04855537414550781, 0.0607755184173584 
414, 0.11594158411026001, 0.11118316650390625, 0.047799110412597656, 0.05980849266052246 
415, 0.11606553941965103, 0.11172914505004883, 0.04726767539978027, 0.060402631759643555 
416, 0.1161896213889122, 0.11199545860290527, 0.04793190956115723, 0.06021308898925781 
417, 0.11631391197443008, 0.11260581016540527, 0.04909682273864746, 0.05976748466491699 
418, 0.1164383590221405, 0.11040449142456055, 0.04729008674621582, 0.059413909912109375 
419, 0.11656282842159271, 0.11091446876525879, 0.0467839241027832, 0.06014299392700195 
420, 0.11668740957975388, 0.1102745532989502, 0.04734063148498535, 0.05950045585632324 
421, 0.11681218445301056, 0.10904479026794434, 0.04647088050842285, 0.05882883071899414 
422, 0.11693715304136276, 0.11110115051269531, 0.04792475700378418, 0.05971956253051758 
423, 0.11706200987100601, 0.1094200611114502, 0.046868324279785156, 0.059006452560424805 
424, 0.11718715727329254, 0.10954141616821289, 0.046415090560913086, 0.0594182014465332 
425, 0.11731225997209549, 0.11266684532165527, 0.04742789268493652, 0.06061983108520508 
426, 0.11743757128715515, 0.11289215087890625, 0.047759294509887695, 0.06076955795288086 
427, 0.11756285279989243, 0.11260056495666504, 0.047631263732910156, 0.060593605041503906 
428, 0.11768823117017746, 0.10971546173095703, 0.04778432846069336, 0.0583498477935791 
429, 0.11781372129917145, 0.10796523094177246, 0.04676342010498047, 0.05756115913391113 
430, 0.11793927103281021, 0.10901141166687012, 0.0466156005859375, 0.05879068374633789 
431, 0.11806484311819077, 0.10758090019226074, 0.04582023620605469, 0.057968854904174805 
432, 0.11819062381982803, 0.11161684989929199, 0.04729294776916504, 0.060744285583496094 
433, 0.11831631511449814, 0.11030840873718262, 0.0467677116394043, 0.059481143951416016 
434, 0.11844205856323242, 0.11160778999328613, 0.04766678810119629, 0.060318708419799805 
435, 0.11856787651777267, 0.11198902130126953, 0.04724431037902832, 0.06080031394958496 
436, 0.11869372427463531, 0.11114025115966797, 0.04879426956176758, 0.058820247650146484 
437, 0.11881965398788452, 0.10913658142089844, 0.04635310173034668, 0.05890607833862305 
438, 0.11894558370113373, 0.11039161682128906, 0.04699873924255371, 0.05950212478637695 
439, 0.11907143890857697, 0.11087441444396973, 0.04703831672668457, 0.05976295471191406 
440, 0.11919736862182617, 0.11175131797790527, 0.047477006912231445, 0.06009721755981445 
441, 0.11932341009378433, 0.11057138442993164, 0.04816174507141113, 0.05871891975402832 
442, 0.11944936960935593, 0.1082453727722168, 0.04597139358520508, 0.05825304985046387 
443, 0.11957527697086334, 0.10750722885131836, 0.04585838317871094, 0.0582122802734375 
444, 0.11970129609107971, 0.10932111740112305, 0.04651761054992676, 0.05927014350891113 
445, 0.1198272556066513, 0.11028075218200684, 0.04652142524719238, 0.06009340286254883 
446, 0.11995328962802887, 0.11237978935241699, 0.04655742645263672, 0.0615994930267334 
447, 0.12007918953895569, 0.1177520751953125, 0.05194902420043945, 0.061510562896728516 
448, 0.12020521610975266, 0.11071586608886719, 0.04785037040710449, 0.05914163589477539 
449, 0.12033110111951828, 0.10930776596069336, 0.046695709228515625, 0.05911135673522949 
450, 0.12045706808567047, 0.10993838310241699, 0.04738974571228027, 0.058876991271972656 
451, 0.12058298289775848, 0.10961246490478516, 0.047315120697021484, 0.058528900146484375 
452, 0.12070878595113754, 0.10884428024291992, 0.046851396560668945, 0.05813145637512207 
453, 0.1208346039056778, 0.11083030700683594, 0.047612667083740234, 0.05974221229553223 
454, 0.12096034735441208, 0.11065006256103516, 0.04664015769958496, 0.060381412506103516 
455, 0.12108606100082397, 0.10935044288635254, 0.046982765197753906, 0.05858016014099121 
456, 0.12121178209781647, 0.10955691337585449, 0.046407222747802734, 0.05936741828918457 
457, 0.1213373914361, 0.11081099510192871, 0.04696154594421387, 0.06011962890625 
458, 0.12146306037902832, 0.1091454029083252, 0.04745888710021973, 0.05799984931945801 
459, 0.1215885654091835, 0.11171293258666992, 0.0471501350402832, 0.060408592224121094 
460, 0.1217140331864357, 0.1192624568939209, 0.05026602745056152, 0.06475090980529785 
461, 0.1218394860625267, 0.11466860771179199, 0.048513174057006836, 0.06155705451965332 
462, 0.12196482717990875, 0.11304330825805664, 0.04924798011779785, 0.05991506576538086 
463, 0.12209004163742065, 0.11464500427246094, 0.049082279205322266, 0.061313629150390625 
464, 0.1222153827548027, 0.11359906196594238, 0.04880785942077637, 0.060606956481933594 
465, 0.12234043329954147, 0.1130218505859375, 0.04833054542541504, 0.06012749671936035 
466, 0.12246553599834442, 0.11434221267700195, 0.049158573150634766, 0.06090950965881348 
467, 0.12259048223495483, 0.11252284049987793, 0.04845786094665527, 0.06031012535095215 
468, 0.12271535396575928, 0.11229825019836426, 0.04825925827026367, 0.06021595001220703 
469, 0.12284011393785477, 0.11262202262878418, 0.04891395568847656, 0.05979418754577637 
470, 0.12296487390995026, 0.110809326171875, 0.04718756675720215, 0.059762001037597656 
471, 0.12308947741985321, 0.11143803596496582, 0.04745650291442871, 0.0600588321685791 
472, 0.12321405112743378, 0.11041665077209473, 0.046999216079711914, 0.05982542037963867 
473, 0.12333842366933823, 0.11174511909484863, 0.04742169380187988, 0.060117244720458984 
474, 0.12346278876066208, 0.11425662040710449, 0.0491943359375, 0.06117081642150879 
475, 0.12358694523572922, 0.11045408248901367, 0.047524213790893555, 0.0593256950378418 
476, 0.12371116876602173, 0.11380553245544434, 0.047635793685913086, 0.061807870864868164 
477, 0.12383513897657394, 0.11358308792114258, 0.04915666580200195, 0.06043362617492676 
478, 0.12395898997783661, 0.11232638359069824, 0.047917842864990234, 0.060587167739868164 
479, 0.1240827664732933, 0.11234712600708008, 0.04729270935058594, 0.06021380424499512 
480, 0.12420643121004105, 0.11078429222106934, 0.047414541244506836, 0.05952882766723633 
481, 0.1243300512433052, 0.11595606803894043, 0.046494245529174805, 0.06355977058410645 
482, 0.12445341795682907, 0.12260055541992188, 0.05327916145324707, 0.06537604331970215 
483, 0.12457669526338577, 0.11520147323608398, 0.05109810829162598, 0.059658050537109375 
484, 0.12469983100891113, 0.11234807968139648, 0.048508644104003906, 0.06021261215209961 
485, 0.12482283264398575, 0.11127138137817383, 0.047319650650024414, 0.05981588363647461 
486, 0.1249457448720932, 0.11229658126831055, 0.04771542549133301, 0.06049394607543945 
487, 0.12506861984729767, 0.11332583427429199, 0.04864788055419922, 0.06071209907531738 
488, 0.12519115209579468, 0.11063361167907715, 0.04745173454284668, 0.059079647064208984 
489, 0.1253136396408081, 0.10812544822692871, 0.04603767395019531, 0.058019399642944336 
490, 0.12543612718582153, 0.10989952087402344, 0.047525644302368164, 0.058405399322509766 
491, 0.1255582720041275, 0.11121869087219238, 0.0470118522644043, 0.06031632423400879 
492, 0.12568029761314392, 0.11048698425292969, 0.047322750091552734, 0.05905652046203613 
493, 0.1258021891117096, 0.10865640640258789, 0.04716968536376953, 0.057790517807006836 
494, 0.12592411041259766, 0.10776352882385254, 0.04658937454223633, 0.057737112045288086 
495, 0.1260456144809723, 0.10663414001464844, 0.04555869102478027, 0.057615041732788086 
496, 0.12616711854934692, 0.10706257820129395, 0.045504093170166016, 0.057784318923950195 
497, 0.1262884885072708, 0.1105353832244873, 0.04764127731323242, 0.05914449691772461 
498, 0.1264096200466156, 0.1081387996673584, 0.04611468315124512, 0.05781269073486328 
499, 0.12653067708015442, 0.11002802848815918, 0.04793071746826172, 0.0585176944732666 
500, 0.1266515851020813, 0.10803604125976562, 0.046457767486572266, 0.05796980857849121 
501, 0.1267722249031067, 0.11021757125854492, 0.04698014259338379, 0.05881237983703613 
502, 0.12689273059368134, 0.11062169075012207, 0.047590017318725586, 0.05939126014709473 
503, 0.12701310217380524, 0.10839533805847168, 0.046124935150146484, 0.05838656425476074 
504, 0.127133309841156, 0.10950350761413574, 0.046820640563964844, 0.058806657791137695 
505, 0.12725335359573364, 0.10819244384765625, 0.04641437530517578, 0.058112144470214844 
506, 0.12737324833869934, 0.11020541191101074, 0.04612112045288086, 0.060077667236328125 
507, 0.1274929940700531, 0.11696028709411621, 0.054288625717163086, 0.05908536911010742 
508, 0.12761247158050537, 0.107879638671875, 0.04593968391418457, 0.058136701583862305 
509, 0.12773174047470093, 0.10899043083190918, 0.04684257507324219, 0.058466434478759766 
510, 0.12785091996192932, 0.1069021224975586, 0.04642820358276367, 0.05692124366760254 
511, 0.1279699206352234, 0.10712027549743652, 0.045444488525390625, 0.05790114402770996 
512, 0.12808877229690552, 0.11089205741882324, 0.04748106002807617, 0.05969357490539551 
513, 0.12820743024349213, 0.11608099937438965, 0.0485377311706543, 0.0637199878692627 
514, 0.1283259093761444, 0.11111640930175781, 0.047002553939819336, 0.05983161926269531 
515, 0.12844409048557281, 0.11598944664001465, 0.0480806827545166, 0.06173110008239746 
516, 0.12856222689151764, 0.1133718490600586, 0.04992246627807617, 0.0593256950378418 
517, 0.12868015468120575, 0.11171865463256836, 0.04740118980407715, 0.05997824668884277 
518, 0.12879790365695953, 0.11141848564147949, 0.0478975772857666, 0.05973029136657715 
519, 0.12891539931297302, 0.1131742000579834, 0.047297000885009766, 0.06176424026489258 
520, 0.12903276085853577, 0.11580610275268555, 0.04914426803588867, 0.06232023239135742 
521, 0.12915000319480896, 0.11396646499633789, 0.049010515213012695, 0.06087017059326172 
522, 0.1292669177055359, 0.11325335502624512, 0.04875969886779785, 0.060472726821899414 
523, 0.12938366830348969, 0.11168575286865234, 0.04794168472290039, 0.05979180335998535 
524, 0.12950021028518677, 0.11313462257385254, 0.04842805862426758, 0.06023073196411133 
525, 0.1296166181564331, 0.11336898803710938, 0.049017906188964844, 0.060384273529052734 
526, 0.12973295152187347, 0.11097908020019531, 0.04764866828918457, 0.05948233604431152 
527, 0.12984886765480042, 0.11241960525512695, 0.04758095741271973, 0.06033968925476074 
528, 0.12996463477611542, 0.11440062522888184, 0.0486302375793457, 0.0613093376159668 
529, 0.13008026778697968, 0.11384820938110352, 0.04826498031616211, 0.06127166748046875 
530, 0.13019588589668274, 0.11176133155822754, 0.04782986640930176, 0.0595393180847168 
531, 0.13031086325645447, 0.11182713508605957, 0.04767966270446777, 0.05981731414794922 
532, 0.13042595982551575, 0.11303544044494629, 0.04872846603393555, 0.06022500991821289 
533, 0.13054072856903076, 0.11163854598999023, 0.047550201416015625, 0.06017780303955078 
534, 0.130655437707901, 0.11058855056762695, 0.04723787307739258, 0.0595250129699707 
535, 0.13076965510845184, 0.11249017715454102, 0.04795980453491211, 0.06025958061218262 
536, 0.13088388741016388, 0.11215782165527344, 0.04850411415100098, 0.05965065956115723 
537, 0.13099786639213562, 0.11272025108337402, 0.04801297187805176, 0.060320138931274414 
538, 0.13110876083374023, 0.11272978782653809, 0.04848909378051758, 0.059691429138183594 
539, 0.131219282746315, 0.11089491844177246, 0.04733085632324219, 0.05969405174255371 
540, 0.13132983446121216, 0.10934567451477051, 0.0467531681060791, 0.05893564224243164 
541, 0.13143999874591827, 0.11048626899719238, 0.04691672325134277, 0.059538841247558594 
542, 0.13155010342597961, 0.11227178573608398, 0.04781937599182129, 0.06023216247558594 
543, 0.1316598653793335, 0.11788654327392578, 0.04939579963684082, 0.06404852867126465 
544, 0.1317695677280426, 0.11188244819641113, 0.04750800132751465, 0.05995821952819824 
545, 0.13187912106513977, 0.1119227409362793, 0.048066139221191406, 0.05942583084106445 
546, 0.1319882571697235, 0.1107640266418457, 0.04764676094055176, 0.0594332218170166 
547, 0.1320972740650177, 0.1093130111694336, 0.04697537422180176, 0.05853843688964844 
548, 0.13220617175102234, 0.10937690734863281, 0.04636645317077637, 0.0592045783996582 
549, 0.1323147565126419, 0.11053133010864258, 0.04705238342285156, 0.05976438522338867 
550, 0.1324232518672943, 0.11051821708679199, 0.04706597328186035, 0.059247493743896484 
551, 0.1325315535068512, 0.1129751205444336, 0.04856419563293457, 0.060532331466674805 
552, 0.13263952732086182, 0.11108088493347168, 0.047840118408203125, 0.05927276611328125 
553, 0.13274721801280975, 0.1096200942993164, 0.04703474044799805, 0.05877184867858887 
554, 0.13285481929779053, 0.11088991165161133, 0.04716944694519043, 0.05974841117858887 
555, 0.132962167263031, 0.11289095878601074, 0.04728841781616211, 0.06089186668395996 
556, 0.13306939601898193, 0.11180591583251953, 0.048232078552246094, 0.059744834899902344 
557, 0.13317641615867615, 0.11249303817749023, 0.04860210418701172, 0.05961489677429199 
558, 0.13328313827514648, 0.10969758033752441, 0.04727983474731445, 0.058685302734375 
559, 0.1333896368741989, 0.10953712463378906, 0.0470120906829834, 0.05875706672668457 
560, 0.13349595665931702, 0.10881590843200684, 0.046347618103027344, 0.058820247650146484 
561, 0.13360215723514557, 0.1091609001159668, 0.04646563529968262, 0.05888485908508301 
562, 0.13370800018310547, 0.11026144027709961, 0.0474855899810791, 0.05906558036804199 
563, 0.13381364941596985, 0.11169171333312988, 0.0471804141998291, 0.06022071838378906 
564, 0.1339191347360611, 0.11161947250366211, 0.0477907657623291, 0.05987668037414551 
565, 0.13402432203292847, 0.11246824264526367, 0.04821038246154785, 0.060036659240722656 
566, 0.1341293752193451, 0.11114072799682617, 0.04801797866821289, 0.05933809280395508 
567, 0.13423416018486023, 0.11084365844726562, 0.04655170440673828, 0.05997753143310547 
568, 0.13433873653411865, 0.11218023300170898, 0.04795575141906738, 0.059845924377441406 
569, 0.13444317877292633, 0.11127591133117676, 0.04758143424987793, 0.05945420265197754 
570, 0.13454732298851013, 0.11003494262695312, 0.0466310977935791, 0.05949902534484863 
571, 0.1346510797739029, 0.1092991828918457, 0.04720115661621094, 0.0583038330078125 
572, 0.1347549855709076, 0.1090397834777832, 0.04695415496826172, 0.058478355407714844 
573, 0.13485834002494812, 0.10855627059936523, 0.04627227783203125, 0.058599233627319336 
574, 0.13496169447898865, 0.10844206809997559, 0.04614686965942383, 0.058432817459106445 
575, 0.13506470620632172, 0.11065173149108887, 0.04641556739807129, 0.05968499183654785 
576, 0.13516756892204285, 0.10974287986755371, 0.04718470573425293, 0.05884957313537598 
577, 0.13527008891105652, 0.11551427841186523, 0.04813957214355469, 0.06296896934509277 
578, 0.13537240028381348, 0.1129150390625, 0.04890084266662598, 0.059979915618896484 
579, 0.13547465205192566, 0.11168837547302246, 0.04830217361450195, 0.05933642387390137 
580, 0.1355765461921692, 0.11815977096557617, 0.0487825870513916, 0.0646371841430664 
581, 0.13567838072776794, 0.11267304420471191, 0.04776287078857422, 0.06063389778137207 
582, 0.13577982783317566, 0.1141824722290039, 0.04814791679382324, 0.06135153770446777 
583, 0.1358809620141983, 0.11618590354919434, 0.04877471923828125, 0.06272459030151367 
584, 0.13598203659057617, 0.11272478103637695, 0.048011064529418945, 0.060148000717163086 
585, 0.13608288764953613, 0.11130189895629883, 0.04739642143249512, 0.06005597114562988 
586, 0.13618344068527222, 0.1125040054321289, 0.04673004150390625, 0.061252593994140625 
587, 0.13628381490707397, 0.11060905456542969, 0.04729270935058594, 0.0593419075012207 
588, 0.13638389110565186, 0.11146163940429688, 0.04772663116455078, 0.05992460250854492 
589, 0.13648375868797302, 0.11168503761291504, 0.0474088191986084, 0.06019473075866699 
590, 0.13658344745635986, 0.11414122581481934, 0.04829072952270508, 0.06124567985534668 
591, 0.1366828978061676, 0.11272978782653809, 0.04778313636779785, 0.06058335304260254 
592, 0.13678213953971863, 0.11270856857299805, 0.04797863960266113, 0.06067967414855957 
593, 0.13688117265701294, 0.11081528663635254, 0.047208547592163086, 0.0598299503326416 
594, 0.136979877948761, 0.11124181747436523, 0.0473330020904541, 0.05909848213195801 
595, 0.1370784342288971, 0.11360406875610352, 0.04860663414001465, 0.060523033142089844 
596, 0.1371767818927765, 0.11170196533203125, 0.047981977462768555, 0.05943036079406738 
597, 0.13727489113807678, 0.11083006858825684, 0.047502756118774414, 0.058881282806396484 
598, 0.1373727023601532, 0.10906076431274414, 0.04705500602722168, 0.058210134506225586 
599, 0.13747042417526245, 0.1082611083984375, 0.046576499938964844, 0.057802438735961914 
600, 0.13756778836250305, 0.10609769821166992, 0.04570174217224121, 0.05681276321411133 
601, 0.13766491413116455, 0.10710787773132324, 0.045819997787475586, 0.05754375457763672 
602, 0.1377619206905365, 0.10899806022644043, 0.04688620567321777, 0.058168888092041016 
603, 0.13785859942436218, 0.11084437370300293, 0.04774618148803711, 0.05947685241699219 
604, 0.13795512914657593, 0.11155033111572266, 0.046831369400024414, 0.06015133857727051 
605, 0.1380513310432434, 0.112396240234375, 0.04793858528137207, 0.06014609336853027 
606, 0.13814741373062134, 0.1113889217376709, 0.048320770263671875, 0.05910181999206543 
607, 0.13824322819709778, 0.10972070693969727, 0.04684114456176758, 0.058661460876464844 
608, 0.1383388638496399, 0.11011457443237305, 0.04677915573120117, 0.059285879135131836 
609, 0.13843414187431335, 0.11148381233215332, 0.04764580726623535, 0.05959582328796387 
610, 0.13852931559085846, 0.11273765563964844, 0.048226356506347656, 0.060091495513916016 
611, 0.13862422108650208, 0.11243605613708496, 0.049480438232421875, 0.05925917625427246 
612, 0.13871893286705017, 0.10918951034545898, 0.04703950881958008, 0.05841779708862305 
613, 0.13881339132785797, 0.1083059310913086, 0.046183109283447266, 0.058348655700683594 
614, 0.13890749216079712, 0.12366271018981934, 0.0462346076965332, 0.07228279113769531 
615, 0.1390015035867691, 0.1173105239868164, 0.05492353439331055, 0.058544158935546875 
616, 0.13909530639648438, 0.10999321937561035, 0.04626822471618652, 0.059612274169921875 
617, 0.13918881118297577, 0.11229896545410156, 0.04811739921569824, 0.059841156005859375 
618, 0.13928215205669403, 0.1113893985748291, 0.047800540924072266, 0.05948209762573242 
619, 0.13937142491340637, 0.11054468154907227, 0.047482967376708984, 0.05915641784667969 
620, 0.13944987952709198, 0.11206269264221191, 0.04949212074279785, 0.05853128433227539 
621, 0.1395280361175537, 0.1114506721496582, 0.04787111282348633, 0.059516191482543945 
622, 0.1396060585975647, 0.11014747619628906, 0.04673147201538086, 0.05924487113952637 
623, 0.13968399167060852, 0.11138248443603516, 0.046599626541137695, 0.0605168342590332 
624, 0.13976185023784637, 0.10932159423828125, 0.04751753807067871, 0.05814075469970703 
625, 0.13983933627605438, 0.1100461483001709, 0.04664301872253418, 0.05937695503234863 
626, 0.13991689682006836, 0.11190271377563477, 0.04723215103149414, 0.06038975715637207 
627, 0.13999423384666443, 0.11057400703430176, 0.04725384712219238, 0.05945730209350586 
628, 0.14007136225700378, 0.11017394065856934, 0.047148942947387695, 0.05924558639526367 
629, 0.14014846086502075, 0.11028194427490234, 0.04705238342285156, 0.05951976776123047 
630, 0.14022524654865265, 0.11036944389343262, 0.046907901763916016, 0.05962395668029785 
631, 0.14030206203460693, 0.11244368553161621, 0.048065185546875, 0.06048011779785156 
632, 0.14037859439849854, 0.11182761192321777, 0.04702496528625488, 0.06066298484802246 
633, 0.14045500755310059, 0.11203455924987793, 0.04839897155761719, 0.05953168869018555 
634, 0.14053134620189667, 0.11295747756958008, 0.04780769348144531, 0.060688018798828125 
635, 0.14060743153095245, 0.11324286460876465, 0.048084259033203125, 0.060582637786865234 
636, 0.14068344235420227, 0.11488580703735352, 0.04824638366699219, 0.062042951583862305 
637, 0.14075927436351776, 0.11301088333129883, 0.048734188079833984, 0.06017899513244629 
638, 0.14083489775657654, 0.11090850830078125, 0.047661542892456055, 0.05933237075805664 
639, 0.14091050624847412, 0.11309480667114258, 0.04738974571228027, 0.06138300895690918 
640, 0.14098584651947021, 0.11413383483886719, 0.048926353454589844, 0.06094813346862793 
641, 0.14106103777885437, 0.11161184310913086, 0.047672271728515625, 0.059557437896728516 
642, 0.14113615453243256, 0.11237740516662598, 0.04742789268493652, 0.06050729751586914 
643, 0.14121106266975403, 0.11492204666137695, 0.04911160469055176, 0.06147265434265137 
644, 0.1412857472896576, 0.11325407028198242, 0.048439979553222656, 0.0602877140045166 
645, 0.14136044681072235, 0.1136484146118164, 0.04794502258300781, 0.061553955078125 
646, 0.14143487811088562, 0.11247682571411133, 0.048352718353271484, 0.06016349792480469 
647, 0.14150911569595337, 0.11139798164367676, 0.04699850082397461, 0.06011390686035156 
648, 0.14158335328102112, 0.11410713195800781, 0.04929232597351074, 0.060550689697265625 
649, 0.141657292842865, 0.11319780349731445, 0.04820680618286133, 0.06054854393005371 
650, 0.1417311728000641, 0.11336684226989746, 0.04767107963562012, 0.06122016906738281 
651, 0.14180481433868408, 0.11145901679992676, 0.04743170738220215, 0.06028103828430176 
652, 0.14187829196453094, 0.11061429977416992, 0.04753518104553223, 0.05926346778869629 
653, 0.141951784491539, 0.11023116111755371, 0.04702138900756836, 0.059332847595214844 
654, 0.1420249044895172, 0.11084842681884766, 0.04617166519165039, 0.0604708194732666 
655, 0.14209796488285065, 0.11192154884338379, 0.04761075973510742, 0.06023550033569336 
656, 0.14217090606689453, 0.10894346237182617, 0.046787261962890625, 0.058373212814331055 
657, 0.1422436535358429, 0.11214351654052734, 0.04734539985656738, 0.06035447120666504 
658, 0.1423162966966629, 0.11049675941467285, 0.04747438430786133, 0.05933260917663574 
659, 0.14238864183425903, 0.10820484161376953, 0.046445369720458984, 0.05828070640563965 
660, 0.14246100187301636, 0.10992050170898438, 0.04640698432922363, 0.059626102447509766 
661, 0.1425331085920334, 0.11127710342407227, 0.04717254638671875, 0.05997943878173828 
662, 0.14260512590408325, 0.11163663864135742, 0.047307491302490234, 0.05994582176208496 
663, 0.1426769196987152, 0.11179924011230469, 0.04721951484680176, 0.05983757972717285 
664, 0.14274850487709045, 0.11123943328857422, 0.04809403419494629, 0.05914306640625 
665, 0.1428200602531433, 0.10823869705200195, 0.04631853103637695, 0.05825448036193848 
666, 0.14289143681526184, 0.10825085639953613, 0.04637575149536133, 0.058176279067993164 
667, 0.14296266436576843, 0.10814571380615234, 0.04625082015991211, 0.05828595161437988 
668, 0.14303359389305115, 0.11699724197387695, 0.04610729217529297, 0.061446189880371094 
669, 0.14310458302497864, 0.11179280281066895, 0.04717206954956055, 0.060170650482177734 
670, 0.14317528903484344, 0.11333680152893066, 0.04877042770385742, 0.06047201156616211 
671, 0.1432459056377411, 0.11302351951599121, 0.04876279830932617, 0.06012129783630371 
672, 0.14331626892089844, 0.11163043975830078, 0.04819774627685547, 0.05954909324645996 
673, 0.14338645339012146, 0.11064600944519043, 0.04666280746459961, 0.059632301330566406 
674, 0.1434566229581833, 0.11086535453796387, 0.04731392860412598, 0.059413909912109375 
675, 0.1435265839099884, 0.10985898971557617, 0.04666900634765625, 0.05913877487182617 
676, 0.1435963362455368, 0.11015439033508301, 0.04671907424926758, 0.05936694145202637 
677, 0.14366605877876282, 0.11007046699523926, 0.04747462272644043, 0.05878114700317383 
678, 0.14373552799224854, 0.1104745864868164, 0.047654151916503906, 0.05912041664123535 
679, 0.14380475878715515, 0.10875415802001953, 0.04609203338623047, 0.05898261070251465 
680, 0.143873929977417, 0.10892176628112793, 0.04660153388977051, 0.05858659744262695 
681, 0.1439429372549057, 0.10923171043395996, 0.04693150520324707, 0.05852460861206055 
682, 0.14401185512542725, 0.1072077751159668, 0.046142578125, 0.05736732482910156 
683, 0.14408046007156372, 0.10949492454528809, 0.046051025390625, 0.05938100814819336 
684, 0.14414897561073303, 0.11051774024963379, 0.04725384712219238, 0.059465646743774414 
685, 0.14421740174293518, 0.1106870174407959, 0.046894073486328125, 0.059766292572021484 
686, 0.1442856788635254, 0.1114952564239502, 0.04737067222595215, 0.06005048751831055 
687, 0.14435362815856934, 0.11213469505310059, 0.04763197898864746, 0.060163259506225586 
688, 0.14442166686058044, 0.11098670959472656, 0.04759955406188965, 0.05972623825073242 
689, 0.1444893479347229, 0.10967421531677246, 0.04679679870605469, 0.05895352363586426 
690, 0.1445568948984146, 0.1092061996459961, 0.04662156105041504, 0.05884146690368652 
691, 0.14462438225746155, 0.11056876182556152, 0.04674053192138672, 0.059273481369018555 
692, 0.14469167590141296, 0.1096796989440918, 0.04715132713317871, 0.05881667137145996 
693, 0.14475876092910767, 0.11071467399597168, 0.04718589782714844, 0.05960798263549805 
694, 0.14482572674751282, 0.11045408248901367, 0.047781944274902344, 0.05837607383728027 
695, 0.1448926478624344, 0.11364293098449707, 0.047849178314208984, 0.06119561195373535 
696, 0.14495918154716492, 0.11499524116516113, 0.04900169372558594, 0.061577558517456055 
697, 0.14502568542957306, 0.11153674125671387, 0.048273563385009766, 0.059026241302490234 
698, 0.1450919657945633, 0.11273455619812012, 0.04809451103210449, 0.06067609786987305 
699, 0.14515820145606995, 0.11377644538879395, 0.04819679260253906, 0.06145024299621582 
700, 0.14522425830364227, 0.11384415626525879, 0.047972679138183594, 0.061363935470581055 
701, 0.1452900618314743, 0.11361050605773926, 0.048163652420043945, 0.06103944778442383 
702, 0.14535585045814514, 0.11246776580810547, 0.047525882720947266, 0.06049633026123047 
703, 0.14542141556739807, 0.11294937133789062, 0.04803276062011719, 0.06020951271057129 
704, 0.14548680186271667, 0.1110386848449707, 0.04747653007507324, 0.05942893028259277 
705, 0.14555209875106812, 0.11141586303710938, 0.047918081283569336, 0.059708595275878906 
706, 0.14561711251735687, 0.11037158966064453, 0.04773712158203125, 0.058969736099243164 
707, 0.14568200707435608, 0.10929274559020996, 0.046370744705200195, 0.05894112586975098 
708, 0.14574682712554932, 0.11191320419311523, 0.04748201370239258, 0.06020045280456543 
709, 0.14581142365932465, 0.11356973648071289, 0.0480802059173584, 0.061078786849975586 
710, 0.14587590098381042, 0.1139669418334961, 0.04833650588989258, 0.06112170219421387 
711, 0.14594027400016785, 0.11081695556640625, 0.04753756523132324, 0.05938315391540527 
712, 0.14600422978401184, 0.11125659942626953, 0.047072410583496094, 0.060173988342285156 
713, 0.14606836438179016, 0.11267375946044922, 0.048069000244140625, 0.06036710739135742 
714, 0.14613214135169983, 0.11214733123779297, 0.04763340950012207, 0.060117483139038086 
715, 0.14619585871696472, 0.11088943481445312, 0.047539710998535156, 0.059038400650024414 
716, 0.14625945687294006, 0.11325240135192871, 0.04829835891723633, 0.06053423881530762 
717, 0.14632268249988556, 0.11008286476135254, 0.04731130599975586, 0.05907583236694336 
718, 0.146386057138443, 0.10922765731811523, 0.04649019241333008, 0.05869555473327637 
719, 0.14644914865493774, 0.1113429069519043, 0.047762155532836914, 0.0593109130859375 
720, 0.14651191234588623, 0.11064839363098145, 0.04652976989746094, 0.06015777587890625 
721, 0.14657479524612427, 0.11497759819030762, 0.04804348945617676, 0.06249523162841797 
722, 0.14663730561733246, 0.11477875709533691, 0.048902273178100586, 0.061583518981933594 
723, 0.14669975638389587, 0.11306619644165039, 0.04804253578186035, 0.060784101486206055 
724, 0.14676208794116974, 0.114959716796875, 0.048589229583740234, 0.06219649314880371 
725, 0.1468241959810257, 0.11270833015441895, 0.04813385009765625, 0.060478925704956055 
726, 0.14688611030578613, 0.112518310546875, 0.047400474548339844, 0.06035971641540527 
727, 0.14694800972938538, 0.11183023452758789, 0.047402381896972656, 0.060561180114746094 
728, 0.1470096856355667, 0.1102604866027832, 0.047084808349609375, 0.05917501449584961 
729, 0.1470712274312973, 0.10979056358337402, 0.04698348045349121, 0.05890941619873047 
730, 0.1471325159072876, 0.11067605018615723, 0.04734086990356445, 0.05969977378845215 
731, 0.14719374477863312, 0.11151456832885742, 0.04711270332336426, 0.060387611389160156 
732, 0.1472548246383667, 0.11045265197753906, 0.0477449893951416, 0.05893421173095703 
733, 0.14731580018997192, 0.10996341705322266, 0.046506643295288086, 0.05928802490234375 
734, 0.1473764181137085, 0.11266922950744629, 0.04814767837524414, 0.060405731201171875 
735, 0.14743709564208984, 0.11069083213806152, 0.04752397537231445, 0.05933833122253418 
736, 0.14749738574028015, 0.11047124862670898, 0.04709434509277344, 0.059311628341674805 
737, 0.14755776524543762, 0.11150574684143066, 0.04787158966064453, 0.05990862846374512 
738, 0.147617906332016, 0.11027073860168457, 0.04761672019958496, 0.05891704559326172 
739, 0.147677943110466, 0.11131930351257324, 0.04718804359436035, 0.060034990310668945 
740, 0.14773771166801453, 0.11217546463012695, 0.04760885238647461, 0.06013989448547363 
741, 0.1477973461151123, 0.1123497486114502, 0.047574758529663086, 0.06034398078918457 
742, 0.1478569209575653, 0.11170673370361328, 0.047467947006225586, 0.05986380577087402 
743, 0.14791619777679443, 0.11118507385253906, 0.04764604568481445, 0.0595700740814209 
744, 0.14797544479370117, 0.10960006713867188, 0.047104835510253906, 0.05881166458129883 
745, 0.14803446829319, 0.11127924919128418, 0.04729938507080078, 0.060114383697509766 
746, 0.14809337258338928, 0.11332464218139648, 0.04790186882019043, 0.061285972595214844 
747, 0.1481521874666214, 0.11500406265258789, 0.0495600700378418, 0.06136322021484375 
748, 0.14821070432662964, 0.1099405288696289, 0.046431541442871094, 0.059285640716552734 
749, 0.1482691913843155, 0.11345338821411133, 0.047983646392822266, 0.06055593490600586 
750, 0.14832739531993866, 0.11322927474975586, 0.04870319366455078, 0.06028318405151367 
751, 0.14838561415672302, 0.11144900321960449, 0.04845404624938965, 0.05906820297241211 
752, 0.14844362437725067, 0.1095421314239502, 0.0464634895324707, 0.05912017822265625 
753, 0.14850151538848877, 0.11357784271240234, 0.04806089401245117, 0.06119823455810547 
754, 0.14855918288230896, 0.11546754837036133, 0.05005526542663574, 0.06108522415161133 
755, 0.14861667156219482, 0.11203622817993164, 0.048230648040771484, 0.059624433517456055 
756, 0.14867407083511353, 0.11370682716369629, 0.04829716682434082, 0.060835838317871094 
757, 0.14873133599758148, 0.11407732963562012, 0.04833841323852539, 0.06128191947937012 
758, 0.14878851175308228, 0.11713004112243652, 0.05233407020568848, 0.058962345123291016 
759, 0.148845374584198, 0.1167440414428711, 0.05322718620300293, 0.059630393981933594 
760, 0.1489022672176361, 0.11409831047058105, 0.048319339752197266, 0.061505794525146484 
761, 0.14895886182785034, 0.11203336715698242, 0.04733133316040039, 0.060652732849121094 
762, 0.14901530742645264, 0.11619448661804199, 0.04967236518859863, 0.06191682815551758 
763, 0.14907167851924896, 0.11458230018615723, 0.048734188079833984, 0.06153368949890137 
764, 0.14912787079811096, 0.11183643341064453, 0.04811978340148926, 0.0596311092376709 
765, 0.14918386936187744, 0.11141133308410645, 0.04746723175048828, 0.05991411209106445 
766, 0.1492396742105484, 0.1102452278137207, 0.04731130599975586, 0.05911111831665039 
767, 0.14929550886154175, 0.11572790145874023, 0.05210423469543457, 0.05974745750427246 
768, 0.14935104548931122, 0.11128044128417969, 0.04731893539428711, 0.059572458267211914 
769, 0.1494065523147583, 0.1113893985748291, 0.048024654388427734, 0.05960202217102051 
770, 0.1494617760181427, 0.10944557189941406, 0.04729509353637695, 0.0584111213684082 
771, 0.1495169699192047, 0.10881352424621582, 0.04592323303222656, 0.05926012992858887 
772, 0.14957189559936523, 0.1091771125793457, 0.04632401466369629, 0.0588839054107666 
773, 0.1496267467737198, 0.10992717742919922, 0.047476768493652344, 0.058593034744262695 
774, 0.14968152344226837, 0.1090097427368164, 0.047090768814086914, 0.05827760696411133 
775, 0.14973607659339905, 0.11136531829833984, 0.04711270332336426, 0.06005406379699707 
776, 0.1497904658317566, 0.11354207992553711, 0.04986119270324707, 0.05960869789123535 
777, 0.14984473586082458, 0.11188960075378418, 0.047853946685791016, 0.059586286544799805 
778, 0.14989879727363586, 0.11029982566833496, 0.04775047302246094, 0.0588681697845459 
779, 0.1499527394771576, 0.11220240592956543, 0.04762530326843262, 0.060140371322631836 
780, 0.15000663697719574, 0.11236095428466797, 0.047896385192871094, 0.06003856658935547 
781, 0.1500602662563324, 0.1109304428100586, 0.04790687561035156, 0.05929303169250488 
782, 0.15011374652385712, 0.110382080078125, 0.04681229591369629, 0.05950045585632324 
783, 0.1501670926809311, 0.10834431648254395, 0.046029090881347656, 0.05834674835205078 
784, 0.15022027492523193, 0.1078038215637207, 0.04643392562866211, 0.05753350257873535 
785, 0.15027344226837158, 0.1085965633392334, 0.04692220687866211, 0.057927846908569336 
786, 0.1503264605998993, 0.10815191268920898, 0.04621410369873047, 0.05814003944396973 
787, 0.15037912130355835, 0.10895276069641113, 0.04674220085144043, 0.05812859535217285 
788, 0.15043173730373383, 0.1103208065032959, 0.047067880630493164, 0.05931997299194336 
789, 0.15048423409461975, 0.11816287040710449, 0.05611991882324219, 0.05838608741760254 
790, 0.15053656697273254, 0.10751724243164062, 0.04617190361022949, 0.057665109634399414 
791, 0.15058881044387817, 0.1082773208618164, 0.04661965370178223, 0.05787301063537598 
792, 0.15064087510108948, 0.11187338829040527, 0.04705643653869629, 0.0606691837310791 
793, 0.15069280564785004, 0.11042141914367676, 0.04698681831359863, 0.05952620506286621 
794, 0.15074461698532104, 0.12448501586914062, 0.053678274154663086, 0.06049990653991699 
795, 0.15079620480537415, 0.11020493507385254, 0.04771733283996582, 0.05842256546020508 
796, 0.1508476734161377, 0.1069488525390625, 0.046794891357421875, 0.0565488338470459 
797, 0.1508989930152893, 0.10698437690734863, 0.04508399963378906, 0.05797529220581055 
798, 0.15095023810863495, 0.10700082778930664, 0.04555392265319824, 0.057630300521850586 
799, 0.15100127458572388, 0.10949206352233887, 0.04712939262390137, 0.05867123603820801 
800, 0.15105219185352325, 0.10861611366271973, 0.04583311080932617, 0.05883193016052246 
801, 0.15110287070274353, 0.11274099349975586, 0.04790067672729492, 0.060657501220703125 
802, 0.15115350484848022, 0.11071181297302246, 0.04721784591674805, 0.05927896499633789 
803, 0.1512039601802826, 0.11001276969909668, 0.04750514030456543, 0.05878567695617676 
804, 0.15125428140163422, 0.10810136795043945, 0.04644203186035156, 0.05791974067687988 
805, 0.15130455791950226, 0.1074371337890625, 0.045664072036743164, 0.05796098709106445 
806, 0.15135449171066284, 0.1082925796508789, 0.046370506286621094, 0.05841803550720215 
807, 0.151404470205307, 0.10962510108947754, 0.04599714279174805, 0.059380531311035156 
808, 0.15145424008369446, 0.11115074157714844, 0.04804039001464844, 0.05927562713623047 
809, 0.15150383114814758, 0.10966062545776367, 0.047067880630493164, 0.05890631675720215 
810, 0.15155337750911713, 0.10811519622802734, 0.046204566955566406, 0.058135032653808594 
811, 0.15160265564918518, 0.10726785659790039, 0.04615330696105957, 0.05756354331970215 
812, 0.15165187418460846, 0.12195277214050293, 0.04643845558166504, 0.06089591979980469 
813, 0.1517009139060974, 0.11350560188293457, 0.0505368709564209, 0.058847665786743164 
814, 0.15174980461597443, 0.11256742477416992, 0.04822945594787598, 0.06014752388000488 
815, 0.15179859101772308, 0.11199450492858887, 0.047632455825805664, 0.06032991409301758 
816, 0.151847243309021, 0.11222100257873535, 0.04711604118347168, 0.06083941459655762 
817, 0.15189571678638458, 0.11083865165710449, 0.04685378074645996, 0.059706687927246094 
818, 0.15194404125213623, 0.11243176460266113, 0.047550201416015625, 0.060288190841674805 
819, 0.15199220180511475, 0.1112520694732666, 0.047423362731933594, 0.05977654457092285 
820, 0.15204037725925446, 0.11027979850769043, 0.04674506187438965, 0.059345245361328125 
821, 0.1520882546901703, 0.11069750785827637, 0.0473790168762207, 0.05929064750671387 
822, 0.15213599801063538, 0.11093950271606445, 0.047684431076049805, 0.05905318260192871 
823, 0.15218372642993927, 0.11120438575744629, 0.04805350303649902, 0.05921649932861328 
824, 0.15223118662834167, 0.10900998115539551, 0.046392202377319336, 0.058861494064331055 
825, 0.15227852761745453, 0.10848164558410645, 0.04659247398376465, 0.05823111534118652 
826, 0.1523258090019226, 0.10792160034179688, 0.04585981369018555, 0.05837512016296387 
827, 0.15237292647361755, 0.11204147338867188, 0.04735279083251953, 0.06059098243713379 
828, 0.15241988003253937, 0.11175227165222168, 0.04770827293395996, 0.06011390686035156 
829, 0.15246662497520447, 0.11108922958374023, 0.04683399200439453, 0.060576677322387695 
830, 0.15251335501670837, 0.11172628402709961, 0.04688286781311035, 0.06091761589050293 
831, 0.15255999565124512, 0.11026430130004883, 0.047098398208618164, 0.059123992919921875 
832, 0.1526062786579132, 0.11122488975524902, 0.0475764274597168, 0.05935955047607422 
833, 0.15265260636806488, 0.11005115509033203, 0.04636573791503906, 0.05934309959411621 
834, 0.15269868075847626, 0.10830426216125488, 0.04729795455932617, 0.05745100975036621 
835, 0.15274468064308167, 0.10610079765319824, 0.045786142349243164, 0.05684614181518555 
836, 0.1527906358242035, 0.10796999931335449, 0.04541206359863281, 0.05853390693664551 
837, 0.15283623337745667, 0.10918641090393066, 0.04634737968444824, 0.058860063552856445 
838, 0.152881920337677, 0.11052250862121582, 0.04799461364746094, 0.05871891975402832 
839, 0.15292727947235107, 0.1083993911743164, 0.04709291458129883, 0.057616472244262695 
840, 0.1529725193977356, 0.10919380187988281, 0.0464932918548584, 0.05859375 
841, 0.15301784873008728, 0.10764288902282715, 0.046629905700683594, 0.05742192268371582 
842, 0.15306290984153748, 0.10637855529785156, 0.04510998725891113, 0.05771827697753906 
843, 0.15310785174369812, 0.10884284973144531, 0.04621767997741699, 0.058870553970336914 
844, 0.15315255522727966, 0.10971951484680176, 0.047084808349609375, 0.05880999565124512 
845, 0.15319722890853882, 0.10669350624084473, 0.04540562629699707, 0.05769968032836914 
846, 0.15324170887470245, 0.10939526557922363, 0.046491384506225586, 0.05855131149291992 
847, 0.15328598022460938, 0.10746598243713379, 0.04656863212585449, 0.05714750289916992 
848, 0.1533302366733551, 0.10645294189453125, 0.044954776763916016, 0.057875871658325195 
849, 0.1533742994070053, 0.10671472549438477, 0.045702219009399414, 0.05728507041931152 
850, 0.15341833233833313, 0.10955023765563965, 0.047612905502319336, 0.058188676834106445 
851, 0.1534622311592102, 0.1069333553314209, 0.04542112350463867, 0.05794382095336914 
852, 0.15350598096847534, 0.11008954048156738, 0.046941280364990234, 0.059064388275146484 
853, 0.15354932844638824, 0.11004066467285156, 0.047312021255493164, 0.05874967575073242 
854, 0.15359288454055786, 0.10876655578613281, 0.04643559455871582, 0.05870509147644043 
855, 0.15363624691963196, 0.10774445533752441, 0.04610705375671387, 0.058046579360961914 
856, 0.15367940068244934, 0.10776233673095703, 0.04595780372619629, 0.05778026580810547 
857, 0.15372246503829956, 0.11019420623779297, 0.04744362831115723, 0.05860257148742676 
858, 0.15376530587673187, 0.10748291015625, 0.04588174819946289, 0.05812478065490723 
859, 0.15380802750587463, 0.10747909545898438, 0.04570269584655762, 0.057802677154541016 
860, 0.1538507640361786, 0.10791277885437012, 0.047046661376953125, 0.05737948417663574 
861, 0.15389330685138702, 0.10628652572631836, 0.045861244201660156, 0.05682706832885742 
862, 0.15393561124801636, 0.10743856430053711, 0.04597187042236328, 0.05769014358520508 
863, 0.1539778709411621, 0.10734009742736816, 0.04570817947387695, 0.05765676498413086 
864, 0.15401998162269592, 0.10787057876586914, 0.046053171157836914, 0.05799436569213867 
865, 0.15406200289726257, 0.10655450820922852, 0.04606127738952637, 0.05693221092224121 
866, 0.15410369634628296, 0.10901141166687012, 0.04584097862243652, 0.05907893180847168 
867, 0.15414556860923767, 0.11460113525390625, 0.04732680320739746, 0.06323575973510742 
868, 0.1541871279478073, 0.1091165542602539, 0.045763254165649414, 0.0593416690826416 
869, 0.1542285829782486, 0.11066198348999023, 0.047296762466430664, 0.05939674377441406 
870, 0.15426990389823914, 0.11194348335266113, 0.047409772872924805, 0.0600743293762207 
871, 0.15431110560894012, 0.11123371124267578, 0.047455549240112305, 0.05984354019165039 
872, 0.15435218811035156, 0.11188864707946777, 0.046851396560668945, 0.0606999397277832 
873, 0.15439310669898987, 0.11292791366577148, 0.04934859275817871, 0.05984640121459961 
874, 0.15443408489227295, 0.10786724090576172, 0.04667949676513672, 0.057590484619140625 
875, 0.15447470545768738, 0.10995745658874512, 0.0467069149017334, 0.05922412872314453 
876, 0.15451514720916748, 0.11137604713439941, 0.04710865020751953, 0.06020712852478027 
877, 0.15455564856529236, 0.11104416847229004, 0.047803640365600586, 0.05938076972961426 
878, 0.15459585189819336, 0.11204195022583008, 0.04725909233093262, 0.06020855903625488 
879, 0.1546362042427063, 0.11260795593261719, 0.048192739486694336, 0.06018781661987305 
880, 0.15467604994773865, 0.11118650436401367, 0.04683184623718262, 0.060251712799072266 
881, 0.15471616387367249, 0.11025667190551758, 0.04715371131896973, 0.05933046340942383 
882, 0.15475589036941528, 0.11103487014770508, 0.04720568656921387, 0.05990028381347656 
883, 0.15479561686515808, 0.11168122291564941, 0.04783821105957031, 0.05955219268798828 
884, 0.15483513474464417, 0.11379146575927734, 0.04781484603881836, 0.06145453453063965 
885, 0.1548745334148407, 0.1186227798461914, 0.04982757568359375, 0.06445837020874023 
886, 0.15491369366645813, 0.1107017993927002, 0.04769587516784668, 0.05864834785461426 
887, 0.1549530029296875, 0.1107780933380127, 0.04729056358337402, 0.05971026420593262 
888, 0.15499207377433777, 0.10884428024291992, 0.046309709548950195, 0.05868673324584961 
889, 0.15503095090389252, 0.10853028297424316, 0.04628872871398926, 0.05862879753112793 
890, 0.15506978332996368, 0.10873126983642578, 0.0464930534362793, 0.058542728424072266 
891, 0.15510842204093933, 0.10849976539611816, 0.046456336975097656, 0.0582578182220459 
892, 0.155146986246109, 0.1101987361907959, 0.04739642143249512, 0.05905747413635254 
893, 0.15518537163734436, 0.10697746276855469, 0.04592442512512207, 0.05716872215270996 
894, 0.15522360801696777, 0.10800051689147949, 0.04612112045288086, 0.05825448036193848 
895, 0.1552618443965912, 0.10731625556945801, 0.04561448097229004, 0.0581364631652832 
896, 0.15529987215995789, 0.10796976089477539, 0.046308279037475586, 0.05794882774353027 
897, 0.15533776581287384, 0.10920596122741699, 0.04639625549316406, 0.059003353118896484 
898, 0.15537557005882263, 0.11053657531738281, 0.04739022254943848, 0.05899667739868164 
899, 0.15541329979896545, 0.11204767227172852, 0.04737138748168945, 0.060278892517089844 
900, 0.15545077621936798, 0.11012578010559082, 0.047287940979003906, 0.05909132957458496 
901, 0.1554882824420929, 0.10731744766235352, 0.04612112045288086, 0.057602882385253906 
902, 0.15552553534507751, 0.10837173461914062, 0.04594850540161133, 0.05871391296386719 
903, 0.15556272864341736, 0.1093289852142334, 0.04677987098693848, 0.058727264404296875 
904, 0.1555997133255005, 0.10918164253234863, 0.046430349349975586, 0.059032440185546875 
905, 0.15563669800758362, 0.11026287078857422, 0.04749011993408203, 0.058923959732055664 
906, 0.1556735336780548, 0.11093306541442871, 0.047547340393066406, 0.059507131576538086 
907, 0.15571022033691406, 0.11223125457763672, 0.04758310317993164, 0.060765743255615234 
908, 0.15574678778648376, 0.11100125312805176, 0.04791736602783203, 0.0592503547668457 
909, 0.15578320622444153, 0.10898542404174805, 0.04703164100646973, 0.058049678802490234 
910, 0.15581952035427094, 0.10980725288391113, 0.04592394828796387, 0.05938601493835449 
911, 0.15585565567016602, 0.11039996147155762, 0.04725193977355957, 0.0591886043548584 
912, 0.1558918058872223, 0.11093544960021973, 0.04730057716369629, 0.05960679054260254 
913, 0.15592779219150543, 0.11044859886169434, 0.04651999473571777, 0.05983138084411621 
914, 0.15596362948417664, 0.10834288597106934, 0.046147823333740234, 0.058350324630737305 
915, 0.15599945187568665, 0.11340785026550293, 0.0477602481842041, 0.061110734939575195 
916, 0.1560349315404892, 0.11067557334899902, 0.047710418701171875, 0.05896329879760742 
917, 0.1560705155134201, 0.1097724437713623, 0.046849966049194336, 0.059111595153808594 
918, 0.15610575675964355, 0.10995745658874512, 0.046740055084228516, 0.059212446212768555 
919, 0.15614108741283417, 0.10937881469726562, 0.04696536064147949, 0.05851101875305176 
920, 0.15617626905441284, 0.11144423484802246, 0.04679298400878906, 0.06058049201965332 
921, 0.15621119737625122, 0.11070585250854492, 0.047454833984375, 0.05938243865966797 
922, 0.15624606609344482, 0.11005997657775879, 0.04764294624328613, 0.058606624603271484 
923, 0.15628093481063843, 0.11105680465698242, 0.0469667911529541, 0.06002068519592285 
924, 0.1563156247138977, 0.11130952835083008, 0.0468592643737793, 0.06005406379699707 
925, 0.15635007619857788, 0.11183834075927734, 0.04777860641479492, 0.05952167510986328 
926, 0.15638449788093567, 0.11226105690002441, 0.04704618453979492, 0.060758113861083984 
927, 0.15641877055168152, 0.1134343147277832, 0.048651933670043945, 0.06059408187866211 
928, 0.15645292401313782, 0.11206507682800293, 0.047945261001586914, 0.05999922752380371 
929, 0.15648701786994934, 0.1092989444732666, 0.04657340049743652, 0.05892014503479004 
930, 0.1565210521221161, 0.11331319808959961, 0.04753923416137695, 0.061153411865234375 
931, 0.15655487775802612, 0.11654901504516602, 0.04954671859741211, 0.06254220008850098 
932, 0.15658855438232422, 0.11336827278137207, 0.04781913757324219, 0.06067323684692383 
933, 0.15662220120429993, 0.11473369598388672, 0.048612117767333984, 0.061449527740478516 
934, 0.15665560960769653, 0.11525177955627441, 0.049228668212890625, 0.06105995178222656 
935, 0.15668907761573792, 0.1137697696685791, 0.04901266098022461, 0.06028008460998535 
936, 0.15672224760055542, 0.11227655410766602, 0.047814369201660156, 0.0602719783782959 
937, 0.15675541758537292, 0.11462593078613281, 0.04907631874084473, 0.06139421463012695 
938, 0.1567884385585785, 0.11711764335632324, 0.04854583740234375, 0.06392645835876465 
939, 0.15682144463062286, 0.11423707008361816, 0.04799365997314453, 0.06167435646057129 
940, 0.15685424208641052, 0.11475324630737305, 0.04863429069519043, 0.06150364875793457 
941, 0.15688687562942505, 0.11354446411132812, 0.04833626747131348, 0.06064915657043457 
942, 0.15691938996315002, 0.11204266548156738, 0.04830121994018555, 0.05997276306152344 
943, 0.1569518744945526, 0.11055731773376465, 0.04690885543823242, 0.059921979904174805 
944, 0.15698421001434326, 0.11070895195007324, 0.047087669372558594, 0.05911731719970703 
945, 0.15701644122600555, 0.10998845100402832, 0.04724478721618652, 0.05889153480529785 
946, 0.15704849362373352, 0.11354923248291016, 0.04816269874572754, 0.0611722469329834 
947, 0.15708056092262268, 0.1121518611907959, 0.047992706298828125, 0.06024980545043945 
948, 0.1571124792098999, 0.1120748519897461, 0.04708719253540039, 0.06042957305908203 
949, 0.1571442186832428, 0.11345911026000977, 0.04810190200805664, 0.06110072135925293 
950, 0.15717588365077972, 0.11156535148620605, 0.04752635955810547, 0.06019115447998047 
951, 0.1572074592113495, 0.11005830764770508, 0.04651689529418945, 0.05924844741821289 
952, 0.15723887085914612, 0.1114354133605957, 0.04727959632873535, 0.06000041961669922 
953, 0.15727025270462036, 0.11220788955688477, 0.04778480529785156, 0.06000018119812012 
954, 0.15730145573616028, 0.11490654945373535, 0.049120187759399414, 0.061283111572265625 
955, 0.1573326140642166, 0.11183714866638184, 0.04732656478881836, 0.06005358695983887 
956, 0.15736359357833862, 0.11186456680297852, 0.04788565635681152, 0.05990123748779297 
957, 0.1573943793773651, 0.11116194725036621, 0.04729938507080078, 0.060022830963134766 
958, 0.15742529928684235, 0.11057662963867188, 0.04772353172302246, 0.05893111228942871 
959, 0.15745669603347778, 0.11011624336242676, 0.04611611366271973, 0.06013369560241699 
960, 0.15748798847198486, 0.11101579666137695, 0.04701066017150879, 0.05999302864074707 
961, 0.15751925110816956, 0.11370635032653809, 0.048317909240722656, 0.060910701751708984 
962, 0.15755024552345276, 0.11462736129760742, 0.04928088188171387, 0.061057090759277344 
963, 0.15758121013641357, 0.11265063285827637, 0.04772162437438965, 0.0602264404296875 
964, 0.15761208534240723, 0.11061763763427734, 0.04740309715270996, 0.059497833251953125 
965, 0.15764278173446655, 0.10927844047546387, 0.046637535095214844, 0.05854988098144531 
966, 0.1576734185218811, 0.11162900924682617, 0.04671740531921387, 0.05997037887573242 
967, 0.15770386159420013, 0.1122293472290039, 0.04775094985961914, 0.060254573822021484 
968, 0.1577342450618744, 0.11232399940490723, 0.04775047302246094, 0.06032204627990723 
969, 0.15776461362838745, 0.11106133460998535, 0.04745936393737793, 0.05973672866821289 
970, 0.15779472887516022, 0.1103203296661377, 0.047219276428222656, 0.05950427055358887 
971, 0.1578248143196106, 0.10881233215332031, 0.04594564437866211, 0.058793067932128906 
972, 0.15785476565361023, 0.11021542549133301, 0.04682421684265137, 0.059265851974487305 
973, 0.15788467228412628, 0.10976576805114746, 0.046492576599121094, 0.05943703651428223 
974, 0.1579144299030304, 0.11015081405639648, 0.0470120906829834, 0.0593104362487793 
975, 0.157943993806839, 0.11385917663574219, 0.04775285720825195, 0.061539411544799805 
976, 0.15797346830368042, 0.11360669136047363, 0.04832005500793457, 0.061286211013793945 
977, 0.15800289809703827, 0.11048746109008789, 0.04731297492980957, 0.05952048301696777 
978, 0.15803226828575134, 0.11232423782348633, 0.047193050384521484, 0.06079411506652832 
979, 0.1580614149570465, 0.11278796195983887, 0.04802131652832031, 0.060173988342285156 
980, 0.1580905318260193, 0.1121823787689209, 0.04796028137207031, 0.06010246276855469 
981, 0.1581195443868637, 0.11126351356506348, 0.04694318771362305, 0.06023812294006348 
982, 0.1581483781337738, 0.11069869995117188, 0.047142982482910156, 0.059267282485961914 
983, 0.15817716717720032, 0.10963273048400879, 0.04680657386779785, 0.05894613265991211 
984, 0.1582057774066925, 0.10922503471374512, 0.04665517807006836, 0.05868268013000488 
985, 0.15823429822921753, 0.10927319526672363, 0.0462336540222168, 0.05930137634277344 
986, 0.15826283395290375, 0.1114797592163086, 0.0470428466796875, 0.06030702590942383 
987, 0.15829117596149445, 0.11119890213012695, 0.047333478927612305, 0.059804677963256836 
988, 0.1583193838596344, 0.11444759368896484, 0.04816842079162598, 0.06182527542114258 
989, 0.15834754705429077, 0.1136324405670166, 0.04863333702087402, 0.06087446212768555 
990, 0.1583755612373352, 0.11318588256835938, 0.04786419868469238, 0.06086134910583496 
991, 0.15840347111225128, 0.11357307434082031, 0.04887700080871582, 0.06063580513000488 
992, 0.158431276679039, 0.11705231666564941, 0.04922795295715332, 0.06284546852111816 
993, 0.15845897793769836, 0.11552047729492188, 0.04890584945678711, 0.062050580978393555 
994, 0.15848661959171295, 0.11478686332702637, 0.04863309860229492, 0.06161165237426758 
995, 0.15851415693759918, 0.11433172225952148, 0.04878735542297363, 0.06089639663696289 
996, 0.15854161977767944, 0.1146855354309082, 0.04867219924926758, 0.061463117599487305 
997, 0.15856873989105225, 0.1095583438873291, 0.046764373779296875, 0.058924198150634766 
998, 0.1585959792137146, 0.1094052791595459, 0.046544790267944336, 0.058763980865478516 
999, 0.1586231291294098, 0.11150217056274414, 0.04714179039001465, 0.060506343841552734 
