Iteration, loss, time 
0, 1.043175458908081, 0.1447439193725586, 0.08792805671691895, 0.05106329917907715 
1, 1.0119059085845947, 0.1006307601928711, 0.047103166580200195, 0.04967856407165527 
2, 0.9814599752426147, 0.09809565544128418, 0.04523468017578125, 0.049292802810668945 
3, 0.9518663287162781, 0.09656810760498047, 0.04455924034118652, 0.04835629463195801 
4, 0.9231501221656799, 0.09820103645324707, 0.04512476921081543, 0.04944586753845215 
5, 0.8953304886817932, 0.09930753707885742, 0.04513955116271973, 0.050444841384887695 
6, 0.8684296607971191, 0.09801077842712402, 0.04459381103515625, 0.04961228370666504 
7, 0.8424625396728516, 0.09885215759277344, 0.04575967788696289, 0.049558162689208984 
8, 0.8174370527267456, 0.09826087951660156, 0.04554939270019531, 0.04903244972229004 
9, 0.7933613061904907, 0.0969705581665039, 0.04444432258605957, 0.0491490364074707 
10, 0.7702417969703674, 0.09718489646911621, 0.04437422752380371, 0.04937338829040527 
11, 0.7480761408805847, 0.09660100936889648, 0.04494905471801758, 0.04830026626586914 
12, 0.7268624901771545, 0.09637451171875, 0.044275760650634766, 0.048632144927978516 
13, 0.7065919637680054, 0.09715533256530762, 0.044921159744262695, 0.04874682426452637 
14, 0.6872568130493164, 0.0976569652557373, 0.04514479637145996, 0.04887986183166504 
15, 0.6688416004180908, 0.09783935546875, 0.04513716697692871, 0.0491945743560791 
16, 0.6513303518295288, 0.09951233863830566, 0.04581022262573242, 0.05002236366271973 
17, 0.6347035765647888, 0.0977942943572998, 0.04545783996582031, 0.048757076263427734 
18, 0.6189401149749756, 0.09700250625610352, 0.04501914978027344, 0.048395395278930664 
19, 0.6040164828300476, 0.0970616340637207, 0.044644832611083984, 0.04897427558898926 
20, 0.589908242225647, 0.09718012809753418, 0.04495382308959961, 0.04889416694641113 
21, 0.5765856504440308, 0.09735655784606934, 0.04471111297607422, 0.04898214340209961 
22, 0.5640239119529724, 0.09730863571166992, 0.04507017135620117, 0.04858589172363281 
23, 0.5521917343139648, 0.09971928596496582, 0.046353816986083984, 0.049652099609375 
24, 0.5410588979721069, 0.09845495223999023, 0.045540571212768555, 0.04917716979980469 
25, 0.5305963158607483, 0.0978689193725586, 0.04511570930480957, 0.04897713661193848 
26, 0.5207728743553162, 0.09715962409973145, 0.044858455657958984, 0.048744916915893555 
27, 0.5115578770637512, 0.09766602516174316, 0.04506325721740723, 0.04908013343811035 
28, 0.502921462059021, 0.09757065773010254, 0.04471254348754883, 0.04947233200073242 
29, 0.49483299255371094, 0.09714269638061523, 0.045049428939819336, 0.04862475395202637 
30, 0.4872637391090393, 0.0969841480255127, 0.04452323913574219, 0.048865318298339844 
31, 0.48018431663513184, 0.09878683090209961, 0.04589128494262695, 0.04925417900085449 
32, 0.47356802225112915, 0.09756660461425781, 0.04510617256164551, 0.048666954040527344 
33, 0.4673866331577301, 0.0969839096069336, 0.04495716094970703, 0.04857444763183594 
34, 0.4616146683692932, 0.0976572036743164, 0.044760942459106445, 0.04945063591003418 
35, 0.4562276601791382, 0.09699797630310059, 0.044625282287597656, 0.04895758628845215 
36, 0.45120033621788025, 0.09775424003601074, 0.04486846923828125, 0.04932522773742676 
37, 0.4465107321739197, 0.09763264656066895, 0.044718265533447266, 0.04938697814941406 
38, 0.4421371817588806, 0.09622550010681152, 0.04475545883178711, 0.04815530776977539 
39, 0.4380583167076111, 0.09852957725524902, 0.04508352279663086, 0.049770355224609375 
40, 0.43425488471984863, 0.09841322898864746, 0.04586672782897949, 0.04907059669494629 
41, 0.4307088255882263, 0.09815359115600586, 0.04518532752990723, 0.04908108711242676 
42, 0.42740264534950256, 0.09887266159057617, 0.04578208923339844, 0.049279212951660156 
43, 0.4243195056915283, 0.0977778434753418, 0.045691728591918945, 0.04854178428649902 
44, 0.4214439392089844, 0.09723186492919922, 0.045229196548461914, 0.048441171646118164 
45, 0.41876208782196045, 0.09775996208190918, 0.04489421844482422, 0.049358367919921875 
46, 0.41625988483428955, 0.09901642799377441, 0.04603910446166992, 0.04946541786193848 
47, 0.4139254689216614, 0.10210442543029785, 0.046425580978393555, 0.05159258842468262 
48, 0.4117465615272522, 0.10098075866699219, 0.04658102989196777, 0.05051994323730469 
49, 0.4097120761871338, 0.09984850883483887, 0.045984745025634766, 0.04992246627807617 
50, 0.40781161189079285, 0.09934735298156738, 0.04584336280822754, 0.04951071739196777 
51, 0.4060364067554474, 0.09975147247314453, 0.045972347259521484, 0.04987525939941406 
52, 0.404376745223999, 0.0976417064666748, 0.045214176177978516, 0.048448801040649414 
53, 0.4028250575065613, 0.09971952438354492, 0.045981407165527344, 0.049979209899902344 
54, 0.4013736844062805, 0.10117292404174805, 0.04651212692260742, 0.050950050354003906 
55, 0.40001505613327026, 0.10032415390014648, 0.04608345031738281, 0.050099849700927734 
56, 0.3987427055835724, 0.10176873207092285, 0.046956777572631836, 0.05096721649169922 
57, 0.39755088090896606, 0.09960126876831055, 0.046341657638549805, 0.04963517189025879 
58, 0.3964340090751648, 0.09749746322631836, 0.04535698890686035, 0.04851531982421875 
59, 0.3953859806060791, 0.09781956672668457, 0.04519987106323242, 0.049082040786743164 
60, 0.394403338432312, 0.09769177436828613, 0.04539680480957031, 0.04861307144165039 
61, 0.3934803605079651, 0.09842157363891602, 0.04535555839538574, 0.049472808837890625 
62, 0.39261364936828613, 0.09922623634338379, 0.04587101936340332, 0.049774885177612305 
63, 0.39179879426956177, 0.09962821006774902, 0.0457453727722168, 0.05006909370422363 
64, 0.3910330832004547, 0.09964942932128906, 0.045822858810424805, 0.05023527145385742 
65, 0.3903123140335083, 0.09939169883728027, 0.045935630798339844, 0.04962348937988281 
66, 0.38963380455970764, 0.09842705726623535, 0.045412540435791016, 0.04933571815490723 
67, 0.38899484276771545, 0.09806704521179199, 0.04574012756347656, 0.04884529113769531 
68, 0.38839292526245117, 0.0972752571105957, 0.04493403434753418, 0.04882645606994629 
69, 0.3878253102302551, 0.0954446792602539, 0.044701576232910156, 0.04730701446533203 
70, 0.38728994131088257, 0.09700417518615723, 0.045092105865478516, 0.04840707778930664 
71, 0.38678455352783203, 0.09847736358642578, 0.045445919036865234, 0.04923391342163086 
72, 0.3863075375556946, 0.09834647178649902, 0.04601597785949707, 0.04861807823181152 
73, 0.3858567178249359, 0.09931397438049316, 0.04590797424316406, 0.04974246025085449 
74, 0.3854309618473053, 0.09786868095397949, 0.04510045051574707, 0.04887557029724121 
75, 0.3851396441459656, 0.0994112491607666, 0.044841766357421875, 0.050553083419799805 
76, 0.38525646924972534, 0.09959959983825684, 0.04510784149169922, 0.05089521408081055 
77, 0.3853709101676941, 0.09960770606994629, 0.045249223709106445, 0.05088543891906738 
78, 0.38548290729522705, 0.0992438793182373, 0.044968605041503906, 0.05074357986450195 
79, 0.3855926990509033, 0.09995388984680176, 0.04513859748840332, 0.051461219787597656 
80, 0.3857002258300781, 0.09928178787231445, 0.04476666450500488, 0.05092334747314453 
81, 0.3858058452606201, 0.09959769248962402, 0.045461416244506836, 0.0507509708404541 
82, 0.3859097361564636, 0.09944486618041992, 0.045052289962768555, 0.050726890563964844 
83, 0.3860117793083191, 0.0996541976928711, 0.045526981353759766, 0.050459861755371094 
84, 0.38611215353012085, 0.09965300559997559, 0.044992923736572266, 0.05117034912109375 
85, 0.3862110376358032, 0.0984797477722168, 0.04491472244262695, 0.050051212310791016 
86, 0.3863084316253662, 0.09955096244812012, 0.04528450965881348, 0.05051302909851074 
87, 0.3864046037197113, 0.1001124382019043, 0.045844078063964844, 0.05071449279785156 
88, 0.38649922609329224, 0.1017005443572998, 0.0454859733581543, 0.05225992202758789 
89, 0.38659292459487915, 0.09967851638793945, 0.04517674446105957, 0.05090951919555664 
90, 0.3866305947303772, 0.10018444061279297, 0.04512381553649902, 0.05150246620178223 
91, 0.38580068945884705, 0.0992727279663086, 0.044431447982788086, 0.05111122131347656 
92, 0.3849911391735077, 0.09884405136108398, 0.0447087287902832, 0.05062389373779297 
93, 0.38420096039772034, 0.09912228584289551, 0.04511594772338867, 0.050478219985961914 
94, 0.3834298253059387, 0.09889841079711914, 0.044768333435058594, 0.05083727836608887 
95, 0.3826771080493927, 0.10075664520263672, 0.044851064682006836, 0.052396297454833984 
96, 0.3819422721862793, 0.10109925270080566, 0.045731544494628906, 0.0518341064453125 
97, 0.38159430027008057, 0.0998072624206543, 0.04538393020629883, 0.05084490776062012 
98, 0.38139650225639343, 0.0993039608001709, 0.044959068298339844, 0.05088019371032715 
99, 0.38120853900909424, 0.09937238693237305, 0.04461812973022461, 0.05145406723022461 
100, 0.3810300827026367, 0.09863090515136719, 0.04452037811279297, 0.05076861381530762 
101, 0.3808610439300537, 0.09953594207763672, 0.04484248161315918, 0.05130505561828613 
102, 0.38070112466812134, 0.10028576850891113, 0.04457235336303711, 0.05194401741027832 
103, 0.38055020570755005, 0.1009979248046875, 0.046392202377319336, 0.0511469841003418 
104, 0.3804081380367279, 0.10084009170532227, 0.04494833946228027, 0.0522303581237793 
105, 0.3802744746208191, 0.10131049156188965, 0.04615306854248047, 0.051752328872680664 
106, 0.380149245262146, 0.0997319221496582, 0.04485130310058594, 0.051572322845458984 
107, 0.3800319731235504, 0.09906220436096191, 0.04404115676879883, 0.05153512954711914 
108, 0.3799283802509308, 0.1007390022277832, 0.044911861419677734, 0.05220508575439453 
109, 0.37983429431915283, 0.10010671615600586, 0.044905900955200195, 0.05173087120056152 
110, 0.37974584102630615, 0.1006321907043457, 0.04546999931335449, 0.051576852798461914 
111, 0.3796631693840027, 0.10124969482421875, 0.0458221435546875, 0.05167365074157715 
112, 0.3795863389968872, 0.10207200050354004, 0.04506826400756836, 0.05308341979980469 
113, 0.37951505184173584, 0.10385656356811523, 0.047226667404174805, 0.0529630184173584 
114, 0.37931913137435913, 0.10236501693725586, 0.045923709869384766, 0.05254173278808594 
115, 0.37880390882492065, 0.10345077514648438, 0.04578423500061035, 0.053148508071899414 
116, 0.3782963156700134, 0.10395407676696777, 0.04702568054199219, 0.05326676368713379 
117, 0.3777962923049927, 0.10175013542175293, 0.045836448669433594, 0.052385807037353516 
118, 0.3773040175437927, 0.10248017311096191, 0.045453548431396484, 0.052730560302734375 
119, 0.37674999237060547, 0.10492372512817383, 0.04672503471374512, 0.05436253547668457 
120, 0.37610509991645813, 0.10285425186157227, 0.0451815128326416, 0.05365443229675293 
121, 0.37546831369400024, 0.10485172271728516, 0.04696083068847656, 0.053985595703125 
122, 0.3748399615287781, 0.10281634330749512, 0.046697139739990234, 0.052335262298583984 
123, 0.3741550147533417, 0.10128545761108398, 0.04541444778442383, 0.052346229553222656 
124, 0.3734513521194458, 0.10021519660949707, 0.04489707946777344, 0.05194211006164551 
125, 0.3727574348449707, 0.10074830055236816, 0.04555678367614746, 0.0517885684967041 
126, 0.3720730245113373, 0.10065746307373047, 0.044716835021972656, 0.05242633819580078 
127, 0.3713985085487366, 0.10288572311401367, 0.045554161071777344, 0.05352282524108887 
128, 0.3707335591316223, 0.10274767875671387, 0.04620003700256348, 0.05271100997924805 
129, 0.3700783848762512, 0.10228252410888672, 0.045639991760253906, 0.05304431915283203 
130, 0.3694329261779785, 0.10201263427734375, 0.04592251777648926, 0.05239415168762207 
131, 0.3687971830368042, 0.10250520706176758, 0.0457308292388916, 0.05303621292114258 
132, 0.36817115545272827, 0.10270452499389648, 0.04613161087036133, 0.05296134948730469 
133, 0.3675547242164612, 0.1013636589050293, 0.04543781280517578, 0.052378177642822266 
134, 0.3669480085372925, 0.10222625732421875, 0.045597076416015625, 0.05303311347961426 
135, 0.3663509488105774, 0.1034536361694336, 0.04556417465209961, 0.05408072471618652 
136, 0.36576366424560547, 0.10454130172729492, 0.046654462814331055, 0.05411887168884277 
137, 0.3651859164237976, 0.10297107696533203, 0.04632067680358887, 0.05291008949279785 
138, 0.3646177649497986, 0.10263395309448242, 0.04561948776245117, 0.05293846130371094 
139, 0.364059180021286, 0.10234999656677246, 0.04613232612609863, 0.05265688896179199 
140, 0.36351025104522705, 0.10195040702819824, 0.04556417465209961, 0.052704572677612305 
141, 0.3629706799983978, 0.10200762748718262, 0.04607701301574707, 0.05237865447998047 
142, 0.36244064569473267, 0.10234951972961426, 0.04611921310424805, 0.0525212287902832 
143, 0.3619200587272644, 0.10226821899414062, 0.0453646183013916, 0.05322599411010742 
144, 0.36140888929367065, 0.10243654251098633, 0.045794010162353516, 0.05307197570800781 
145, 0.3609068989753723, 0.10155820846557617, 0.04555368423461914, 0.052362918853759766 
146, 0.36041420698165894, 0.10129189491271973, 0.04554891586303711, 0.05220150947570801 
147, 0.3599308133125305, 0.10228824615478516, 0.045473337173461914, 0.053324222564697266 
148, 0.35945653915405273, 0.10306143760681152, 0.04544520378112793, 0.05361223220825195 
149, 0.35899126529693604, 0.10493016242980957, 0.04692697525024414, 0.05402970314025879 
150, 0.35849249362945557, 0.10422086715698242, 0.046677350997924805, 0.053653717041015625 
151, 0.35793671011924744, 0.10369133949279785, 0.04653787612915039, 0.05335736274719238 
152, 0.3573911786079407, 0.1047523021697998, 0.046349287033081055, 0.05461931228637695 
153, 0.356855571269989, 0.10358285903930664, 0.0466923713684082, 0.053232431411743164 
154, 0.3562735915184021, 0.10283708572387695, 0.04581260681152344, 0.05309009552001953 
155, 0.35569125413894653, 0.10216856002807617, 0.04554867744445801, 0.05292391777038574 
156, 0.35511887073516846, 0.10248422622680664, 0.04586052894592285, 0.05302882194519043 
157, 0.35455647110939026, 0.10204458236694336, 0.04550600051879883, 0.05287623405456543 
158, 0.35400381684303284, 0.1028292179107666, 0.04596519470214844, 0.053267717361450195 
159, 0.35346096754074097, 0.10422372817993164, 0.04602813720703125, 0.05446434020996094 
160, 0.35256731510162354, 0.10402250289916992, 0.0454096794128418, 0.054653167724609375 
161, 0.35153406858444214, 0.10649967193603516, 0.04795336723327637, 0.05480456352233887 
162, 0.3505138158798218, 0.10312771797180176, 0.045866966247558594, 0.05339169502258301 
163, 0.3495061993598938, 0.10335183143615723, 0.045737266540527344, 0.05391263961791992 
164, 0.3485109210014343, 0.10393023490905762, 0.04618978500366211, 0.053971290588378906 
165, 0.34752798080444336, 0.10382819175720215, 0.04617500305175781, 0.05371403694152832 
166, 0.34655705094337463, 0.10437560081481934, 0.046050071716308594, 0.05456686019897461 
167, 0.3455979824066162, 0.1032404899597168, 0.04620051383972168, 0.05349564552307129 
168, 0.3446507751941681, 0.10332131385803223, 0.04566049575805664, 0.05372953414916992 
169, 0.34371501207351685, 0.10521793365478516, 0.047121524810791016, 0.05438995361328125 
170, 0.34279078245162964, 0.10333991050720215, 0.04562950134277344, 0.053812503814697266 
171, 0.34187787771224976, 0.10383820533752441, 0.04595327377319336, 0.05391645431518555 
172, 0.3409760594367981, 0.10469198226928711, 0.04608941078186035, 0.05429649353027344 
173, 0.3401062488555908, 0.10711956024169922, 0.04876089096069336, 0.05452322959899902 
174, 0.3392290472984314, 0.10736370086669922, 0.04855632781982422, 0.05489492416381836 
175, 0.33836302161216736, 0.10869359970092773, 0.04961276054382324, 0.055167436599731445 
176, 0.3375079929828644, 0.10812497138977051, 0.04893636703491211, 0.0553286075592041 
177, 0.3366638422012329, 0.10779690742492676, 0.04921388626098633, 0.05471158027648926 
178, 0.3358307182788849, 0.10887551307678223, 0.04971885681152344, 0.05532360076904297 
179, 0.33500832319259644, 0.10825967788696289, 0.04972481727600098, 0.0543975830078125 
180, 0.3341965675354004, 0.10787153244018555, 0.04870200157165527, 0.055188655853271484 
181, 0.33339548110961914, 0.10852503776550293, 0.04869842529296875, 0.055670976638793945 
182, 0.3326049745082855, 0.1087031364440918, 0.04954934120178223, 0.05547809600830078 
183, 0.33182477951049805, 0.10847616195678711, 0.04993152618408203, 0.05436205863952637 
184, 0.33105507493019104, 0.10907793045043945, 0.049202680587768555, 0.05587482452392578 
185, 0.330295592546463, 0.1061697006225586, 0.04855084419250488, 0.05376267433166504 
186, 0.32954642176628113, 0.10657715797424316, 0.04868578910827637, 0.053858041763305664 
187, 0.3288195729255676, 0.10745763778686523, 0.04889798164367676, 0.054436445236206055 
188, 0.3281053304672241, 0.1096503734588623, 0.04877066612243652, 0.05659031867980957 
189, 0.3274003863334656, 0.10679197311401367, 0.049007415771484375, 0.05407357215881348 
190, 0.3267049193382263, 0.10813570022583008, 0.04876089096069336, 0.05544257164001465 
191, 0.32601872086524963, 0.10797238349914551, 0.0494384765625, 0.054551124572753906 
192, 0.32534173130989075, 0.10673356056213379, 0.048650264739990234, 0.05444836616516113 
193, 0.32467395067214966, 0.10607361793518066, 0.04788708686828613, 0.054071664810180664 
194, 0.32401514053344727, 0.10647821426391602, 0.048584938049316406, 0.05397510528564453 
195, 0.32336533069610596, 0.10629677772521973, 0.048069000244140625, 0.05455350875854492 
196, 0.32272446155548096, 0.10610079765319824, 0.04795980453491211, 0.054392337799072266 
197, 0.3220924735069275, 0.10640358924865723, 0.04861116409301758, 0.05421757698059082 
198, 0.32146909832954407, 0.1064305305480957, 0.04795956611633301, 0.0547184944152832 
199, 0.3207460343837738, 0.10846972465515137, 0.04903864860534668, 0.05554795265197754 
200, 0.31999555230140686, 0.10738992691040039, 0.048703670501708984, 0.05491328239440918 
201, 0.3192555904388428, 0.10643219947814941, 0.0482630729675293, 0.05439901351928711 
202, 0.31852611899375916, 0.10608267784118652, 0.047858238220214844, 0.05437064170837402 
203, 0.3178068995475769, 0.10609197616577148, 0.04828381538391113, 0.05425119400024414 
204, 0.317097932100296, 0.10608649253845215, 0.04832887649536133, 0.05409383773803711 
205, 0.31631869077682495, 0.10617756843566895, 0.048456668853759766, 0.0540614128112793 
206, 0.31530994176864624, 0.10598063468933105, 0.04792666435241699, 0.05445265769958496 
207, 0.3143136501312256, 0.10611557960510254, 0.04805636405944824, 0.05449628829956055 
208, 0.3133300542831421, 0.10561823844909668, 0.04793429374694824, 0.05401039123535156 
209, 0.31235870718955994, 0.10539817810058594, 0.04767417907714844, 0.05420804023742676 
210, 0.3113994598388672, 0.1061241626739502, 0.047326087951660156, 0.05498552322387695 
211, 0.31041985750198364, 0.10674262046813965, 0.04863405227661133, 0.0545804500579834 
212, 0.3094022274017334, 0.10652589797973633, 0.04814457893371582, 0.05458664894104004 
213, 0.30839651823043823, 0.10608959197998047, 0.048187255859375, 0.05436301231384277 
214, 0.3074028491973877, 0.10613059997558594, 0.047797203063964844, 0.05455946922302246 
215, 0.30642104148864746, 0.10837650299072266, 0.049070119857788086, 0.05560111999511719 
216, 0.305466890335083, 0.10643577575683594, 0.04821133613586426, 0.0545802116394043 
217, 0.30456024408340454, 0.10688424110412598, 0.048224687576293945, 0.05459189414978027 
218, 0.3036642074584961, 0.1074824333190918, 0.04823589324951172, 0.055548667907714844 
219, 0.30277854204177856, 0.10706758499145508, 0.04808640480041504, 0.055233001708984375 
220, 0.3019031882286072, 0.10645699501037598, 0.047611236572265625, 0.055132389068603516 
221, 0.3010380268096924, 0.10703754425048828, 0.04850363731384277, 0.05492091178894043 
222, 0.30018287897109985, 0.10693168640136719, 0.04820513725280762, 0.05467534065246582 
223, 0.2993376851081848, 0.1075441837310791, 0.0481877326965332, 0.05561351776123047 
224, 0.2985021770000458, 0.10700464248657227, 0.04773592948913574, 0.05563664436340332 
225, 0.2976763844490051, 0.10743069648742676, 0.04804253578186035, 0.05517005920410156 
226, 0.2968602180480957, 0.10541987419128418, 0.04807424545288086, 0.05407285690307617 
227, 0.2960534393787384, 0.10503292083740234, 0.04706168174743652, 0.054245710372924805 
228, 0.29525601863861084, 0.10647010803222656, 0.04853415489196777, 0.05440783500671387 
229, 0.29446783661842346, 0.10613751411437988, 0.04744434356689453, 0.05491995811462402 
230, 0.29368874430656433, 0.1073143482208252, 0.04834461212158203, 0.05546736717224121 
231, 0.2929188013076782, 0.10665297508239746, 0.0482327938079834, 0.05452370643615723 
232, 0.2921578884124756, 0.10586285591125488, 0.047670841217041016, 0.0547480583190918 
233, 0.29140570759773254, 0.10789823532104492, 0.04835844039916992, 0.05549907684326172 
234, 0.2906624376773834, 0.1099998950958252, 0.04997682571411133, 0.05615544319152832 
235, 0.28992778062820435, 0.10769963264465332, 0.04829978942871094, 0.055593252182006836 
236, 0.2892017960548401, 0.10868501663208008, 0.048529624938964844, 0.056438446044921875 
237, 0.2884843349456787, 0.10797667503356934, 0.04869866371154785, 0.05549502372741699 
238, 0.28777533769607544, 0.1089470386505127, 0.049259185791015625, 0.055901527404785156 
239, 0.2871687114238739, 0.11010193824768066, 0.04886913299560547, 0.05710482597351074 
240, 0.28658127784729004, 0.10939502716064453, 0.04905200004577637, 0.05649304389953613 
241, 0.2860007882118225, 0.10889863967895508, 0.04886460304260254, 0.056307077407836914 
242, 0.28542715311050415, 0.10813426971435547, 0.049039363861083984, 0.0554051399230957 
243, 0.2848603427410126, 0.1085662841796875, 0.048354148864746094, 0.05645132064819336 
244, 0.2843003273010254, 0.10753107070922852, 0.048148155212402344, 0.055635929107666016 
245, 0.2837468981742859, 0.10853743553161621, 0.04906296730041504, 0.05570244789123535 
246, 0.28320005536079407, 0.10832691192626953, 0.048662424087524414, 0.05571913719177246 
247, 0.2826597988605499, 0.10793876647949219, 0.04836773872375488, 0.05577993392944336 
248, 0.2821258008480072, 0.10861086845397949, 0.049277544021606445, 0.0555577278137207 
249, 0.2815983295440674, 0.10864543914794922, 0.04897308349609375, 0.05611300468444824 
250, 0.2810770869255066, 0.10770511627197266, 0.048568010330200195, 0.055521488189697266 
251, 0.28056204319000244, 0.10741138458251953, 0.04902315139770508, 0.05475664138793945 
252, 0.2800530791282654, 0.10640096664428711, 0.0478057861328125, 0.0549159049987793 
253, 0.27955034375190735, 0.10694003105163574, 0.0481572151184082, 0.054590702056884766 
254, 0.27906787395477295, 0.10896944999694824, 0.04995989799499512, 0.055448293685913086 
255, 0.2786332964897156, 0.10755419731140137, 0.04778456687927246, 0.05611610412597656 
256, 0.2782162129878998, 0.10724663734436035, 0.04803156852722168, 0.055635929107666016 
257, 0.27780452370643616, 0.1071772575378418, 0.048563241958618164, 0.05506181716918945 
258, 0.2773723304271698, 0.10759830474853516, 0.04856586456298828, 0.05554819107055664 
259, 0.2769126892089844, 0.10779380798339844, 0.048098087310791016, 0.05599808692932129 
260, 0.27646276354789734, 0.10849905014038086, 0.048754215240478516, 0.05608987808227539 
261, 0.27602049708366394, 0.10760140419006348, 0.04783892631530762, 0.05623364448547363 
262, 0.2755838930606842, 0.10709238052368164, 0.04755806922912598, 0.055947065353393555 
263, 0.2751525640487671, 0.10787677764892578, 0.048975229263305664, 0.05526566505432129 
264, 0.2747266888618469, 0.10725975036621094, 0.04790759086608887, 0.05565667152404785 
265, 0.27430593967437744, 0.10734915733337402, 0.04796743392944336, 0.05590677261352539 
266, 0.2738904654979706, 0.10705184936523438, 0.048131465911865234, 0.05535459518432617 
267, 0.2734924256801605, 0.10909557342529297, 0.05018877983093262, 0.05544304847717285 
268, 0.2730875611305237, 0.11011505126953125, 0.05053424835205078, 0.05579733848571777 
269, 0.2726876735687256, 0.1096799373626709, 0.05023813247680664, 0.05580544471740723 
270, 0.27229276299476624, 0.11069297790527344, 0.05111837387084961, 0.055878639221191406 
271, 0.27190276980400085, 0.10956287384033203, 0.050504207611083984, 0.05577254295349121 
272, 0.27151769399642944, 0.11009693145751953, 0.05023670196533203, 0.05636858940124512 
273, 0.2711372971534729, 0.10927200317382812, 0.0504307746887207, 0.0553586483001709 
274, 0.27076178789138794, 0.10962820053100586, 0.049547433853149414, 0.05646657943725586 
275, 0.2703908383846283, 0.10982513427734375, 0.050730228424072266, 0.05519819259643555 
276, 0.2700245678424835, 0.10962605476379395, 0.05090594291687012, 0.05524730682373047 
277, 0.2696627676486969, 0.11020994186401367, 0.05029416084289551, 0.05647730827331543 
278, 0.26930558681488037, 0.1092982292175293, 0.050177574157714844, 0.05557584762573242 
279, 0.2689528465270996, 0.10866355895996094, 0.04995226860046387, 0.05497431755065918 
280, 0.268604576587677, 0.11031270027160645, 0.05031752586364746, 0.05640721321105957 
281, 0.2682481110095978, 0.10681319236755371, 0.048281192779541016, 0.05487799644470215 
282, 0.26790887117385864, 0.10798382759094238, 0.048107147216796875, 0.05629992485046387 
283, 0.2675740718841553, 0.10660171508789062, 0.047528743743896484, 0.05555987358093262 
284, 0.26724353432655334, 0.10785841941833496, 0.04790496826171875, 0.056159257888793945 
285, 0.26691728830337524, 0.10727357864379883, 0.047987937927246094, 0.05589175224304199 
286, 0.2665953040122986, 0.10721635818481445, 0.04755115509033203, 0.056052446365356445 
287, 0.26627740263938904, 0.10808014869689941, 0.048246145248413086, 0.05617475509643555 
288, 0.26599135994911194, 0.10922646522521973, 0.0478053092956543, 0.05725288391113281 
289, 0.2657127380371094, 0.1105644702911377, 0.04995298385620117, 0.056916236877441406 
290, 0.2654492259025574, 0.11205744743347168, 0.048567771911621094, 0.05762290954589844 
291, 0.26527851819992065, 0.11117982864379883, 0.048371315002441406, 0.05866360664367676 
292, 0.26511049270629883, 0.11116266250610352, 0.0497286319732666, 0.057837724685668945 
293, 0.2649451494216919, 0.1105501651763916, 0.04931473731994629, 0.05767631530761719 
294, 0.2647824287414551, 0.11054849624633789, 0.04932737350463867, 0.05724930763244629 
295, 0.26462236046791077, 0.11106610298156738, 0.04901409149169922, 0.05819511413574219 
296, 0.2644649147987366, 0.1107175350189209, 0.04867887496948242, 0.05817461013793945 
297, 0.2643098831176758, 0.11092853546142578, 0.04958367347717285, 0.057473182678222656 
298, 0.2641574740409851, 0.11074614524841309, 0.049137115478515625, 0.057836055755615234 
299, 0.26400747895240784, 0.11140561103820801, 0.049231529235839844, 0.05809974670410156 
300, 0.2638598680496216, 0.11125755310058594, 0.04936790466308594, 0.058197021484375 
301, 0.26371467113494873, 0.10946512222290039, 0.04877877235412598, 0.05696582794189453 
302, 0.26357197761535645, 0.10905075073242188, 0.04854154586791992, 0.056864261627197266 
303, 0.26343151926994324, 0.10904288291931152, 0.04785895347595215, 0.057444095611572266 
304, 0.2632932662963867, 0.11064529418945312, 0.049251556396484375, 0.057793378829956055 
305, 0.2631574869155884, 0.10956788063049316, 0.04857468605041504, 0.05727815628051758 
306, 0.26302385330200195, 0.11074352264404297, 0.04854106903076172, 0.05852627754211426 
307, 0.2628925144672394, 0.11066675186157227, 0.04940509796142578, 0.05742001533508301 
308, 0.2627633810043335, 0.10961794853210449, 0.04857826232910156, 0.05734729766845703 
309, 0.2626363933086395, 0.10938143730163574, 0.048430681228637695, 0.05710172653198242 
310, 0.2625114619731903, 0.10753083229064941, 0.048154592514038086, 0.05591392517089844 
311, 0.2623887062072754, 0.10786223411560059, 0.04775595664978027, 0.056447505950927734 
312, 0.2622680366039276, 0.10809516906738281, 0.04767179489135742, 0.05690813064575195 
313, 0.262149453163147, 0.10700583457946777, 0.04718422889709473, 0.05601191520690918 
314, 0.2620328962802887, 0.10877442359924316, 0.04861021041870117, 0.056340932846069336 
315, 0.261918306350708, 0.10795903205871582, 0.0487217903137207, 0.05568957328796387 
316, 0.2618056833744049, 0.10786628723144531, 0.047888755798339844, 0.05633187294006348 
317, 0.2616949677467346, 0.10803532600402832, 0.04778313636779785, 0.05682253837585449 
318, 0.2615862190723419, 0.11074137687683105, 0.04840803146362305, 0.05884122848510742 
319, 0.26147937774658203, 0.10875487327575684, 0.0484311580657959, 0.05678749084472656 
320, 0.2613760232925415, 0.10786175727844238, 0.04847836494445801, 0.05588126182556152 
321, 0.2612770199775696, 0.10695171356201172, 0.04751873016357422, 0.05571579933166504 
322, 0.2611801326274872, 0.10652828216552734, 0.0476078987121582, 0.05537867546081543 
323, 0.2610848844051361, 0.10642814636230469, 0.04767966270446777, 0.055240631103515625 
324, 0.2609916031360626, 0.1076502799987793, 0.04795718193054199, 0.05597829818725586 
325, 0.26090008020401, 0.10784673690795898, 0.0489201545715332, 0.055309295654296875 
326, 0.26081016659736633, 0.10725569725036621, 0.04777884483337402, 0.05602002143859863 
327, 0.26072216033935547, 0.11262822151184082, 0.04789876937866211, 0.06124615669250488 
328, 0.2606358230113983, 0.10716962814331055, 0.04807615280151367, 0.05538058280944824 
329, 0.26055124402046204, 0.10760831832885742, 0.048201799392700195, 0.05569958686828613 
330, 0.2604682445526123, 0.10783839225769043, 0.04863333702087402, 0.05568218231201172 
331, 0.26037731766700745, 0.10639595985412598, 0.04731321334838867, 0.05526304244995117 
332, 0.2602827250957489, 0.10796165466308594, 0.04831361770629883, 0.05629253387451172 
333, 0.2601899206638336, 0.10775947570800781, 0.04717254638671875, 0.05688810348510742 
334, 0.260098934173584, 0.1076364517211914, 0.04795217514038086, 0.05597662925720215 
335, 0.2600097358226776, 0.10766029357910156, 0.04830002784729004, 0.05563998222351074 
336, 0.2599221467971802, 0.10785794258117676, 0.04845428466796875, 0.05540609359741211 
337, 0.25983643531799316, 0.10773897171020508, 0.04806089401245117, 0.05611872673034668 
338, 0.2597523629665375, 0.10707688331604004, 0.04754304885864258, 0.056055307388305664 
339, 0.2596700191497803, 0.10848593711853027, 0.047634124755859375, 0.05720782279968262 
340, 0.259589284658432, 0.10771632194519043, 0.0476231575012207, 0.056427001953125 
341, 0.2595101594924927, 0.10825514793395996, 0.04823732376098633, 0.05643486976623535 
342, 0.2594326436519623, 0.10933685302734375, 0.04861617088317871, 0.056771278381347656 
343, 0.2593567371368408, 0.11095094680786133, 0.04863095283508301, 0.058425188064575195 
344, 0.25928249955177307, 0.10953760147094727, 0.04871082305908203, 0.05698418617248535 
345, 0.2592097222805023, 0.10938620567321777, 0.04854249954223633, 0.05718851089477539 
346, 0.25913840532302856, 0.11110758781433105, 0.04955577850341797, 0.057871341705322266 
347, 0.25906866788864136, 0.10886669158935547, 0.04824066162109375, 0.05696678161621094 
348, 0.25900036096572876, 0.11122655868530273, 0.04889273643493652, 0.058603525161743164 
349, 0.2589336037635803, 0.11136960983276367, 0.049120426177978516, 0.05790138244628906 
350, 0.2588682472705841, 0.11223673820495605, 0.04967021942138672, 0.05855202674865723 
351, 0.2588043212890625, 0.11181163787841797, 0.04978632926940918, 0.05811643600463867 
352, 0.2587417960166931, 0.10989093780517578, 0.04914355278015137, 0.05670928955078125 
353, 0.25868070125579834, 0.1119070053100586, 0.049626827239990234, 0.05848360061645508 
354, 0.2586209177970886, 0.11101412773132324, 0.048859357833862305, 0.058480262756347656 
355, 0.25856253504753113, 0.11535143852233887, 0.04940915107727051, 0.061663150787353516 
356, 0.2585054934024811, 0.11429524421691895, 0.051203012466430664, 0.05911970138549805 
357, 0.2584497928619385, 0.1119229793548584, 0.04931759834289551, 0.05841374397277832 
358, 0.25839537382125854, 0.11286258697509766, 0.04936957359313965, 0.059296369552612305 
359, 0.2583386301994324, 0.11162066459655762, 0.04930853843688965, 0.0587007999420166 
360, 0.2582743167877197, 0.1103672981262207, 0.04849410057067871, 0.05817866325378418 
361, 0.25821825861930847, 0.11041116714477539, 0.04844474792480469, 0.05818653106689453 
362, 0.25816357135772705, 0.1117401123046875, 0.049210548400878906, 0.05845952033996582 
363, 0.2581101357936859, 0.11237812042236328, 0.04917168617248535, 0.05924081802368164 
364, 0.25805792212486267, 0.11146092414855957, 0.04925966262817383, 0.058141469955444336 
365, 0.2580069601535797, 0.11140704154968262, 0.04921746253967285, 0.05807352066040039 
366, 0.2579572796821594, 0.1105659008026123, 0.04880523681640625, 0.0578000545501709 
367, 0.2579086720943451, 0.11177992820739746, 0.04961895942687988, 0.058167457580566406 
368, 0.2578614056110382, 0.11144518852233887, 0.04864311218261719, 0.05905938148498535 
369, 0.25784096121788025, 0.11229896545410156, 0.04947638511657715, 0.058930158615112305 
370, 0.25783371925354004, 0.11109161376953125, 0.04910540580749512, 0.05816340446472168 
371, 0.2578273415565491, 0.11044907569885254, 0.04866909980773926, 0.057848453521728516 
372, 0.25782185792922974, 0.11130666732788086, 0.049076080322265625, 0.05838298797607422 
373, 0.2578173279762268, 0.11018085479736328, 0.04818248748779297, 0.05812788009643555 
374, 0.25781360268592834, 0.11011600494384766, 0.04911327362060547, 0.057320594787597656 
375, 0.2578107714653015, 0.10979008674621582, 0.0487518310546875, 0.05763673782348633 
376, 0.2578088343143463, 0.10935592651367188, 0.04805493354797363, 0.05786013603210449 
377, 0.25780779123306274, 0.11114764213562012, 0.04867243766784668, 0.058400869369506836 
378, 0.25780749320983887, 0.11319851875305176, 0.0504305362701416, 0.05865049362182617 
379, 0.2578081488609314, 0.11201333999633789, 0.04955482482910156, 0.058324575424194336 
380, 0.257809579372406, 0.11077618598937988, 0.048424720764160156, 0.05842232704162598 
381, 0.25781184434890747, 0.11057567596435547, 0.04880499839782715, 0.057877540588378906 
382, 0.2578149437904358, 0.11034893989562988, 0.04898262023925781, 0.05765557289123535 
383, 0.2578188180923462, 0.10916590690612793, 0.0480806827545166, 0.057120561599731445 
384, 0.25782352685928345, 0.11038875579833984, 0.04877352714538574, 0.05754566192626953 
385, 0.25782904028892517, 0.1106870174407959, 0.048979997634887695, 0.05800938606262207 
386, 0.25783535838127136, 0.10894322395324707, 0.04755711555480957, 0.05751156806945801 
387, 0.25784236192703247, 0.11030912399291992, 0.048769474029541016, 0.05761528015136719 
388, 0.25785019993782043, 0.10999488830566406, 0.049117088317871094, 0.05718255043029785 
389, 0.2578588128089905, 0.10848617553710938, 0.04797816276550293, 0.056955575942993164 
390, 0.25786805152893066, 0.1095583438873291, 0.04827260971069336, 0.0575718879699707 
391, 0.2578781545162201, 0.10945582389831543, 0.048531293869018555, 0.05701112747192383 
392, 0.25788891315460205, 0.11122465133666992, 0.0488433837890625, 0.058104753494262695 
393, 0.25789937376976013, 0.11157894134521484, 0.048456430435180664, 0.05897212028503418 
394, 0.25791171193122864, 0.10861659049987793, 0.046741485595703125, 0.058026790618896484 
395, 0.2579246759414673, 0.10883116722106934, 0.04666018486022949, 0.05839943885803223 
396, 0.2579382658004761, 0.10805654525756836, 0.04667782783508301, 0.05775856971740723 
397, 0.25795257091522217, 0.10726428031921387, 0.04564952850341797, 0.05779886245727539 
398, 0.25796762108802795, 0.10904526710510254, 0.04662013053894043, 0.058728933334350586 
399, 0.25798332691192627, 0.10700535774230957, 0.04641866683959961, 0.05683636665344238 
400, 0.2579997181892395, 0.10677385330200195, 0.04621696472167969, 0.05709052085876465 
401, 0.2580167055130005, 0.10824871063232422, 0.04642605781555176, 0.05794358253479004 
402, 0.2580343186855316, 0.10805416107177734, 0.046453237533569336, 0.05792403221130371 
403, 0.25805261731147766, 0.10756039619445801, 0.04623770713806152, 0.05760478973388672 
404, 0.25807154178619385, 0.10756659507751465, 0.04671883583068848, 0.057212114334106445 
405, 0.2580910325050354, 0.10657620429992676, 0.04523634910583496, 0.05759143829345703 
406, 0.25811123847961426, 0.1070401668548584, 0.046289920806884766, 0.05704331398010254 
407, 0.2581319212913513, 0.11047244071960449, 0.04717898368835449, 0.05890035629272461 
408, 0.2581532597541809, 0.10998272895812988, 0.04710650444030762, 0.05889582633972168 
409, 0.25817516446113586, 0.11001920700073242, 0.04710698127746582, 0.059095144271850586 
410, 0.2581976652145386, 0.10963010787963867, 0.04685091972351074, 0.05843544006347656 
411, 0.25822076201438904, 0.10786700248718262, 0.04671812057495117, 0.0571894645690918 
412, 0.2582443654537201, 0.10753107070922852, 0.0461580753326416, 0.057412147521972656 
413, 0.2582686245441437, 0.10798025131225586, 0.04599118232727051, 0.05802655220031738 
414, 0.25829339027404785, 0.11014318466186523, 0.04739260673522949, 0.0587925910949707 
415, 0.25831860303878784, 0.10947537422180176, 0.04781627655029297, 0.05789518356323242 
416, 0.25834453105926514, 0.10909676551818848, 0.04668140411376953, 0.058484554290771484 
417, 0.25837087631225586, 0.10969328880310059, 0.0470280647277832, 0.05859708786010742 
418, 0.2583977282047272, 0.10709762573242188, 0.04630255699157715, 0.05712389945983887 
419, 0.25842514634132385, 0.10592770576477051, 0.04600667953491211, 0.05638551712036133 
420, 0.25845304131507874, 0.10610175132751465, 0.045236825942993164, 0.057210445404052734 
421, 0.25848153233528137, 0.1077730655670166, 0.046253204345703125, 0.0578305721282959 
422, 0.2585103511810303, 0.11048483848571777, 0.04704713821411133, 0.05951809883117676 
423, 0.25853973627090454, 0.11022138595581055, 0.04882192611694336, 0.05745363235473633 
424, 0.25856953859329224, 0.10939550399780273, 0.046379804611206055, 0.05854034423828125 
425, 0.2585999369621277, 0.10936808586120605, 0.04737544059753418, 0.05793404579162598 
426, 0.2586306631565094, 0.10770034790039062, 0.04681205749511719, 0.05728459358215332 
427, 0.25866198539733887, 0.10494399070739746, 0.044970035552978516, 0.05628776550292969 
428, 0.2586936354637146, 0.10524725914001465, 0.045122623443603516, 0.0566411018371582 
429, 0.25872576236724854, 0.10434436798095703, 0.044988393783569336, 0.05590248107910156 
430, 0.25875839591026306, 0.10508942604064941, 0.044484615325927734, 0.056912899017333984 
431, 0.25879138708114624, 0.10657596588134766, 0.04595446586608887, 0.05688977241516113 
432, 0.2588248550891876, 0.10502338409423828, 0.045546531677246094, 0.05586099624633789 
433, 0.25885868072509766, 0.10475945472717285, 0.04516792297363281, 0.05599641799926758 
434, 0.2588929831981659, 0.10473108291625977, 0.045941829681396484, 0.05543088912963867 
435, 0.25892770290374756, 0.10454964637756348, 0.045285701751708984, 0.055586814880371094 
436, 0.25896283984184265, 0.10528826713562012, 0.04573535919189453, 0.055902719497680664 
437, 0.2589982748031616, 0.10491156578063965, 0.04475975036621094, 0.05630946159362793 
438, 0.25903424620628357, 0.10730600357055664, 0.04661965370178223, 0.056978464126586914 
439, 0.25907039642333984, 0.1058797836303711, 0.04584383964538574, 0.05639314651489258 
440, 0.2591071128845215, 0.10448646545410156, 0.044814109802246094, 0.0561213493347168 
441, 0.2591440975666046, 0.10550498962402344, 0.04516434669494629, 0.05680966377258301 
442, 0.25918155908584595, 0.10486555099487305, 0.04578709602355957, 0.055314064025878906 
443, 0.25921928882598877, 0.10502314567565918, 0.044962167739868164, 0.05637478828430176 
444, 0.25925731658935547, 0.10596418380737305, 0.04600238800048828, 0.05654621124267578 
445, 0.2592957019805908, 0.10540914535522461, 0.045485734939575195, 0.05643057823181152 
446, 0.2593345642089844, 0.1062309741973877, 0.04548454284667969, 0.056887149810791016 
447, 0.2593737840652466, 0.10583233833312988, 0.04613327980041504, 0.056136369705200195 
448, 0.2594131827354431, 0.10426211357116699, 0.04500150680541992, 0.05569911003112793 
449, 0.2594529092311859, 0.10422229766845703, 0.04516291618347168, 0.055596113204956055 
450, 0.2594931125640869, 0.10445117950439453, 0.04510188102722168, 0.05576658248901367 
451, 0.2595335841178894, 0.10512733459472656, 0.044843435287475586, 0.05666375160217285 
452, 0.2595743238925934, 0.10535860061645508, 0.04503345489501953, 0.0565185546875 
453, 0.25961539149284363, 0.10582637786865234, 0.04617190361022949, 0.056166887283325195 
454, 0.25965678691864014, 0.10478472709655762, 0.04534339904785156, 0.05580639839172363 
455, 0.25969845056533813, 0.10425424575805664, 0.04461550712585449, 0.05627107620239258 
456, 0.2597404420375824, 0.10412311553955078, 0.0447697639465332, 0.05567765235900879 
457, 0.25978267192840576, 0.10387849807739258, 0.04525947570800781, 0.05515694618225098 
458, 0.2598252296447754, 0.10455679893493652, 0.04495644569396973, 0.05608487129211426 
459, 0.25986799597740173, 0.10509824752807617, 0.04538464546203613, 0.05623793601989746 
460, 0.25991111993789673, 0.1050112247467041, 0.0454859733581543, 0.055916547775268555 
461, 0.2599545419216156, 0.10575127601623535, 0.0462338924407959, 0.05597424507141113 
462, 0.2599981725215912, 0.10566353797912598, 0.045510053634643555, 0.05653047561645508 
463, 0.2600420117378235, 0.10614323616027832, 0.045676231384277344, 0.05679464340209961 
464, 0.2600862383842468, 0.1047677993774414, 0.04486727714538574, 0.056433677673339844 
465, 0.2601306438446045, 0.10542798042297363, 0.045456647872924805, 0.056447744369506836 
466, 0.26017525792121887, 0.10582113265991211, 0.04569554328918457, 0.056528329849243164 
467, 0.26022014021873474, 0.10720658302307129, 0.04478335380554199, 0.05824637413024902 
468, 0.26027411222457886, 0.1138601303100586, 0.049507856369018555, 0.06042289733886719 
469, 0.260329931974411, 0.10829997062683105, 0.04721236228942871, 0.057233333587646484 
470, 0.2603859603404999, 0.10719013214111328, 0.045473337173461914, 0.05772829055786133 
471, 0.2604421079158783, 0.10775589942932129, 0.0467526912689209, 0.057393789291381836 
472, 0.2604984641075134, 0.10683488845825195, 0.04659008979797363, 0.05670785903930664 
473, 0.2605549991130829, 0.1074528694152832, 0.04676175117492676, 0.0569915771484375 
474, 0.2606115937232971, 0.10834550857543945, 0.046250343322753906, 0.058016300201416016 
475, 0.26066842675209045, 0.10800981521606445, 0.04571270942687988, 0.05825638771057129 
476, 0.26072534918785095, 0.10924124717712402, 0.047217607498168945, 0.058371543884277344 
477, 0.26078248023986816, 0.10791015625, 0.04654264450073242, 0.05755305290222168 
478, 0.2608397603034973, 0.10690069198608398, 0.04569220542907715, 0.057585954666137695 
479, 0.2608971893787384, 0.10580992698669434, 0.045743703842163086, 0.05645251274108887 
480, 0.26095473766326904, 0.10515809059143066, 0.04544854164123535, 0.05627250671386719 
481, 0.2610124945640564, 0.1061091423034668, 0.044992685317993164, 0.05724644660949707 
482, 0.26107025146484375, 0.11148905754089355, 0.049661874771118164, 0.05807852745056152 
483, 0.261128306388855, 0.10772013664245605, 0.04603123664855957, 0.057763099670410156 
484, 0.2611863613128662, 0.10978055000305176, 0.04596424102783203, 0.059391021728515625 
485, 0.261244535446167, 0.11100411415100098, 0.04724550247192383, 0.059165000915527344 
486, 0.2613028883934021, 0.10717964172363281, 0.04655647277832031, 0.056995391845703125 
487, 0.26136139035224915, 0.10493302345275879, 0.04487323760986328, 0.05644679069519043 
488, 0.26141998171806335, 0.10547566413879395, 0.0454404354095459, 0.0563054084777832 
489, 0.26147863268852234, 0.10494136810302734, 0.04503607749938965, 0.05610466003417969 
490, 0.26153749227523804, 0.10798072814941406, 0.04606318473815918, 0.05788421630859375 
491, 0.2615964114665985, 0.11742901802062988, 0.05120134353637695, 0.062415122985839844 
492, 0.26165539026260376, 0.10604476928710938, 0.04603385925292969, 0.05641317367553711 
493, 0.26171451807022095, 0.1053609848022461, 0.04544520378112793, 0.05634307861328125 
494, 0.2617737948894501, 0.10431241989135742, 0.04504084587097168, 0.05562758445739746 
495, 0.2618330419063568, 0.10422515869140625, 0.04456949234008789, 0.0561375617980957 
496, 0.26189249753952026, 0.10480403900146484, 0.04515409469604492, 0.05621814727783203 
497, 0.26195213198661804, 0.10532879829406738, 0.04505634307861328, 0.056921958923339844 
498, 0.26201149821281433, 0.10530996322631836, 0.04468846321105957, 0.056824684143066406 
499, 0.2620712220668793, 0.10678744316101074, 0.04689455032348633, 0.05631375312805176 
500, 0.2621309757232666, 0.10452651977539062, 0.04493260383605957, 0.05515098571777344 
501, 0.26219087839126587, 0.10445857048034668, 0.044548988342285156, 0.056266069412231445 
502, 0.26225072145462036, 0.10428595542907715, 0.04480791091918945, 0.05585646629333496 
503, 0.26231077313423157, 0.10628533363342285, 0.04698967933654785, 0.05579519271850586 
504, 0.26237085461616516, 0.10491681098937988, 0.04435539245605469, 0.05694246292114258 
505, 0.26243090629577637, 0.10521531105041504, 0.04573798179626465, 0.05608344078063965 
506, 0.2624910771846771, 0.10511016845703125, 0.04530191421508789, 0.0561673641204834 
507, 0.2625514566898346, 0.10543298721313477, 0.04622960090637207, 0.05575203895568848 
508, 0.2626117765903473, 0.10352206230163574, 0.04428601264953613, 0.05569052696228027 
509, 0.2626721262931824, 0.10464930534362793, 0.04503011703491211, 0.05602836608886719 
510, 0.26273247599601746, 0.1045229434967041, 0.04539966583251953, 0.055319786071777344 
511, 0.26279300451278687, 0.10469889640808105, 0.044820308685302734, 0.056243896484375 
512, 0.26285356283187866, 0.10684514045715332, 0.04581427574157715, 0.0573883056640625 
513, 0.26291415095329285, 0.1043858528137207, 0.04512929916381836, 0.05560660362243652 
514, 0.2629747688770294, 0.10558938980102539, 0.045453786849975586, 0.05666851997375488 
515, 0.26303550601005554, 0.10476446151733398, 0.04509854316711426, 0.0560917854309082 
516, 0.2630962133407593, 0.10410690307617188, 0.04483366012573242, 0.05580615997314453 
517, 0.2631570100784302, 0.10432004928588867, 0.04447340965270996, 0.0563654899597168 
518, 0.26321783661842346, 0.1056065559387207, 0.04554629325866699, 0.05639314651489258 
519, 0.26327863335609436, 0.10424447059631348, 0.044759273529052734, 0.055830955505371094 
520, 0.2633395195007324, 0.10595154762268066, 0.04507756233215332, 0.056909799575805664 
521, 0.2634003460407257, 0.1053626537322998, 0.04572343826293945, 0.0559687614440918 
522, 0.26346129179000854, 0.10437536239624023, 0.04510951042175293, 0.055460453033447266 
523, 0.26352226734161377, 0.10580253601074219, 0.04568767547607422, 0.05629539489746094 
524, 0.2635832726955414, 0.1054232120513916, 0.04576992988586426, 0.05600571632385254 
525, 0.2636442184448242, 0.1048738956451416, 0.04496026039123535, 0.056205034255981445 
526, 0.263705313205719, 0.10554075241088867, 0.04580330848693848, 0.056333303451538086 
527, 0.26376640796661377, 0.10669827461242676, 0.04528665542602539, 0.05761098861694336 
528, 0.26382744312286377, 0.11245226860046387, 0.047080278396606445, 0.06125760078430176 
529, 0.263888418674469, 0.11262774467468262, 0.0497894287109375, 0.0589444637298584 
530, 0.2639496326446533, 0.10690665245056152, 0.04586505889892578, 0.057013750076293945 
531, 0.2640106678009033, 0.10760784149169922, 0.04592752456665039, 0.05796647071838379 
532, 0.26407188177108765, 0.10708785057067871, 0.0462336540222168, 0.05717635154724121 
533, 0.2641329765319824, 0.10710024833679199, 0.0458216667175293, 0.05737757682800293 
534, 0.2641940712928772, 0.10803604125976562, 0.04669594764709473, 0.05740618705749512 
535, 0.26425525546073914, 0.10795021057128906, 0.046967506408691406, 0.057257652282714844 
536, 0.2643163800239563, 0.11014056205749512, 0.04711771011352539, 0.05915474891662598 
537, 0.26437750458717346, 0.10761523246765137, 0.0460357666015625, 0.05785727500915527 
538, 0.2644386291503906, 0.1066443920135498, 0.0459141731262207, 0.057039499282836914 
539, 0.2644997835159302, 0.10487961769104004, 0.04557156562805176, 0.0557703971862793 
540, 0.2645610272884369, 0.10513830184936523, 0.045556068420410156, 0.05610775947570801 
541, 0.26462212204933167, 0.10525751113891602, 0.045224905014038086, 0.055908918380737305 
542, 0.2646832764148712, 0.10801458358764648, 0.04590630531311035, 0.05836963653564453 
543, 0.2647444009780884, 0.1077566146850586, 0.04676461219787598, 0.05711770057678223 
544, 0.26480549573898315, 0.10838508605957031, 0.046317338943481445, 0.058237314224243164 
545, 0.2648667097091675, 0.10793685913085938, 0.046286582946777344, 0.057862043380737305 
546, 0.2649276852607727, 0.10727357864379883, 0.04604744911193848, 0.05729269981384277 
547, 0.2649887204170227, 0.1074223518371582, 0.04648709297180176, 0.05717897415161133 
548, 0.2650497853755951, 0.10624575614929199, 0.0457615852355957, 0.05684804916381836 
549, 0.2651108503341675, 0.10476827621459961, 0.0448305606842041, 0.055855751037597656 
550, 0.2651718556880951, 0.10727334022521973, 0.04578900337219238, 0.05769538879394531 
551, 0.26523298025131226, 0.11195945739746094, 0.04587984085083008, 0.061621904373168945 
552, 0.2652939260005951, 0.10591602325439453, 0.04539895057678223, 0.05681324005126953 
553, 0.26535484194755554, 0.10563921928405762, 0.045543670654296875, 0.05633878707885742 
554, 0.26541587710380554, 0.10600447654724121, 0.045874834060668945, 0.056223392486572266 
555, 0.26547670364379883, 0.10580801963806152, 0.04507613182067871, 0.057187557220458984 
556, 0.26553764939308167, 0.10523366928100586, 0.04523205757141113, 0.05642223358154297 
557, 0.26559847593307495, 0.10612177848815918, 0.04528450965881348, 0.057213544845581055 
558, 0.26565930247306824, 0.10656905174255371, 0.046144723892211914, 0.056040287017822266 
559, 0.2657201886177063, 0.11404609680175781, 0.04886317253112793, 0.060991764068603516 
560, 0.2657809257507324, 0.18664240837097168, 0.11961150169372559, 0.06330132484436035 
561, 0.26584160327911377, 0.10754084587097168, 0.04604959487915039, 0.0576014518737793 
562, 0.2659023404121399, 0.10733246803283691, 0.04636645317077637, 0.05723905563354492 
563, 0.265963077545166, 0.10629725456237793, 0.04583239555358887, 0.05679678916931152 
564, 0.2660236954689026, 0.10740399360656738, 0.04634690284729004, 0.0574033260345459 
565, 0.2660841941833496, 0.10727310180664062, 0.04606318473815918, 0.05736899375915527 
566, 0.2661447823047638, 0.10761165618896484, 0.04580283164978027, 0.05780506134033203 
567, 0.2662053108215332, 0.10774970054626465, 0.045993804931640625, 0.05814981460571289 
568, 0.26626574993133545, 0.10701918601989746, 0.045799970626831055, 0.05707120895385742 
569, 0.266326367855072, 0.10703134536743164, 0.04593157768249512, 0.057003021240234375 
570, 0.26638665795326233, 0.10846471786499023, 0.046365976333618164, 0.058225154876708984 
571, 0.2664470076560974, 0.11815619468688965, 0.04642796516418457, 0.06799960136413574 
572, 0.2665073871612549, 0.10849261283874512, 0.04658317565917969, 0.05810713768005371 
573, 0.2665676474571228, 0.10805606842041016, 0.046617746353149414, 0.05758476257324219 
574, 0.26662784814834595, 0.10899519920349121, 0.04672527313232422, 0.05841660499572754 
575, 0.2666880786418915, 0.10773801803588867, 0.04643416404724121, 0.057282209396362305 
576, 0.2667481303215027, 0.10662984848022461, 0.045866966247558594, 0.05699038505554199 
577, 0.26680830121040344, 0.10679864883422852, 0.045812129974365234, 0.05712461471557617 
578, 0.2668682932853699, 0.10806727409362793, 0.04651021957397461, 0.05787515640258789 
579, 0.2669282853603363, 0.10585141181945801, 0.04559683799743652, 0.05649113655090332 
580, 0.26698818802833557, 0.10773420333862305, 0.0457150936126709, 0.057883501052856445 
581, 0.2670481204986572, 0.11121010780334473, 0.048113107681274414, 0.059137821197509766 
582, 0.2671079635620117, 0.10785984992980957, 0.046207427978515625, 0.05785059928894043 
583, 0.26716774702072144, 0.10778045654296875, 0.04631805419921875, 0.05768728256225586 
584, 0.2672274708747864, 0.10771965980529785, 0.04630327224731445, 0.05758237838745117 
585, 0.26728713512420654, 0.10612797737121582, 0.04589366912841797, 0.05643177032470703 
586, 0.26734665036201477, 0.10730648040771484, 0.04612421989440918, 0.057625532150268555 
587, 0.2674029767513275, 0.108978271484375, 0.04651212692260742, 0.05843925476074219 
588, 0.26745176315307617, 0.10876274108886719, 0.04652214050292969, 0.05839848518371582 
589, 0.26750051975250244, 0.11382150650024414, 0.04822254180908203, 0.06133294105529785 
590, 0.26754915714263916, 0.11010479927062988, 0.04844093322753906, 0.05784940719604492 
591, 0.26759785413742065, 0.10751724243164062, 0.04625892639160156, 0.05726504325866699 
592, 0.267646461725235, 0.10941100120544434, 0.04667067527770996, 0.05833864212036133 
593, 0.2676950693130493, 0.10743403434753418, 0.04659247398376465, 0.05700039863586426 
594, 0.2677435874938965, 0.10692453384399414, 0.04550027847290039, 0.05777239799499512 
595, 0.26779213547706604, 0.10843634605407715, 0.04619312286376953, 0.05811357498168945 
596, 0.2678404748439789, 0.10751962661743164, 0.04654836654663086, 0.057317256927490234 
597, 0.2678889036178589, 0.10814332962036133, 0.0465693473815918, 0.05768227577209473 
598, 0.26793718338012695, 0.10610437393188477, 0.045989036560058594, 0.05634927749633789 
599, 0.26798534393310547, 0.10674595832824707, 0.04591488838195801, 0.05670332908630371 
600, 0.26803359389305115, 0.10698890686035156, 0.045871734619140625, 0.057323455810546875 
601, 0.26808157563209534, 0.10572981834411621, 0.04570603370666504, 0.05631875991821289 
602, 0.26812970638275146, 0.10702109336853027, 0.045703887939453125, 0.05741572380065918 
603, 0.26817771792411804, 0.10833621025085449, 0.04670906066894531, 0.05797743797302246 
604, 0.2682255506515503, 0.10705924034118652, 0.04618406295776367, 0.05699777603149414 
605, 0.26827341318130493, 0.10824036598205566, 0.046837568283081055, 0.05767631530761719 
606, 0.26832109689712524, 0.1069798469543457, 0.045903682708740234, 0.057395219802856445 
607, 0.26836875081062317, 0.10571694374084473, 0.045793771743774414, 0.05623960494995117 
608, 0.2684164345264435, 0.1055152416229248, 0.04535365104675293, 0.05659794807434082 
609, 0.26846399903297424, 0.10609841346740723, 0.045685529708862305, 0.05661725997924805 
610, 0.26851147413253784, 0.10551691055297852, 0.04542183876037598, 0.056205034255981445 
611, 0.26855891942977905, 0.10704207420349121, 0.045957088470458984, 0.05738711357116699 
612, 0.2686062455177307, 0.10457277297973633, 0.04560279846191406, 0.05542159080505371 
613, 0.26865339279174805, 0.10489487648010254, 0.045412540435791016, 0.05582904815673828 
614, 0.26870062947273254, 0.10377359390258789, 0.044789791107177734, 0.055429697036743164 
615, 0.26874759793281555, 0.10416436195373535, 0.04544401168823242, 0.05521106719970703 
616, 0.2687947154045105, 0.10402488708496094, 0.04468560218811035, 0.05550861358642578 
617, 0.26884156465530396, 0.10353231430053711, 0.044786691665649414, 0.05495095252990723 
618, 0.2688884735107422, 0.10437464714050293, 0.04530978202819824, 0.05551028251647949 
619, 0.2689386010169983, 0.10441851615905762, 0.044710636138916016, 0.05541396141052246 
620, 0.268993079662323, 0.10527896881103516, 0.045174598693847656, 0.056464195251464844 
621, 0.26904746890068054, 0.10414719581604004, 0.04465675354003906, 0.05593419075012207 
622, 0.2691017985343933, 0.10336709022521973, 0.044226884841918945, 0.05545473098754883 
623, 0.269155889749527, 0.10480594635009766, 0.04511666297912598, 0.055968523025512695 
624, 0.26920998096466064, 0.1106717586517334, 0.045752525329589844, 0.05628371238708496 
625, 0.26926398277282715, 0.10544562339782715, 0.04526853561401367, 0.056615591049194336 
626, 0.2693178057670593, 0.10539770126342773, 0.045766592025756836, 0.0560460090637207 
627, 0.2693716883659363, 0.10464143753051758, 0.04538679122924805, 0.0555422306060791 
628, 0.26942533254623413, 0.10484123229980469, 0.0453188419342041, 0.05600333213806152 
629, 0.269478976726532, 0.10425305366516113, 0.04513812065124512, 0.05556058883666992 
630, 0.2695325016975403, 0.10494589805603027, 0.04547405242919922, 0.05590081214904785 
631, 0.26958590745925903, 0.10599207878112793, 0.04585123062133789, 0.05658245086669922 
632, 0.26963919401168823, 0.1035604476928711, 0.04514169692993164, 0.05495476722717285 
633, 0.26969248056411743, 0.10492873191833496, 0.04503583908081055, 0.056209564208984375 
634, 0.26974546909332275, 0.10406351089477539, 0.044347286224365234, 0.05615043640136719 
635, 0.2697985768318176, 0.1040945053100586, 0.04482436180114746, 0.0558161735534668 
636, 0.2698515057563782, 0.10419154167175293, 0.04432821273803711, 0.05620074272155762 
637, 0.2699044644832611, 0.10489892959594727, 0.04530692100524902, 0.056090354919433594 
638, 0.26995715498924255, 0.10503053665161133, 0.044767141342163086, 0.056630611419677734 
639, 0.2700098156929016, 0.10337042808532715, 0.044820547103881836, 0.055152177810668945 
640, 0.2700623869895935, 0.10417032241821289, 0.0447077751159668, 0.055590152740478516 
641, 0.27011486887931824, 0.10375499725341797, 0.04503202438354492, 0.05522608757019043 
642, 0.2701672315597534, 0.10413336753845215, 0.04430198669433594, 0.05614948272705078 
643, 0.27021950483322144, 0.10609889030456543, 0.04554104804992676, 0.056807518005371094 
644, 0.27027180790901184, 0.10510516166687012, 0.04523730278015137, 0.05617117881774902 
645, 0.27032381296157837, 0.10508894920349121, 0.04491281509399414, 0.05648016929626465 
646, 0.2703758478164673, 0.10559415817260742, 0.04591679573059082, 0.056160926818847656 
647, 0.2704276740550995, 0.1054842472076416, 0.04506397247314453, 0.05677461624145508 
648, 0.27047958970069885, 0.10744690895080566, 0.046576499938964844, 0.05722236633300781 
649, 0.2705313265323639, 0.10739493370056152, 0.04601740837097168, 0.05764365196228027 
650, 0.27058297395706177, 0.10926580429077148, 0.04674243927001953, 0.05856442451477051 
651, 0.2706345319747925, 0.10637140274047852, 0.04640483856201172, 0.05620765686035156 
652, 0.2706858515739441, 0.10578513145446777, 0.04544568061828613, 0.056496381759643555 
653, 0.2707372307777405, 0.10820960998535156, 0.046402692794799805, 0.05815243721008301 
654, 0.2707885801792145, 0.10631275177001953, 0.04585099220275879, 0.05657625198364258 
655, 0.27083978056907654, 0.10650444030761719, 0.045671701431274414, 0.056899309158325195 
656, 0.27089083194732666, 0.10791540145874023, 0.0467839241027832, 0.05742597579956055 
657, 0.2709417939186096, 0.107269287109375, 0.0456547737121582, 0.0577237606048584 
658, 0.27099278569221497, 0.10600423812866211, 0.04609322547912598, 0.05631136894226074 
659, 0.271043598651886, 0.1054840087890625, 0.04547452926635742, 0.0565338134765625 
660, 0.2710941731929779, 0.10536766052246094, 0.04503488540649414, 0.05666995048522949 
661, 0.2711448669433594, 0.10641074180603027, 0.046051740646362305, 0.056696176528930664 
662, 0.2711954414844513, 0.10662531852722168, 0.04665875434875488, 0.056181907653808594 
663, 0.2712458372116089, 0.10654163360595703, 0.0455784797668457, 0.05731391906738281 
664, 0.2712962031364441, 0.10735464096069336, 0.045979976654052734, 0.057756900787353516 
665, 0.2713465094566345, 0.10703015327453613, 0.04648399353027344, 0.05677223205566406 
666, 0.27139657735824585, 0.10426735877990723, 0.04452013969421387, 0.05608654022216797 
667, 0.27144670486450195, 0.10430598258972168, 0.045128583908081055, 0.05567479133605957 
668, 0.27149662375450134, 0.10405993461608887, 0.04505634307861328, 0.055466413497924805 
669, 0.27154651284217834, 0.10374712944030762, 0.04512763023376465, 0.05513811111450195 
670, 0.27159637212753296, 0.10391092300415039, 0.044852495193481445, 0.05561375617980957 
671, 0.27164608240127563, 0.10550260543823242, 0.04498481750488281, 0.056928157806396484 
672, 0.27169564366340637, 0.13472986221313477, 0.05146503448486328, 0.061942338943481445 
673, 0.2717452049255371, 0.10702753067016602, 0.047799110412597656, 0.05563497543334961 
674, 0.2717946171760559, 0.10422778129577637, 0.04524040222167969, 0.055434465408325195 
675, 0.27184394001960754, 0.10497450828552246, 0.04552435874938965, 0.05583047866821289 
676, 0.27189311385154724, 0.10499215126037598, 0.04568958282470703, 0.055762290954589844 
677, 0.27194222807884216, 0.10533642768859863, 0.045542001724243164, 0.05611562728881836 
678, 0.2719913125038147, 0.10456228256225586, 0.04449820518493652, 0.05672621726989746 
679, 0.2720402181148529, 0.1031637191772461, 0.0439605712890625, 0.05551004409790039 
680, 0.27208906412124634, 0.10467362403869629, 0.04515671730041504, 0.0559687614440918 
681, 0.2721378803253174, 0.1088252067565918, 0.04526209831237793, 0.05968952178955078 
682, 0.2721866965293884, 0.10367274284362793, 0.044567108154296875, 0.05559682846069336 
683, 0.2722351849079132, 0.10408854484558105, 0.04528355598449707, 0.05533480644226074 
684, 0.2722836434841156, 0.10388684272766113, 0.045565128326416016, 0.05485677719116211 
685, 0.27233219146728516, 0.10364103317260742, 0.04445290565490723, 0.05570197105407715 
686, 0.27238044142723083, 0.10519981384277344, 0.04554605484008789, 0.05617332458496094 
687, 0.2724286615848541, 0.1032099723815918, 0.04493451118469238, 0.05493497848510742 
688, 0.27247682213783264, 0.10508084297180176, 0.045029401779174805, 0.056430816650390625 
689, 0.2725248634815216, 0.10368514060974121, 0.04512286186218262, 0.05497932434082031 
690, 0.2725728154182434, 0.10401511192321777, 0.04541969299316406, 0.055062294006347656 
691, 0.27262061834335327, 0.10480523109436035, 0.044820308685302734, 0.05641341209411621 
692, 0.2726684510707855, 0.10429501533508301, 0.04502391815185547, 0.05590248107910156 
693, 0.2727161943912506, 0.10437536239624023, 0.044524431228637695, 0.05634903907775879 
694, 0.27276378870010376, 0.10364294052124023, 0.04477429389953613, 0.05546116828918457 
695, 0.27281132340431213, 0.10674309730529785, 0.04617476463317871, 0.056954145431518555 
696, 0.2728586792945862, 0.10518121719360352, 0.045395851135253906, 0.05614113807678223 
697, 0.27290600538253784, 0.10485672950744629, 0.04496335983276367, 0.05641365051269531 
698, 0.27295321226119995, 0.10551714897155762, 0.046083927154541016, 0.05598592758178711 
699, 0.2730003595352173, 0.1040964126586914, 0.04485940933227539, 0.05576467514038086 
700, 0.27304744720458984, 0.1036834716796875, 0.044339895248413086, 0.05572056770324707 
701, 0.2730944752693176, 0.10450387001037598, 0.04527616500854492, 0.055693626403808594 
702, 0.27314138412475586, 0.10524797439575195, 0.04480457305908203, 0.056407928466796875 
703, 0.27318820357322693, 0.1068258285522461, 0.046013593673706055, 0.05722999572753906 
704, 0.27323487401008606, 0.10532999038696289, 0.045354366302490234, 0.0561518669128418 
705, 0.273281455039978, 0.10573220252990723, 0.04581785202026367, 0.05630779266357422 
706, 0.27332794666290283, 0.10605478286743164, 0.04562091827392578, 0.056934356689453125 
707, 0.2733744978904724, 0.10415935516357422, 0.04470038414001465, 0.055489540100097656 
708, 0.2734207510948181, 0.10775542259216309, 0.04653644561767578, 0.05752253532409668 
709, 0.2734670639038086, 0.10719084739685059, 0.045825958251953125, 0.05778169631958008 
710, 0.27351319789886475, 0.10823702812194824, 0.045853614807128906, 0.058463096618652344 
711, 0.2735593616962433, 0.10801029205322266, 0.04665565490722656, 0.05742621421813965 
712, 0.2736054062843323, 0.10786199569702148, 0.0466458797454834, 0.05704021453857422 
713, 0.27365121245384216, 0.10936975479125977, 0.04694032669067383, 0.05862593650817871 
714, 0.273697167634964, 0.10662579536437988, 0.045743703842163086, 0.05736589431762695 
715, 0.27374279499053955, 0.10604333877563477, 0.04608631134033203, 0.05640125274658203 
716, 0.27378860116004944, 0.10684967041015625, 0.04556989669799805, 0.05741429328918457 
717, 0.2738340497016907, 0.10799002647399902, 0.04658627510070801, 0.05749154090881348 
718, 0.2738794982433319, 0.10724258422851562, 0.04652976989746094, 0.05718541145324707 
719, 0.27392491698265076, 0.10596871376037598, 0.04602670669555664, 0.05643939971923828 
720, 0.2739703059196472, 0.10467720031738281, 0.0452578067779541, 0.05585646629333496 
721, 0.2740154266357422, 0.10528254508972168, 0.04590129852294922, 0.05570268630981445 
722, 0.27406060695648193, 0.10578584671020508, 0.04531550407409668, 0.05677914619445801 
723, 0.27410563826560974, 0.10816502571105957, 0.046137094497680664, 0.0576479434967041 
724, 0.2741506099700928, 0.10702109336853027, 0.046532392501831055, 0.05680370330810547 
725, 0.2741955518722534, 0.10862350463867188, 0.04642605781555176, 0.05837297439575195 
726, 0.27424031496047974, 0.1084146499633789, 0.04700779914855957, 0.05752682685852051 
727, 0.27428510785102844, 0.10409140586853027, 0.04493856430053711, 0.055548906326293945 
728, 0.27432969212532043, 0.10479998588562012, 0.04518914222717285, 0.05603933334350586 
729, 0.27437424659729004, 0.1056976318359375, 0.04597949981689453, 0.056244850158691406 
730, 0.2744186818599701, 0.10399866104125977, 0.04439830780029297, 0.05583977699279785 
731, 0.27446308732032776, 0.10651779174804688, 0.04555630683898926, 0.057106733322143555 
732, 0.2745073437690735, 0.109161376953125, 0.046774864196777344, 0.058637380599975586 
733, 0.27455151081085205, 0.1062309741973877, 0.04556584358215332, 0.05695819854736328 
734, 0.2745956778526306, 0.10644674301147461, 0.04584050178527832, 0.0568389892578125 
735, 0.2746398150920868, 0.10520076751708984, 0.04561352729797363, 0.05615878105163574 
736, 0.27468377351760864, 0.10487008094787598, 0.04525613784790039, 0.05595040321350098 
737, 0.27472764253616333, 0.1051170825958252, 0.045195579528808594, 0.056238651275634766 
738, 0.27477145195007324, 0.10452914237976074, 0.04505324363708496, 0.055863380432128906 
739, 0.2748152017593384, 0.10550045967102051, 0.0457005500793457, 0.05616354942321777 
740, 0.2748587727546692, 0.10656881332397461, 0.04556536674499512, 0.05713534355163574 
741, 0.27490246295928955, 0.10642051696777344, 0.04648637771606445, 0.05632519721984863 
742, 0.2749457359313965, 0.10564374923706055, 0.04514932632446289, 0.05668830871582031 
743, 0.2749890387058258, 0.10631346702575684, 0.04595327377319336, 0.05634880065917969 
744, 0.27503257989883423, 0.1063382625579834, 0.04526948928833008, 0.05707883834838867 
745, 0.2750757336616516, 0.10847973823547363, 0.04654216766357422, 0.05816316604614258 
746, 0.27511894702911377, 0.10878539085388184, 0.04698014259338379, 0.05806565284729004 
747, 0.2751619219779968, 0.10733699798583984, 0.04596567153930664, 0.05765819549560547 
748, 0.27520492672920227, 0.10800862312316895, 0.0466306209564209, 0.05775642395019531 
749, 0.27524781227111816, 0.1075735092163086, 0.04653120040893555, 0.05722451210021973 
750, 0.2752905786037445, 0.10618066787719727, 0.04538464546203613, 0.056914329528808594 
751, 0.2753334045410156, 0.1064603328704834, 0.04593968391418457, 0.05685901641845703 
752, 0.27537617087364197, 0.1071169376373291, 0.046254873275756836, 0.057196617126464844 
753, 0.27541878819465637, 0.1066131591796875, 0.04512333869934082, 0.05742835998535156 
754, 0.27546125650405884, 0.10723161697387695, 0.04628705978393555, 0.057294607162475586 
755, 0.2755037248134613, 0.10973095893859863, 0.04627180099487305, 0.0592498779296875 
756, 0.27554601430892944, 0.10968947410583496, 0.04710197448730469, 0.05877208709716797 
757, 0.2755882740020752, 0.10831975936889648, 0.0467832088470459, 0.05769824981689453 
758, 0.27563056349754333, 0.10825133323669434, 0.04612398147583008, 0.0582122802734375 
759, 0.27567264437675476, 0.1077883243560791, 0.04641222953796387, 0.05768084526062012 
760, 0.2757146954536438, 0.10733675956726074, 0.04616975784301758, 0.05750131607055664 
761, 0.2757565975189209, 0.10606908798217773, 0.045386552810668945, 0.056997060775756836 
762, 0.2757984399795532, 0.10770416259765625, 0.04600882530212402, 0.05787301063537598 
763, 0.2758403718471527, 0.10816788673400879, 0.04641270637512207, 0.0578768253326416 
764, 0.2758820056915283, 0.10724496841430664, 0.046431541442871094, 0.05710244178771973 
765, 0.27592387795448303, 0.10692858695983887, 0.046083688735961914, 0.05688619613647461 
766, 0.2759653329849243, 0.11785292625427246, 0.04629802703857422, 0.06745457649230957 
767, 0.276006817817688, 0.10789155960083008, 0.04620695114135742, 0.05759000778198242 
768, 0.2760482430458069, 0.11028742790222168, 0.04746675491333008, 0.0589599609375 
769, 0.276089608669281, 0.11105942726135254, 0.047863006591796875, 0.05931687355041504 
770, 0.27613091468811035, 0.11059379577636719, 0.04655194282531738, 0.059671640396118164 
771, 0.2761721611022949, 0.11268997192382812, 0.04818534851074219, 0.060651540756225586 
772, 0.27621322870254517, 0.10891962051391602, 0.046724557876586914, 0.058226823806762695 
773, 0.2762543559074402, 0.10942292213439941, 0.046452999114990234, 0.05837559700012207 
774, 0.2762953042984009, 0.10876965522766113, 0.046787261962890625, 0.05800461769104004 
775, 0.2763361930847168, 0.10830497741699219, 0.04685258865356445, 0.05769681930541992 
776, 0.2763770520687103, 0.10819053649902344, 0.04606270790100098, 0.05835390090942383 
777, 0.2764178514480591, 0.10734748840332031, 0.04594087600708008, 0.057784318923950195 
778, 0.2764585018157959, 0.10896921157836914, 0.04713726043701172, 0.05800366401672363 
779, 0.2764992117881775, 0.10713458061218262, 0.0460209846496582, 0.0573725700378418 
780, 0.2765396535396576, 0.10738086700439453, 0.046176910400390625, 0.05736708641052246 
781, 0.2765800952911377, 0.1080777645111084, 0.04646134376525879, 0.05759763717651367 
782, 0.276620477437973, 0.10772180557250977, 0.04614138603210449, 0.05777287483215332 
783, 0.2766607999801636, 0.10842442512512207, 0.04604768753051758, 0.05849647521972656 
784, 0.27670103311538696, 0.10990571975708008, 0.04763364791870117, 0.05816197395324707 
785, 0.27674126625061035, 0.10885977745056152, 0.0466465950012207, 0.058306217193603516 
786, 0.2767813503742218, 0.1112222671508789, 0.04877185821533203, 0.05851101875305176 
787, 0.2768215239048004, 0.1073911190032959, 0.04652810096740723, 0.0571441650390625 
788, 0.27686136960983276, 0.10644960403442383, 0.04609847068786621, 0.056394338607788086 
789, 0.2769012451171875, 0.10754108428955078, 0.04662919044494629, 0.05702471733093262 
790, 0.2769410312175751, 0.10642504692077637, 0.04575514793395996, 0.056987762451171875 
791, 0.2769809067249298, 0.10755228996276855, 0.04644298553466797, 0.05753278732299805 
792, 0.27702057361602783, 0.10902023315429688, 0.04675412178039551, 0.058426618576049805 
793, 0.2770601511001587, 0.10639190673828125, 0.04590010643005371, 0.05688285827636719 
794, 0.2770996689796448, 0.10649943351745605, 0.04607248306274414, 0.0566864013671875 
795, 0.2771390974521637, 0.10691237449645996, 0.04630303382873535, 0.05674433708190918 
796, 0.277178555727005, 0.10688519477844238, 0.0461726188659668, 0.056385040283203125 
797, 0.2772178053855896, 0.10638594627380371, 0.04578852653503418, 0.057068824768066406 
798, 0.2772570848464966, 0.10470867156982422, 0.04533243179321289, 0.05590343475341797 
799, 0.2772962749004364, 0.10556364059448242, 0.044769287109375, 0.05699515342712402 
800, 0.27733540534973145, 0.10518527030944824, 0.04566049575805664, 0.05597949028015137 
801, 0.2773745059967041, 0.10613822937011719, 0.045810699462890625, 0.056658029556274414 
802, 0.27741342782974243, 0.10572075843811035, 0.045645713806152344, 0.056468963623046875 
803, 0.27745240926742554, 0.10535502433776855, 0.045411109924316406, 0.05624222755432129 
804, 0.27749118208885193, 0.10545730590820312, 0.04525923728942871, 0.05659222602844238 
805, 0.2775300145149231, 0.10604000091552734, 0.04537224769592285, 0.057106733322143555 
806, 0.2775687277317047, 0.1056985855102539, 0.045139312744140625, 0.05692100524902344 
807, 0.27760741114616394, 0.10616350173950195, 0.04595375061035156, 0.05657076835632324 
808, 0.27764591574668884, 0.10587191581726074, 0.04549980163574219, 0.05676531791687012 
809, 0.27768442034721375, 0.10682082176208496, 0.04560351371765137, 0.057383060455322266 
810, 0.27772295475006104, 0.10576438903808594, 0.04562711715698242, 0.05643725395202637 
811, 0.2777612805366516, 0.10590147972106934, 0.045531272888183594, 0.0567927360534668 
812, 0.27779948711395264, 0.10558462142944336, 0.04515266418457031, 0.05665898323059082 
813, 0.27783793210983276, 0.10473895072937012, 0.04464888572692871, 0.05662417411804199 
814, 0.277876079082489, 0.10605978965759277, 0.04501748085021973, 0.05692338943481445 
815, 0.2779141664505005, 0.10608553886413574, 0.04634666442871094, 0.05631852149963379 
816, 0.2779521942138672, 0.10504555702209473, 0.04435372352600098, 0.05708932876586914 
817, 0.2779901623725891, 0.1051943302154541, 0.04552602767944336, 0.05603480339050293 
818, 0.2780280113220215, 0.104156494140625, 0.04469871520996094, 0.05590176582336426 
819, 0.2780660092830658, 0.10307979583740234, 0.044531822204589844, 0.054968833923339844 
820, 0.27810370922088623, 0.1049797534942627, 0.04575753211975098, 0.055732011795043945 
821, 0.2781415283679962, 0.10569143295288086, 0.04579758644104004, 0.056066274642944336 
822, 0.27817925810813904, 0.10636448860168457, 0.0452420711517334, 0.05650162696838379 
823, 0.27821674942970276, 0.10595703125, 0.04574465751647949, 0.05674099922180176 
824, 0.27825435996055603, 0.10483789443969727, 0.045070648193359375, 0.05609893798828125 
825, 0.2782917618751526, 0.10657787322998047, 0.0457606315612793, 0.05707287788391113 
826, 0.27832916378974915, 0.10865354537963867, 0.04703211784362793, 0.05766916275024414 
827, 0.2783665657043457, 0.10792899131774902, 0.04662346839904785, 0.057276010513305664 
828, 0.27840375900268555, 0.10754704475402832, 0.04629206657409668, 0.05747699737548828 
829, 0.27844101190567017, 0.10690045356750488, 0.04645276069641113, 0.056854248046875 
830, 0.27847811579704285, 0.10698938369750977, 0.04648590087890625, 0.05686163902282715 
831, 0.2785153090953827, 0.1077883243560791, 0.045813798904418945, 0.057875633239746094 
832, 0.27855223417282104, 0.10985732078552246, 0.04703664779663086, 0.059061527252197266 
833, 0.27858927845954895, 0.10775184631347656, 0.04678940773010254, 0.05690264701843262 
834, 0.2786261737346649, 0.10816073417663574, 0.04629206657409668, 0.05796027183532715 
835, 0.2786630392074585, 0.10758781433105469, 0.04626774787902832, 0.05744004249572754 
836, 0.2786998152732849, 0.10642099380493164, 0.04597330093383789, 0.05678200721740723 
837, 0.27873653173446655, 0.10530257225036621, 0.0453343391418457, 0.05633878707885742 
838, 0.2787732481956482, 0.1057746410369873, 0.04551267623901367, 0.05660843849182129 
839, 0.2788097858428955, 0.10551190376281738, 0.0454707145690918, 0.05637240409851074 
840, 0.2788463234901428, 0.10773873329162598, 0.04626131057739258, 0.0578155517578125 
841, 0.27888280153274536, 0.1073908805847168, 0.04633617401123047, 0.057296037673950195 
842, 0.2789192199707031, 0.10636758804321289, 0.04586458206176758, 0.0567324161529541 
843, 0.27895551919937134, 0.10669279098510742, 0.04610323905944824, 0.05692553520202637 
844, 0.27899181842803955, 0.10622596740722656, 0.046219587326049805, 0.05656838417053223 
845, 0.27902811765670776, 0.10398364067077637, 0.04461383819580078, 0.05580615997314453 
846, 0.2790642976760864, 0.1043550968170166, 0.044980764389038086, 0.055951833724975586 
847, 0.2791003882884979, 0.10459351539611816, 0.04469919204711914, 0.056307077407836914 
848, 0.2791365385055542, 0.10483241081237793, 0.04496335983276367, 0.0563054084777832 
849, 0.27917245030403137, 0.10464930534362793, 0.04552769660949707, 0.055507659912109375 
850, 0.27920839190483093, 0.10539865493774414, 0.04555082321166992, 0.05631375312805176 
851, 0.27924442291259766, 0.10368633270263672, 0.04448413848876953, 0.055643320083618164 
852, 0.27928006649017334, 0.10486316680908203, 0.04555559158325195, 0.05591106414794922 
853, 0.2793160080909729, 0.10415363311767578, 0.04528522491455078, 0.055391550064086914 
854, 0.2793516516685486, 0.10430479049682617, 0.045433998107910156, 0.05533170700073242 
855, 0.27938729524612427, 0.10417509078979492, 0.04476475715637207, 0.05535292625427246 
856, 0.2794228494167328, 0.1053612232208252, 0.04544544219970703, 0.056475162506103516 
857, 0.2794584333896637, 0.10359835624694824, 0.04521656036376953, 0.05478096008300781 
858, 0.27949386835098267, 0.10358166694641113, 0.04485726356506348, 0.05517125129699707 
859, 0.2795292139053345, 0.10327982902526855, 0.044214725494384766, 0.0554814338684082 
860, 0.2795645594596863, 0.12947869300842285, 0.04674029350280762, 0.0703892707824707 
861, 0.2795998752117157, 0.11316537857055664, 0.053812265396118164, 0.05582594871520996 
862, 0.2796352505683899, 0.10400772094726562, 0.04439878463745117, 0.05605506896972656 
863, 0.2796705365180969, 0.1057124137878418, 0.04519248008728027, 0.0570220947265625 
864, 0.2797054946422577, 0.10454154014587402, 0.045621395111083984, 0.055275678634643555 
865, 0.27974051237106323, 0.10483217239379883, 0.04523158073425293, 0.05553245544433594 
866, 0.27977558970451355, 0.1036369800567627, 0.04487919807434082, 0.055240631103515625 
867, 0.2798105478286743, 0.1033935546875, 0.04517173767089844, 0.05486702919006348 
868, 0.2798454463481903, 0.10349416732788086, 0.04438447952270508, 0.055527687072753906 
869, 0.2798802852630615, 0.10481619834899902, 0.044918060302734375, 0.05635380744934082 
870, 0.27991509437561035, 0.10478711128234863, 0.045411109924316406, 0.0553896427154541 
871, 0.2799498736858368, 0.10462307929992676, 0.0454862117767334, 0.05562639236450195 
872, 0.27998459339141846, 0.10438299179077148, 0.04512429237365723, 0.055814266204833984 
873, 0.2800191640853882, 0.10345673561096191, 0.04485654830932617, 0.055069923400878906 
874, 0.2800538241863251, 0.10437369346618652, 0.04466438293457031, 0.05611920356750488 
875, 0.28008824586868286, 0.1040654182434082, 0.044927120208740234, 0.05562019348144531 
876, 0.2801227867603302, 0.10516667366027832, 0.045163869857788086, 0.05640840530395508 
877, 0.2801571488380432, 0.10395646095275879, 0.04519152641296387, 0.05516505241394043 
878, 0.28019145131111145, 0.10584902763366699, 0.04576373100280762, 0.056450605392456055 
879, 0.28022587299346924, 0.10561823844909668, 0.045322418212890625, 0.05674266815185547 
880, 0.2802601456642151, 0.10454869270324707, 0.04494142532348633, 0.0558476448059082 
881, 0.2802942097187042, 0.10660290718078613, 0.04573202133178711, 0.057028770446777344 
882, 0.2803284525871277, 0.10547876358032227, 0.04569077491760254, 0.05612039566040039 
883, 0.2803625464439392, 0.10568976402282715, 0.045427799224853516, 0.0566706657409668 
884, 0.2803965210914612, 0.1053316593170166, 0.04526329040527344, 0.05628514289855957 
885, 0.2804304361343384, 0.10658574104309082, 0.04612588882446289, 0.056565284729003906 
886, 0.28046444058418274, 0.109344482421875, 0.04734182357788086, 0.058240413665771484 
887, 0.2804983854293823, 0.10834503173828125, 0.047026872634887695, 0.057569026947021484 
888, 0.28053218126296997, 0.10625433921813965, 0.04512596130371094, 0.05717158317565918 
889, 0.2805659770965576, 0.10698080062866211, 0.04603719711303711, 0.05722618103027344 
890, 0.2805996537208557, 0.10604119300842285, 0.046257734298706055, 0.05607438087463379 
891, 0.2806333303451538, 0.10651469230651855, 0.045871734619140625, 0.0568537712097168 
892, 0.2806670069694519, 0.10851550102233887, 0.046416282653808594, 0.05833125114440918 
893, 0.2807005047798157, 0.10779428482055664, 0.04578876495361328, 0.05796170234680176 
894, 0.2807340621948242, 0.10744261741638184, 0.04640960693359375, 0.057389020919799805 
895, 0.2807675004005432, 0.10584712028503418, 0.04569602012634277, 0.05646395683288574 
896, 0.2808009386062622, 0.10510516166687012, 0.04559731483459473, 0.05597996711730957 
897, 0.28083428740501404, 0.10579967498779297, 0.04547309875488281, 0.05648398399353027 
898, 0.28086763620376587, 0.10721492767333984, 0.04589581489562988, 0.05767941474914551 
899, 0.280900776386261, 0.10719871520996094, 0.046273231506347656, 0.057376861572265625 
900, 0.28093406558036804, 0.10649466514587402, 0.04555320739746094, 0.05718851089477539 
901, 0.28096717596054077, 0.10769176483154297, 0.04658985137939453, 0.057416439056396484 
902, 0.2810003161430359, 0.10511565208435059, 0.04559063911437988, 0.05601334571838379 
903, 0.28103333711624146, 0.10341238975524902, 0.04493594169616699, 0.054933786392211914 
904, 0.281066358089447, 0.10399389266967773, 0.044484853744506836, 0.05596780776977539 
905, 0.2810993790626526, 0.10385251045227051, 0.04483985900878906, 0.05550384521484375 
906, 0.28113222122192383, 0.10505986213684082, 0.04517483711242676, 0.05603981018066406 
907, 0.28116509318351746, 0.1051795482635498, 0.04410672187805176, 0.05640554428100586 
908, 0.28119778633117676, 0.1052711009979248, 0.04584646224975586, 0.05594921112060547 
909, 0.2812306880950928, 0.1052398681640625, 0.04502058029174805, 0.056659698486328125 
910, 0.2812633216381073, 0.10550951957702637, 0.04529142379760742, 0.05662894248962402 
911, 0.281296044588089, 0.10379958152770996, 0.04466533660888672, 0.05565953254699707 
912, 0.2813287079334259, 0.10351705551147461, 0.04441404342651367, 0.05554080009460449 
913, 0.2813611626625061, 0.10329437255859375, 0.04407358169555664, 0.05562305450439453 
914, 0.28139370679855347, 0.10393285751342773, 0.04512524604797363, 0.0553736686706543 
915, 0.28142619132995605, 0.10389280319213867, 0.044858455657958984, 0.05548501014709473 
916, 0.28145861625671387, 0.10550284385681152, 0.04459977149963379, 0.05750274658203125 
917, 0.2814909815788269, 0.10496878623962402, 0.044877052307128906, 0.056452274322509766 
918, 0.2815232574939728, 0.10553574562072754, 0.04572486877441406, 0.056253671646118164 
919, 0.2815553843975067, 0.10423660278320312, 0.044535160064697266, 0.056005001068115234 
920, 0.2815878391265869, 0.10427188873291016, 0.044615983963012695, 0.055918216705322266 
921, 0.28161993622779846, 0.10524988174438477, 0.04515337944030762, 0.05674099922180176 
922, 0.28165197372436523, 0.10508251190185547, 0.045232534408569336, 0.056282758712768555 
923, 0.28168416023254395, 0.1045835018157959, 0.04527616500854492, 0.05574321746826172 
924, 0.28171613812446594, 0.10382080078125, 0.04473876953125, 0.05524897575378418 
925, 0.28174805641174316, 0.10424518585205078, 0.045072078704833984, 0.05559730529785156 
926, 0.28178006410598755, 0.10443687438964844, 0.04472970962524414, 0.055789947509765625 
927, 0.28181180357933044, 0.10375237464904785, 0.044608116149902344, 0.05524420738220215 
928, 0.2818438410758972, 0.10455107688903809, 0.04601740837097168, 0.05500149726867676 
929, 0.28187552094459534, 0.1043238639831543, 0.04480624198913574, 0.055982351303100586 
930, 0.28190726041793823, 0.10255122184753418, 0.04413247108459473, 0.05475473403930664 
931, 0.2819390296936035, 0.10418868064880371, 0.04494643211364746, 0.05582571029663086 
932, 0.2819705605506897, 0.10406661033630371, 0.04455089569091797, 0.05573296546936035 
933, 0.28200212121009827, 0.10568404197692871, 0.04560232162475586, 0.05644869804382324 
934, 0.2820338010787964, 0.10654449462890625, 0.04549121856689453, 0.056922197341918945 
935, 0.28206515312194824, 0.10698604583740234, 0.045893192291259766, 0.0571291446685791 
936, 0.2820966839790344, 0.10805010795593262, 0.04679560661315918, 0.05708909034729004 
937, 0.2821280360221863, 0.10403180122375488, 0.04508709907531738, 0.05531740188598633 
938, 0.2821594476699829, 0.10445618629455566, 0.044451236724853516, 0.05632781982421875 
939, 0.2821906805038452, 0.10637784004211426, 0.04577159881591797, 0.05694937705993652 
940, 0.2822219729423523, 0.10669159889221191, 0.04571986198425293, 0.05708169937133789 
941, 0.282253235578537, 0.10760784149169922, 0.04596424102783203, 0.0579228401184082 
942, 0.28228437900543213, 0.10731148719787598, 0.04613542556762695, 0.05730414390563965 
943, 0.2823154926300049, 0.10716700553894043, 0.04593825340270996, 0.05753612518310547 
944, 0.28234660625457764, 0.10658836364746094, 0.0458378791809082, 0.05691385269165039 
945, 0.28237760066986084, 0.10814166069030762, 0.04659605026245117, 0.05780196189880371 
946, 0.28240862488746643, 0.1072092056274414, 0.04573392868041992, 0.05767941474914551 
947, 0.28243955969810486, 0.10908126831054688, 0.04680776596069336, 0.05843472480773926 
948, 0.2824704647064209, 0.1118779182434082, 0.04737353324890137, 0.060173988342285156 
949, 0.2825012803077698, 0.11089658737182617, 0.0474085807800293, 0.05951952934265137 
950, 0.2825321555137634, 0.10990691184997559, 0.04746699333190918, 0.058472394943237305 
951, 0.2825629413127899, 0.10859537124633789, 0.046506404876708984, 0.05776333808898926 
952, 0.28259360790252686, 0.10887360572814941, 0.04660773277282715, 0.058423757553100586 
953, 0.2826242446899414, 0.10908198356628418, 0.04651379585266113, 0.05875706672668457 
954, 0.2826549708843231, 0.11775755882263184, 0.04686760902404785, 0.06550884246826172 
955, 0.28268545866012573, 0.10736536979675293, 0.04630565643310547, 0.05737924575805664 
956, 0.2827160954475403, 0.10996890068054199, 0.046741485595703125, 0.05925297737121582 
957, 0.2827465832233429, 0.10852622985839844, 0.04675745964050293, 0.05803537368774414 
958, 0.28277701139450073, 0.1075129508972168, 0.04622530937194824, 0.057454586029052734 
959, 0.282807320356369, 0.10800814628601074, 0.04633474349975586, 0.057473182678222656 
960, 0.28283777832984924, 0.10948657989501953, 0.04729938507080078, 0.057976484298706055 
961, 0.28286808729171753, 0.10956716537475586, 0.04688072204589844, 0.058821916580200195 
962, 0.2828983664512634, 0.10742616653442383, 0.04635214805603027, 0.05726194381713867 
963, 0.2829285264015198, 0.1392841339111328, 0.04646039009094238, 0.05999875068664551 
964, 0.2829586863517761, 0.10876870155334473, 0.04764890670776367, 0.0574643611907959 
965, 0.28298890590667725, 0.1072993278503418, 0.04584527015686035, 0.05760455131530762 
966, 0.2830190062522888, 0.1068115234375, 0.04570913314819336, 0.056925058364868164 
967, 0.283049076795578, 0.10705327987670898, 0.0462956428527832, 0.05691885948181152 
968, 0.2830790877342224, 0.10696291923522949, 0.04569268226623535, 0.057489871978759766 
969, 0.28310900926589966, 0.1057736873626709, 0.04544258117675781, 0.05652427673339844 
970, 0.2831389307975769, 0.10760927200317383, 0.046167612075805664, 0.057605743408203125 
971, 0.28316885232925415, 0.11181068420410156, 0.04735708236694336, 0.060426950454711914 
972, 0.2831987738609314, 0.10843896865844727, 0.04656553268432617, 0.05792117118835449 
973, 0.28322848677635193, 0.1085669994354248, 0.047102928161621094, 0.057619571685791016 
974, 0.28325825929641724, 0.1070868968963623, 0.04612588882446289, 0.05726218223571777 
975, 0.2832879424095154, 0.10696244239807129, 0.04573965072631836, 0.05736184120178223 
976, 0.28331756591796875, 0.10724663734436035, 0.04610729217529297, 0.05738639831542969 
977, 0.2833472788333893, 0.10793447494506836, 0.04705333709716797, 0.05711197853088379 
978, 0.2833768129348755, 0.10729169845581055, 0.04590964317321777, 0.05774116516113281 
979, 0.2834063470363617, 0.10733199119567871, 0.046129703521728516, 0.05753827095031738 
980, 0.2834358811378479, 0.10776329040527344, 0.0469510555267334, 0.057127952575683594 
981, 0.28346532583236694, 0.10563135147094727, 0.045525312423706055, 0.05646872520446777 
982, 0.283494770526886, 0.10725164413452148, 0.04596996307373047, 0.05741524696350098 
983, 0.2835240066051483, 0.10717225074768066, 0.0460512638092041, 0.05761122703552246 
984, 0.28355342149734497, 0.10605192184448242, 0.04568672180175781, 0.05678296089172363 
985, 0.2835826277732849, 0.10724329948425293, 0.0459599494934082, 0.05760908126831055 
986, 0.283611923456192, 0.10729718208312988, 0.046506643295288086, 0.05677151679992676 
987, 0.28364109992980957, 0.11006307601928711, 0.04709148406982422, 0.0589604377746582 
988, 0.28367018699645996, 0.1103506088256836, 0.0472102165222168, 0.05927419662475586 
989, 0.2836993336677551, 0.10802793502807617, 0.04645133018493652, 0.05779600143432617 
990, 0.28372833132743835, 0.10693979263305664, 0.046285390853881836, 0.05706214904785156 
991, 0.28375741839408875, 0.10798859596252441, 0.04614377021789551, 0.05824470520019531 
992, 0.2837863564491272, 0.10808396339416504, 0.04659771919250488, 0.057787418365478516 
993, 0.2838153541088104, 0.10672497749328613, 0.04566001892089844, 0.057030677795410156 
994, 0.2838442921638489, 0.10734915733337402, 0.04615187644958496, 0.057540178298950195 
995, 0.283873051404953, 0.10835146903991699, 0.04668760299682617, 0.05806279182434082 
996, 0.2839018702507019, 0.10605788230895996, 0.04548382759094238, 0.05690789222717285 
997, 0.28393056988716125, 0.10690021514892578, 0.04583859443664551, 0.05727553367614746 
998, 0.28395938873291016, 0.10760116577148438, 0.046352386474609375, 0.057541847229003906 
999, 0.2839881181716919, 0.10605573654174805, 0.045780181884765625, 0.05657839775085449 
