Iteration, loss, time 
0, 0.9696875810623169, 0.10422825813293457, 0.051206350326538086, 0.047994375228881836 
1, 0.9169014692306519, 0.09772682189941406, 0.04491758346557617, 0.04913806915283203 
2, 0.8654894232749939, 0.09613943099975586, 0.04512667655944824, 0.047547101974487305 
3, 0.8154393434524536, 0.09507513046264648, 0.043633460998535156, 0.04796743392944336 
4, 0.766722559928894, 0.09388208389282227, 0.04346108436584473, 0.04688382148742676 
5, 0.7193344831466675, 0.09589385986328125, 0.04361748695373535, 0.04873156547546387 
6, 0.673272967338562, 0.09622907638549805, 0.04446887969970703, 0.04824686050415039 
7, 0.6285290122032166, 0.09727787971496582, 0.04512643814086914, 0.04858541488647461 
8, 0.5850845575332642, 0.09675097465515137, 0.04492616653442383, 0.04812169075012207 
9, 0.5429129600524902, 0.09563851356506348, 0.044281721115112305, 0.04788351058959961 
10, 0.501981794834137, 0.09638571739196777, 0.044092416763305664, 0.04874467849731445 
11, 0.4622562527656555, 0.09668326377868652, 0.04473400115966797, 0.048391103744506836 
12, 0.4236973524093628, 0.09549450874328613, 0.04410052299499512, 0.04765605926513672 
13, 0.3862651288509369, 0.0965719223022461, 0.04442739486694336, 0.04866814613342285 
14, 0.3499220609664917, 0.09638595581054688, 0.04535174369812012, 0.04757046699523926 
15, 0.31463438272476196, 0.09561562538146973, 0.0442507266998291, 0.047846317291259766 
16, 0.28036847710609436, 0.09521651268005371, 0.04437065124511719, 0.04734992980957031 
17, 0.24709300696849823, 0.09651684761047363, 0.04445648193359375, 0.04860663414001465 
18, 0.21478062868118286, 0.09581136703491211, 0.044602394104003906, 0.04774737358093262 
19, 0.18340373039245605, 0.09528708457946777, 0.04342961311340332, 0.048508644104003906 
20, 0.15293210744857788, 0.09482717514038086, 0.04366350173950195, 0.047437191009521484 
21, 0.12334156036376953, 0.09496712684631348, 0.04411649703979492, 0.04729056358337402 
22, 0.09460549056529999, 0.09446096420288086, 0.04374957084655762, 0.04715561866760254 
23, 0.06669527292251587, 0.09593486785888672, 0.044617652893066406, 0.047857046127319336 
24, 0.03958544135093689, 0.09569883346557617, 0.04458212852478027, 0.0476682186126709 
25, 0.01324966549873352, 0.09401440620422363, 0.04305148124694824, 0.047452688217163086 
26, -0.012338250875473022, 0.09685564041137695, 0.04473137855529785, 0.04868054389953613 
27, -0.037201881408691406, 0.09614300727844238, 0.044449806213378906, 0.048197269439697266 
28, -0.06136763095855713, 0.09613370895385742, 0.04458761215209961, 0.0481109619140625 
29, -0.08485874533653259, 0.09706568717956543, 0.044815778732299805, 0.04848313331604004 
30, -0.10769829154014587, 0.09623074531555176, 0.04512500762939453, 0.04766249656677246 
31, -0.12990659475326538, 0.09499311447143555, 0.0440824031829834, 0.047425031661987305 
32, -0.15150463581085205, 0.09499669075012207, 0.04447054862976074, 0.047078847885131836 
33, -0.17251336574554443, 0.09614419937133789, 0.04424118995666504, 0.048462629318237305 
34, -0.1929502785205841, 0.09526562690734863, 0.04385232925415039, 0.047299861907958984 
35, -0.212833434343338, 0.09537482261657715, 0.044126033782958984, 0.0476994514465332 
36, -0.23218083381652832, 0.09545087814331055, 0.04389691352844238, 0.04801774024963379 
37, -0.2510075569152832, 0.09541034698486328, 0.04459071159362793, 0.047440528869628906 
38, -0.26932910084724426, 0.09535789489746094, 0.044098854064941406, 0.04785728454589844 
39, -0.2871595621109009, 0.09424614906311035, 0.04374861717224121, 0.047075510025024414 
40, -0.30451375246047974, 0.0946342945098877, 0.04323554039001465, 0.047927141189575195 
41, -0.32140639424324036, 0.09572243690490723, 0.044267892837524414, 0.047913551330566406 
42, -0.337850421667099, 0.09703421592712402, 0.04466128349304199, 0.048729896545410156 
43, -0.3538590371608734, 0.09760546684265137, 0.04506254196166992, 0.04900312423706055 
44, -0.36944419145584106, 0.09671974182128906, 0.04477095603942871, 0.048432350158691406 
45, -0.38461872935295105, 0.09731769561767578, 0.04508686065673828, 0.04833984375 
46, -0.39939436316490173, 0.09630179405212402, 0.04450416564941406, 0.048287391662597656 
47, -0.4137818515300751, 0.09639525413513184, 0.044052839279174805, 0.04877328872680664 
48, -0.42779359221458435, 0.09677624702453613, 0.04483985900878906, 0.048431396484375 
49, -0.44143936038017273, 0.09704113006591797, 0.04485154151916504, 0.04862356185913086 
50, -0.45472946763038635, 0.09649658203125, 0.04480481147766113, 0.04816150665283203 
51, -0.4676741361618042, 0.09778785705566406, 0.04457545280456543, 0.049630165100097656 
52, -0.48028334975242615, 0.0966496467590332, 0.04464435577392578, 0.048430442810058594 
53, -0.49256595969200134, 0.09771990776062012, 0.045212745666503906, 0.04878711700439453 
54, -0.5045309066772461, 0.09682583808898926, 0.045033931732177734, 0.04834771156311035 
55, -0.5161869525909424, 0.09758615493774414, 0.04614543914794922, 0.047925472259521484 
56, -0.5275427103042603, 0.0967872142791748, 0.0443422794342041, 0.04850959777832031 
57, -0.538606584072113, 0.09654569625854492, 0.044904470443725586, 0.04815030097961426 
58, -0.5493875741958618, 0.09737038612365723, 0.04472994804382324, 0.04902291297912598 
59, -0.5598925352096558, 0.09623956680297852, 0.044759273529052734, 0.047922372817993164 
60, -0.5701290965080261, 0.09642267227172852, 0.04437875747680664, 0.04845476150512695 
61, -0.5801056623458862, 0.09636807441711426, 0.04492974281311035, 0.04791069030761719 
62, -0.5898295044898987, 0.09782958030700684, 0.04508209228515625, 0.04915928840637207 
63, -0.5993072986602783, 0.10020995140075684, 0.04610848426818848, 0.05045366287231445 
64, -0.6084516048431396, 0.10247468948364258, 0.04650378227233887, 0.052274465560913086 
65, -0.6169257164001465, 0.10017871856689453, 0.04694104194641113, 0.04960179328918457 
66, -0.6251087188720703, 0.09930825233459473, 0.04575848579406738, 0.049895286560058594 
67, -0.6331108808517456, 0.09887361526489258, 0.04580283164978027, 0.04943513870239258 
68, -0.6409462094306946, 0.09488296508789062, 0.04385876655578613, 0.04757261276245117 
69, -0.648625373840332, 0.09689950942993164, 0.04468965530395508, 0.04875993728637695 
70, -0.6561574339866638, 0.09475469589233398, 0.043743133544921875, 0.047575950622558594 
71, -0.6635490655899048, 0.09474706649780273, 0.0438380241394043, 0.04753613471984863 
72, -0.6708035469055176, 0.09335756301879883, 0.04258894920349121, 0.047292232513427734 
73, -0.6779228448867798, 0.09589672088623047, 0.04380655288696289, 0.04854631423950195 
74, -0.6849097609519958, 0.09666919708251953, 0.04504036903381348, 0.04816722869873047 
75, -0.691758394241333, 0.09821224212646484, 0.04462289810180664, 0.05010676383972168 
76, -0.6983888745307922, 0.09777450561523438, 0.04444575309753418, 0.049928903579711914 
77, -0.7046319246292114, 0.09478259086608887, 0.04353690147399902, 0.04768228530883789 
78, -0.7106546759605408, 0.09592247009277344, 0.04442334175109863, 0.04805421829223633 
79, -0.7165650725364685, 0.09490776062011719, 0.04384565353393555, 0.04763436317443848 
80, -0.7223724126815796, 0.09477066993713379, 0.04447126388549805, 0.04685354232788086 
81, -0.7276341915130615, 0.09673762321472168, 0.04343366622924805, 0.049857378005981445 
82, -0.7317354679107666, 0.09813380241394043, 0.04422402381896973, 0.05042290687561035 
83, -0.7364143133163452, 0.09751105308532715, 0.04403114318847656, 0.04977083206176758 
84, -0.7417473793029785, 0.09852313995361328, 0.04435324668884277, 0.05051302909851074 
85, -0.7458593845367432, 0.0955362319946289, 0.044107675552368164, 0.04797697067260742 
86, -0.7492194175720215, 0.09480762481689453, 0.0438389778137207, 0.047478437423706055 
87, -0.7526159286499023, 0.09567832946777344, 0.04428505897521973, 0.04802346229553223 
88, -0.756070077419281, 0.0940542221069336, 0.04372382164001465, 0.04680681228637695 
89, -0.7596696615219116, 0.09779787063598633, 0.044937849044799805, 0.0494384765625 
90, -0.7634087204933167, 0.09688210487365723, 0.044116973876953125, 0.04930830001831055 
91, -0.7654507160186768, 0.09537529945373535, 0.0449063777923584, 0.04703259468078613 
92, -0.767833411693573, 0.09463310241699219, 0.04366278648376465, 0.047576189041137695 
93, -0.7703654766082764, 0.09564423561096191, 0.04418015480041504, 0.048007965087890625 
94, -0.7730528712272644, 0.09498953819274902, 0.0437779426574707, 0.047746896743774414 
95, -0.7758948802947998, 0.09774994850158691, 0.044512271881103516, 0.04980921745300293 
96, -0.7788865566253662, 0.09688854217529297, 0.045110464096069336, 0.04832196235656738 
97, -0.7820191383361816, 0.09642767906188965, 0.04373884201049805, 0.04907584190368652 
98, -0.7852804660797119, 0.0970001220703125, 0.04533505439758301, 0.04824066162109375 
99, -0.7886562943458557, 0.09523749351501465, 0.04412412643432617, 0.04728507995605469 
100, -0.7921316623687744, 0.09476685523986816, 0.0442349910736084, 0.04712033271789551 
101, -0.7949811220169067, 0.09646940231323242, 0.0433650016784668, 0.0496366024017334 
102, -0.7984971404075623, 0.09558606147766113, 0.04428553581237793, 0.04785609245300293 
103, -0.8013454675674438, 0.0988924503326416, 0.04365396499633789, 0.05145430564880371 
104, -0.803867518901825, 0.10091423988342285, 0.046149492263793945, 0.051218271255493164 
105, -0.8066186904907227, 0.09997773170471191, 0.04573798179626465, 0.05070996284484863 
106, -0.8095684051513672, 0.10210537910461426, 0.04598236083984375, 0.05255603790283203 
107, -0.8126857280731201, 0.10140848159790039, 0.04627799987792969, 0.051512718200683594 
108, -0.8167464733123779, 0.10348939895629883, 0.04706215858459473, 0.052722930908203125 
109, -0.8199968338012695, 0.10430669784545898, 0.048668861389160156, 0.052030086517333984 
110, -0.8232746124267578, 0.10550904273986816, 0.047295570373535156, 0.05447506904602051 
111, -0.8258543610572815, 0.10342955589294434, 0.04764676094055176, 0.052228450775146484 
112, -0.8262444734573364, 0.09937620162963867, 0.04454374313354492, 0.05127906799316406 
113, -0.8265435695648193, 0.09769988059997559, 0.04372096061706543, 0.05064129829406738 
114, -0.8270479440689087, 0.09739565849304199, 0.04394721984863281, 0.04990577697753906 
115, -0.8278080224990845, 0.09880495071411133, 0.04503035545349121, 0.05019950866699219 
116, -0.8288211822509766, 0.10306882858276367, 0.04589080810546875, 0.05337929725646973 
117, -0.8298540115356445, 0.10322189331054688, 0.04774737358093262, 0.051811933517456055 
118, -0.8311059474945068, 0.10406994819641113, 0.04779243469238281, 0.052652835845947266 
119, -0.8326001167297363, 0.10407233238220215, 0.04778409004211426, 0.05241084098815918 
120, -0.8343178033828735, 0.10523796081542969, 0.04863381385803223, 0.052744388580322266 
121, -0.8362404704093933, 0.10585641860961914, 0.04962301254272461, 0.05232048034667969 
122, -0.8383471965789795, 0.10554957389831543, 0.04891705513000488, 0.05273723602294922 
123, -0.8406167030334473, 0.1038370132446289, 0.04792952537536621, 0.052309513092041016 
124, -0.8429704904556274, 0.10578584671020508, 0.04683518409729004, 0.05513310432434082 
125, -0.8445404767990112, 0.1059885025024414, 0.048388004302978516, 0.05380964279174805 
126, -0.8462660908699036, 0.10601210594177246, 0.048029184341430664, 0.05394887924194336 
127, -0.8481482267379761, 0.10608458518981934, 0.048575401306152344, 0.05362820625305176 
128, -0.8500707745552063, 0.10599207878112793, 0.04834294319152832, 0.053917646408081055 
129, -0.8521292805671692, 0.10616469383239746, 0.047808170318603516, 0.05456972122192383 
130, -0.8543102145195007, 0.10426044464111328, 0.046627044677734375, 0.053838253021240234 
131, -0.8565731048583984, 0.108123779296875, 0.048825740814208984, 0.055390357971191406 
132, -0.8587584495544434, 0.1039125919342041, 0.04686927795410156, 0.05333709716796875 
133, -0.8612286448478699, 0.10287642478942871, 0.04735517501831055, 0.05216574668884277 
134, -0.8632593154907227, 0.10182452201843262, 0.045626163482666016, 0.05261993408203125 
135, -0.8643327355384827, 0.10150575637817383, 0.04742741584777832, 0.050401926040649414 
136, -0.865139901638031, 0.10256433486938477, 0.04645800590515137, 0.052433013916015625 
137, -0.866085410118103, 0.1028447151184082, 0.04587149620056152, 0.0532994270324707 
138, -0.866618275642395, 0.10137462615966797, 0.04692339897155762, 0.05075645446777344 
139, -0.8673572540283203, 0.09992027282714844, 0.047110795974731445, 0.0492098331451416 
140, -0.8683289289474487, 0.10003995895385742, 0.046701908111572266, 0.04975581169128418 
141, -0.8695263862609863, 0.09941482543945312, 0.046906471252441406, 0.0491945743560791 
142, -0.87090665102005, 0.09993171691894531, 0.04533267021179199, 0.05105471611022949 
143, -0.8722081184387207, 0.10248255729675293, 0.046292781829833984, 0.052756547927856445 
144, -0.8735475540161133, 0.10206103324890137, 0.0467982292175293, 0.05182790756225586 
145, -0.8753781914710999, 0.10300731658935547, 0.04676985740661621, 0.05271601676940918 
146, -0.8766786456108093, 0.10169601440429688, 0.04617190361022949, 0.052050113677978516 
147, -0.8782419562339783, 0.10155940055847168, 0.04640817642211914, 0.05165910720825195 
148, -0.8785146474838257, 0.10040926933288574, 0.04675102233886719, 0.05030322074890137 
149, -0.8792923092842102, 0.09756636619567871, 0.0452878475189209, 0.04887890815734863 
150, -0.8803160786628723, 0.1005697250366211, 0.04647660255432129, 0.05056571960449219 
151, -0.8815658688545227, 0.0978391170501709, 0.0460970401763916, 0.04832053184509277 
152, -0.8830185532569885, 0.0995175838470459, 0.04569125175476074, 0.05047941207885742 
153, -0.8837886452674866, 0.0967264175415039, 0.045150041580200195, 0.04819464683532715 
154, -0.8844916820526123, 0.10028672218322754, 0.04568076133728027, 0.0511937141418457 
155, -0.8853332996368408, 0.09887981414794922, 0.045063018798828125, 0.050345420837402344 
156, -0.8863236904144287, 0.09769630432128906, 0.04424786567687988, 0.050189971923828125 
157, -0.8874066472053528, 0.09584426879882812, 0.04339122772216797, 0.04911971092224121 
158, -0.8886212706565857, 0.09683442115783691, 0.04335832595825195, 0.05000591278076172 
159, -0.8899599313735962, 0.09492778778076172, 0.044228315353393555, 0.04732012748718262 
160, -0.8912485241889954, 0.09553694725036621, 0.04391908645629883, 0.04817557334899902 
161, -0.8925472497940063, 0.09754133224487305, 0.044385433197021484, 0.04973173141479492 
162, -0.8935795426368713, 0.09619593620300293, 0.04350447654724121, 0.04941964149475098 
163, -0.8949090838432312, 0.09733343124389648, 0.04356813430786133, 0.05039691925048828 
164, -0.8965446352958679, 0.09577536582946777, 0.043411970138549805, 0.0490419864654541 
165, -0.8982774615287781, 0.09762072563171387, 0.043277740478515625, 0.051033735275268555 
166, -0.8998581767082214, 0.09657430648803711, 0.04430270195007324, 0.0490267276763916 
167, -0.8942015767097473, 0.0965583324432373, 0.04366612434387207, 0.0495450496673584 
168, -0.8882107138633728, 0.09528779983520508, 0.04329061508178711, 0.0487060546875 
169, -0.8819953799247742, 0.09651923179626465, 0.04383563995361328, 0.04919600486755371 
170, -0.8757510781288147, 0.09833264350891113, 0.04471921920776367, 0.05013322830200195 
171, -0.8697439432144165, 0.09780216217041016, 0.04483151435852051, 0.04946470260620117 
172, -0.8636547923088074, 0.09772539138793945, 0.044419288635253906, 0.04985928535461426 
173, -0.8579408526420593, 0.09812355041503906, 0.04467654228210449, 0.0500788688659668 
174, -0.8526379466056824, 0.09817838668823242, 0.044188737869262695, 0.050478458404541016 
175, -0.8474897742271423, 0.09730219841003418, 0.04390764236450195, 0.049948692321777344 
176, -0.8426801562309265, 0.09881401062011719, 0.04450511932373047, 0.05091452598571777 
177, -0.8382084965705872, 0.09761595726013184, 0.044605255126953125, 0.049620866775512695 
178, -0.8339537382125854, 0.09771943092346191, 0.043830156326293945, 0.05049705505371094 
179, -0.8299497961997986, 0.09603404998779297, 0.044454097747802734, 0.04816722869873047 
180, -0.8264080286026001, 0.09590578079223633, 0.04467201232910156, 0.047725677490234375 
181, -0.8232898712158203, 0.09589433670043945, 0.04473280906677246, 0.047728776931762695 
182, -0.8205723762512207, 0.09556174278259277, 0.044446468353271484, 0.04766106605529785 
183, -0.8182317614555359, 0.09596443176269531, 0.04446768760681152, 0.048056840896606445 
184, -0.8162438869476318, 0.09555292129516602, 0.04410433769226074, 0.048039913177490234 
185, -0.8145440220832825, 0.09866738319396973, 0.044690847396850586, 0.05062508583068848 
186, -0.8126794099807739, 0.09639525413513184, 0.044582366943359375, 0.04843759536743164 
187, -0.8110976815223694, 0.0964043140411377, 0.04477071762084961, 0.04828071594238281 
188, -0.8098133206367493, 0.09552311897277832, 0.0442051887512207, 0.04791426658630371 
189, -0.8088022470474243, 0.09788894653320312, 0.04481196403503418, 0.049549102783203125 
190, -0.8080418109893799, 0.09778857231140137, 0.045589447021484375, 0.04845857620239258 
191, -0.8075099587440491, 0.09874105453491211, 0.04575753211975098, 0.04937887191772461 
192, -0.8071862459182739, 0.09850692749023438, 0.045290231704711914, 0.04972577095031738 
193, -0.8070511817932129, 0.09759140014648438, 0.04514479637145996, 0.04886460304260254 
194, -0.8070867657661438, 0.09556937217712402, 0.04464101791381836, 0.04767966270446777 
195, -0.8072749376296997, 0.09438967704772949, 0.0434572696685791, 0.047585487365722656 
196, -0.807600736618042, 0.09466242790222168, 0.04378485679626465, 0.047540903091430664 
197, -0.8080493211746216, 0.09237933158874512, 0.042771100997924805, 0.04632973670959473 
198, -0.8086075186729431, 0.09438776969909668, 0.04396533966064453, 0.047186851501464844 
199, -0.8092617988586426, 0.09463930130004883, 0.04388880729675293, 0.04746747016906738 
200, -0.8100021481513977, 0.09508681297302246, 0.043877363204956055, 0.04776144027709961 
201, -0.8108172416687012, 0.09538650512695312, 0.044361114501953125, 0.04762744903564453 
202, -0.8116979598999023, 0.09429407119750977, 0.04365944862365723, 0.04728293418884277 
203, -0.8126351833343506, 0.09529876708984375, 0.043938636779785156, 0.04812312126159668 
204, -0.8136218786239624, 0.09399080276489258, 0.04363107681274414, 0.047109127044677734 
205, -0.8146504759788513, 0.09431743621826172, 0.04320406913757324, 0.04784846305847168 
206, -0.8157142996788025, 0.09624648094177246, 0.04359126091003418, 0.04940390586853027 
207, -0.8165817856788635, 0.09427642822265625, 0.04422116279602051, 0.04679703712463379 
208, -0.8174982666969299, 0.09420204162597656, 0.04323267936706543, 0.04769468307495117 
209, -0.8184573650360107, 0.09446859359741211, 0.04419708251953125, 0.04698014259338379 
210, -0.8194530010223389, 0.09457159042358398, 0.04347872734069824, 0.04776406288146973 
211, -0.8204795122146606, 0.09477591514587402, 0.043932199478149414, 0.04750251770019531 
212, -0.8215503096580505, 0.09561681747436523, 0.04377388954162598, 0.04859209060668945 
213, -0.822645366191864, 0.09614729881286621, 0.04337620735168457, 0.04948616027832031 
214, -0.8233926892280579, 0.09717965126037598, 0.0438694953918457, 0.050035715103149414 
215, -0.8239775896072388, 0.09387636184692383, 0.04293465614318848, 0.04769301414489746 
216, -0.824646532535553, 0.09648966789245605, 0.04380464553833008, 0.0492861270904541 
217, -0.8254684805870056, 0.09661746025085449, 0.044272422790527344, 0.048888444900512695 
218, -0.8263617157936096, 0.09668421745300293, 0.04390215873718262, 0.049500226974487305 
219, -0.826535701751709, 0.09696698188781738, 0.043904781341552734, 0.04984760284423828 
220, -0.8270015120506287, 0.09395170211791992, 0.04315781593322754, 0.04752016067504883 
221, -0.8275462985038757, 0.09337043762207031, 0.043108224868774414, 0.04700183868408203 
222, -0.8281552195549011, 0.09433531761169434, 0.0430293083190918, 0.04800295829772949 
223, -0.8288219571113586, 0.09485745429992676, 0.04430866241455078, 0.04729104042053223 
224, -0.8295390605926514, 0.09386157989501953, 0.04350423812866211, 0.047087907791137695 
225, -0.8303008675575256, 0.0951533317565918, 0.04400634765625, 0.04787421226501465 
226, -0.8311018347740173, 0.09464645385742188, 0.04405093193054199, 0.04722094535827637 
227, -0.8319368362426758, 0.09428977966308594, 0.04335904121398926, 0.047605037689208984 
228, -0.832800567150116, 0.09661459922790527, 0.04391360282897949, 0.04945015907287598 
229, -0.8336774110794067, 0.09671425819396973, 0.04330182075500488, 0.05006122589111328 
230, -0.8342719674110413, 0.09531044960021973, 0.04389476776123047, 0.04817652702331543 
231, -0.8349036574363708, 0.09385967254638672, 0.04353690147399902, 0.04708671569824219 
232, -0.8355816006660461, 0.09505677223205566, 0.044039249420166016, 0.04774975776672363 
233, -0.8362991809844971, 0.09377574920654297, 0.043607234954833984, 0.046875 
234, -0.8370530009269714, 0.09622931480407715, 0.044565677642822266, 0.04816603660583496 
235, -0.837838351726532, 0.09569692611694336, 0.04448652267456055, 0.04770541191101074 
236, -0.8386511206626892, 0.0964670181274414, 0.04463839530944824, 0.04844856262207031 
237, -0.8394882678985596, 0.0965738296508789, 0.04468536376953125, 0.048536062240600586 
238, -0.8403459191322327, 0.09521055221557617, 0.0440824031829834, 0.047712087631225586 
239, -0.8412256836891174, 0.0987086296081543, 0.0439600944519043, 0.05096244812011719 
240, -0.8420685529708862, 0.0988774299621582, 0.04504227638244629, 0.05034685134887695 
241, -0.8429140448570251, 0.09914875030517578, 0.045095205307006836, 0.050505638122558594 
242, -0.8437542915344238, 0.09933781623840332, 0.04476571083068848, 0.05079531669616699 
243, -0.8441605567932129, 0.09748220443725586, 0.04395651817321777, 0.04997968673706055 
244, -0.8445337414741516, 0.09720158576965332, 0.0443730354309082, 0.04947662353515625 
245, -0.8446277976036072, 0.09595441818237305, 0.04409289360046387, 0.04838109016418457 
246, -0.8448193669319153, 0.09645986557006836, 0.04474163055419922, 0.04830121994018555 
247, -0.845084011554718, 0.09737181663513184, 0.044222116470336914, 0.04968857765197754 
248, -0.845003068447113, 0.09652876853942871, 0.04439568519592285, 0.04873919486999512 
249, -0.845020592212677, 0.09611177444458008, 0.04484224319458008, 0.047920942306518555 
250, -0.845133364200592, 0.09674429893493652, 0.04473519325256348, 0.04857826232910156 
251, -0.845335066318512, 0.09532570838928223, 0.044176578521728516, 0.04761362075805664 
252, -0.8456183671951294, 0.09540891647338867, 0.04377341270446777, 0.048194169998168945 
253, -0.8459754586219788, 0.09643030166625977, 0.043730974197387695, 0.04921770095825195 
254, -0.8464006781578064, 0.09762215614318848, 0.04510831832885742, 0.04889988899230957 
255, -0.8468866944313049, 0.09736323356628418, 0.044885873794555664, 0.049042701721191406 
256, -0.8474277257919312, 0.09806275367736816, 0.04537773132324219, 0.0490872859954834 
257, -0.8480173945426941, 0.09854412078857422, 0.04564523696899414, 0.04929852485656738 
258, -0.8486509323120117, 0.09708929061889648, 0.04534745216369629, 0.04845452308654785 
259, -0.8493223786354065, 0.09520840644836426, 0.04423809051513672, 0.0477445125579834 
260, -0.8500276207923889, 0.09369850158691406, 0.04340243339538574, 0.046991825103759766 
261, -0.850762128829956, 0.09575700759887695, 0.044359683990478516, 0.04812502861022949 
262, -0.8515221476554871, 0.0939321517944336, 0.04318881034851074, 0.04747581481933594 
263, -0.8523038029670715, 0.09418535232543945, 0.043195247650146484, 0.047666311264038086 
264, -0.8531036376953125, 0.0948948860168457, 0.04355144500732422, 0.04799652099609375 
265, -0.8539184927940369, 0.09613776206970215, 0.044649362564086914, 0.048020124435424805 
266, -0.8547520041465759, 0.09693217277526855, 0.0442044734954834, 0.049363136291503906 
267, -0.8550837635993958, 0.09535646438598633, 0.04408121109008789, 0.04792928695678711 
268, -0.8554771542549133, 0.09464049339294434, 0.04400205612182617, 0.047278642654418945 
269, -0.8559205532073975, 0.09407281875610352, 0.04348564147949219, 0.04727888107299805 
270, -0.8564093112945557, 0.0938730239868164, 0.043720245361328125, 0.04677844047546387 
271, -0.8569388389587402, 0.09416389465332031, 0.043782949447631836, 0.04706621170043945 
272, -0.857504665851593, 0.09393453598022461, 0.04386186599731445, 0.04675459861755371 
273, -0.8581028580665588, 0.09500360488891602, 0.044046878814697266, 0.04767012596130371 
274, -0.8587289452552795, 0.0931401252746582, 0.04323744773864746, 0.04665112495422363 
275, -0.8593797087669373, 0.09445810317993164, 0.043974876403808594, 0.04719901084899902 
276, -0.8600523471832275, 0.09400606155395508, 0.043752431869506836, 0.04696249961853027 
277, -0.8607370257377625, 0.09697484970092773, 0.04390287399291992, 0.049793243408203125 
278, -0.8613796234130859, 0.09547257423400879, 0.04307842254638672, 0.0490114688873291 
279, -0.8620414733886719, 0.09678006172180176, 0.043819427490234375, 0.0496673583984375 
280, -0.8624541759490967, 0.09387588500976562, 0.04321861267089844, 0.047280311584472656 
281, -0.8628943562507629, 0.09522199630737305, 0.043588876724243164, 0.04820728302001953 
282, -0.8633731007575989, 0.09389615058898926, 0.04334235191345215, 0.04726719856262207 
283, -0.8638865947723389, 0.0942378044128418, 0.04349946975708008, 0.04737567901611328 
284, -0.8644319176673889, 0.09688615798950195, 0.043794870376586914, 0.04938507080078125 
285, -0.8649215698242188, 0.09427618980407715, 0.04360651969909668, 0.04716300964355469 
286, -0.8654456734657288, 0.0942692756652832, 0.04425692558288574, 0.046758413314819336 
287, -0.8660001158714294, 0.09447097778320312, 0.04415488243103027, 0.046927690505981445 
288, -0.8665817379951477, 0.09619808197021484, 0.04407787322998047, 0.04878044128417969 
289, -0.8671039938926697, 0.09490847587585449, 0.0437467098236084, 0.04781365394592285 
290, -0.8676562905311584, 0.09327363967895508, 0.04366159439086914, 0.04630541801452637 
291, -0.8682118058204651, 0.09652161598205566, 0.043745994567871094, 0.04949069023132324 
292, -0.8686982989311218, 0.09751224517822266, 0.04407334327697754, 0.05002546310424805 
293, -0.8687018752098083, 0.09399986267089844, 0.04375338554382324, 0.04685354232788086 
294, -0.8687338829040527, 0.09546089172363281, 0.04422116279602051, 0.04798555374145508 
295, -0.8688395619392395, 0.09407544136047363, 0.04343819618225098, 0.047315359115600586 
296, -0.8690127730369568, 0.09406447410583496, 0.04366660118103027, 0.046973466873168945 
297, -0.8692485690116882, 0.09453296661376953, 0.04402589797973633, 0.04721832275390625 
298, -0.8695414066314697, 0.09471535682678223, 0.043459177017211914, 0.047777652740478516 
299, -0.8698861598968506, 0.0972142219543457, 0.044777870178222656, 0.048883676528930664 
300, -0.8702780604362488, 0.09565043449401855, 0.04417848587036133, 0.04802370071411133 
301, -0.870712399482727, 0.09645557403564453, 0.045023441314697266, 0.04792022705078125 
302, -0.8711846470832825, 0.09539270401000977, 0.04457402229309082, 0.04757118225097656 
303, -0.8716907501220703, 0.09487342834472656, 0.043488502502441406, 0.04803037643432617 
304, -0.8722270131111145, 0.0958089828491211, 0.04447317123413086, 0.04778170585632324 
305, -0.8727912306785583, 0.09829092025756836, 0.04451346397399902, 0.05017495155334473 
306, -0.8731818199157715, 0.09531736373901367, 0.04462480545043945, 0.04725480079650879 
307, -0.8736132979393005, 0.09614968299865723, 0.044397592544555664, 0.0483243465423584 
308, -0.874080240726471, 0.09581613540649414, 0.0440821647644043, 0.048297882080078125 
309, -0.8745787143707275, 0.09528899192810059, 0.04451751708984375, 0.047395944595336914 
310, -0.8751060962677002, 0.09560966491699219, 0.04427957534790039, 0.04786515235900879 
311, -0.8756582140922546, 0.09825563430786133, 0.04524397850036621, 0.04962611198425293 
312, -0.8762207627296448, 0.09761810302734375, 0.043561697006225586, 0.050615549087524414 
313, -0.8765254020690918, 0.09898638725280762, 0.045075416564941406, 0.050444602966308594 
314, -0.8768677711486816, 0.09813451766967773, 0.04446101188659668, 0.04989290237426758 
315, -0.8770333528518677, 0.09812760353088379, 0.0443873405456543, 0.050261735916137695 
316, -0.8771368861198425, 0.09546113014221191, 0.04409003257751465, 0.048085689544677734 
317, -0.8772990107536316, 0.09553885459899902, 0.04437756538391113, 0.04771924018859863 
318, -0.8775562644004822, 0.09876561164855957, 0.04445624351501465, 0.05073904991149902 
319, -0.8773525357246399, 0.09813380241394043, 0.04575800895690918, 0.04881477355957031 
320, -0.8772746324539185, 0.09781742095947266, 0.04504847526550293, 0.049241065979003906 
321, -0.8772807717323303, 0.09818840026855469, 0.0449826717376709, 0.049599409103393555 
322, -0.8773651719093323, 0.0983128547668457, 0.0455629825592041, 0.04915452003479004 
323, -0.877519965171814, 0.09538602828979492, 0.04492926597595215, 0.04684281349182129 
324, -0.8777393698692322, 0.09433698654174805, 0.04367566108703613, 0.04735922813415527 
325, -0.8780176043510437, 0.09526824951171875, 0.043671369552612305, 0.04830646514892578 
326, -0.8783485293388367, 0.09338998794555664, 0.04318976402282715, 0.04683566093444824 
327, -0.8787271976470947, 0.09407448768615723, 0.043556928634643555, 0.04726076126098633 
328, -0.8791479468345642, 0.09305024147033691, 0.04328274726867676, 0.046343326568603516 
329, -0.8796064257621765, 0.09667301177978516, 0.04476165771484375, 0.0485532283782959 
330, -0.8800982236862183, 0.09529447555541992, 0.044013023376464844, 0.04796719551086426 
331, -0.8806193470954895, 0.09483528137207031, 0.043905019760131836, 0.04752063751220703 
332, -0.8811665177345276, 0.09511804580688477, 0.04439496994018555, 0.04727602005004883 
333, -0.8817364573478699, 0.09457087516784668, 0.04410099983215332, 0.04719233512878418 
334, -0.8823252320289612, 0.094696044921875, 0.04366707801818848, 0.04773068428039551 
335, -0.8829308152198792, 0.09368324279785156, 0.04289126396179199, 0.047321319580078125 
336, -0.8835504055023193, 0.09446191787719727, 0.04400181770324707, 0.04718375205993652 
337, -0.8841818571090698, 0.09289073944091797, 0.04305148124694824, 0.04652547836303711 
338, -0.8848232626914978, 0.0951237678527832, 0.04439997673034668, 0.04750943183898926 
339, -0.8854723572731018, 0.09349298477172852, 0.04338383674621582, 0.04674220085144043 
340, -0.8861273527145386, 0.09449076652526855, 0.0443117618560791, 0.04689311981201172 
341, -0.886787474155426, 0.09380912780761719, 0.043257951736450195, 0.04731273651123047 
342, -0.8874555230140686, 0.09902596473693848, 0.0438694953918457, 0.05131864547729492 
343, -0.8881469368934631, 0.10735750198364258, 0.04929661750793457, 0.054586172103881836 
344, -0.8885252475738525, 0.09694862365722656, 0.04375004768371582, 0.049782514572143555 
345, -0.888542652130127, 0.09605860710144043, 0.044327735900878906, 0.04830503463745117 
346, -0.8886681199073792, 0.0958406925201416, 0.044425249099731445, 0.04798698425292969 
347, -0.8888471722602844, 0.09531855583190918, 0.04385256767272949, 0.04811811447143555 
348, -0.8890746235847473, 0.09447669982910156, 0.04412221908569336, 0.047063350677490234 
349, -0.8893445134162903, 0.09614086151123047, 0.04379749298095703, 0.0489964485168457 
350, -0.8896532654762268, 0.09500336647033691, 0.043485164642333984, 0.048218727111816406 
351, -0.8900003433227539, 0.09559416770935059, 0.04362797737121582, 0.04870343208312988 
352, -0.8904017806053162, 0.0977628231048584, 0.04314780235290527, 0.05108928680419922 
353, -0.8908846974372864, 0.09638500213623047, 0.04321551322937012, 0.04972434043884277 
354, -0.8900406360626221, 0.0958564281463623, 0.04393434524536133, 0.04849123954772949 
355, -0.8893768787384033, 0.09565305709838867, 0.04411506652832031, 0.048001766204833984 
356, -0.8888323307037354, 0.09530115127563477, 0.043332815170288086, 0.048326969146728516 
357, -0.8884010910987854, 0.09533190727233887, 0.044790029525756836, 0.047127485275268555 
358, -0.8880772590637207, 0.09560942649841309, 0.0448756217956543, 0.04728293418884277 
359, -0.8878544569015503, 0.09371542930603027, 0.04290890693664551, 0.04724836349487305 
360, -0.8877251148223877, 0.09258484840393066, 0.043242692947387695, 0.046002864837646484 
361, -0.8876829743385315, 0.0936119556427002, 0.04327225685119629, 0.04693794250488281 
362, -0.8877210021018982, 0.09463691711425781, 0.04337501525878906, 0.047788143157958984 
363, -0.8878323435783386, 0.09617376327514648, 0.04428458213806152, 0.0483548641204834 
364, -0.8880106806755066, 0.09592890739440918, 0.044118642807006836, 0.04835152626037598 
365, -0.888249397277832, 0.09470653533935547, 0.04315543174743652, 0.04806327819824219 
366, -0.8885431289672852, 0.09592723846435547, 0.044425010681152344, 0.048013925552368164 
367, -0.8888859152793884, 0.09458637237548828, 0.04420137405395508, 0.0469510555267334 
368, -0.8892725706100464, 0.09483218193054199, 0.04339909553527832, 0.047837018966674805 
369, -0.8896985054016113, 0.09569120407104492, 0.044673919677734375, 0.04741072654724121 
370, -0.8901594281196594, 0.09589028358459473, 0.04484272003173828, 0.04765486717224121 
371, -0.8906508684158325, 0.09447193145751953, 0.04308724403381348, 0.0479433536529541 
372, -0.8911689519882202, 0.09628582000732422, 0.04441475868225098, 0.04841303825378418 
373, -0.8916946649551392, 0.09627914428710938, 0.04355788230895996, 0.04912424087524414 
374, -0.8920757174491882, 0.09559845924377441, 0.044684648513793945, 0.04745841026306152 
375, -0.8924786448478699, 0.09455370903015137, 0.04387927055358887, 0.047307729721069336 
376, -0.8929153680801392, 0.09568977355957031, 0.04465174674987793, 0.04754829406738281 
377, -0.8933823704719543, 0.09504508972167969, 0.0441288948059082, 0.047371625900268555 
378, -0.8938765525817871, 0.09595441818237305, 0.04451560974121094, 0.04797697067260742 
379, -0.8943945169448853, 0.09571170806884766, 0.044356584548950195, 0.0478518009185791 
380, -0.8949331045150757, 0.09500336647033691, 0.043912410736083984, 0.04761767387390137 
381, -0.8954899907112122, 0.09543299674987793, 0.04333853721618652, 0.048628807067871094 
382, -0.8960628509521484, 0.09794044494628906, 0.045228004455566406, 0.0491328239440918 
383, -0.8966488838195801, 0.09810566902160645, 0.04520153999328613, 0.049353599548339844 
384, -0.8972461223602295, 0.09772300720214844, 0.045371294021606445, 0.04869532585144043 
385, -0.8978525996208191, 0.09769272804260254, 0.04537034034729004, 0.04870891571044922 
386, -0.8984663486480713, 0.09807229042053223, 0.045533180236816406, 0.04906797409057617 
387, -0.8990927934646606, 0.0959632396697998, 0.044562578201293945, 0.048018693923950195 
388, -0.8997248411178589, 0.0965116024017334, 0.04358220100402832, 0.04921317100524902 
389, -0.8962583541870117, 0.09540176391601562, 0.043756723403930664, 0.048244476318359375 
390, -0.8923768401145935, 0.09427452087402344, 0.043280839920043945, 0.04764223098754883 
391, -0.8883245587348938, 0.09352898597717285, 0.04271817207336426, 0.047437191009521484 
392, -0.8840569257736206, 0.09668469429016113, 0.04340410232543945, 0.04986715316772461 
393, -0.8798664212226868, 0.0976405143737793, 0.04435873031616211, 0.0498051643371582 
394, -0.8758354783058167, 0.09805727005004883, 0.0437471866607666, 0.050777435302734375 
395, -0.8719993233680725, 0.09770894050598145, 0.04402899742126465, 0.0501866340637207 
396, -0.8682094812393188, 0.09643721580505371, 0.04404926300048828, 0.04895758628845215 
397, -0.8645805716514587, 0.09691357612609863, 0.043810367584228516, 0.049707651138305664 
398, -0.8612388968467712, 0.09496855735778809, 0.04347562789916992, 0.04809927940368652 
399, -0.8581827878952026, 0.09568142890930176, 0.04312849044799805, 0.04920005798339844 
400, -0.8554177284240723, 0.09444975852966309, 0.042960405349731445, 0.04805922508239746 
401, -0.8529355525970459, 0.09495401382446289, 0.04327249526977539, 0.04840588569641113 
402, -0.8506650924682617, 0.09491300582885742, 0.042862653732299805, 0.04861903190612793 
403, -0.8486581444740295, 0.09565854072570801, 0.04396653175354004, 0.04822087287902832 
404, -0.8468581438064575, 0.0964958667755127, 0.04334092140197754, 0.049741506576538086 
405, -0.845294177532196, 0.09532642364501953, 0.04375267028808594, 0.04825401306152344 
406, -0.8439501523971558, 0.09521937370300293, 0.043007612228393555, 0.04887819290161133 
407, -0.8428105115890503, 0.09471750259399414, 0.0436406135559082, 0.047688961029052734 
408, -0.8418590426445007, 0.09590005874633789, 0.04326438903808594, 0.049242496490478516 
409, -0.8410811424255371, 0.09661698341369629, 0.04394340515136719, 0.04922938346862793 
410, -0.8404625654220581, 0.09531450271606445, 0.04399514198303223, 0.04793286323547363 
411, -0.8399885892868042, 0.0954432487487793, 0.04319143295288086, 0.04883909225463867 
412, -0.8396477103233337, 0.09406471252441406, 0.04316353797912598, 0.047586917877197266 
413, -0.8394266963005066, 0.09578609466552734, 0.04316353797912598, 0.049247026443481445 
414, -0.8393141031265259, 0.09390473365783691, 0.04237103462219238, 0.04802584648132324 
415, -0.8393000364303589, 0.0953981876373291, 0.043099164962768555, 0.0489656925201416 
416, -0.8393747806549072, 0.09511637687683105, 0.04298710823059082, 0.04865097999572754 
417, -0.839529275894165, 0.09486865997314453, 0.04376482963562012, 0.0477900505065918 
418, -0.839755117893219, 0.09463071823120117, 0.04304838180541992, 0.0482029914855957 
419, -0.8400452733039856, 0.09527945518493652, 0.0435640811920166, 0.04832267761230469 
420, -0.8403923511505127, 0.09556746482849121, 0.04308176040649414, 0.049024343490600586 
421, -0.8407901525497437, 0.09518837928771973, 0.04346513748168945, 0.04816079139709473 
422, -0.8412328362464905, 0.0971071720123291, 0.04412555694580078, 0.0495760440826416 
423, -0.8416118621826172, 0.10704660415649414, 0.04311180114746094, 0.05347943305969238 
424, -0.8419948816299438, 0.10827350616455078, 0.04767012596130371, 0.04982495307922363 
425, -0.8422333002090454, 0.09573602676391602, 0.04407668113708496, 0.04821586608886719 
426, -0.8425276279449463, 0.09723258018493652, 0.043656349182128906, 0.05004692077636719 
427, -0.8428730368614197, 0.09805607795715332, 0.044562339782714844, 0.04994940757751465 
428, -0.8432647585868835, 0.09668827056884766, 0.04300069808959961, 0.05016374588012695 
429, -0.843294620513916, 0.09760618209838867, 0.04380464553833008, 0.050275325775146484 
430, -0.8433892130851746, 0.09621620178222656, 0.04386305809020996, 0.04894590377807617 
431, -0.843545138835907, 0.09779167175292969, 0.04450225830078125, 0.04973149299621582 
432, -0.8437105417251587, 0.09634590148925781, 0.04408740997314453, 0.048609018325805664 
433, -0.8439480066299438, 0.09409403800964355, 0.043096065521240234, 0.04756045341491699 
434, -0.8442634344100952, 0.09582924842834473, 0.04449748992919922, 0.04783916473388672 
435, -0.8446252346038818, 0.0948936939239502, 0.0438990592956543, 0.04746127128601074 
436, -0.8450285196304321, 0.09612226486206055, 0.044881582260131836, 0.047861576080322266 
437, -0.8454698324203491, 0.09440994262695312, 0.0434420108795166, 0.047376394271850586 
438, -0.8459453582763672, 0.09517621994018555, 0.044022560119628906, 0.04766201972961426 
439, -0.8464507460594177, 0.09372568130493164, 0.04371523857116699, 0.04655647277832031 
440, -0.8469836711883545, 0.09528803825378418, 0.0443267822265625, 0.04733633995056152 
441, -0.847540020942688, 0.09638452529907227, 0.044886112213134766, 0.047698020935058594 
442, -0.8481178283691406, 0.09735751152038574, 0.044145822525024414, 0.04773259162902832 
443, -0.8487139344215393, 0.09622502326965332, 0.044779062271118164, 0.0479128360748291 
444, -0.8493260145187378, 0.09387350082397461, 0.04351019859313965, 0.046761512756347656 
445, -0.8499517440795898, 0.09768033027648926, 0.04434084892272949, 0.04973888397216797 
446, -0.8505892753601074, 0.09686970710754395, 0.044438838958740234, 0.0487973690032959 
447, -0.8512369394302368, 0.09662675857543945, 0.0445713996887207, 0.04844355583190918 
448, -0.8518927097320557, 0.0962367057800293, 0.0445559024810791, 0.04806947708129883 
449, -0.8525550961494446, 0.09881401062011719, 0.045282602310180664, 0.04990363121032715 
450, -0.8532235026359558, 0.0952003002166748, 0.04477047920227051, 0.04681563377380371 
451, -0.8538962006568909, 0.1041264533996582, 0.04408740997314453, 0.0566251277923584 
452, -0.8545717597007751, 0.0948326587677002, 0.043599843978881836, 0.04781627655029297 
453, -0.8552501201629639, 0.09334588050842285, 0.04303884506225586, 0.04646468162536621 
454, -0.8559297323226929, 0.0974726676940918, 0.04678750038146973, 0.0473170280456543 
455, -0.8566100001335144, 0.09261870384216309, 0.0427095890045166, 0.04648709297180176 
456, -0.8572900295257568, 0.09689974784851074, 0.04470205307006836, 0.048674583435058594 
457, -0.8579692244529724, 0.0943450927734375, 0.0437321662902832, 0.04713177680969238 
458, -0.8586472868919373, 0.09588027000427246, 0.04451870918273926, 0.04787611961364746 
459, -0.8593237400054932, 0.09360814094543457, 0.04346919059753418, 0.04667949676513672 
460, -0.859997570514679, 0.09392929077148438, 0.04370999336242676, 0.04676103591918945 
461, -0.8606695532798767, 0.09462356567382812, 0.04406595230102539, 0.04716968536376953 
462, -0.8613384962081909, 0.09401130676269531, 0.04294943809509277, 0.04768514633178711 
463, -0.8619893789291382, 0.0961759090423584, 0.04338669776916504, 0.04943728446960449 
464, -0.8626366853713989, 0.09433555603027344, 0.04250907897949219, 0.04800724983215332 
465, -0.8632806539535522, 0.09641313552856445, 0.0440821647644043, 0.04894542694091797 
466, -0.8639214634895325, 0.09474015235900879, 0.04320359230041504, 0.04792928695678711 
467, -0.8645003437995911, 0.0968170166015625, 0.043787240982055664, 0.04962873458862305 
468, -0.8649832010269165, 0.09373879432678223, 0.04315757751464844, 0.04713034629821777 
469, -0.8654583692550659, 0.09331774711608887, 0.0431368350982666, 0.046691179275512695 
470, -0.8659466505050659, 0.09384918212890625, 0.04294133186340332, 0.047560691833496094 
471, -0.8664460182189941, 0.09305715560913086, 0.04333996772766113, 0.0462946891784668 
472, -0.8669532537460327, 0.09653449058532715, 0.043498992919921875, 0.0495915412902832 
473, -0.8672864437103271, 0.09506583213806152, 0.04290032386779785, 0.0487363338470459 
474, -0.8676357865333557, 0.09583044052124023, 0.04354119300842285, 0.04880690574645996 
475, -0.8679123520851135, 0.09926867485046387, 0.0468289852142334, 0.04866194725036621 
476, -0.867978572845459, 0.09392905235290527, 0.042995452880859375, 0.04751467704772949 
477, -0.8681221604347229, 0.09984183311462402, 0.04925942420959473, 0.04722714424133301 
478, -0.8683102130889893, 0.09347820281982422, 0.04290127754211426, 0.047156572341918945 
479, -0.8685400485992432, 0.09445691108703613, 0.044255971908569336, 0.04697370529174805 
480, -0.8688067197799683, 0.09229183197021484, 0.04275822639465332, 0.04617166519165039 
481, -0.8691079020500183, 0.09412431716918945, 0.04376697540283203, 0.0469968318939209 
482, -0.8694400787353516, 0.09158945083618164, 0.04228520393371582, 0.0459134578704834 
483, -0.8697996139526367, 0.09611034393310547, 0.04362201690673828, 0.04899740219116211 
484, -0.8701846599578857, 0.09399724006652832, 0.043100595474243164, 0.04748034477233887 
485, -0.8705918788909912, 0.09556722640991211, 0.04320645332336426, 0.048746347427368164 
486, -0.8710190653800964, 0.09427690505981445, 0.04384946823120117, 0.04707837104797363 
487, -0.8714641332626343, 0.09277057647705078, 0.042874813079833984, 0.04640340805053711 
488, -0.8719250559806824, 0.09438896179199219, 0.043939828872680664, 0.04708147048950195 
489, -0.8723998069763184, 0.09246253967285156, 0.04321408271789551, 0.0459132194519043 
490, -0.872886598110199, 0.09557557106018066, 0.044037580490112305, 0.04799938201904297 
491, -0.8733840584754944, 0.09606528282165527, 0.044760704040527344, 0.04765677452087402 
492, -0.8738906383514404, 0.09348440170288086, 0.043564796447753906, 0.04637336730957031 
493, -0.874405026435852, 0.09693074226379395, 0.04489541053771973, 0.04857015609741211 
494, -0.8749260306358337, 0.09433245658874512, 0.043591976165771484, 0.0473170280456543 
495, -0.8754526972770691, 0.0949246883392334, 0.04361224174499512, 0.04784703254699707 
496, -0.8759837746620178, 0.0953226089477539, 0.0437624454498291, 0.048059940338134766 
497, -0.8765184879302979, 0.09561514854431152, 0.044309377670288086, 0.04787564277648926 
498, -0.8770560026168823, 0.0940394401550293, 0.04322004318237305, 0.047326087951660156 
499, -0.8775957226753235, 0.09689188003540039, 0.04504251480102539, 0.04836392402648926 
500, -0.8781371712684631, 0.09460878372192383, 0.04379844665527344, 0.04704618453979492 
501, -0.8786798119544983, 0.09607458114624023, 0.04413175582885742, 0.048433780670166016 
502, -0.8792228102684021, 0.09572410583496094, 0.04424166679382324, 0.04802393913269043 
503, -0.8797659873962402, 0.09555578231811523, 0.043823957443237305, 0.04812121391296387 
504, -0.8803088068962097, 0.09527301788330078, 0.044317007064819336, 0.04748415946960449 
505, -0.8808509111404419, 0.09539508819580078, 0.04399538040161133, 0.04783463478088379 
506, -0.8813919425010681, 0.09569454193115234, 0.044767141342163086, 0.04729437828063965 
507, -0.8819320201873779, 0.09515595436096191, 0.04377937316894531, 0.047811269760131836 
508, -0.8824756145477295, 0.09711909294128418, 0.04442024230957031, 0.0487980842590332 
509, -0.8830227851867676, 0.0979464054107666, 0.043555259704589844, 0.05060267448425293 
510, -0.883329451084137, 0.09806180000305176, 0.04535984992980957, 0.04911303520202637 
511, -0.883671224117279, 0.09715104103088379, 0.044948577880859375, 0.04862618446350098 
512, -0.884030818939209, 0.09797215461730957, 0.04514575004577637, 0.04917001724243164 
513, -0.8844059109687805, 0.09725117683410645, 0.044869184494018555, 0.04875969886779785 
514, -0.8847952485084534, 0.09708118438720703, 0.045111894607543945, 0.048584699630737305 
515, -0.8851971626281738, 0.09376025199890137, 0.04375886917114258, 0.04665493965148926 
516, -0.8856103420257568, 0.09472513198852539, 0.0435793399810791, 0.04773283004760742 
517, -0.8860334157943726, 0.09335947036743164, 0.04394674301147461, 0.04610705375671387 
518, -0.8864649534225464, 0.09245705604553223, 0.04299187660217285, 0.0460355281829834 
519, -0.8869045376777649, 0.09540152549743652, 0.04504227638244629, 0.0469517707824707 
520, -0.8873504400253296, 0.0945444107055664, 0.04321599006652832, 0.04760122299194336 
521, -0.8878020644187927, 0.09873843193054199, 0.04791879653930664, 0.047335147857666016 
522, -0.8882584571838379, 0.09501290321350098, 0.04367375373840332, 0.04790616035461426 
523, -0.888718843460083, 0.09577727317810059, 0.04453468322753906, 0.04775404930114746 
524, -0.8891828656196594, 0.09369111061096191, 0.04313302040100098, 0.04727005958557129 
525, -0.889649510383606, 0.09287190437316895, 0.04316997528076172, 0.04627823829650879 
526, -0.8901184797286987, 0.09362006187438965, 0.0435481071472168, 0.04679679870605469 
527, -0.8905867338180542, 0.0935659408569336, 0.042673587799072266, 0.04749441146850586 
528, -0.8909112215042114, 0.09389686584472656, 0.043801069259643555, 0.04674386978149414 
529, -0.8912487626075745, 0.09523200988769531, 0.04449272155761719, 0.04708671569824219 
530, -0.891600489616394, 0.09499764442443848, 0.04388785362243652, 0.04725766181945801 
531, -0.8919650316238403, 0.09630298614501953, 0.04481959342956543, 0.048015594482421875 
532, -0.8923419713973999, 0.09441208839416504, 0.043517351150512695, 0.04739069938659668 
533, -0.892728865146637, 0.0946357250213623, 0.04416203498840332, 0.04712700843811035 
534, -0.8931252360343933, 0.09316682815551758, 0.043735504150390625, 0.0460057258605957 
535, -0.893530547618866, 0.09480977058410645, 0.04368925094604492, 0.04771018028259277 
536, -0.8939430713653564, 0.0926065444946289, 0.04303932189941406, 0.04620623588562012 
537, -0.8943659067153931, 0.09681558609008789, 0.04405021667480469, 0.049321651458740234 
538, -0.8947994112968445, 0.09507322311401367, 0.04282879829406738, 0.048796892166137695 
539, -0.8948600888252258, 0.09413695335388184, 0.043721675872802734, 0.04695916175842285 
540, -0.8949698209762573, 0.09468340873718262, 0.04427003860473633, 0.04699826240539551 
541, -0.8951136469841003, 0.09256315231323242, 0.04260754585266113, 0.046475887298583984 
542, -0.8952890634536743, 0.09425210952758789, 0.0435638427734375, 0.04722714424133301 
543, -0.8954932689666748, 0.09416627883911133, 0.0436861515045166, 0.04704642295837402 
544, -0.895724892616272, 0.09422755241394043, 0.04457998275756836, 0.046286582946777344 
545, -0.8959808349609375, 0.09171915054321289, 0.04255509376525879, 0.04574775695800781 
546, -0.8962587118148804, 0.0939340591430664, 0.04402923583984375, 0.04651069641113281 
547, -0.8965570330619812, 0.0931406021118164, 0.04328107833862305, 0.046417951583862305 
548, -0.8968735337257385, 0.0943143367767334, 0.043521881103515625, 0.047303199768066406 
549, -0.8972064852714539, 0.0939631462097168, 0.04365992546081543, 0.046828269958496094 
550, -0.8975610733032227, 0.09655570983886719, 0.04376697540283203, 0.04931998252868652 
551, -0.8979707956314087, 0.09552454948425293, 0.04305696487426758, 0.049105167388916016 
552, -0.8983865976333618, 0.09621071815490723, 0.04329633712768555, 0.04946708679199219 
553, -0.8987140655517578, 0.09540200233459473, 0.04384565353393555, 0.04820847511291504 
554, -0.8990568518638611, 0.0955801010131836, 0.04311704635620117, 0.04871225357055664 
555, -0.8994227647781372, 0.09815382957458496, 0.044411420822143555, 0.050191402435302734 
556, -0.8993655443191528, 0.09824681282043457, 0.04415488243103027, 0.05055975914001465 
557, -0.8994482159614563, 0.0953209400177002, 0.04434633255004883, 0.04739499092102051 
558, -0.8996019959449768, 0.09476709365844727, 0.04417920112609863, 0.04726600646972656 
559, -0.8997856974601746, 0.0949850082397461, 0.04424715042114258, 0.047267913818359375 
560, -0.8999965190887451, 0.09482836723327637, 0.04398036003112793, 0.047403812408447266 
561, -0.9002329111099243, 0.10236549377441406, 0.04503655433654785, 0.053868770599365234 
562, -0.9004915952682495, 0.09490108489990234, 0.04463315010070801, 0.046785593032836914 
563, -0.9007706642150879, 0.0953068733215332, 0.04351472854614258, 0.0483400821685791 
564, -0.9010664820671082, 0.09659385681152344, 0.044077396392822266, 0.04913759231567383 
565, -0.9013688564300537, 0.0977010726928711, 0.043653249740600586, 0.05045032501220703 
566, -0.9015429615974426, 0.09507513046264648, 0.04391193389892578, 0.04770779609680176 
567, -0.9017320871353149, 0.09506416320800781, 0.04389834403991699, 0.047652482986450195 
568, -0.9019472002983093, 0.09580683708190918, 0.04497504234313965, 0.047376155853271484 
569, -0.9021859765052795, 0.09545516967773438, 0.04431653022766113, 0.04759550094604492 
570, -0.9024460911750793, 0.09646964073181152, 0.04495549201965332, 0.0479283332824707 
571, -0.9027259349822998, 0.09587335586547852, 0.04484987258911133, 0.047447919845581055 
572, -0.9030232429504395, 0.09525275230407715, 0.043527841567993164, 0.0482943058013916 
573, -0.9033366441726685, 0.09459066390991211, 0.04377388954162598, 0.047324180603027344 
574, -0.9036642909049988, 0.09833455085754395, 0.044669151306152344, 0.04959702491760254 
575, -0.9040044546127319, 0.09670853614807129, 0.04458117485046387, 0.04854226112365723 
576, -0.9043559432029724, 0.0975332260131836, 0.044678688049316406, 0.04922151565551758 
577, -0.9047181606292725, 0.09727311134338379, 0.04482889175415039, 0.04885673522949219 
578, -0.9050883650779724, 0.09831380844116211, 0.04553818702697754, 0.04918217658996582 
579, -0.9054668545722961, 0.09445667266845703, 0.0441899299621582, 0.046810150146484375 
580, -0.9058496356010437, 0.0959324836730957, 0.043877363204956055, 0.048583269119262695 
581, -0.9062250852584839, 0.09748339653015137, 0.04430270195007324, 0.04979372024536133 
582, -0.9066067934036255, 0.09456825256347656, 0.042749643325805664, 0.04841041564941406 
583, -0.9069370031356812, 0.09565377235412598, 0.04279279708862305, 0.04952812194824219 
584, -0.9072139859199524, 0.0950779914855957, 0.043053388595581055, 0.048514366149902344 
585, -0.907508373260498, 0.09935331344604492, 0.04428434371948242, 0.051108598709106445 
586, -0.9078180193901062, 0.09770464897155762, 0.04406881332397461, 0.05017518997192383 
587, -0.908141016960144, 0.09718656539916992, 0.04429459571838379, 0.0494074821472168 
588, -0.9083926677703857, 0.09632682800292969, 0.04339194297790527, 0.04950547218322754 
589, -0.908608615398407, 0.09446263313293457, 0.04282259941101074, 0.048247337341308594 
590, -0.9088714718818665, 0.09625983238220215, 0.043735504150390625, 0.04920315742492676 
591, -0.9091796278953552, 0.09221982955932617, 0.04297637939453125, 0.0458683967590332 
592, -0.909164547920227, 0.0948488712310791, 0.043562889099121094, 0.04790353775024414 
593, -0.9091887474060059, 0.09251666069030762, 0.0427241325378418, 0.04641127586364746 
594, -0.9092497229576111, 0.09328913688659668, 0.04360151290893555, 0.046350955963134766 
595, -0.9093458652496338, 0.09417605400085449, 0.04415774345397949, 0.0464167594909668 
596, -0.909474790096283, 0.09413838386535645, 0.04394793510437012, 0.046767234802246094 
597, -0.9096342325210571, 0.09377193450927734, 0.04280829429626465, 0.04718971252441406 
598, -0.909821629524231, 0.09280276298522949, 0.043311357498168945, 0.046137332916259766 
599, -0.9100350141525269, 0.09387779235839844, 0.04318094253540039, 0.04730963706970215 
600, -0.9102723002433777, 0.09227681159973145, 0.04272317886352539, 0.04617929458618164 
601, -0.9105312824249268, 0.09352493286132812, 0.04266023635864258, 0.04738473892211914 
602, -0.9108099341392517, 0.0928494930267334, 0.043305158615112305, 0.046172142028808594 
603, -0.9111064076423645, 0.0933384895324707, 0.04311680793762207, 0.0467524528503418 
604, -0.911418616771698, 0.09237837791442871, 0.04312300682067871, 0.045917510986328125 
605, -0.9117451310157776, 0.0922701358795166, 0.043407440185546875, 0.045510292053222656 
606, -0.9120846390724182, 0.0935204029083252, 0.042793989181518555, 0.04730725288391113 
607, -0.9124353528022766, 0.09285306930541992, 0.04300880432128906, 0.04644036293029785 
608, -0.9127962589263916, 0.0942375659942627, 0.043111562728881836, 0.047688961029052734 
609, -0.9132096767425537, 0.09438967704772949, 0.04270458221435547, 0.04832649230957031 
610, -0.9131332635879517, 0.0939791202545166, 0.042716264724731445, 0.04780435562133789 
611, -0.9131465554237366, 0.0935523509979248, 0.0439753532409668, 0.04625058174133301 
612, -0.9132013320922852, 0.09342288970947266, 0.043654680252075195, 0.0462498664855957 
613, -0.9132943749427795, 0.09434270858764648, 0.04452681541442871, 0.046425819396972656 
614, -0.9134225249290466, 0.09521961212158203, 0.04366040229797363, 0.04795980453491211 
615, -0.9135780334472656, 0.09566044807434082, 0.04407310485839844, 0.0482180118560791 
616, -0.9136598706245422, 0.09250879287719727, 0.04327225685119629, 0.04588508605957031 
617, -0.9137741327285767, 0.0946645736694336, 0.04355978965759277, 0.04773569107055664 
618, -0.9139226675033569, 0.0918278694152832, 0.042482614517211914, 0.04599332809448242 
619, -0.9141017198562622, 0.09638142585754395, 0.04329943656921387, 0.04907941818237305 
620, -0.9143087863922119, 0.0951228141784668, 0.04419255256652832, 0.04748964309692383 
621, -0.9145408868789673, 0.09623980522155762, 0.044847965240478516, 0.047914743423461914 
622, -0.9147951602935791, 0.09513306617736816, 0.04381060600280762, 0.04786205291748047 
623, -0.9150696992874146, 0.0947577953338623, 0.044587135314941406, 0.04667520523071289 
624, -0.9153522253036499, 0.09736824035644531, 0.043633222579956055, 0.05033397674560547 
625, -0.9156407713890076, 0.09676194190979004, 0.04416370391845703, 0.049111366271972656 
626, -0.9159663915634155, 0.09750080108642578, 0.04448366165161133, 0.049550533294677734 
627, -0.916176438331604, 0.09469032287597656, 0.04431629180908203, 0.04687809944152832 
628, -0.9163821339607239, 0.09512853622436523, 0.04372859001159668, 0.04793405532836914 
629, -0.9166072607040405, 0.09548091888427734, 0.04468798637390137, 0.047348976135253906 
630, -0.9168505668640137, 0.09517073631286621, 0.04442238807678223, 0.046944379806518555 
631, -0.9171109199523926, 0.09527420997619629, 0.04451179504394531, 0.04728960990905762 
632, -0.9173869490623474, 0.09374761581420898, 0.04349493980407715, 0.04677891731262207 
633, -0.9176773428916931, 0.0952599048614502, 0.04434466361999512, 0.04754018783569336 
634, -0.9179811477661133, 0.09480500221252441, 0.04338216781616211, 0.04794907569885254 
635, -0.918296754360199, 0.10584545135498047, 0.045175790786743164, 0.05417203903198242 
636, -0.9186086654663086, 0.09666824340820312, 0.04442596435546875, 0.048729658126831055 
637, -0.9188296794891357, 0.09448504447937012, 0.04328775405883789, 0.047808170318603516 
638, -0.9190475344657898, 0.09745383262634277, 0.04353666305541992, 0.0502772331237793 
639, -0.9192305207252502, 0.10053133964538574, 0.04555964469909668, 0.05139470100402832 
640, -0.9193485975265503, 0.10071969032287598, 0.04502058029174805, 0.05209493637084961 
641, -0.9195204377174377, 0.09972500801086426, 0.045493364334106445, 0.050200700759887695 
642, -0.9195555448532104, 0.10003089904785156, 0.044956207275390625, 0.05154895782470703 
643, -0.9196548461914062, 0.09689211845397949, 0.0443112850189209, 0.04919099807739258 
644, -0.9196131825447083, 0.09668183326721191, 0.04319500923156738, 0.05006146430969238 
645, -0.9196193814277649, 0.0957179069519043, 0.043337106704711914, 0.04893946647644043 
646, -0.9196448922157288, 0.09609842300415039, 0.043771982192993164, 0.04885411262512207 
647, -0.9197227954864502, 0.09470105171203613, 0.043109893798828125, 0.04822802543640137 
648, -0.9198483228683472, 0.09557461738586426, 0.04346346855163574, 0.04861783981323242 
649, -0.9200171232223511, 0.09848999977111816, 0.044394493103027344, 0.050415992736816406 
650, -0.919971764087677, 0.09634995460510254, 0.04381561279296875, 0.049072265625 
651, -0.9199258685112, 0.09718108177185059, 0.04406428337097168, 0.04965567588806152 
652, -0.9199283719062805, 0.09600257873535156, 0.04347562789916992, 0.04867243766784668 
653, -0.9197971820831299, 0.09452939033508301, 0.04372262954711914, 0.047484636306762695 
654, -0.9196828603744507, 0.0929098129272461, 0.04328775405883789, 0.0461421012878418 
655, -0.919621467590332, 0.09363460540771484, 0.04370737075805664, 0.0465855598449707 
656, -0.9196096062660217, 0.0927588939666748, 0.0431973934173584, 0.04622006416320801 
657, -0.9196428656578064, 0.09311842918395996, 0.04354071617126465, 0.04618978500366211 
658, -0.9197173714637756, 0.09342384338378906, 0.0435178279876709, 0.04639744758605957 
659, -0.9198299646377563, 0.09332466125488281, 0.04324460029602051, 0.04674530029296875 
660, -0.9199772477149963, 0.09581851959228516, 0.04430842399597168, 0.04810929298400879 
661, -0.9201557636260986, 0.0920095443725586, 0.042768239974975586, 0.04587531089782715 
662, -0.9203627109527588, 0.09436154365539551, 0.043623924255371094, 0.047377586364746094 
663, -0.9205949902534485, 0.09211277961730957, 0.04284214973449707, 0.04587745666503906 
664, -0.9208506345748901, 0.09373927116394043, 0.04326009750366211, 0.04715776443481445 
665, -0.9211265444755554, 0.09259295463562012, 0.04262971878051758, 0.04653477668762207 
666, -0.9214105010032654, 0.10137009620666504, 0.044193267822265625, 0.05327105522155762 
667, -0.9215592741966248, 0.09354972839355469, 0.04402518272399902, 0.04616713523864746 
668, -0.9217283725738525, 0.09334325790405273, 0.043555259704589844, 0.04643559455871582 
669, -0.9219258427619934, 0.0931406021118164, 0.04287362098693848, 0.046834468841552734 
670, -0.922148585319519, 0.0940396785736084, 0.04417777061462402, 0.04650759696960449 
671, -0.9223941564559937, 0.09314751625061035, 0.042879581451416016, 0.0468297004699707 
672, -0.9226604104042053, 0.09329533576965332, 0.04286670684814453, 0.04698824882507324 
673, -0.9229447245597839, 0.09289312362670898, 0.042739152908325195, 0.046829938888549805 
674, -0.9232454895973206, 0.09186148643493652, 0.04251456260681152, 0.04601335525512695 
675, -0.9235610365867615, 0.09401726722717285, 0.04346895217895508, 0.04684877395629883 
676, -0.92388916015625, 0.0917806625366211, 0.042618513107299805, 0.0458219051361084 
677, -0.9242285490036011, 0.09395980834960938, 0.04366731643676758, 0.04687333106994629 
678, -0.9246253371238708, 0.09541082382202148, 0.04314422607421875, 0.0486607551574707 
679, -0.9246387481689453, 0.09586715698242188, 0.04495096206665039, 0.047460079193115234 
680, -0.924734890460968, 0.09354019165039062, 0.042994022369384766, 0.04712367057800293 
681, -0.9248635172843933, 0.09321165084838867, 0.04298043251037598, 0.04682350158691406 
682, -0.9250215291976929, 0.09396767616271973, 0.04357600212097168, 0.04699110984802246 
683, -0.9252066612243652, 0.09423518180847168, 0.04394102096557617, 0.04680132865905762 
684, -0.9254164695739746, 0.09638261795043945, 0.04427075386047363, 0.048509836196899414 
685, -0.9256486296653748, 0.09545230865478516, 0.04410910606384277, 0.047835350036621094 
686, -0.9259005784988403, 0.09575915336608887, 0.04470539093017578, 0.0474848747253418 
687, -0.926170289516449, 0.15179157257080078, 0.04414963722229004, 0.04733848571777344 
688, -0.9264562726020813, 0.09511041641235352, 0.04438185691833496, 0.04719090461730957 
689, -0.9168834090232849, 0.09758496284484863, 0.04507112503051758, 0.04904484748840332 
690, -0.9059627056121826, 0.09618592262268066, 0.04356193542480469, 0.049211978912353516 
691, -0.8945501446723938, 0.09800410270690918, 0.04501676559448242, 0.04947829246520996 
692, -0.8830006718635559, 0.0965275764465332, 0.04365134239196777, 0.049182891845703125 
693, -0.871577799320221, 0.09599614143371582, 0.04318642616271973, 0.049297332763671875 
694, -0.8604706525802612, 0.09676814079284668, 0.04415607452392578, 0.04919147491455078 
695, -0.8498403429985046, 0.09655380249023438, 0.04377126693725586, 0.04934883117675781 
696, -0.8397425413131714, 0.09751677513122559, 0.04442000389099121, 0.049649953842163086 
697, -0.8302380442619324, 0.09608244895935059, 0.0434417724609375, 0.04917454719543457 
698, -0.8213496208190918, 0.09844589233398438, 0.04491901397705078, 0.049730777740478516 
699, -0.8131113052368164, 0.09696006774902344, 0.04410076141357422, 0.049346208572387695 
700, -0.8054869174957275, 0.09694719314575195, 0.04407858848571777, 0.049439430236816406 
701, -0.7984699010848999, 0.09644579887390137, 0.04349327087402344, 0.04944491386413574 
702, -0.7920357584953308, 0.10102701187133789, 0.045346736907958984, 0.05207633972167969 
703, -0.786122739315033, 0.09996438026428223, 0.044835567474365234, 0.05149650573730469 
704, -0.7807321548461914, 0.10072851181030273, 0.044950246810913086, 0.05217099189758301 
705, -0.7758350968360901, 0.09982562065124512, 0.04490494728088379, 0.051302194595336914 
706, -0.7713913321495056, 0.10056948661804199, 0.045150041580200195, 0.051999568939208984 
707, -0.7673453092575073, 0.09627437591552734, 0.04387235641479492, 0.04892134666442871 
708, -0.7636387944221497, 0.0967400074005127, 0.04388761520385742, 0.049314260482788086 
709, -0.7603016495704651, 0.09694218635559082, 0.043904781341552734, 0.049225807189941406 
710, -0.7572670578956604, 0.09646940231323242, 0.043402671813964844, 0.04965496063232422 
711, -0.7545666098594666, 0.09576869010925293, 0.044022321701049805, 0.04838228225708008 
712, -0.7521577477455139, 0.09552288055419922, 0.04243350028991699, 0.0495753288269043 
713, -0.7499502301216125, 0.09810495376586914, 0.04472541809082031, 0.049938201904296875 
714, -0.7479509115219116, 0.09705185890197754, 0.04442310333251953, 0.04921984672546387 
715, -0.7461730241775513, 0.09697842597961426, 0.043874263763427734, 0.049616098403930664 
716, -0.7445976734161377, 0.09564757347106934, 0.04384160041809082, 0.048407554626464844 
717, -0.7432132959365845, 0.09535932540893555, 0.04303717613220215, 0.0489048957824707 
718, -0.7420055866241455, 0.09607815742492676, 0.044162750244140625, 0.04851126670837402 
719, -0.740960955619812, 0.0947880744934082, 0.04306769371032715, 0.04846596717834473 
720, -0.7400200366973877, 0.09577059745788574, 0.04354715347290039, 0.048485755920410156 
721, -0.7392175197601318, 0.09475874900817871, 0.04305553436279297, 0.04837155342102051 
722, -0.7384862303733826, 0.09570956230163574, 0.04348278045654297, 0.048797607421875 
723, -0.7378616333007812, 0.09544086456298828, 0.04365062713623047, 0.04839038848876953 
724, -0.7372974753379822, 0.09546995162963867, 0.04325556755065918, 0.04877591133117676 
725, -0.736836314201355, 0.0938565731048584, 0.042962074279785156, 0.04758024215698242 
726, -0.7364700436592102, 0.09585452079772949, 0.0427546501159668, 0.04971623420715332 
727, -0.7361918687820435, 0.09434747695922852, 0.042901039123535156, 0.0480799674987793 
728, -0.7359454035758972, 0.09540915489196777, 0.04333019256591797, 0.04866456985473633 
729, -0.7357749342918396, 0.09619259834289551, 0.0437932014465332, 0.04898571968078613 
730, -0.7356759309768677, 0.09499239921569824, 0.04362750053405762, 0.04800534248352051 
731, -0.7356005311012268, 0.09395074844360352, 0.04363608360290527, 0.04683566093444824 
732, -0.7355655431747437, 0.09362077713012695, 0.043880462646484375, 0.046283721923828125 
733, -0.7355915904045105, 0.0945734977722168, 0.04417824745178223, 0.04699087142944336 
734, -0.7356731295585632, 0.09366273880004883, 0.04351687431335449, 0.04664802551269531 
735, -0.7358051538467407, 0.09404182434082031, 0.043384552001953125, 0.04724597930908203 
736, -0.7359825372695923, 0.09188032150268555, 0.042532920837402344, 0.0459902286529541 
737, -0.7362006306648254, 0.09377145767211914, 0.0431818962097168, 0.04725170135498047 
738, -0.7364559769630432, 0.09261798858642578, 0.04319357872009277, 0.046089887619018555 
739, -0.7367443442344666, 0.09408855438232422, 0.04317808151245117, 0.0468142032623291 
740, -0.7370627522468567, 0.09371757507324219, 0.04338693618774414, 0.04694724082946777 
741, -0.7374082803726196, 0.09351682662963867, 0.04361462593078613, 0.046370506286621094 
742, -0.7377768158912659, 0.09575557708740234, 0.045037031173706055, 0.04732251167297363 
743, -0.7381672263145447, 0.09398674964904785, 0.04384970664978027, 0.04636025428771973 
744, -0.738577127456665, 0.09459471702575684, 0.04350137710571289, 0.04772758483886719 
745, -0.7390039563179016, 0.09215998649597168, 0.04306983947753906, 0.04576897621154785 
746, -0.739445686340332, 0.09505248069763184, 0.043337345123291016, 0.04823637008666992 
747, -0.7399007081985474, 0.09586954116821289, 0.04408526420593262, 0.048277854919433594 
748, -0.7403677105903625, 0.09602880477905273, 0.04449057579040527, 0.04802346229553223 
749, -0.7408450245857239, 0.09635400772094727, 0.04492521286010742, 0.04792976379394531 
750, -0.741331934928894, 0.09492707252502441, 0.044490814208984375, 0.04703378677368164 
751, -0.7418265342712402, 0.09511637687683105, 0.04349470138549805, 0.047940969467163086 
752, -0.7423281669616699, 0.09462666511535645, 0.0441436767578125, 0.046907663345336914 
753, -0.7428358793258667, 0.09496903419494629, 0.04398012161254883, 0.04761195182800293 
754, -0.7433492541313171, 0.09447240829467773, 0.044411420822143555, 0.046562910079956055 
755, -0.7438666224479675, 0.09380483627319336, 0.04340195655822754, 0.046946048736572266 
756, -0.7443878650665283, 0.09573769569396973, 0.044214487075805664, 0.0480656623840332 
757, -0.7449125051498413, 0.09407877922058105, 0.043741703033447266, 0.04693412780761719 
758, -0.7454398274421692, 0.09556984901428223, 0.04392862319946289, 0.04822230339050293 
759, -0.7459688186645508, 0.09413337707519531, 0.04391765594482422, 0.046827077865600586 
760, -0.7464996576309204, 0.0953669548034668, 0.043808698654174805, 0.04809689521789551 
761, -0.7470318675041199, 0.09405851364135742, 0.04369544982910156, 0.04692888259887695 
762, -0.7475647330284119, 0.09480595588684082, 0.04397702217102051, 0.04744219779968262 
763, -0.7480981945991516, 0.09535050392150879, 0.0442354679107666, 0.04759955406188965 
764, -0.7486319541931152, 0.0947866439819336, 0.04396939277648926, 0.04745173454284668 
765, -0.7491660714149475, 0.09503006935119629, 0.043821096420288086, 0.047715187072753906 
766, -0.7496997117996216, 0.09740042686462402, 0.044680118560791016, 0.048766374588012695 
767, -0.7502329349517822, 0.09754252433776855, 0.04473567008972168, 0.0491640567779541 
768, -0.7507654428482056, 0.09775447845458984, 0.04571676254272461, 0.04845571517944336 
769, -0.751297652721405, 0.09748291969299316, 0.04511141777038574, 0.048806190490722656 
770, -0.7518290281295776, 0.098724365234375, 0.045777082443237305, 0.04944467544555664 
771, -0.7523587346076965, 0.09413909912109375, 0.04421687126159668, 0.046366214752197266 
772, -0.7528876066207886, 0.09413838386535645, 0.04358053207397461, 0.04715585708618164 
773, -0.7534152269363403, 0.0931084156036377, 0.043235063552856445, 0.04650545120239258 
774, -0.7539418339729309, 0.09371614456176758, 0.043335914611816406, 0.046952247619628906 
775, -0.7544665932655334, 0.09341740608215332, 0.04336380958557129, 0.04669046401977539 
776, -0.7549894452095032, 0.09508013725280762, 0.04511404037475586, 0.04646801948547363 
777, -0.7555111050605774, 0.0966176986694336, 0.04428434371948242, 0.04854702949523926 
778, -0.7560310959815979, 0.09433484077453613, 0.043543100357055664, 0.0473325252532959 
779, -0.7565497756004333, 0.09516143798828125, 0.044748544692993164, 0.046990156173706055 
780, -0.7570661902427673, 0.09272241592407227, 0.04326295852661133, 0.04606318473815918 
781, -0.7575815320014954, 0.09601402282714844, 0.04349684715270996, 0.047647953033447266 
782, -0.7580942511558533, 0.09212732315063477, 0.04245448112487793, 0.046291351318359375 
783, -0.7586056590080261, 0.09405136108398438, 0.043914079666137695, 0.0466153621673584 
784, -0.759114682674408, 0.09352850914001465, 0.043773651123046875, 0.04632997512817383 
785, -0.7596223950386047, 0.09274601936340332, 0.04304194450378418, 0.046283721923828125 
786, -0.7601282000541687, 0.09462571144104004, 0.0440065860748291, 0.04728078842163086 
787, -0.7606319785118103, 0.09191727638244629, 0.04267621040344238, 0.045877695083618164 
788, -0.7611339092254639, 0.09522104263305664, 0.0439448356628418, 0.04765915870666504 
789, -0.7616342306137085, 0.09193301200866699, 0.042429447174072266, 0.0461421012878418 
790, -0.7621328234672546, 0.09445762634277344, 0.0438847541809082, 0.04725790023803711 
791, -0.7626290321350098, 0.09209752082824707, 0.04271864891052246, 0.0460505485534668 
792, -0.7631234526634216, 0.1138467788696289, 0.0454561710357666, 0.05752682685852051 
793, -0.7636162638664246, 0.09679961204528809, 0.04676008224487305, 0.046545982360839844 
794, -0.7641069293022156, 0.09419465065002441, 0.04377126693725586, 0.04701590538024902 
795, -0.7645959258079529, 0.09345674514770508, 0.04311656951904297, 0.04693293571472168 
796, -0.7650828957557678, 0.0922400951385498, 0.04294753074645996, 0.04590487480163574 
797, -0.7655680179595947, 0.09434628486633301, 0.044261932373046875, 0.04671335220336914 
798, -0.766051709651947, 0.09195637702941895, 0.04240083694458008, 0.04621767997741699 
799, -0.7665326595306396, 0.09476900100708008, 0.043263912200927734, 0.04779696464538574 
800, -0.7670124173164368, 0.09235382080078125, 0.043309926986694336, 0.04568362236022949 
801, -0.7674978971481323, 0.09528708457946777, 0.04320478439331055, 0.04868721961975098 
802, -0.7679821848869324, 0.09440898895263672, 0.04273390769958496, 0.04834413528442383 
803, -0.7684652209281921, 0.09602522850036621, 0.04348421096801758, 0.04908275604248047 
804, -0.76894211769104, 0.09562301635742188, 0.04365348815917969, 0.048513174057006836 
805, -0.7693626284599304, 0.0961294174194336, 0.04335927963256836, 0.049300193786621094 
806, -0.7697869539260864, 0.09846377372741699, 0.044052839279174805, 0.05095171928405762 
807, -0.7700575590133667, 0.0948495864868164, 0.04322195053100586, 0.048198699951171875 
808, -0.7702730298042297, 0.0938270092010498, 0.0438685417175293, 0.046610116958618164 
809, -0.770516037940979, 0.09278011322021484, 0.04296088218688965, 0.04644203186035156 
810, -0.7707774639129639, 0.09390759468078613, 0.04318594932556152, 0.047303199768066406 
811, -0.7710566520690918, 0.09545516967773438, 0.04402470588684082, 0.04792666435241699 
812, -0.7713519334793091, 0.0953679084777832, 0.044980525970458984, 0.04693794250488281 
813, -0.7716620564460754, 0.09608101844787598, 0.04423689842224121, 0.048418283462524414 
814, -0.771985650062561, 0.09501004219055176, 0.04369163513183594, 0.04781317710876465 
815, -0.7723223567008972, 0.09613180160522461, 0.04417848587036133, 0.04849100112915039 
816, -0.7726698517799377, 0.09430432319641113, 0.043493032455444336, 0.04735255241394043 
817, -0.773027777671814, 0.0954287052154541, 0.04391217231750488, 0.04813241958618164 
818, -0.773394763469696, 0.09393501281738281, 0.04338812828063965, 0.04709315299987793 
819, -0.7737701535224915, 0.09461164474487305, 0.04391121864318848, 0.04725170135498047 
820, -0.7741532325744629, 0.09597325325012207, 0.044229745864868164, 0.048311710357666016 
821, -0.7745428085327148, 0.09497976303100586, 0.044118404388427734, 0.04706549644470215 
822, -0.7749383449554443, 0.09591126441955566, 0.04440021514892578, 0.047823429107666016 
823, -0.7753389477729797, 0.09493732452392578, 0.04468345642089844, 0.0467677116394043 
824, -0.7757441997528076, 0.09499192237854004, 0.04342317581176758, 0.04817819595336914 
825, -0.7761532664299011, 0.0936899185180664, 0.04337024688720703, 0.04683971405029297 
826, -0.7765660285949707, 0.09656333923339844, 0.04422354698181152, 0.04890727996826172 
827, -0.7769814729690552, 0.0939321517944336, 0.043096303939819336, 0.047394514083862305 
828, -0.7773993611335754, 0.09615492820739746, 0.04431271553039551, 0.04830503463745117 
829, -0.7778195142745972, 0.0939486026763916, 0.04384970664978027, 0.04666423797607422 
830, -0.7782410979270935, 0.0942995548248291, 0.043770790100097656, 0.04703927040100098 
831, -0.7786646485328674, 0.09709477424621582, 0.04529428482055664, 0.04825592041015625 
832, -0.7790890336036682, 0.09782695770263672, 0.045415639877319336, 0.04881572723388672 
833, -0.7795135974884033, 0.09734058380126953, 0.04461336135864258, 0.0489954948425293 
834, -0.7799397110939026, 0.09716200828552246, 0.045024871826171875, 0.04855179786682129 
835, -0.7803656458854675, 0.0974884033203125, 0.04505658149719238, 0.04888176918029785 
836, -0.7807917594909668, 0.09410285949707031, 0.044008731842041016, 0.04672527313232422 
837, -0.7812180519104004, 0.09376120567321777, 0.04342150688171387, 0.04699587821960449 
838, -0.7816444039344788, 0.0936119556427002, 0.04302406311035156, 0.04718923568725586 
839, -0.7820701003074646, 0.09317541122436523, 0.043198585510253906, 0.04674553871154785 
840, -0.7824954986572266, 0.0925750732421875, 0.04265761375427246, 0.04655122756958008 
841, -0.782920241355896, 0.09343266487121582, 0.043436288833618164, 0.04655098915100098 
842, -0.7833440899848938, 0.0961606502532959, 0.04454231262207031, 0.048117637634277344 
843, -0.7837673425674438, 0.10376262664794922, 0.05350947380065918, 0.04674530029296875 
844, -0.7841898202896118, 0.10777664184570312, 0.043245792388916016, 0.05651688575744629 
845, -0.7846112251281738, 0.0945127010345459, 0.04466557502746582, 0.04645180702209473 
846, -0.7850316166877747, 0.0937049388885498, 0.04351496696472168, 0.04681658744812012 
847, -0.7854510545730591, 0.09327411651611328, 0.04365277290344238, 0.0462644100189209 
848, -0.7858696579933167, 0.09338259696960449, 0.043189287185668945, 0.04683971405029297 
849, -0.7862865328788757, 0.09342408180236816, 0.04353666305541992, 0.04656982421875 
850, -0.7867023944854736, 0.09327340126037598, 0.04328107833862305, 0.04678225517272949 
851, -0.7871174216270447, 0.09355330467224121, 0.04306793212890625, 0.047122955322265625 
852, -0.7875305414199829, 0.09289956092834473, 0.04316973686218262, 0.0463557243347168 
853, -0.7879427671432495, 0.09450340270996094, 0.04326152801513672, 0.047833919525146484 
854, -0.7883538603782654, 0.09306073188781738, 0.04375720024108887, 0.04598832130432129 
855, -0.7887636423110962, 0.0933678150177002, 0.04298686981201172, 0.04692482948303223 
856, -0.7891713976860046, 0.09250044822692871, 0.04277443885803223, 0.0464174747467041 
857, -0.7895784974098206, 0.09331631660461426, 0.04307866096496582, 0.04687666893005371 
858, -0.7899842262268066, 0.0929720401763916, 0.043073415756225586, 0.04638338088989258 
859, -0.7903911471366882, 0.0953054428100586, 0.04358839988708496, 0.0484166145324707 
860, -0.7908036708831787, 0.09356927871704102, 0.04232597351074219, 0.04782891273498535 
861, -0.7912153005599976, 0.09543275833129883, 0.04311823844909668, 0.04899311065673828 
862, -0.7916254997253418, 0.09458017349243164, 0.04332375526428223, 0.04790377616882324 
863, -0.7920352816581726, 0.0948188304901123, 0.04314231872558594, 0.048334360122680664 
864, -0.7924438118934631, 0.09726357460021973, 0.0445249080657959, 0.04932236671447754 
865, -0.7927610874176025, 0.09386801719665527, 0.04278397560119629, 0.0477297306060791 
866, -0.7930857539176941, 0.09664678573608398, 0.04313158988952637, 0.049722909927368164 
867, -0.7934173941612244, 0.09443426132202148, 0.043137550354003906, 0.047965288162231445 
868, -0.793734610080719, 0.09322786331176758, 0.042700767517089844, 0.047102928161621094 
869, -0.7940572500228882, 0.09348320960998535, 0.04334545135498047, 0.046671390533447266 
870, -0.7943859100341797, 0.09412789344787598, 0.043540239334106445, 0.047202348709106445 
871, -0.7947190403938293, 0.09525775909423828, 0.04315066337585449, 0.048675537109375 
872, -0.7950568199157715, 0.09337878227233887, 0.04355955123901367, 0.04645204544067383 
873, -0.7953981757164001, 0.09342169761657715, 0.04276585578918457, 0.04704165458679199 
874, -0.7957435250282288, 0.0934603214263916, 0.04429483413696289, 0.045822858810424805 
875, -0.7960915565490723, 0.09293079376220703, 0.04320502281188965, 0.04627871513366699 
876, -0.7964426875114441, 0.09929585456848145, 0.04414057731628418, 0.051612138748168945 
877, -0.7967960834503174, 0.09500312805175781, 0.04364323616027832, 0.047963619232177734 
878, -0.7971513271331787, 0.09640240669250488, 0.04433774948120117, 0.04859638214111328 
879, -0.7975085377693176, 0.09517645835876465, 0.04443001747131348, 0.047271728515625 
880, -0.7978674173355103, 0.09482502937316895, 0.04414200782775879, 0.047304630279541016 
881, -0.7982276082038879, 0.09541511535644531, 0.04376554489135742, 0.04821324348449707 
882, -0.7985891103744507, 0.09463167190551758, 0.04369068145751953, 0.04728221893310547 
883, -0.7989506721496582, 0.09505915641784668, 0.04466605186462402, 0.04693269729614258 
884, -0.7993133664131165, 0.09470462799072266, 0.043755531311035156, 0.04758715629577637 
885, -0.7996761798858643, 0.09543013572692871, 0.044013023376464844, 0.047924041748046875 
886, -0.800039529800415, 0.09434103965759277, 0.04399991035461426, 0.04691600799560547 
887, -0.8003984689712524, 0.09608149528503418, 0.043396949768066406, 0.04919576644897461 
888, -0.8007474541664124, 0.09808206558227539, 0.04486656188964844, 0.049384355545043945 
889, -0.8010876178741455, 0.09399175643920898, 0.04337024688720703, 0.04720354080200195 
890, -0.8014264106750488, 0.09544491767883301, 0.044708967208862305, 0.04729318618774414 
891, -0.8017671704292297, 0.0947732925415039, 0.04423379898071289, 0.047074317932128906 
892, -0.8021096587181091, 0.09588479995727539, 0.04428219795227051, 0.04807162284851074 
893, -0.8024540543556213, 0.09392094612121582, 0.043688058853149414, 0.046561479568481445 
894, -0.8027999997138977, 0.09566664695739746, 0.043874263763427734, 0.04828810691833496 
895, -0.80314701795578, 0.0954294204711914, 0.04387187957763672, 0.04804539680480957 
896, -0.8034946322441101, 0.0982961654663086, 0.0447084903717041, 0.05000185966491699 
897, -0.8038433790206909, 0.09784889221191406, 0.04529881477355957, 0.04899024963378906 
898, -0.804192304611206, 0.09763455390930176, 0.04528498649597168, 0.0487818717956543 
899, -0.8045417070388794, 0.09801626205444336, 0.044992923736572266, 0.04906654357910156 
900, -0.8048909306526184, 0.0960850715637207, 0.04479813575744629, 0.04791665077209473 
901, -0.8052409291267395, 0.09446978569030762, 0.043457984924316406, 0.0476527214050293 
902, -0.8055883646011353, 0.09578347206115723, 0.04384946823120117, 0.048508405685424805 
903, -0.8059336543083191, 0.09646487236022949, 0.04387187957763672, 0.0491642951965332 
904, -0.8062795400619507, 0.09496045112609863, 0.0429074764251709, 0.04867720603942871 
905, -0.806615948677063, 0.09624242782592773, 0.04349160194396973, 0.04930710792541504 
906, -0.8068854212760925, 0.09489727020263672, 0.043450355529785156, 0.04794931411743164 
907, -0.8071600794792175, 0.09528183937072754, 0.04426097869873047, 0.04751253128051758 
908, -0.807441234588623, 0.09493756294250488, 0.04392552375793457, 0.047624826431274414 
909, -0.8077292442321777, 0.0943918228149414, 0.043645381927490234, 0.04728198051452637 
910, -0.8080227375030518, 0.09455609321594238, 0.044593095779418945, 0.04658675193786621 
911, -0.8083206415176392, 0.09225201606750488, 0.04317307472229004, 0.045755624771118164 
912, -0.8086234927177429, 0.0932912826538086, 0.04342937469482422, 0.04656243324279785 
913, -0.8089302182197571, 0.09308743476867676, 0.043121337890625, 0.04655027389526367 
914, -0.8092437386512756, 0.09503388404846191, 0.04344582557678223, 0.04820132255554199 
915, -0.8095173835754395, 0.09403514862060547, 0.04346466064453125, 0.047182559967041016 
916, -0.8098008036613464, 0.09324121475219727, 0.043231964111328125, 0.0466158390045166 
917, -0.8100892901420593, 0.09396743774414062, 0.04314541816711426, 0.04751420021057129 
918, -0.8103832602500916, 0.09278416633605957, 0.04330587387084961, 0.0461423397064209 
919, -0.8106816411018372, 0.09449386596679688, 0.04379153251647949, 0.04722142219543457 
920, -0.8109840750694275, 0.09256863594055176, 0.04318737983703613, 0.04604315757751465 
921, -0.8112894892692566, 0.09407687187194824, 0.0434718132019043, 0.04714083671569824 
922, -0.8115981221199036, 0.09336495399475098, 0.04346489906311035, 0.04634976387023926 
923, -0.8119094967842102, 0.09383583068847656, 0.04381203651428223, 0.04663896560668945 
924, -0.8122236728668213, 0.09452247619628906, 0.043871164321899414, 0.04729294776916504 
925, -0.812539279460907, 0.09236454963684082, 0.04251241683959961, 0.046514272689819336 
926, -0.8128566145896912, 0.09361767768859863, 0.042922258377075195, 0.04740476608276367 
927, -0.8131757974624634, 0.09275937080383301, 0.0430293083190918, 0.04639601707458496 
928, -0.8134958744049072, 0.09344744682312012, 0.04327797889709473, 0.046659231185913086 
929, -0.8138169050216675, 0.0936734676361084, 0.04342484474182129, 0.046883583068847656 
930, -0.8141390085220337, 0.09406566619873047, 0.04388308525085449, 0.04688405990600586 
931, -0.8144615292549133, 0.09370160102844238, 0.04387545585632324, 0.04649472236633301 
932, -0.8147848844528198, 0.09343624114990234, 0.043477535247802734, 0.04659914970397949 
933, -0.8151080012321472, 0.09455537796020508, 0.04340171813964844, 0.04732561111450195 
934, -0.8154316544532776, 0.09320235252380371, 0.04330754280090332, 0.04643750190734863 
935, -0.8157554864883423, 0.09473323822021484, 0.043851375579833984, 0.047379255294799805 
936, -0.8160823583602905, 0.09694600105285645, 0.044411659240722656, 0.04911351203918457 
937, -0.8163664937019348, 0.0948648452758789, 0.04309487342834473, 0.048364877700805664 
938, -0.816657304763794, 0.0926666259765625, 0.04319500923156738, 0.04614973068237305 
939, -0.8169513940811157, 0.09353446960449219, 0.04347801208496094, 0.046651601791381836 
940, -0.8172478675842285, 0.09479403495788574, 0.04404878616333008, 0.047217607498168945 
941, -0.8175468444824219, 0.09582376480102539, 0.04477691650390625, 0.04749798774719238 
942, -0.8178474307060242, 0.09476804733276367, 0.043966054916381836, 0.04738903045654297 
943, -0.8181500434875488, 0.09534406661987305, 0.04410743713378906, 0.04766726493835449 
944, -0.8184542059898376, 0.09505319595336914, 0.04355883598327637, 0.048070430755615234 
945, -0.818759560585022, 0.0942850112915039, 0.04351806640625, 0.047298431396484375 
946, -0.8190662264823914, 0.0943138599395752, 0.043839216232299805, 0.04713940620422363 
947, -0.8193737268447876, 0.0960841178894043, 0.04387807846069336, 0.04870009422302246 
948, -0.8196818828582764, 0.09400415420532227, 0.04356193542480469, 0.047072410583496094 
949, -0.8199905157089233, 0.09572434425354004, 0.044031620025634766, 0.04824709892272949 
950, -0.8202996253967285, 0.12243819236755371, 0.044080495834350586, 0.07158637046813965 
951, -0.8206087946891785, 0.09826493263244629, 0.046407461166381836, 0.0482945442199707 
952, -0.8209185600280762, 0.09532666206359863, 0.04396700859069824, 0.04791426658630371 
953, -0.8212283849716187, 0.0961611270904541, 0.044222354888916016, 0.04849362373352051 
954, -0.8215379118919373, 0.09537267684936523, 0.0446774959564209, 0.047238826751708984 
955, -0.8218472003936768, 0.0948946475982666, 0.043688297271728516, 0.04735112190246582 
956, -0.8221563696861267, 0.09639573097229004, 0.04491996765136719, 0.04792332649230957 
957, -0.8224653601646423, 0.09480643272399902, 0.04367184638977051, 0.04758787155151367 
958, -0.8227784633636475, 0.09625792503356934, 0.04355621337890625, 0.04918241500854492 
959, -0.8230948448181152, 0.09833002090454102, 0.04364442825317383, 0.05109667778015137 
960, -0.8234109282493591, 0.10034871101379395, 0.04527926445007324, 0.051470041275024414 
961, -0.8236369490623474, 0.09758758544921875, 0.04519820213317871, 0.048778533935546875 
962, -0.8238881230354309, 0.0973820686340332, 0.04529237747192383, 0.04847097396850586 
963, -0.8241439461708069, 0.09902667999267578, 0.046060800552368164, 0.04939723014831543 
964, -0.824404239654541, 0.0966954231262207, 0.045263051986694336, 0.04730582237243652 
965, -0.824668288230896, 0.09371423721313477, 0.043451547622680664, 0.046767473220825195 
966, -0.8249315023422241, 0.09638619422912598, 0.043956756591796875, 0.04891180992126465 
967, -0.8250343799591064, 0.09393739700317383, 0.043227195739746094, 0.04731011390686035 
968, -0.8251517415046692, 0.09374189376831055, 0.0431826114654541, 0.0471653938293457 
969, -0.8252862691879272, 0.09317135810852051, 0.04275321960449219, 0.04695892333984375 
970, -0.8254368305206299, 0.09630489349365234, 0.044129133224487305, 0.048684120178222656 
971, -0.8256018757820129, 0.09520292282104492, 0.04444622993469238, 0.04723954200744629 
972, -0.8257802128791809, 0.09446430206298828, 0.04389810562133789, 0.04711318016052246 
973, -0.8259708285331726, 0.0946969985961914, 0.044162750244140625, 0.04711747169494629 
974, -0.8261723518371582, 0.09486103057861328, 0.0441896915435791, 0.0472259521484375 
975, -0.8263843655586243, 0.09272408485412598, 0.04316282272338867, 0.04610323905944824 
976, -0.8266050219535828, 0.09365320205688477, 0.04376482963562012, 0.04651379585266113 
977, -0.8268343210220337, 0.0937807559967041, 0.04334425926208496, 0.04698514938354492 
978, -0.827070415019989, 0.09235095977783203, 0.04302501678466797, 0.04598283767700195 
979, -0.8273137807846069, 0.09416723251342773, 0.0433046817779541, 0.04749751091003418 
980, -0.827562689781189, 0.09247398376464844, 0.043406009674072266, 0.04571127891540527 
981, -0.8278168439865112, 0.09364485740661621, 0.04315686225891113, 0.04719185829162598 
982, -0.8280758261680603, 0.09471750259399414, 0.04429745674133301, 0.04702568054199219 
983, -0.8283389210700989, 0.09355044364929199, 0.0435788631439209, 0.04669451713562012 
984, -0.8286055326461792, 0.0947122573852539, 0.04329538345336914, 0.04788708686828613 
985, -0.8288755416870117, 0.09298443794250488, 0.043663978576660156, 0.04593920707702637 
986, -0.8291484713554382, 0.09335041046142578, 0.04284214973449707, 0.04713129997253418 
987, -0.8294237852096558, 0.09312200546264648, 0.04315614700317383, 0.04657721519470215 
988, -0.8297012448310852, 0.09376907348632812, 0.04315352439880371, 0.04717135429382324 
989, -0.8299804329872131, 0.0931234359741211, 0.04331469535827637, 0.04626178741455078 
990, -0.8302614092826843, 0.0948033332824707, 0.043631792068481445, 0.04775691032409668 
991, -0.8305413722991943, 0.09452557563781738, 0.04294991493225098, 0.04815959930419922 
992, -0.8308189511299133, 0.09647274017333984, 0.043451547622680664, 0.049497365951538086 
993, -0.8310983180999756, 0.09982800483703613, 0.047154903411865234, 0.049096107482910156 
994, -0.8313793540000916, 0.09598159790039062, 0.04428362846374512, 0.04810476303100586 
995, -0.8316611647605896, 0.09617757797241211, 0.04385542869567871, 0.048937320709228516 
996, -0.8319441080093384, 0.09595990180969238, 0.04330086708068848, 0.04916954040527344 
997, -0.8321631550788879, 0.09395170211791992, 0.04357719421386719, 0.04708099365234375 
998, -0.8323652744293213, 0.09456133842468262, 0.04352140426635742, 0.04758810997009277 
999, -0.8325757384300232, 0.09490537643432617, 0.043714284896850586, 0.047289371490478516 
