Iteration, loss, time 
0, 1.0322604179382324, 0.15050625801086426, 0.09561586380004883, 0.05034470558166504 
1, 0.9757754802703857, 0.0979149341583252, 0.04535818099975586, 0.04937458038330078 
2, 0.920655369758606, 0.09785985946655273, 0.04533648490905762, 0.0494387149810791 
3, 0.8668460249900818, 0.09919905662536621, 0.044669151306152344, 0.05127573013305664 
4, 0.8143377304077148, 0.10074734687805176, 0.04638838768005371, 0.051140546798706055 
5, 0.7631375193595886, 0.1030731201171875, 0.046654701232910156, 0.05308175086975098 
6, 0.7132484912872314, 0.10245847702026367, 0.04783368110656738, 0.05139875411987305 
7, 0.6646687984466553, 0.10142707824707031, 0.047354936599731445, 0.05075883865356445 
8, 0.6173839569091797, 0.09995746612548828, 0.04679274559020996, 0.05008530616760254 
9, 0.571371853351593, 0.09809279441833496, 0.0453798770904541, 0.04973959922790527 
10, 0.5266059637069702, 0.09799075126647949, 0.045289039611816406, 0.04952573776245117 
11, 0.48304930329322815, 0.10057449340820312, 0.04686379432678223, 0.05043601989746094 
12, 0.4406701326370239, 0.10096073150634766, 0.04698324203491211, 0.05074286460876465 
13, 0.39943212270736694, 0.09850502014160156, 0.0458986759185791, 0.04958367347717285 
14, 0.3593027591705322, 0.09906482696533203, 0.045752763748168945, 0.05022311210632324 
15, 0.3202518820762634, 0.09874558448791504, 0.045617103576660156, 0.0500180721282959 
16, 0.28224998712539673, 0.09835100173950195, 0.04566240310668945, 0.04968905448913574 
17, 0.24527102708816528, 0.09747719764709473, 0.045046329498291016, 0.04931998252868652 
18, 0.20928937196731567, 0.09798455238342285, 0.045371055603027344, 0.04951357841491699 
19, 0.1742795705795288, 0.0978250503540039, 0.04526209831237793, 0.049582481384277344 
20, 0.1402190923690796, 0.09792804718017578, 0.04546856880187988, 0.04926609992980957 
21, 0.1070852279663086, 0.09816670417785645, 0.04536747932434082, 0.0496821403503418 
22, 0.07485675811767578, 0.09892082214355469, 0.04593539237976074, 0.04998898506164551 
23, 0.043512165546417236, 0.09901213645935059, 0.04598236083984375, 0.04993557929992676 
24, 0.013032138347625732, 0.09828734397888184, 0.045876502990722656, 0.049332380294799805 
25, -0.016604125499725342, 0.09899115562438965, 0.04501008987426758, 0.050550222396850586 
26, -0.04541420936584473, 0.10079622268676758, 0.04673886299133301, 0.05083513259887695 
27, -0.07341694831848145, 0.10117864608764648, 0.04629397392272949, 0.05162835121154785 
28, -0.10063117742538452, 0.10229301452636719, 0.047453880310058594, 0.05160331726074219 
29, -0.12707453966140747, 0.10171651840209961, 0.0470280647277832, 0.05138754844665527 
30, -0.15276426076889038, 0.1027982234954834, 0.04748225212097168, 0.05195879936218262 
31, -0.17771828174591064, 0.10111093521118164, 0.046968936920166016, 0.05105400085449219 
32, -0.20195281505584717, 0.09747982025146484, 0.04489302635192871, 0.0495452880859375 
33, -0.22548508644104004, 0.09777355194091797, 0.04533028602600098, 0.04933500289916992 
34, -0.24833136796951294, 0.09757041931152344, 0.045307159423828125, 0.04923129081726074 
35, -0.27050888538360596, 0.09766364097595215, 0.0455625057220459, 0.049208641052246094 
36, -0.29203373193740845, 0.0973818302154541, 0.04475212097167969, 0.04950404167175293 
37, -0.3129221200942993, 0.09847021102905273, 0.04577040672302246, 0.04955101013183594 
38, -0.33319008350372314, 0.09776902198791504, 0.04528498649597168, 0.04942035675048828 
39, -0.35285401344299316, 0.09942793846130371, 0.04634690284729004, 0.05005073547363281 
40, -0.37192845344543457, 0.09895610809326172, 0.04590606689453125, 0.05006098747253418 
41, -0.39042896032333374, 0.09780311584472656, 0.04544687271118164, 0.04932713508605957 
42, -0.4083719253540039, 0.0978693962097168, 0.0454404354095459, 0.049411773681640625 
43, -0.4257704019546509, 0.09807586669921875, 0.0453794002532959, 0.04966259002685547 
44, -0.4426398277282715, 0.097686767578125, 0.045143842697143555, 0.04950380325317383 
45, -0.45899438858032227, 0.09791183471679688, 0.04544830322265625, 0.049341678619384766 
46, -0.4748474955558777, 0.09933972358703613, 0.04515695571899414, 0.050890445709228516 
47, -0.49021387100219727, 0.1018064022064209, 0.04759359359741211, 0.05096769332885742 
48, -0.5051063895225525, 0.10060763359069824, 0.046828508377075195, 0.05051708221435547 
49, -0.5195395350456238, 0.10267066955566406, 0.04765439033508301, 0.05174088478088379 
50, -0.5335252285003662, 0.10258889198303223, 0.0475926399230957, 0.051720380783081055 
51, -0.5470779538154602, 0.10232949256896973, 0.048099517822265625, 0.051061391830444336 
52, -0.5602099299430847, 0.10002398490905762, 0.04703998565673828, 0.0499272346496582 
53, -0.5729345083236694, 0.09790849685668945, 0.045221805572509766, 0.049445152282714844 
54, -0.5852641463279724, 0.09848189353942871, 0.04550337791442871, 0.049935102462768555 
55, -0.5972105264663696, 0.09885048866271973, 0.046004533767700195, 0.04983258247375488 
56, -0.608786940574646, 0.09884285926818848, 0.04595208168029785, 0.04990696907043457 
57, -0.6200046539306641, 0.09766221046447754, 0.04525351524353027, 0.049443960189819336 
58, -0.630875289440155, 0.09772062301635742, 0.045328378677368164, 0.04925417900085449 
59, -0.6414102911949158, 0.09804582595825195, 0.04520153999328613, 0.049715518951416016 
60, -0.651620626449585, 0.09741520881652832, 0.04502248764038086, 0.049268245697021484 
61, -0.661516547203064, 0.09779000282287598, 0.04510951042175293, 0.04954934120178223 
62, -0.6711087822914124, 0.09853792190551758, 0.045555830001831055, 0.04993247985839844 
63, -0.6804076433181763, 0.09898662567138672, 0.04603314399719238, 0.04997515678405762 
64, -0.6894223093986511, 0.09825682640075684, 0.04570579528808594, 0.04948568344116211 
65, -0.6981626152992249, 0.09804534912109375, 0.045320749282836914, 0.04954981803894043 
66, -0.7066373825073242, 0.09714889526367188, 0.04524970054626465, 0.048918962478637695 
67, -0.7132790684700012, 0.10245466232299805, 0.0450444221496582, 0.0531163215637207 
68, -0.7199143171310425, 0.10507059097290039, 0.047421932220458984, 0.053598642349243164 
69, -0.7266308665275574, 0.10573792457580566, 0.04744863510131836, 0.05404996871948242 
70, -0.7333730459213257, 0.10519957542419434, 0.047335147857666016, 0.0536959171295166 
71, -0.7400926947593689, 0.1026153564453125, 0.047083377838134766, 0.05154252052307129 
72, -0.7467445731163025, 0.10372591018676758, 0.04683351516723633, 0.052889108657836914 
73, -0.7532913088798523, 0.1033790111541748, 0.04658842086791992, 0.05273103713989258 
74, -0.7597009539604187, 0.10324859619140625, 0.04717254638671875, 0.052384376525878906 
75, -0.7659503817558289, 0.10058093070983887, 0.045319557189941406, 0.05147576332092285 
76, -0.7720234394073486, 0.10014915466308594, 0.04498457908630371, 0.051412343978881836 
77, -0.7770169377326965, 0.09854388236999512, 0.04545402526855469, 0.049912452697753906 
78, -0.7818142175674438, 0.09847211837768555, 0.04531526565551758, 0.050093650817871094 
79, -0.786698043346405, 0.09914445877075195, 0.04591512680053711, 0.0502469539642334 
80, -0.7916667461395264, 0.0985252857208252, 0.04613232612609863, 0.049193620681762695 
81, -0.7967001795768738, 0.09825587272644043, 0.04555392265319824, 0.049518585205078125 
82, -0.8017697334289551, 0.09795117378234863, 0.045412540435791016, 0.04956555366516113 
83, -0.806842565536499, 0.0982203483581543, 0.04574179649353027, 0.0493464469909668 
84, -0.8110662698745728, 0.10096287727355957, 0.045522451400756836, 0.05147194862365723 
85, -0.813966691493988, 0.10126614570617676, 0.04544425010681152, 0.05167794227600098 
86, -0.8171502351760864, 0.10563373565673828, 0.04728293418884277, 0.05431962013244629 
87, -0.8206561207771301, 0.10506892204284668, 0.047181129455566406, 0.053896427154541016 
88, -0.8244041800498962, 0.10121560096740723, 0.046272993087768555, 0.05134248733520508 
89, -0.8283252120018005, 0.10168957710266113, 0.0453188419342041, 0.05248451232910156 
90, -0.8323568105697632, 0.10430479049682617, 0.04725956916809082, 0.05312943458557129 
91, -0.8364124298095703, 0.10316681861877441, 0.04664778709411621, 0.052564382553100586 
92, -0.8395317196846008, 0.10052943229675293, 0.04664444923400879, 0.05075335502624512 
93, -0.8422053456306458, 0.10096335411071777, 0.0468897819519043, 0.05059528350830078 
94, -0.8450728058815002, 0.10196089744567871, 0.04753828048706055, 0.051249027252197266 
95, -0.8481340408325195, 0.1012117862701416, 0.046848297119140625, 0.051256418228149414 
96, -0.8510431051254272, 0.10024380683898926, 0.04537844657897949, 0.051061153411865234 
97, -0.8538220524787903, 0.10056662559509277, 0.04500412940979004, 0.051880836486816406 
98, -0.8561902642250061, 0.10101580619812012, 0.04554271697998047, 0.0518183708190918 
99, -0.8586379289627075, 0.1009206771850586, 0.045379638671875, 0.05190634727478027 
100, -0.8612382411956787, 0.10067200660705566, 0.045082807540893555, 0.051909446716308594 
101, -0.8639513850212097, 0.10151934623718262, 0.04537320137023926, 0.05234789848327637 
102, -0.8661414980888367, 0.10115814208984375, 0.04592013359069824, 0.051259756088256836 
103, -0.8683773875236511, 0.1013336181640625, 0.04582715034484863, 0.051728248596191406 
104, -0.8705365657806396, 0.0980386734008789, 0.04540681838989258, 0.0494842529296875 
105, -0.8727927207946777, 0.0985116958618164, 0.045444488525390625, 0.0498964786529541 
106, -0.87530916929245, 0.09956860542297363, 0.04591202735900879, 0.050501108169555664 
107, -0.8774684071540833, 0.10383820533752441, 0.046688079833984375, 0.05318260192871094 
108, -0.8792535066604614, 0.10134029388427734, 0.045955657958984375, 0.05171370506286621 
109, -0.8811683058738708, 0.10353899002075195, 0.04573369026184082, 0.053713321685791016 
110, -0.8831914663314819, 0.1047205924987793, 0.04748725891113281, 0.05318927764892578 
111, -0.8852987289428711, 0.10564112663269043, 0.047734737396240234, 0.0537104606628418 
112, -0.8871143460273743, 0.10106825828552246, 0.0464019775390625, 0.05099606513977051 
113, -0.8889146447181702, 0.09952855110168457, 0.0454096794128418, 0.050942420959472656 
114, -0.8906993865966797, 0.10020661354064941, 0.04634428024291992, 0.05062294006347656 
115, -0.8927301168441772, 0.10365772247314453, 0.046422481536865234, 0.053468942642211914 
116, -0.8945019841194153, 0.10125613212585449, 0.04605722427368164, 0.051583051681518555 
117, -0.896236777305603, 0.10135865211486816, 0.04524350166320801, 0.0523223876953125 
118, -0.8980706334114075, 0.10189199447631836, 0.04604816436767578, 0.05223965644836426 
119, -0.8999782204627991, 0.10221028327941895, 0.04592490196228027, 0.05253314971923828 
120, -0.9017894864082336, 0.1005697250366211, 0.04528403282165527, 0.051595449447631836 
121, -0.9035512208938599, 0.1015164852142334, 0.045905351638793945, 0.05181169509887695 
122, -0.9054223895072937, 0.10100054740905762, 0.045392751693725586, 0.051961421966552734 
123, -0.9071347713470459, 0.1007993221282959, 0.04499530792236328, 0.052060842514038086 
124, -0.9087552428245544, 0.1011509895324707, 0.045461177825927734, 0.052004337310791016 
125, -0.9103519916534424, 0.1037285327911377, 0.04613661766052246, 0.05351066589355469 
126, -0.9118910431861877, 0.10496377944946289, 0.0472407341003418, 0.0536496639251709 
127, -0.9133433699607849, 0.10431194305419922, 0.04747962951660156, 0.05315542221069336 
128, -0.9147161245346069, 0.10083270072937012, 0.04524111747741699, 0.05188274383544922 
129, -0.9160714149475098, 0.10089659690856934, 0.0454564094543457, 0.051633596420288086 
130, -0.9174144268035889, 0.10314488410949707, 0.04573631286621094, 0.053324222564697266 
131, -0.9187480807304382, 0.10461616516113281, 0.0473477840423584, 0.05310416221618652 
132, -0.9200561046600342, 0.10376977920532227, 0.046091318130493164, 0.0534665584564209 
133, -0.921290934085846, 0.10542631149291992, 0.04768109321594238, 0.053704023361206055 
134, -0.9223794937133789, 0.1050875186920166, 0.046953439712524414, 0.054071664810180664 
135, -0.9236019849777222, 0.10530209541320801, 0.047362327575683594, 0.05401420593261719 
136, -0.9249075055122375, 0.10008549690246582, 0.044790029525756836, 0.051455020904541016 
137, -0.9260373711585999, 0.10172510147094727, 0.0460972785949707, 0.05186748504638672 
138, -0.9271785020828247, 0.10038399696350098, 0.04506731033325195, 0.05155587196350098 
139, -0.928185760974884, 0.10040044784545898, 0.04510831832885742, 0.051403045654296875 
140, -0.9293630123138428, 0.10054802894592285, 0.04539680480957031, 0.05153632164001465 
141, -0.9304436445236206, 0.10155057907104492, 0.04577231407165527, 0.052031517028808594 
142, -0.9314230680465698, 0.10274958610534668, 0.046346426010131836, 0.052572011947631836 
143, -0.9324986934661865, 0.10180091857910156, 0.04591870307922363, 0.05211353302001953 
144, -0.9335643649101257, 0.10373067855834961, 0.04591965675354004, 0.053784847259521484 
145, -0.9345883131027222, 0.10385799407958984, 0.046813249588012695, 0.05319333076477051 
146, -0.9355723857879639, 0.10296130180358887, 0.04708099365234375, 0.0521540641784668 
147, -0.9365388751029968, 0.10092568397521973, 0.045221805572509766, 0.0518040657043457 
148, -0.9375377297401428, 0.10139107704162598, 0.0454716682434082, 0.05212759971618652 
149, -0.9384180903434753, 0.1021113395690918, 0.045629262924194336, 0.05272626876831055 
150, -0.9393909573554993, 0.1027834415435791, 0.045435428619384766, 0.05322384834289551 
151, -0.9403547644615173, 0.10461735725402832, 0.04710197448730469, 0.0534214973449707 
152, -0.9412366151809692, 0.10415315628051758, 0.04613351821899414, 0.053849220275878906 
153, -0.9420384764671326, 0.10254454612731934, 0.04686307907104492, 0.05193376541137695 
154, -0.9429094791412354, 0.10239171981811523, 0.04546689987182617, 0.0528101921081543 
155, -0.9437554478645325, 0.1037907600402832, 0.04663586616516113, 0.053224802017211914 
156, -0.9445421695709229, 0.10442376136779785, 0.04689526557922363, 0.053215980529785156 
157, -0.9453742504119873, 0.10351157188415527, 0.047373294830322266, 0.0523982048034668 
158, -0.9461455941200256, 0.10202693939208984, 0.045882463455200195, 0.05247807502746582 
159, -0.9470070004463196, 0.10174417495727539, 0.04614686965942383, 0.05180025100708008 
160, -0.947780430316925, 0.10119199752807617, 0.04544711112976074, 0.051991939544677734 
161, -0.948511004447937, 0.10074663162231445, 0.04506063461303711, 0.05202627182006836 
162, -0.9491816163063049, 0.10090994834899902, 0.0449068546295166, 0.05226635932922363 
163, -0.950030505657196, 0.10339951515197754, 0.04568004608154297, 0.05376482009887695 
164, -0.9508386850357056, 0.10489559173583984, 0.04713749885559082, 0.05362677574157715 
165, -0.9513300657272339, 0.10265707969665527, 0.04686093330383301, 0.0521388053894043 
166, -0.9520416259765625, 0.10138535499572754, 0.045670509338378906, 0.05202221870422363 
167, -0.9529270529747009, 0.10174703598022461, 0.04564714431762695, 0.05244255065917969 
168, -0.9535952210426331, 0.10118746757507324, 0.04485011100769043, 0.05254077911376953 
169, -0.954199492931366, 0.10198259353637695, 0.04515838623046875, 0.05282735824584961 
170, -0.9548521041870117, 0.10437726974487305, 0.046338796615600586, 0.05412554740905762 
171, -0.9555580615997314, 0.10384845733642578, 0.046732187271118164, 0.053090810775756836 
172, -0.9562997817993164, 0.1024177074432373, 0.046758413314819336, 0.05195116996765137 
173, -0.9570767283439636, 0.10242390632629395, 0.04611086845397949, 0.052574872970581055 
174, -0.9575304985046387, 0.10293292999267578, 0.04599881172180176, 0.05315852165222168 
175, -0.9580833911895752, 0.10140347480773926, 0.04502153396606445, 0.05233287811279297 
176, -0.9588353633880615, 0.10416340827941895, 0.04676318168640137, 0.05311751365661621 
177, -0.9596290588378906, 0.10474419593811035, 0.04690289497375488, 0.05370187759399414 
178, -0.9601684808731079, 0.10263419151306152, 0.047016143798828125, 0.05190134048461914 
179, -0.9607607126235962, 0.1012728214263916, 0.0449831485748291, 0.052556753158569336 
180, -0.9614006876945496, 0.10153937339782715, 0.04509711265563965, 0.05265665054321289 
181, -0.9619880318641663, 0.10257124900817871, 0.045403242111206055, 0.053052663803100586 
182, -0.9626168012619019, 0.10593199729919434, 0.04769563674926758, 0.054113149642944336 
183, -0.9631698131561279, 0.10421371459960938, 0.04678988456726074, 0.05352592468261719 
184, -0.9638852477073669, 0.10239005088806152, 0.0466923713684082, 0.05192160606384277 
185, -0.9644352793693542, 0.10184216499328613, 0.04568791389465332, 0.05236649513244629 
186, -0.9650316834449768, 0.10194945335388184, 0.04568123817443848, 0.0524754524230957 
187, -0.96554034948349, 0.10178041458129883, 0.04547309875488281, 0.052614688873291016 
188, -0.9661937355995178, 0.10230541229248047, 0.04573321342468262, 0.05276036262512207 
189, -0.9666184782981873, 0.10317134857177734, 0.04603314399719238, 0.05324077606201172 
190, -0.9671282768249512, 0.10220050811767578, 0.045789241790771484, 0.05271148681640625 
191, -0.9676656126976013, 0.10415315628051758, 0.046303510665893555, 0.0537109375 
192, -0.9682484269142151, 0.10532212257385254, 0.04726767539978027, 0.05391526222229004 
193, -0.9688712358474731, 0.10438752174377441, 0.04721975326538086, 0.053414344787597656 
194, -0.9693689942359924, 0.10193800926208496, 0.04566216468811035, 0.0525820255279541 
195, -0.9698895812034607, 0.10281109809875488, 0.045723915100097656, 0.053285837173461914 
196, -0.9705366492271423, 0.10527253150939941, 0.04742002487182617, 0.053955793380737305 
197, -0.971043586730957, 0.10568118095397949, 0.04722118377685547, 0.05431818962097168 
198, -0.9715938568115234, 0.10468149185180664, 0.04795336723327637, 0.052893877029418945 
199, -0.9721627831459045, 0.10110735893249512, 0.04531526565551758, 0.05200362205505371 
200, -0.9725526571273804, 0.10409688949584961, 0.04635357856750488, 0.05368995666503906 
201, -0.9731729030609131, 0.1048116683959961, 0.046875953674316406, 0.05409836769104004 
202, -0.9736083745956421, 0.10268139839172363, 0.04654431343078613, 0.05233359336853027 
203, -0.9741378426551819, 0.1062476634979248, 0.04562854766845703, 0.05651593208312988 
204, -0.9745676517486572, 0.10338616371154785, 0.04627108573913574, 0.05331826210021973 
205, -0.9749888777732849, 0.10313987731933594, 0.04640769958496094, 0.05301260948181152 
206, -0.9754603505134583, 0.10232138633728027, 0.04612231254577637, 0.05238842964172363 
207, -0.9759789705276489, 0.10180521011352539, 0.04569673538208008, 0.05234384536743164 
208, -0.976538360118866, 0.1018822193145752, 0.04542899131774902, 0.05236315727233887 
209, -0.9771250486373901, 0.1015787124633789, 0.04571866989135742, 0.052213430404663086 
210, -0.9776301980018616, 0.10175228118896484, 0.04541587829589844, 0.05254673957824707 
211, -0.9780591130256653, 0.10191869735717773, 0.04551291465759277, 0.05242300033569336 
212, -0.9786113500595093, 0.10246562957763672, 0.04572653770446777, 0.052893877029418945 
213, -0.9790976047515869, 0.10662436485290527, 0.04711198806762695, 0.05533099174499512 
214, -0.9796193242073059, 0.10497832298278809, 0.04734683036804199, 0.053551435470581055 
215, -0.9800302982330322, 0.1059713363647461, 0.047408342361450195, 0.05441164970397949 
216, -0.9805594682693481, 0.10505056381225586, 0.04751276969909668, 0.053529977798461914 
217, -0.9810059666633606, 0.10476088523864746, 0.04683256149291992, 0.05369925498962402 
218, -0.981355607509613, 0.1031792163848877, 0.046843528747558594, 0.05251574516296387 
219, -0.9818615317344666, 0.10418152809143066, 0.045469045639038086, 0.05464816093444824 
220, -0.9823546409606934, 0.10584115982055664, 0.047251224517822266, 0.05448722839355469 
221, -0.98285973072052, 0.10642862319946289, 0.04707455635070801, 0.054956674575805664 
222, -0.9833266735076904, 0.10119438171386719, 0.04533267021179199, 0.052095651626586914 
223, -0.9837931990623474, 0.10158634185791016, 0.04574394226074219, 0.051894426345825195 
224, -0.9841780066490173, 0.1011805534362793, 0.045187950134277344, 0.052251577377319336 
225, -0.9846002459526062, 0.10161519050598145, 0.04566025733947754, 0.05224299430847168 
226, -0.9850473403930664, 0.10194635391235352, 0.045560598373413086, 0.05270671844482422 
227, -0.9855296015739441, 0.10233116149902344, 0.045687198638916016, 0.052989959716796875 
228, -0.9860413670539856, 0.10249066352844238, 0.04563593864440918, 0.0531613826751709 
229, -0.9862810373306274, 0.10232281684875488, 0.04583406448364258, 0.05274653434753418 
230, -0.986739456653595, 0.10106611251831055, 0.04533028602600098, 0.052129268646240234 
231, -0.9873976111412048, 0.10144853591918945, 0.04546403884887695, 0.05233645439147949 
232, -0.9878056645393372, 0.10105133056640625, 0.045436859130859375, 0.051978111267089844 
233, -0.9881846904754639, 0.1027669906616211, 0.04527163505554199, 0.05321693420410156 
234, -0.9886649250984192, 0.10472440719604492, 0.04666280746459961, 0.05393505096435547 
235, -0.9891566038131714, 0.10727262496948242, 0.047551631927490234, 0.055591583251953125 
236, -0.9894001483917236, 0.10759544372558594, 0.04807734489440918, 0.055356502532958984 
237, -0.9898303151130676, 0.1069190502166748, 0.04854249954223633, 0.054270029067993164 
238, -0.9903596639633179, 0.10703110694885254, 0.04767942428588867, 0.0554654598236084 
239, -0.9907270669937134, 0.1036224365234375, 0.04790782928466797, 0.05210399627685547 
240, -0.9911296963691711, 0.1010735034942627, 0.04496645927429199, 0.05254817008972168 
241, -0.9915642738342285, 0.1012735366821289, 0.04519295692443848, 0.05248093605041504 
242, -0.9920255541801453, 0.10175752639770508, 0.0454561710357666, 0.052496910095214844 
243, -0.9923199415206909, 0.10196232795715332, 0.045645713806152344, 0.05265522003173828 
244, -0.9927819967269897, 0.1028139591217041, 0.046408891677856445, 0.05271005630493164 
245, -0.9932147264480591, 0.1020364761352539, 0.0457456111907959, 0.0526273250579834 
246, -0.9935846328735352, 0.10200953483581543, 0.04576826095581055, 0.052510976791381836 
247, -0.9939584136009216, 0.10205578804016113, 0.045713186264038086, 0.05270504951477051 
248, -0.9943437576293945, 0.10159468650817871, 0.04532599449157715, 0.052620649337768555 
249, -0.9947729110717773, 0.10159826278686523, 0.04540061950683594, 0.05252838134765625 
250, -0.9952053427696228, 0.10227441787719727, 0.04541730880737305, 0.05306839942932129 
251, -0.995460033416748, 0.10213041305541992, 0.04601263999938965, 0.05251884460449219 
252, -0.9958447813987732, 0.10201406478881836, 0.04586982727050781, 0.052491188049316406 
253, -0.9963452219963074, 0.10163474082946777, 0.04577064514160156, 0.05223345756530762 
254, -0.9966857433319092, 0.10191202163696289, 0.04535102844238281, 0.05256962776184082 
255, -0.9970332384109497, 0.10806035995483398, 0.04742765426635742, 0.056319475173950195 
256, -0.9974055290222168, 0.1080319881439209, 0.04850029945373535, 0.05516672134399414 
257, -0.997802734375, 0.10817646980285645, 0.048007965087890625, 0.05587649345397949 
258, -0.9981945157051086, 0.10745835304260254, 0.047936439514160156, 0.05533480644226074 
259, -0.9985700249671936, 0.1057741641998291, 0.048371076583862305, 0.053737640380859375 
260, -0.9988679885864258, 0.1017608642578125, 0.045358896255493164, 0.05253195762634277 
261, -0.999271810054779, 0.10138893127441406, 0.045389652252197266, 0.05207681655883789 
262, -0.9994929432868958, 0.10164403915405273, 0.04529261589050293, 0.05255436897277832 
263, -0.9998782873153687, 0.10205650329589844, 0.0453948974609375, 0.05284237861633301 
264, -1.0002460479736328, 0.10220766067504883, 0.045252084732055664, 0.05306577682495117 
265, -1.000608205795288, 0.10235428810119629, 0.04600381851196289, 0.05262184143066406 
266, -1.0008299350738525, 0.10289478302001953, 0.04615974426269531, 0.05299711227416992 
267, -1.0012624263763428, 0.10378074645996094, 0.04674863815307617, 0.05321812629699707 
268, -1.001624584197998, 0.10302281379699707, 0.04653191566467285, 0.05254507064819336 
269, -1.0019457340240479, 0.10203337669372559, 0.045450687408447266, 0.05275869369506836 
270, -1.0022919178009033, 0.10249757766723633, 0.04546976089477539, 0.05333304405212402 
271, -1.0026583671569824, 0.10158133506774902, 0.0454559326171875, 0.052504777908325195 
272, -1.0029228925704956, 0.1017763614654541, 0.04552197456359863, 0.052607059478759766 
273, -1.0032850503921509, 0.10200762748718262, 0.04537248611450195, 0.05280494689941406 
274, -1.00375497341156, 0.10312175750732422, 0.04629230499267578, 0.053153038024902344 
275, -1.004095196723938, 0.1041860580444336, 0.04620623588562012, 0.053917646408081055 
276, -1.0044374465942383, 0.10698890686035156, 0.04742693901062012, 0.0553433895111084 
277, -1.0045149326324463, 0.10690093040466309, 0.048048973083496094, 0.05466818809509277 
278, -1.0048229694366455, 0.1080160140991211, 0.048546791076660156, 0.05524921417236328 
279, -1.0053467750549316, 0.10715365409851074, 0.04820394515991211, 0.05468034744262695 
280, -1.0055476427078247, 0.10578227043151855, 0.04754209518432617, 0.05418562889099121 
281, -1.005852460861206, 0.10245013236999512, 0.04558587074279785, 0.05301690101623535 
282, -1.0061442852020264, 0.1036686897277832, 0.04606795310974121, 0.053748369216918945 
283, -1.0064635276794434, 0.10338306427001953, 0.046037912368774414, 0.053519487380981445 
284, -1.0068053007125854, 0.10246157646179199, 0.04576992988586426, 0.05294990539550781 
285, -1.00702965259552, 0.10240483283996582, 0.04565834999084473, 0.053078413009643555 
286, -1.007312536239624, 0.10213899612426758, 0.04575705528259277, 0.05269026756286621 
287, -1.007699728012085, 0.10198712348937988, 0.04535937309265137, 0.05282235145568848 
288, -1.0081260204315186, 0.10203719139099121, 0.045647382736206055, 0.05264902114868164 
289, -1.0084447860717773, 0.10321831703186035, 0.04600167274475098, 0.053528547286987305 
290, -1.0087761878967285, 0.10289382934570312, 0.04571342468261719, 0.05341792106628418 
291, -1.009117841720581, 0.10451126098632812, 0.04818844795227051, 0.05266714096069336 
292, -1.0093014240264893, 0.10184764862060547, 0.04555368423461914, 0.05260920524597168 
293, -1.0096144676208496, 0.10252642631530762, 0.04561567306518555, 0.05321216583251953 
294, -1.010046124458313, 0.10352587699890137, 0.04525327682495117, 0.05437731742858887 
295, -1.010327935218811, 0.10433101654052734, 0.046634674072265625, 0.05377054214477539 
296, -1.0104984045028687, 0.10546541213989258, 0.047066688537597656, 0.05460333824157715 
297, -1.0107595920562744, 0.10625910758972168, 0.04699206352233887, 0.05522489547729492 
298, -1.0111113786697388, 0.10815882682800293, 0.04809904098510742, 0.05573630332946777 
299, -1.011369228363037, 0.10770392417907715, 0.0477602481842041, 0.055364370346069336 
300, -1.011614441871643, 0.1064910888671875, 0.04811882972717285, 0.05452108383178711 
301, -1.0118703842163086, 0.10414361953735352, 0.04681849479675293, 0.05364847183227539 
302, -1.0121395587921143, 0.10149359703063965, 0.045377492904663086, 0.05232071876525879 
303, -1.0124166011810303, 0.10231661796569824, 0.04557943344116211, 0.052968740463256836 
304, -1.0126830339431763, 0.10300135612487793, 0.04570508003234863, 0.05332660675048828 
305, -1.012962818145752, 0.10421466827392578, 0.04682564735412598, 0.053678274154663086 
306, -1.0131747722625732, 0.10350346565246582, 0.04633307456970215, 0.053293466567993164 
307, -1.0134437084197998, 0.10257411003112793, 0.046088218688964844, 0.0527040958404541 
308, -1.0136380195617676, 0.10329079627990723, 0.045761823654174805, 0.053659915924072266 
309, -1.013913869857788, 0.10278463363647461, 0.04569649696350098, 0.05320024490356445 
310, -1.0141245126724243, 0.10467910766601562, 0.047234535217285156, 0.05328965187072754 
311, -1.0143318176269531, 0.10304689407348633, 0.04593515396118164, 0.05313611030578613 
312, -1.014556884765625, 0.10336041450500488, 0.046089887619018555, 0.053438425064086914 
313, -1.0147987604141235, 0.10642361640930176, 0.047269582748413086, 0.05501437187194824 
314, -1.0149738788604736, 0.10562396049499512, 0.04774618148803711, 0.05387401580810547 
315, -1.015275001525879, 0.10344982147216797, 0.04668927192687988, 0.05297708511352539 
316, -1.015509009361267, 0.1019744873046875, 0.04529738426208496, 0.05270195007324219 
317, -1.0157012939453125, 0.10231781005859375, 0.045506954193115234, 0.05286550521850586 
318, -1.0158942937850952, 0.10323929786682129, 0.04575777053833008, 0.053543806076049805 
319, -1.0161564350128174, 0.10656070709228516, 0.046642303466796875, 0.05518770217895508 
320, -1.016249656677246, 0.10846066474914551, 0.048476219177246094, 0.05601191520690918 
321, -1.016484260559082, 0.10877537727355957, 0.04813194274902344, 0.05648612976074219 
322, -1.0166480541229248, 0.10839533805847168, 0.048140525817871094, 0.05600595474243164 
323, -1.0168328285217285, 0.10270261764526367, 0.046994924545288086, 0.05213165283203125 
324, -1.0170378684997559, 0.10182332992553711, 0.04558086395263672, 0.05259370803833008 
325, -1.0172581672668457, 0.1016535758972168, 0.04548978805541992, 0.05252528190612793 
326, -1.0174798965454102, 0.10211586952209473, 0.04573941230773926, 0.05266880989074707 
327, -1.0175895690917969, 0.10300588607788086, 0.04561901092529297, 0.05356764793395996 
328, -1.017787218093872, 0.10349154472351074, 0.045952558517456055, 0.053648948669433594 
329, -1.0179922580718994, 0.10448026657104492, 0.04649662971496582, 0.05419111251831055 
330, -1.0181212425231934, 0.10286211967468262, 0.04536557197570801, 0.05343055725097656 
331, -1.0182521343231201, 0.10571765899658203, 0.0476992130279541, 0.05394411087036133 
332, -1.0184082984924316, 0.10479974746704102, 0.04709744453430176, 0.05393218994140625 
333, -1.0185883045196533, 0.10221648216247559, 0.04582619667053223, 0.05262327194213867 
334, -1.0187311172485352, 0.10244584083557129, 0.045677900314331055, 0.052971839904785156 
335, -1.018962025642395, 0.10244441032409668, 0.045673370361328125, 0.05289101600646973 
336, -1.0191327333450317, 0.1037895679473877, 0.045891761779785156, 0.054083824157714844 
337, -1.0192664861679077, 0.10336947441101074, 0.046133995056152344, 0.053322553634643555 
338, -1.0194543600082397, 0.10255599021911621, 0.045670509338378906, 0.05298733711242676 
339, -1.0196113586425781, 0.1124267578125, 0.05109882354736328, 0.057137489318847656 
340, -1.019759178161621, 0.1066138744354248, 0.047647953033447266, 0.05460500717163086 
341, -1.019897699356079, 0.10759377479553223, 0.04796481132507324, 0.05513715744018555 
342, -1.0200492143630981, 0.1082143783569336, 0.04784750938415527, 0.05587363243103027 
343, -1.020180583000183, 0.10676336288452148, 0.047234535217285156, 0.05524182319641113 
344, -1.020303726196289, 0.10408663749694824, 0.04742765426635742, 0.05291891098022461 
345, -1.0204423666000366, 0.10172033309936523, 0.04537796974182129, 0.05272507667541504 
346, -1.0205912590026855, 0.1020205020904541, 0.04552125930786133, 0.05275130271911621 
347, -1.0207343101501465, 0.10143828392028809, 0.045450448989868164, 0.05229902267456055 
348, -1.0208858251571655, 0.10177731513977051, 0.0454864501953125, 0.052523136138916016 
349, -1.0208921432495117, 0.1064763069152832, 0.048542022705078125, 0.05385160446166992 
350, -1.0211485624313354, 0.10689759254455566, 0.04728507995605469, 0.05544614791870117 
351, -1.0212643146514893, 0.10717487335205078, 0.047849178314208984, 0.055060625076293945 
352, -1.0213598012924194, 0.10412263870239258, 0.047250986099243164, 0.053009748458862305 
353, -1.0214594602584839, 0.10238885879516602, 0.04543614387512207, 0.05308842658996582 
354, -1.0215978622436523, 0.10193896293640137, 0.04560136795043945, 0.052518367767333984 
355, -1.0216526985168457, 0.10142397880554199, 0.04536771774291992, 0.05248379707336426 
356, -1.0217883586883545, 0.1027975082397461, 0.04593634605407715, 0.052922964096069336 
357, -1.0218751430511475, 0.10294413566589355, 0.04570960998535156, 0.0528256893157959 
358, -1.021978497505188, 0.10384607315063477, 0.04623246192932129, 0.053685665130615234 
359, -1.0220718383789062, 0.10545516014099121, 0.04627227783203125, 0.055062055587768555 
360, -1.022189736366272, 0.10634446144104004, 0.04740118980407715, 0.05469489097595215 
361, -1.0222959518432617, 0.10759544372558594, 0.047295331954956055, 0.05595064163208008 
362, -1.0224401950836182, 0.10758256912231445, 0.0481717586517334, 0.0555417537689209 
363, -1.02245032787323, 0.10501265525817871, 0.0466611385345459, 0.05421328544616699 
364, -1.0226324796676636, 0.1043541431427002, 0.04751896858215332, 0.05312681198120117 
365, -1.0227160453796387, 0.10265278816223145, 0.04562520980834961, 0.05302906036376953 
366, -1.0228185653686523, 0.10330343246459961, 0.04603290557861328, 0.05340123176574707 
367, -1.0228865146636963, 0.10624027252197266, 0.04670858383178711, 0.055377960205078125 
368, -1.0229724645614624, 0.10575747489929199, 0.046663761138916016, 0.054869651794433594 
369, -1.0230991840362549, 0.10374021530151367, 0.047276973724365234, 0.052811622619628906 
370, -1.0230693817138672, 0.10216569900512695, 0.045706987380981445, 0.05244612693786621 
371, -1.0232564210891724, 0.10235261917114258, 0.04571127891540527, 0.05265188217163086 
372, -1.023345708847046, 0.10237455368041992, 0.04598522186279297, 0.05255770683288574 
373, -1.0233813524246216, 0.1035923957824707, 0.046109676361083984, 0.05365777015686035 
374, -1.0234622955322266, 0.1033024787902832, 0.0460972785949707, 0.05346989631652832 
375, -1.0235888957977295, 0.10288810729980469, 0.04609251022338867, 0.05302071571350098 
376, -1.023648977279663, 0.10256505012512207, 0.0455632209777832, 0.053160667419433594 
377, -1.0237255096435547, 0.10258984565734863, 0.04596853256225586, 0.05264711380004883 
378, -1.023682951927185, 0.10288000106811523, 0.04576706886291504, 0.052690744400024414 
379, -1.0238783359527588, 0.10336613655090332, 0.04590654373168945, 0.0535125732421875 
380, -1.0239378213882446, 0.10706353187561035, 0.04711174964904785, 0.055822134017944336 
381, -1.024048089981079, 0.10836911201477051, 0.04784345626831055, 0.0560603141784668 
382, -1.024063229560852, 0.1098477840423584, 0.048250675201416016, 0.057379961013793945 
383, -1.0241024494171143, 0.10672569274902344, 0.047715187072753906, 0.05466032028198242 
384, -1.0241481065750122, 0.10712885856628418, 0.04792189598083496, 0.05508565902709961 
385, -1.0242667198181152, 0.10360479354858398, 0.047181129455566406, 0.05264902114868164 
386, -1.0242910385131836, 0.10655617713928223, 0.04740500450134277, 0.05484342575073242 
387, -1.024345874786377, 0.10670232772827148, 0.04726147651672363, 0.05546116828918457 
388, -1.0244287252426147, 0.10482144355773926, 0.04786515235900879, 0.0530848503112793 
389, -1.0244747400283813, 0.10418891906738281, 0.04610943794250488, 0.05417823791503906 
390, -1.0245342254638672, 0.10299873352050781, 0.04641008377075195, 0.05275321006774902 
391, -1.0246365070343018, 0.10227394104003906, 0.045332908630371094, 0.05309343338012695 
392, -1.024704098701477, 0.1018378734588623, 0.04536843299865723, 0.05259370803833008 
393, -1.0247453451156616, 0.10234713554382324, 0.04584813117980957, 0.05264854431152344 
394, -1.024793267250061, 0.10250258445739746, 0.04566812515258789, 0.05287504196166992 
395, -1.0248498916625977, 0.10328888893127441, 0.046254634857177734, 0.05294942855834961 
396, -1.0249296426773071, 0.10470843315124512, 0.04643821716308594, 0.05439257621765137 
397, -1.0249266624450684, 0.10410761833190918, 0.04628610610961914, 0.054067373275756836 
398, -1.0249544382095337, 0.10242795944213867, 0.04554009437561035, 0.05315113067626953 
399, -1.0250298976898193, 0.10219383239746094, 0.045304298400878906, 0.05306744575500488 
400, -1.0250842571258545, 0.1043238639831543, 0.04551219940185547, 0.05479145050048828 
401, -1.0251750946044922, 0.10901737213134766, 0.04774284362792969, 0.05704808235168457 
402, -1.025181531906128, 0.11006760597229004, 0.048427581787109375, 0.05763697624206543 
403, -1.0252089500427246, 0.11016631126403809, 0.04898476600646973, 0.057025909423828125 
404, -1.0252702236175537, 0.10976266860961914, 0.04939746856689453, 0.05630755424499512 
405, -1.0253429412841797, 0.1078805923461914, 0.04908275604248047, 0.05480551719665527 
406, -1.0254054069519043, 0.10597372055053711, 0.0472412109375, 0.05511903762817383 
407, -1.0254907608032227, 0.10205554962158203, 0.04522538185119629, 0.05324292182922363 
408, -1.0255107879638672, 0.10216259956359863, 0.04552912712097168, 0.05299544334411621 
409, -1.025588035583496, 0.10253000259399414, 0.045632362365722656, 0.05311226844787598 
410, -1.0255885124206543, 0.10235857963562012, 0.0453648567199707, 0.05307340621948242 
411, -1.0255985260009766, 0.10406994819641113, 0.046669721603393555, 0.05365324020385742 
412, -1.0256397724151611, 0.10478758811950684, 0.04685568809509277, 0.054167747497558594 
413, -1.025708556175232, 0.10175633430480957, 0.04554271697998047, 0.052542686462402344 
414, -1.0257607698440552, 0.10224485397338867, 0.045658111572265625, 0.05299544334411621 
415, -1.0257914066314697, 0.10168766975402832, 0.04517841339111328, 0.05279827117919922 
416, -1.0258457660675049, 0.1017909049987793, 0.04572486877441406, 0.05237150192260742 
417, -1.0258722305297852, 0.1028742790222168, 0.045771121978759766, 0.05281424522399902 
418, -1.0258607864379883, 0.10365056991577148, 0.046212196350097656, 0.05359172821044922 
419, -1.0258870124816895, 0.1047217845916748, 0.04684162139892578, 0.054122209548950195 
420, -1.025937795639038, 0.10411500930786133, 0.046788930892944336, 0.0533597469329834 
421, -1.026018738746643, 0.10292458534240723, 0.045603036880493164, 0.053524017333984375 
422, -1.0260075330734253, 0.10419440269470215, 0.04559183120727539, 0.05442166328430176 
423, -1.025965929031372, 0.10812067985534668, 0.047957420349121094, 0.05571389198303223 
424, -1.026054859161377, 0.1078336238861084, 0.04780936241149902, 0.055632829666137695 
425, -1.026104211807251, 0.11272096633911133, 0.05029940605163574, 0.05789613723754883 
426, -1.026106357574463, 0.11164593696594238, 0.04990196228027344, 0.057315826416015625 
427, -1.0261480808258057, 0.10798430442810059, 0.04997611045837402, 0.05411076545715332 
428, -1.0262266397476196, 0.1020503044128418, 0.04541587829589844, 0.052866458892822266 
429, -1.0261887311935425, 0.10227394104003906, 0.045812368392944336, 0.052840232849121094 
430, -1.0262128114700317, 0.10261178016662598, 0.04534792900085449, 0.0535740852355957 
431, -1.0262948274612427, 0.1023099422454834, 0.04553031921386719, 0.05303239822387695 
432, -1.0263056755065918, 0.10263323783874512, 0.045716047286987305, 0.05318593978881836 
433, -1.0263676643371582, 0.1036522388458252, 0.04627275466918945, 0.053649187088012695 
434, -1.026353120803833, 0.14661598205566406, 0.04650425910949707, 0.09618759155273438 
435, -1.0263493061065674, 0.10266232490539551, 0.04559731483459473, 0.053131818771362305 
436, -1.0264017581939697, 0.10236716270446777, 0.04567742347717285, 0.05271172523498535 
437, -1.0264558792114258, 0.10285186767578125, 0.045728445053100586, 0.05326056480407715 
438, -1.026528239250183, 0.10216522216796875, 0.04542183876037598, 0.05291414260864258 
439, -1.0265493392944336, 0.10256147384643555, 0.045310020446777344, 0.05337047576904297 
440, -1.0264527797698975, 0.1034696102142334, 0.04588055610656738, 0.05362367630004883 
441, -1.0265990495681763, 0.10431647300720215, 0.046736955642700195, 0.05380964279174805 
442, -1.0266578197479248, 0.10352826118469238, 0.04654216766357422, 0.053229570388793945 
443, -1.0266637802124023, 0.10544228553771973, 0.04593610763549805, 0.055167436599731445 
444, -1.026692509651184, 0.1107029914855957, 0.0488276481628418, 0.05741548538208008 
445, -1.0267407894134521, 0.11084580421447754, 0.0492250919342041, 0.057366371154785156 
446, -1.026750922203064, 0.10996437072753906, 0.04888916015625, 0.056827545166015625 
447, -1.0268003940582275, 0.10678577423095703, 0.04815316200256348, 0.05467820167541504 
448, -1.0268003940582275, 0.10823655128479004, 0.0480198860168457, 0.05617380142211914 
449, -1.0268007516860962, 0.10416603088378906, 0.04647970199584961, 0.05396127700805664 
450, -1.0268316268920898, 0.10193872451782227, 0.04537010192871094, 0.05287647247314453 
451, -1.0268454551696777, 0.10246396064758301, 0.04588961601257324, 0.0529019832611084 
452, -1.0268678665161133, 0.1022496223449707, 0.04552888870239258, 0.0530705451965332 
453, -1.0269062519073486, 0.10230541229248047, 0.0459589958190918, 0.052614688873291016 
454, -1.0269372463226318, 0.1027679443359375, 0.04560565948486328, 0.053539276123046875 
455, -1.0269650220870972, 0.10298657417297363, 0.04568195343017578, 0.05361223220825195 
456, -1.026991367340088, 0.10372066497802734, 0.04616212844848633, 0.05375313758850098 
457, -1.0269863605499268, 0.10370802879333496, 0.046250343322753906, 0.053555965423583984 
458, -1.0270146131515503, 0.10220766067504883, 0.045691490173339844, 0.052770376205444336 
459, -1.0270230770111084, 0.10223150253295898, 0.04581761360168457, 0.05269193649291992 
460, -1.0270293951034546, 0.10254216194152832, 0.046053409576416016, 0.052718162536621094 
461, -1.0270613431930542, 0.10249567031860352, 0.045571088790893555, 0.05306720733642578 
462, -1.0270872116088867, 0.10223531723022461, 0.045525550842285156, 0.05283403396606445 
463, -1.027119517326355, 0.10596728324890137, 0.04614615440368652, 0.055403947830200195 
464, -1.0271129608154297, 0.11244988441467285, 0.05029869079589844, 0.057712554931640625 
465, -1.0271039009094238, 0.11057782173156738, 0.04891562461853027, 0.0572209358215332 
466, -1.0271313190460205, 0.10998654365539551, 0.04934072494506836, 0.05648398399353027 
467, -1.0271623134613037, 0.10906648635864258, 0.04908347129821777, 0.05585670471191406 
468, -1.0271581411361694, 0.10288357734680176, 0.04597878456115723, 0.0531611442565918 
469, -1.0271825790405273, 0.10279536247253418, 0.04561161994934082, 0.053246498107910156 
470, -1.0271716117858887, 0.10409259796142578, 0.04565548896789551, 0.05440568923950195 
471, -1.0271742343902588, 0.10448360443115234, 0.04677176475524902, 0.05388617515563965 
472, -1.0272130966186523, 0.10359597206115723, 0.04696822166442871, 0.05274081230163574 
473, -1.0272088050842285, 0.10367965698242188, 0.0472865104675293, 0.05262613296508789 
474, -1.0272130966186523, 0.10219931602478027, 0.04556131362915039, 0.05286216735839844 
475, -1.0272431373596191, 0.10186100006103516, 0.04545331001281738, 0.052516937255859375 
476, -1.027277946472168, 0.10244321823120117, 0.045461177825927734, 0.05292773246765137 
477, -1.0272787809371948, 0.10354185104370117, 0.04569745063781738, 0.05391550064086914 
478, -1.0273423194885254, 0.10417342185974121, 0.04658794403076172, 0.05374765396118164 
479, -1.0273799896240234, 0.10462212562561035, 0.046875, 0.053813934326171875 
480, -1.0273857116699219, 0.10361146926879883, 0.04631495475769043, 0.05344820022583008 
481, -1.0273687839508057, 0.10234689712524414, 0.04543614387512207, 0.052941083908081055 
482, -1.0274159908294678, 0.10633468627929688, 0.04721355438232422, 0.054976701736450195 
483, -1.0274467468261719, 0.10580611228942871, 0.047339439392089844, 0.05451011657714844 
484, -1.0273960828781128, 0.10386109352111816, 0.046227455139160156, 0.05354905128479004 
485, -1.0273939371109009, 0.10729527473449707, 0.047629356384277344, 0.055594444274902344 
486, -1.027477502822876, 0.10995292663574219, 0.04896140098571777, 0.05679488182067871 
487, -1.0274839401245117, 0.10849285125732422, 0.04826927185058594, 0.05587959289550781 
488, -1.0274701118469238, 0.10634613037109375, 0.04797625541687012, 0.054216623306274414 
489, -1.0274696350097656, 0.1044459342956543, 0.047487735748291016, 0.05313920974731445 
490, -1.0274921655654907, 0.10248899459838867, 0.04551339149475098, 0.053089141845703125 
491, -1.0275328159332275, 0.10308027267456055, 0.045842647552490234, 0.05318903923034668 
492, -1.0275344848632812, 0.10342741012573242, 0.045836448669433594, 0.053696632385253906 
493, -1.0275683403015137, 0.10321497917175293, 0.04599475860595703, 0.053385257720947266 
494, -1.0275667905807495, 0.10412263870239258, 0.04625082015991211, 0.05415844917297363 
495, -1.0275911092758179, 0.10320806503295898, 0.0465085506439209, 0.05295157432556152 
496, -1.0276267528533936, 0.10247373580932617, 0.045477867126464844, 0.05315136909484863 
497, -1.0276665687561035, 0.10214495658874512, 0.04546356201171875, 0.05285835266113281 
498, -1.0275728702545166, 0.10339164733886719, 0.04630160331726074, 0.053169965744018555 
499, -1.0276871919631958, 0.10503458976745605, 0.046385765075683594, 0.05459785461425781 
500, -1.027664303779602, 0.10693168640136719, 0.04720878601074219, 0.05526876449584961 
501, -1.0276851654052734, 0.10595178604125977, 0.04809069633483887, 0.05411386489868164 
502, -1.0276930332183838, 0.10416960716247559, 0.046123504638671875, 0.05406618118286133 
503, -1.0277079343795776, 0.10329222679138184, 0.0460813045501709, 0.053293704986572266 
504, -1.027724266052246, 0.1058814525604248, 0.04684567451477051, 0.055031538009643555 
505, -1.0276610851287842, 0.10591959953308105, 0.046961307525634766, 0.05500507354736328 
506, -1.027726650238037, 0.10487484931945801, 0.04640460014343262, 0.054648637771606445 
507, -1.0277304649353027, 0.10227513313293457, 0.04558062553405762, 0.05280113220214844 
508, -1.0277464389801025, 0.1046602725982666, 0.04613375663757324, 0.05437636375427246 
509, -1.0277512073516846, 0.10718464851379395, 0.04835057258605957, 0.054502010345458984 
510, -1.0277562141418457, 0.1079719066619873, 0.048013925552368164, 0.05587315559387207 
511, -1.0278027057647705, 0.10401344299316406, 0.04689645767211914, 0.05333256721496582 
512, -1.0278059244155884, 0.10216498374938965, 0.04563641548156738, 0.05268716812133789 
513, -1.0278027057647705, 0.10279369354248047, 0.04572105407714844, 0.05296921730041504 
514, -1.0278387069702148, 0.10254621505737305, 0.04558706283569336, 0.05308675765991211 
515, -1.0277186632156372, 0.10259437561035156, 0.04539132118225098, 0.05326986312866211 
516, -1.027847170829773, 0.10364890098571777, 0.04591012001037598, 0.053586721420288086 
517, -1.0278351306915283, 0.10586166381835938, 0.047261714935302734, 0.05457711219787598 
518, -1.0278191566467285, 0.10566544532775879, 0.04746079444885254, 0.05430150032043457 
519, -1.0277447700500488, 0.10278153419494629, 0.04622316360473633, 0.052686452865600586 
520, -1.0277117490768433, 0.10194873809814453, 0.04556131362915039, 0.052527427673339844 
521, -1.027702808380127, 0.10282754898071289, 0.046201229095458984, 0.052724599838256836 
522, -1.0277289152145386, 0.10303139686584473, 0.04596900939941406, 0.052999258041381836 
523, -1.0277819633483887, 0.1039266586303711, 0.04597067832946777, 0.05396008491516113 
524, -1.0277928113937378, 0.10510778427124023, 0.04622697830200195, 0.05457711219787598 
525, -1.027811050415039, 0.10639739036560059, 0.04736208915710449, 0.05508065223693848 
526, -1.027867317199707, 0.10611462593078613, 0.04675769805908203, 0.055153846740722656 
527, -1.0279107093811035, 0.1032717227935791, 0.04708242416381836, 0.05233907699584961 
528, -1.027939796447754, 0.10529112815856934, 0.04669499397277832, 0.05446290969848633 
529, -1.027984380722046, 0.1059255599975586, 0.0470583438873291, 0.0546572208404541 
530, -1.0280084609985352, 0.10554289817810059, 0.047263383865356445, 0.054404258728027344 
531, -1.0280392169952393, 0.103759765625, 0.046259403228759766, 0.05359768867492676 
532, -1.0280694961547852, 0.10387396812438965, 0.04624056816101074, 0.05371594429016113 
533, -1.0280871391296387, 0.10292387008666992, 0.04549670219421387, 0.05358552932739258 
534, -1.0280981063842773, 0.10256671905517578, 0.045645952224731445, 0.05296182632446289 
535, -1.0280911922454834, 0.10298967361450195, 0.045647621154785156, 0.05310249328613281 
536, -1.0281000137329102, 0.10587024688720703, 0.04784560203552246, 0.05401754379272461 
537, -1.0280795097351074, 0.10619950294494629, 0.04720711708068848, 0.054837942123413086 
538, -1.0281167030334473, 0.10378861427307129, 0.046241044998168945, 0.05356454849243164 
539, -1.0281023979187012, 0.10462379455566406, 0.04670834541320801, 0.05393862724304199 
540, -1.0281246900558472, 0.10387325286865234, 0.046086788177490234, 0.05399203300476074 
541, -1.0281485319137573, 0.10283231735229492, 0.04610896110534668, 0.05279040336608887 
542, -1.0281448364257812, 0.10347342491149902, 0.04595756530761719, 0.053711891174316406 
543, -1.0281856060028076, 0.1027369499206543, 0.04572558403015137, 0.05310201644897461 
544, -1.0281862020492554, 0.1027686595916748, 0.045629262924194336, 0.05315876007080078 
545, -1.0281356573104858, 0.1026601791381836, 0.04538321495056152, 0.05344581604003906 
546, -1.028106927871704, 0.1054527759552002, 0.0462651252746582, 0.05504465103149414 
547, -1.028218388557434, 0.1068875789642334, 0.04770374298095703, 0.05472278594970703 
548, -1.0281867980957031, 0.10804200172424316, 0.047327518463134766, 0.056365251541137695 
549, -1.0281867980957031, 0.10699248313903809, 0.048052072525024414, 0.05449509620666504 
550, -1.0282173156738281, 0.1030282974243164, 0.046761512756347656, 0.052545785903930664 
551, -1.0282540321350098, 0.10279607772827148, 0.04505300521850586, 0.05388832092285156 
552, -1.028269648551941, 0.10318207740783691, 0.045578718185424805, 0.05330300331115723 
553, -1.0283052921295166, 0.1030271053314209, 0.04568028450012207, 0.053438425064086914 
554, -1.0283124446868896, 0.10447812080383301, 0.04621577262878418, 0.05412411689758301 
555, -1.0282130241394043, 0.10566043853759766, 0.04710960388183594, 0.054526567459106445 
556, -1.028337836265564, 0.10478901863098145, 0.047144174575805664, 0.0535731315612793 
557, -1.0283308029174805, 0.10269641876220703, 0.04630899429321289, 0.05257725715637207 
558, -1.0283030271530151, 0.10233736038208008, 0.045369863510131836, 0.05304384231567383 
559, -1.028381109237671, 0.10199928283691406, 0.045291900634765625, 0.05277538299560547 
560, -1.0283410549163818, 0.10251665115356445, 0.04566669464111328, 0.053052663803100586 
561, -1.0283385515213013, 0.10371041297912598, 0.04580259323120117, 0.0538787841796875 
562, -1.0283732414245605, 0.10445976257324219, 0.046243906021118164, 0.05425286293029785 
563, -1.028374195098877, 0.10371923446655273, 0.04668784141540527, 0.053138017654418945 
564, -1.0284240245819092, 0.10249686241149902, 0.04509687423706055, 0.053392648696899414 
565, -1.0283877849578857, 0.10212540626525879, 0.04551839828491211, 0.0527188777923584 
566, -1.0283787250518799, 0.10575580596923828, 0.046257972717285156, 0.05520820617675781 
567, -1.02842116355896, 0.10748982429504395, 0.04777932167053223, 0.05522775650024414 
568, -1.0284225940704346, 0.1080620288848877, 0.047779083251953125, 0.055780649185180664 
569, -1.0284144878387451, 0.10724878311157227, 0.04782891273498535, 0.05523681640625 
570, -1.0284441709518433, 0.10272622108459473, 0.04580187797546387, 0.052994728088378906 
571, -1.0285074710845947, 0.10325479507446289, 0.04617190361022949, 0.05321979522705078 
572, -1.028512716293335, 0.10251355171203613, 0.04528093338012695, 0.05328106880187988 
573, -1.0285060405731201, 0.10374665260314941, 0.04540133476257324, 0.05419421195983887 
574, -1.0289099216461182, 0.10560321807861328, 0.04686546325683594, 0.05463385581970215 
575, -1.0295989513397217, 0.10523390769958496, 0.047406911849975586, 0.054021596908569336 
576, -1.030490517616272, 0.10300827026367188, 0.04552769660949707, 0.053441762924194336 
577, -1.031346321105957, 0.10441207885742188, 0.0460050106048584, 0.054473876953125 
578, -1.0322407484054565, 0.10421061515808105, 0.04570484161376953, 0.05445671081542969 
579, -1.0330805778503418, 0.10279369354248047, 0.04534411430358887, 0.053510427474975586 
580, -1.0338367223739624, 0.10299825668334961, 0.04551506042480469, 0.05358457565307617 
581, -1.0344786643981934, 0.10210466384887695, 0.04494190216064453, 0.05321216583251953 
582, -1.0350663661956787, 0.10320639610290527, 0.04554414749145508, 0.05343508720397949 
583, -1.0355191230773926, 0.10264301300048828, 0.04559063911437988, 0.05314993858337402 
584, -1.0359113216400146, 0.10329771041870117, 0.045323848724365234, 0.053824663162231445 
585, -1.0363061428070068, 0.10414981842041016, 0.046387672424316406, 0.053885698318481445 
586, -1.036724328994751, 0.10819768905639648, 0.04708576202392578, 0.05692172050476074 
587, -1.0371413230895996, 0.1065971851348877, 0.046906232833862305, 0.055155038833618164 
588, -1.0375678539276123, 0.1074216365814209, 0.04716014862060547, 0.05610322952270508 
589, -1.0380268096923828, 0.10524845123291016, 0.0460965633392334, 0.055025577545166016 
590, -1.0384572744369507, 0.10674858093261719, 0.0469970703125, 0.055380821228027344 
591, -1.0389485359191895, 0.10352754592895508, 0.045954227447509766, 0.05371832847595215 
592, -1.0394364595413208, 0.10672998428344727, 0.047598838806152344, 0.05509686470031738 
593, -1.0398502349853516, 0.10698103904724121, 0.047603607177734375, 0.05520319938659668 
594, -1.0402870178222656, 0.10386872291564941, 0.047179460525512695, 0.05280494689941406 
595, -1.0407613515853882, 0.10316109657287598, 0.04564380645751953, 0.0535886287689209 
596, -1.0411996841430664, 0.10204482078552246, 0.04533028602600098, 0.05279111862182617 
597, -1.0416032075881958, 0.10286545753479004, 0.04602622985839844, 0.052925825119018555 
598, -1.0419378280639648, 0.10303068161010742, 0.045556068420410156, 0.05363154411315918 
599, -1.0423915386199951, 0.10385680198669434, 0.0454106330871582, 0.05425286293029785 
600, -1.0428242683410645, 0.1045691967010498, 0.04653596878051758, 0.05418682098388672 
601, -1.0432034730911255, 0.1038820743560791, 0.04612326622009277, 0.05386614799499512 
602, -1.0436005592346191, 0.10304880142211914, 0.04569387435913086, 0.053426504135131836 
603, -1.0440130233764648, 0.10337281227111816, 0.04592585563659668, 0.05350971221923828 
604, -1.04441237449646, 0.10227203369140625, 0.04549527168273926, 0.052919864654541016 
605, -1.0448129177093506, 0.10273408889770508, 0.045462608337402344, 0.05331063270568848 
606, -1.0451738834381104, 0.10373473167419434, 0.046120405197143555, 0.05334138870239258 
607, -1.0455553531646729, 0.10651111602783203, 0.04677391052246094, 0.05540800094604492 
608, -1.0459458827972412, 0.10812044143676758, 0.04726696014404297, 0.05627870559692383 
609, -1.046309471130371, 0.1078951358795166, 0.04829096794128418, 0.05551719665527344 
610, -1.0466370582580566, 0.10913872718811035, 0.048865556716918945, 0.05586385726928711 
611, -1.046962022781372, 0.10784673690795898, 0.0479283332824707, 0.05577206611633301 
612, -1.0473021268844604, 0.10347390174865723, 0.04649043083190918, 0.053106069564819336 
613, -1.0476295948028564, 0.10324215888977051, 0.0459291934967041, 0.05337834358215332 
614, -1.0480269193649292, 0.10309648513793945, 0.04580354690551758, 0.05335497856140137 
615, -1.0483098030090332, 0.1034388542175293, 0.04573774337768555, 0.05377554893493652 
616, -1.0486081838607788, 0.10378050804138184, 0.04590797424316406, 0.05397963523864746 
617, -1.0489516258239746, 0.10285615921020508, 0.04578685760498047, 0.05315279960632324 
618, -1.0492923259735107, 0.10330057144165039, 0.045648813247680664, 0.05387425422668457 
619, -1.0497181415557861, 0.1031961441040039, 0.045604705810546875, 0.05368494987487793 
620, -1.050202488899231, 0.10310530662536621, 0.04553389549255371, 0.05368471145629883 
621, -1.0507738590240479, 0.10302186012268066, 0.04558563232421875, 0.053542137145996094 
622, -1.0511913299560547, 0.10365533828735352, 0.046036720275878906, 0.053708791732788086 
623, -1.051807165145874, 0.10410881042480469, 0.046036720275878906, 0.05396437644958496 
624, -1.0524468421936035, 0.1040806770324707, 0.04642128944396973, 0.05387282371520996 
625, -1.053015947341919, 0.10453510284423828, 0.04630279541015625, 0.05386781692504883 
626, -1.053457260131836, 0.102294921875, 0.045217275619506836, 0.05321621894836426 
627, -1.0538830757141113, 0.10503435134887695, 0.04555153846740723, 0.05535101890563965 
628, -1.0543975830078125, 0.10608410835266113, 0.047197580337524414, 0.05475473403930664 
629, -1.0549302101135254, 0.1060936450958252, 0.04780459403991699, 0.05407094955444336 
630, -1.0553302764892578, 0.10774421691894531, 0.0467679500579834, 0.056403160095214844 
631, -1.0557544231414795, 0.10919952392578125, 0.047601938247680664, 0.05719709396362305 
632, -1.0562111139297485, 0.1079099178314209, 0.0471341609954834, 0.05646777153015137 
633, -1.0565009117126465, 0.10874581336975098, 0.049883365631103516, 0.05480766296386719 
634, -1.0569496154785156, 0.10334634780883789, 0.04574990272521973, 0.053711652755737305 
635, -1.057309627532959, 0.10265326499938965, 0.04538130760192871, 0.053383588790893555 
636, -1.0576386451721191, 0.10248517990112305, 0.04549407958984375, 0.05318713188171387 
637, -1.0580517053604126, 0.10343527793884277, 0.045877933502197266, 0.05370473861694336 
638, -1.0585405826568604, 0.10400652885437012, 0.04635906219482422, 0.05372357368469238 
639, -1.0587854385375977, 0.10406613349914551, 0.046098947525024414, 0.0540165901184082 
640, -1.0590837001800537, 0.10418820381164551, 0.0463864803314209, 0.053887128829956055 
641, -1.0594927072525024, 0.10314345359802246, 0.04587697982788086, 0.05344033241271973 
642, -1.0598926544189453, 0.10304760932922363, 0.04602766036987305, 0.05313444137573242 
643, -1.0601928234100342, 0.10260152816772461, 0.04527759552001953, 0.05360150337219238 
644, -1.0606086254119873, 0.10320830345153809, 0.045453786849975586, 0.053685665130615234 
645, -1.0608196258544922, 0.10364794731140137, 0.04571199417114258, 0.0535430908203125 
646, -1.0610921382904053, 0.10723352432250977, 0.047096967697143555, 0.05588841438293457 
647, -1.0614643096923828, 0.10754799842834473, 0.047147512435913086, 0.05630898475646973 
648, -1.0619254112243652, 0.10262823104858398, 0.045702219009399414, 0.05212283134460449 
649, -1.0621750354766846, 0.10341382026672363, 0.04605507850646973, 0.05344986915588379 
650, -1.0624589920043945, 0.10484147071838379, 0.04573178291320801, 0.054944753646850586 
651, -1.0628111362457275, 0.10708975791931152, 0.04766702651977539, 0.05518698692321777 
652, -1.0629527568817139, 0.10895013809204102, 0.047515153884887695, 0.05701041221618652 
653, -1.0632774829864502, 0.10718560218811035, 0.04792308807373047, 0.055108070373535156 
654, -1.0634815692901611, 0.1060788631439209, 0.0467987060546875, 0.0551760196685791 
655, -1.0637283325195312, 0.10432171821594238, 0.04697442054748535, 0.05347847938537598 
656, -1.0640413761138916, 0.1024620532989502, 0.04577946662902832, 0.05274796485900879 
657, -1.0642991065979004, 0.10239338874816895, 0.0452728271484375, 0.053217172622680664 
658, -1.064622163772583, 0.10211753845214844, 0.045203208923339844, 0.052991628646850586 
659, -1.064968228340149, 0.10324668884277344, 0.04589271545410156, 0.0535430908203125 
660, -1.065230369567871, 0.10316014289855957, 0.04572319984436035, 0.05359148979187012 
661, -1.065248727798462, 0.10427308082580566, 0.04596519470214844, 0.05438685417175293 
662, -1.065558910369873, 0.10406804084777832, 0.04593348503112793, 0.05420255661010742 
663, -1.0659148693084717, 0.10587024688720703, 0.047049760818481445, 0.05473923683166504 
664, -1.0660345554351807, 0.10613465309143066, 0.046842336654663086, 0.05485415458679199 
665, -1.066192388534546, 0.10307860374450684, 0.04671311378479004, 0.0524749755859375 
666, -1.0663269758224487, 0.10349464416503906, 0.045302629470825195, 0.054247140884399414 
667, -1.066570520401001, 0.10268712043762207, 0.04519772529602051, 0.053534507751464844 
668, -1.066899061203003, 0.10302948951721191, 0.045435190200805664, 0.05351591110229492 
669, -1.0671782493591309, 0.10338616371154785, 0.04593467712402344, 0.053621768951416016 
670, -1.0673192739486694, 0.10399556159973145, 0.04618692398071289, 0.05389738082885742 
671, -1.0674701929092407, 0.10595965385437012, 0.046259403228759766, 0.05561113357543945 
672, -1.0677053928375244, 0.10653567314147949, 0.04738163948059082, 0.05500173568725586 
673, -1.0678443908691406, 0.10616612434387207, 0.046456098556518555, 0.05555295944213867 
674, -1.0679967403411865, 0.1053323745727539, 0.04707455635070801, 0.054084062576293945 
675, -1.0681307315826416, 0.10573434829711914, 0.04686427116394043, 0.054656267166137695 
676, -1.0683361291885376, 0.1043100357055664, 0.0469822883605957, 0.05343508720397949 
677, -1.0685992240905762, 0.10398483276367188, 0.04651498794555664, 0.053503990173339844 
678, -1.068709135055542, 0.10521626472473145, 0.04624438285827637, 0.054151058197021484 
679, -1.0688687562942505, 0.10716748237609863, 0.04823589324951172, 0.05489945411682129 
680, -1.069045901298523, 0.1061244010925293, 0.04709196090698242, 0.054839372634887695 
681, -1.0691144466400146, 0.10281848907470703, 0.045835256576538086, 0.053082942962646484 
682, -1.0693914890289307, 0.10318541526794434, 0.04566788673400879, 0.05370616912841797 
683, -1.069502592086792, 0.10252189636230469, 0.045381784439086914, 0.05325603485107422 
684, -1.0696377754211426, 0.10393810272216797, 0.0465998649597168, 0.053414344787597656 
685, -1.069753885269165, 0.10304927825927734, 0.045717477798461914, 0.0534360408782959 
686, -1.0699219703674316, 0.10375761985778809, 0.046239614486694336, 0.05367875099182129 
687, -1.0700914859771729, 0.10279059410095215, 0.045395851135253906, 0.05355262756347656 
688, -1.0702508687973022, 0.1030118465423584, 0.0456240177154541, 0.05341053009033203 
689, -1.0703558921813965, 0.10356473922729492, 0.045314788818359375, 0.05387139320373535 
690, -1.0705058574676514, 0.10294771194458008, 0.04547238349914551, 0.053555965423583984 
691, -1.0705883502960205, 0.10614848136901855, 0.046590566635131836, 0.0554049015045166 
692, -1.0707380771636963, 0.10748457908630371, 0.04774284362792969, 0.05556511878967285 
693, -1.0707824230194092, 0.10737919807434082, 0.04693007469177246, 0.05659341812133789 
694, -1.0708835124969482, 0.10254192352294922, 0.04552292823791504, 0.052768707275390625 
695, -1.0710850954055786, 0.10561609268188477, 0.046521663665771484, 0.05490756034851074 
696, -1.071167230606079, 0.1075139045715332, 0.047410011291503906, 0.05562877655029297 
697, -1.0712025165557861, 0.10941791534423828, 0.04958653450012207, 0.05532026290893555 
698, -1.0713196992874146, 0.10642242431640625, 0.04715371131896973, 0.05491805076599121 
699, -1.0715227127075195, 0.10340619087219238, 0.0455479621887207, 0.05379962921142578 
700, -1.0716320276260376, 0.10420870780944824, 0.04658007621765137, 0.053661346435546875 
701, -1.0717071294784546, 0.10408377647399902, 0.04601144790649414, 0.05421638488769531 
702, -1.0717403888702393, 0.10356855392456055, 0.04644441604614258, 0.05321002006530762 
703, -1.071847915649414, 0.10375070571899414, 0.04593396186828613, 0.05388593673706055 
704, -1.0720608234405518, 0.10280537605285645, 0.045685768127441406, 0.053217172622680664 
705, -1.0721755027770996, 0.10296440124511719, 0.04561138153076172, 0.053563594818115234 
706, -1.0721735954284668, 0.10308551788330078, 0.0456995964050293, 0.05348992347717285 
707, -1.0722146034240723, 0.10417771339416504, 0.04598808288574219, 0.05431008338928223 
708, -1.0723810195922852, 0.10413336753845215, 0.046267032623291016, 0.05395174026489258 
709, -1.0724468231201172, 0.1042490005493164, 0.04645991325378418, 0.053827762603759766 
710, -1.0724878311157227, 0.10288691520690918, 0.045777320861816406, 0.053162574768066406 
711, -1.072582483291626, 0.10257411003112793, 0.04552459716796875, 0.053124427795410156 
712, -1.0726048946380615, 0.10407733917236328, 0.045562744140625, 0.0543665885925293 
713, -1.0727763175964355, 0.10779094696044922, 0.04818153381347656, 0.05525350570678711 
714, -1.0727821588516235, 0.10702943801879883, 0.04733705520629883, 0.05535173416137695 
715, -1.0728087425231934, 0.107574462890625, 0.04813241958618164, 0.055379390716552734 
716, -1.0729680061340332, 0.11114692687988281, 0.04752230644226074, 0.059244394302368164 
717, -1.072978138923645, 0.10777497291564941, 0.04741406440734863, 0.05644083023071289 
718, -1.072981834411621, 0.10516643524169922, 0.046707868576049805, 0.05447554588317871 
719, -1.073050618171692, 0.10457372665405273, 0.046530961990356445, 0.05327773094177246 
720, -1.0731397867202759, 0.10331082344055176, 0.045873165130615234, 0.053490400314331055 
721, -1.0732678174972534, 0.1029825210571289, 0.045709848403930664, 0.053502559661865234 
722, -1.0734350681304932, 0.1039590835571289, 0.04556632041931152, 0.0543057918548584 
723, -1.0732626914978027, 0.10579681396484375, 0.0469207763671875, 0.05495405197143555 
724, -1.073223352432251, 0.10417938232421875, 0.04606294631958008, 0.05412149429321289 
725, -1.0733624696731567, 0.10242795944213867, 0.04539895057678223, 0.0530855655670166 
726, -1.0735949277877808, 0.10353302955627441, 0.04589653015136719, 0.05383610725402832 
727, -1.0736217498779297, 0.10268878936767578, 0.045507192611694336, 0.053321123123168945 
728, -1.0735623836517334, 0.10378360748291016, 0.045633792877197266, 0.053737640380859375 
729, -1.0735981464385986, 0.10335850715637207, 0.04589080810546875, 0.05353426933288574 
730, -1.073688268661499, 0.10426831245422363, 0.04644274711608887, 0.053938865661621094 
731, -1.073817491531372, 0.10389351844787598, 0.04616093635559082, 0.053653717041015625 
732, -1.0738716125488281, 0.10662269592285156, 0.04703640937805176, 0.055433034896850586 
733, -1.0739879608154297, 0.10658884048461914, 0.04670977592468262, 0.05536484718322754 
734, -1.0740220546722412, 0.1078188419342041, 0.04811525344848633, 0.05525612831115723 
735, -1.0741046667099, 0.10586404800415039, 0.047490596771240234, 0.05440473556518555 
736, -1.0741033554077148, 0.10546517372131348, 0.046599388122558594, 0.05468106269836426 
737, -1.0741465091705322, 0.10630059242248535, 0.04691123962402344, 0.055130720138549805 
738, -1.0742278099060059, 0.1068732738494873, 0.04729771614074707, 0.05578136444091797 
739, -1.0742990970611572, 0.10361218452453613, 0.04607129096984863, 0.053623199462890625 
740, -1.074344515800476, 0.10338282585144043, 0.045920610427856445, 0.053116559982299805 
741, -1.0743800401687622, 0.10309457778930664, 0.04544878005981445, 0.05372977256774902 
742, -1.0743615627288818, 0.10283660888671875, 0.045442819595336914, 0.05364274978637695 
743, -1.0744602680206299, 0.1029198169708252, 0.04534459114074707, 0.05369877815246582 
744, -1.0745389461517334, 0.10263609886169434, 0.04557490348815918, 0.053052663803100586 
745, -1.0745594501495361, 0.10405492782592773, 0.04588484764099121, 0.0541229248046875 
746, -1.0745537281036377, 0.103729248046875, 0.046089887619018555, 0.05373716354370117 
747, -1.0745742321014404, 0.10421419143676758, 0.04602241516113281, 0.05427360534667969 
748, -1.0746315717697144, 0.10227084159851074, 0.04543924331665039, 0.05291628837585449 
749, -1.0746873617172241, 0.10283613204956055, 0.04573369026184082, 0.05329775810241699 
750, -1.074739933013916, 0.10222697257995605, 0.04533696174621582, 0.05297493934631348 
751, -1.0748095512390137, 0.1030123233795166, 0.045583248138427734, 0.0535578727722168 
752, -1.07478666305542, 0.1062936782836914, 0.045935630798339844, 0.05582833290100098 
753, -1.0747541189193726, 0.11144852638244629, 0.04823446273803711, 0.05859994888305664 
754, -1.0748414993286133, 0.10974812507629395, 0.04819917678833008, 0.05720663070678711 
755, -1.0748515129089355, 0.10720252990722656, 0.04732847213745117, 0.05551338195800781 
756, -1.0749064683914185, 0.1064908504486084, 0.047895193099975586, 0.054492950439453125 
757, -1.0749478340148926, 0.10543346405029297, 0.04747128486633301, 0.05390501022338867 
758, -1.074891448020935, 0.10485625267028809, 0.0471646785736084, 0.053461313247680664 
759, -1.074902057647705, 0.10324740409851074, 0.04580545425415039, 0.05351710319519043 
760, -1.0749950408935547, 0.10335659980773926, 0.04587221145629883, 0.05363631248474121 
761, -1.075089454650879, 0.1041107177734375, 0.04624032974243164, 0.05414628982543945 
762, -1.0751457214355469, 0.1040639877319336, 0.04587674140930176, 0.05423426628112793 
763, -1.0751307010650635, 0.10313057899475098, 0.04604339599609375, 0.05318880081176758 
764, -1.07512366771698, 0.1033182144165039, 0.045525550842285156, 0.05387401580810547 
765, -1.0751560926437378, 0.10282158851623535, 0.04572153091430664, 0.05312490463256836 
766, -1.0752339363098145, 0.10285162925720215, 0.04573941230773926, 0.05321216583251953 
767, -1.0751829147338867, 0.1033790111541748, 0.046133995056152344, 0.05332493782043457 
768, -1.0752149820327759, 0.10355210304260254, 0.0458221435546875, 0.05344510078430176 
769, -1.075281023979187, 0.10467243194580078, 0.046544790267944336, 0.05419182777404785 
770, -1.0753064155578613, 0.10411310195922852, 0.04628157615661621, 0.05397343635559082 
771, -1.0752805471420288, 0.10493159294128418, 0.04646110534667969, 0.0542755126953125 
772, -1.0753211975097656, 0.10602331161499023, 0.04708147048950195, 0.05475115776062012 
773, -1.0752631425857544, 0.10448932647705078, 0.04708504676818848, 0.05357718467712402 
774, -1.075365662574768, 0.10380887985229492, 0.04595017433166504, 0.053380489349365234 
775, -1.075446367263794, 0.10872983932495117, 0.04818844795227051, 0.05592060089111328 
776, -1.0753337144851685, 0.1090703010559082, 0.04781794548034668, 0.056890010833740234 
777, -1.0753494501113892, 0.10735559463500977, 0.047371625900268555, 0.055838584899902344 
778, -1.075502634048462, 0.10709238052368164, 0.04912304878234863, 0.053772687911987305 
779, -1.075547218322754, 0.10241031646728516, 0.04518699645996094, 0.053301095962524414 
780, -1.0755207538604736, 0.10284996032714844, 0.04592561721801758, 0.05300545692443848 
781, -1.0754969120025635, 0.10288023948669434, 0.04606223106384277, 0.05293917655944824 
782, -1.0755958557128906, 0.10291576385498047, 0.04581189155578613, 0.05297136306762695 
783, -1.0756027698516846, 0.10334038734436035, 0.04583477973937988, 0.05359482765197754 
784, -1.075559139251709, 0.10481500625610352, 0.0462799072265625, 0.05473947525024414 
785, -1.0755788087844849, 0.10422897338867188, 0.04629349708557129, 0.0540468692779541 
786, -1.0756659507751465, 0.1038675308227539, 0.046048641204833984, 0.05401420593261719 
787, -1.0756843090057373, 0.1033778190612793, 0.04583024978637695, 0.05365705490112305 
788, -1.0757014751434326, 0.10458827018737793, 0.046167612075805664, 0.05421948432922363 
789, -1.0756971836090088, 0.10633087158203125, 0.04704642295837402, 0.05480217933654785 
790, -1.0757198333740234, 0.107391357421875, 0.04728579521179199, 0.05504727363586426 
791, -1.0757572650909424, 0.10406637191772461, 0.04561924934387207, 0.05445361137390137 
792, -1.0757274627685547, 0.10450530052185059, 0.046024322509765625, 0.05448198318481445 
793, -1.0758366584777832, 0.10409164428710938, 0.046312570571899414, 0.05390596389770508 
794, -1.0757406949996948, 0.10265564918518066, 0.045516014099121094, 0.05321359634399414 
795, -1.0757739543914795, 0.10700392723083496, 0.04714345932006836, 0.055283308029174805 
796, -1.0758311748504639, 0.11144280433654785, 0.04807686805725098, 0.056009531021118164 
797, -1.0758082866668701, 0.10956931114196777, 0.0483241081237793, 0.05669713020324707 
798, -1.0758382081985474, 0.1083078384399414, 0.04783749580383301, 0.05461931228637695 
799, -1.0759068727493286, 0.10427403450012207, 0.04660367965698242, 0.05373096466064453 
800, -1.0759283304214478, 0.10407757759094238, 0.04619717597961426, 0.05398702621459961 
801, -1.0758581161499023, 0.10413336753845215, 0.04660320281982422, 0.05361676216125488 
802, -1.0758371353149414, 0.12132978439331055, 0.06358480453491211, 0.05383634567260742 
803, -1.0759062767028809, 0.10288596153259277, 0.04569864273071289, 0.05321693420410156 
804, -1.0759122371673584, 0.10441160202026367, 0.04730582237243652, 0.05309557914733887 
805, -1.0759446620941162, 0.10496926307678223, 0.04620218276977539, 0.05454230308532715 
806, -1.075986385345459, 0.10715293884277344, 0.04758000373840332, 0.055394649505615234 
807, -1.0758724212646484, 0.10747838020324707, 0.04814434051513672, 0.055417537689208984 
808, -1.0758576393127441, 0.10346865653991699, 0.04585623741149902, 0.05386018753051758 
809, -1.0760350227355957, 0.10335183143615723, 0.046100616455078125, 0.05342745780944824 
810, -1.0760037899017334, 0.10287189483642578, 0.04578566551208496, 0.05315709114074707 
811, -1.0759018659591675, 0.10284090042114258, 0.045627593994140625, 0.05324864387512207 
812, -1.0758836269378662, 0.10376286506652832, 0.04595232009887695, 0.053939104080200195 
813, -1.0759108066558838, 0.10334348678588867, 0.04552769660949707, 0.05385851860046387 
814, -1.0759844779968262, 0.10471010208129883, 0.04641532897949219, 0.05454277992248535 
815, -1.0760576725006104, 0.10605597496032715, 0.04667472839355469, 0.05502438545227051 
816, -1.0760570764541626, 0.10881924629211426, 0.04793095588684082, 0.05641818046569824 
817, -1.0760068893432617, 0.11028838157653809, 0.04883861541748047, 0.0569767951965332 
818, -1.0761178731918335, 0.10637593269348145, 0.04724240303039551, 0.05519604682922363 
819, -1.0761127471923828, 0.10486149787902832, 0.04666423797607422, 0.05447864532470703 
820, -1.0761582851409912, 0.10245299339294434, 0.04551386833190918, 0.0530858039855957 
821, -1.0760691165924072, 0.10444140434265137, 0.04570341110229492, 0.05437898635864258 
822, -1.0761308670043945, 0.10454607009887695, 0.046605825424194336, 0.05403780937194824 
823, -1.076097011566162, 0.10657286643981934, 0.04797506332397461, 0.05449819564819336 
824, -1.07609224319458, 0.10595154762268066, 0.04736518859863281, 0.05453062057495117 
825, -1.076000452041626, 0.10454750061035156, 0.0470883846282959, 0.053519487380981445 
826, -1.076082706451416, 0.10330319404602051, 0.0457918643951416, 0.05324983596801758 
827, -1.0761542320251465, 0.11217355728149414, 0.05076932907104492, 0.05734682083129883 
828, -1.0762534141540527, 0.10367441177368164, 0.0458836555480957, 0.053992509841918945 
829, -1.0760879516601562, 0.10401606559753418, 0.04639148712158203, 0.05369138717651367 
830, -1.0760753154754639, 0.10412096977233887, 0.04624462127685547, 0.05396103858947754 
831, -1.0762046575546265, 0.10286712646484375, 0.04560732841491699, 0.053412675857543945 
832, -1.0762150287628174, 0.10404849052429199, 0.04633355140686035, 0.05381321907043457 
833, -1.0761724710464478, 0.10350394248962402, 0.045747995376586914, 0.05387377738952637 
834, -1.0761983394622803, 0.10328125953674316, 0.04572153091430664, 0.0535888671875 
835, -1.0761568546295166, 0.10290646553039551, 0.04583883285522461, 0.05328106880187988 
836, -1.0761679410934448, 0.14719700813293457, 0.04705500602722168, 0.07105517387390137 
837, -1.076248288154602, 0.11945033073425293, 0.05871748924255371, 0.05672478675842285 
838, -1.0762370824813843, 0.10835409164428711, 0.04938173294067383, 0.054840087890625 
839, -1.076303243637085, 0.10733366012573242, 0.04734373092651367, 0.05596041679382324 
840, -1.0763802528381348, 0.10792088508605957, 0.04706168174743652, 0.056860923767089844 
841, -1.076359748840332, 0.10579991340637207, 0.046826839447021484, 0.05475807189941406 
842, -1.0763893127441406, 0.10526919364929199, 0.04734516143798828, 0.054193735122680664 
843, -1.0763254165649414, 0.10428929328918457, 0.04635787010192871, 0.05400419235229492 
844, -1.0763834714889526, 0.10399389266967773, 0.04630255699157715, 0.053820133209228516 
845, -1.0763509273529053, 0.11141562461853027, 0.04571175575256348, 0.06047224998474121 
846, -1.076277256011963, 0.11366796493530273, 0.056337594985961914, 0.05329728126525879 
847, -1.0762732028961182, 0.10325860977172852, 0.04570794105529785, 0.05375838279724121 
848, -1.076314926147461, 0.10272502899169922, 0.04575777053833008, 0.05315828323364258 
849, -1.076353907585144, 0.10263490676879883, 0.04564213752746582, 0.053339242935180664 
850, -1.0764259099960327, 0.1038811206817627, 0.04626727104187012, 0.05372738838195801 
851, -1.0762146711349487, 0.10446786880493164, 0.046573638916015625, 0.05401754379272461 
852, -1.076230525970459, 0.10315942764282227, 0.04615521430969238, 0.05317234992980957 
853, -1.076318383216858, 0.10352301597595215, 0.04595184326171875, 0.05369925498962402 
854, -1.0763221979141235, 0.10220766067504883, 0.04527473449707031, 0.053206443786621094 
855, -1.0762758255004883, 0.11551690101623535, 0.05647087097167969, 0.05516338348388672 
856, -1.076263427734375, 0.1067807674407959, 0.04735970497131348, 0.05532670021057129 
857, -1.076249599456787, 0.10689306259155273, 0.047432661056518555, 0.05515718460083008 
858, -1.076263427734375, 0.10734391212463379, 0.047861337661743164, 0.05534482002258301 
859, -1.0763741731643677, 0.1105649471282959, 0.0485682487487793, 0.05777883529663086 
860, -1.076424241065979, 0.10985827445983887, 0.04871678352355957, 0.05717206001281738 
861, -1.07633638381958, 0.10304427146911621, 0.04574728012084961, 0.05353879928588867 
862, -1.0763568878173828, 0.10344958305358887, 0.04580259323120117, 0.0537109375 
863, -1.0763802528381348, 0.10342550277709961, 0.04562687873840332, 0.05405569076538086 
864, -1.0764477252960205, 0.12963008880615234, 0.04563546180725098, 0.0689091682434082 
865, -1.0764893293380737, 0.10527253150939941, 0.047454833984375, 0.05398416519165039 
866, -1.0764379501342773, 0.10317492485046387, 0.04600858688354492, 0.053147077560424805 
867, -1.0764992237091064, 0.10322976112365723, 0.04593610763549805, 0.05345749855041504 
868, -1.0764727592468262, 0.10325980186462402, 0.04562020301818848, 0.053785085678100586 
869, -1.0763840675354004, 0.10292530059814453, 0.04569411277770996, 0.0533900260925293 
870, -1.0764055252075195, 0.10334897041320801, 0.045743703842163086, 0.05382680892944336 
871, -1.0764762163162231, 0.10263776779174805, 0.045781612396240234, 0.05286741256713867 
872, -1.0765331983566284, 0.10470795631408691, 0.0466465950012207, 0.05418109893798828 
873, -1.0763919353485107, 0.10774350166320801, 0.04591822624206543, 0.0562288761138916 
874, -1.076390027999878, 0.10752987861633301, 0.050432443618774414, 0.05319571495056152 
875, -1.0764548778533936, 0.10395574569702148, 0.046108245849609375, 0.054067134857177734 
876, -1.0764013528823853, 0.1061546802520752, 0.04573798179626465, 0.05553722381591797 
877, -1.0763709545135498, 0.11016082763671875, 0.0491032600402832, 0.05654430389404297 
878, -1.0763661861419678, 0.10940241813659668, 0.04869508743286133, 0.0564115047454834 
879, -1.0763994455337524, 0.11040019989013672, 0.0476834774017334, 0.058396339416503906 
880, -1.0764164924621582, 0.10660791397094727, 0.04714632034301758, 0.055383920669555664 
881, -1.0765044689178467, 0.10377383232116699, 0.046556711196899414, 0.05334162712097168 
882, -1.076600432395935, 0.1036686897277832, 0.04593944549560547, 0.05387544631958008 
883, -1.0764023065567017, 0.10311055183410645, 0.045586585998535156, 0.05359768867492676 
884, -1.0763075351715088, 0.10299062728881836, 0.045603275299072266, 0.05353283882141113 
885, -1.0764342546463013, 0.10353755950927734, 0.04591536521911621, 0.053817033767700195 
886, -1.0765550136566162, 0.1049048900604248, 0.0464022159576416, 0.05460023880004883 
887, -1.0764760971069336, 0.10460257530212402, 0.04612255096435547, 0.0544581413269043 
888, -1.0765084028244019, 0.10328292846679688, 0.046415090560913086, 0.05301332473754883 
889, -1.0765010118484497, 0.10320210456848145, 0.045685529708862305, 0.05372428894042969 
890, -1.0765376091003418, 0.10279464721679688, 0.0456242561340332, 0.05333399772644043 
891, -1.0765278339385986, 0.1035456657409668, 0.04548501968383789, 0.054204463958740234 
892, -1.076601266860962, 0.10338640213012695, 0.045638084411621094, 0.05390596389770508 
893, -1.0765137672424316, 0.10415339469909668, 0.046157121658325195, 0.05395674705505371 
894, -1.076470136642456, 0.10482001304626465, 0.04645109176635742, 0.05422520637512207 
895, -1.0764490365982056, 0.10624837875366211, 0.047444820404052734, 0.05475044250488281 
896, -1.0764610767364502, 0.10598611831665039, 0.04668760299682617, 0.05512666702270508 
897, -1.0765408277511597, 0.1028602123260498, 0.046694040298461914, 0.05238699913024902 
898, -1.076514482498169, 0.1075582504272461, 0.047354698181152344, 0.05573749542236328 
899, -1.076498031616211, 0.10875082015991211, 0.048255205154418945, 0.0561680793762207 
900, -1.076629877090454, 0.11044454574584961, 0.04854774475097656, 0.0573725700378418 
901, -1.07661771774292, 0.10626935958862305, 0.047577857971191406, 0.054668426513671875 
902, -1.0766072273254395, 0.10348773002624512, 0.04613971710205078, 0.05354142189025879 
903, -1.0766229629516602, 0.10320019721984863, 0.04570198059082031, 0.05359935760498047 
904, -1.076621413230896, 0.10298991203308105, 0.045740604400634766, 0.053395748138427734 
905, -1.076664686203003, 0.10266733169555664, 0.04559135437011719, 0.05321812629699707 
906, -1.0766514539718628, 0.10240411758422852, 0.04565572738647461, 0.052941322326660156 
907, -1.0765712261199951, 0.10360550880432129, 0.04618954658508301, 0.05356097221374512 
908, -1.0766561031341553, 0.1039731502532959, 0.046193599700927734, 0.05390191078186035 
909, -1.0766324996948242, 0.10372471809387207, 0.04606199264526367, 0.053696632385253906 
910, -1.0765881538391113, 0.10319185256958008, 0.045603275299072266, 0.053725481033325195 
911, -1.076566457748413, 0.10299062728881836, 0.045833587646484375, 0.053287506103515625 
912, -1.0765801668167114, 0.10364437103271484, 0.04557180404663086, 0.053881168365478516 
913, -1.0766332149505615, 0.1061255931854248, 0.04730868339538574, 0.05480480194091797 
914, -1.076674461364746, 0.10690522193908691, 0.047835350036621094, 0.0549166202545166 
915, -1.0765085220336914, 0.10404443740844727, 0.0461421012878418, 0.05377054214477539 
916, -1.0764756202697754, 0.10420870780944824, 0.04623889923095703, 0.05414867401123047 
917, -1.0766420364379883, 0.10348296165466309, 0.04597902297973633, 0.0537106990814209 
918, -1.0765464305877686, 0.10390710830688477, 0.04557085037231445, 0.054268836975097656 
919, -1.0764884948730469, 0.10560464859008789, 0.04708123207092285, 0.054473876953125 
920, -1.0764431953430176, 0.10717916488647461, 0.047254085540771484, 0.05566716194152832 
921, -1.076483964920044, 0.10792803764343262, 0.04829120635986328, 0.055571794509887695 
922, -1.076529860496521, 0.10660409927368164, 0.046689510345458984, 0.05571579933166504 
923, -1.076559066772461, 0.10436177253723145, 0.04685091972351074, 0.05357813835144043 
924, -1.0765469074249268, 0.1034703254699707, 0.04594063758850098, 0.053685903549194336 
925, -1.0765321254730225, 0.10308074951171875, 0.04535651206970215, 0.05390739440917969 
926, -1.0766313076019287, 0.1022942066192627, 0.04526400566101074, 0.05324411392211914 
927, -1.0766277313232422, 0.1021430492401123, 0.04529118537902832, 0.05304265022277832 
928, -1.0766223669052124, 0.1028280258178711, 0.04589653015136719, 0.053081512451171875 
929, -1.0766615867614746, 0.10318493843078613, 0.04578256607055664, 0.05348086357116699 
930, -1.0766440629959106, 0.10382270812988281, 0.04611492156982422, 0.05387425422668457 
931, -1.0766541957855225, 0.10578703880310059, 0.04636383056640625, 0.0552363395690918 
932, -1.0766104459762573, 0.10562705993652344, 0.046793460845947266, 0.05470776557922363 
933, -1.0765711069107056, 0.1043999195098877, 0.04738736152648926, 0.05332446098327637 
934, -1.0765554904937744, 0.10274958610534668, 0.04552435874938965, 0.05334162712097168 
935, -1.0766000747680664, 0.10358667373657227, 0.04625201225280762, 0.05338120460510254 
936, -1.0766912698745728, 0.10313725471496582, 0.045555830001831055, 0.05314207077026367 
937, -1.07662034034729, 0.10413002967834473, 0.04630136489868164, 0.05395174026489258 
938, -1.0765998363494873, 0.10382246971130371, 0.045973777770996094, 0.05407595634460449 
939, -1.0767362117767334, 0.10536599159240723, 0.04643964767456055, 0.05488276481628418 
940, -1.076677680015564, 0.10639476776123047, 0.0471956729888916, 0.05496573448181152 
941, -1.0766938924789429, 0.10657811164855957, 0.047270774841308594, 0.055299997329711914 
942, -1.0767474174499512, 0.10549497604370117, 0.04705476760864258, 0.05439305305480957 
943, -1.0766351222991943, 0.10642886161804199, 0.04710984230041504, 0.05511188507080078 
944, -1.0767056941986084, 0.10548138618469238, 0.047590017318725586, 0.05399775505065918 
945, -1.0766832828521729, 0.10408997535705566, 0.04607343673706055, 0.054140567779541016 
946, -1.076586365699768, 0.10278701782226562, 0.04561734199523926, 0.053328752517700195 
947, -1.076639175415039, 0.10259675979614258, 0.04564714431762695, 0.05314326286315918 
948, -1.0766624212265015, 0.10185599327087402, 0.0453948974609375, 0.05261683464050293 
949, -1.0767186880111694, 0.10294866561889648, 0.04598283767700195, 0.05315995216369629 
950, -1.0766868591308594, 0.10593414306640625, 0.046198129653930664, 0.055410146713256836 
951, -1.0766888856887817, 0.10728979110717773, 0.0473780632019043, 0.05574536323547363 
952, -1.076742172241211, 0.10560750961303711, 0.047560930252075195, 0.05426764488220215 
953, -1.0766876935958862, 0.10300207138061523, 0.04600715637207031, 0.0531461238861084 
954, -1.0767264366149902, 0.10300564765930176, 0.0456850528717041, 0.05351448059082031 
955, -1.0767709016799927, 0.10230803489685059, 0.045624494552612305, 0.05283761024475098 
956, -1.0766774415969849, 0.10299897193908691, 0.04584813117980957, 0.05328941345214844 
957, -1.0767474174499512, 0.10338926315307617, 0.045562028884887695, 0.05352473258972168 
958, -1.0767292976379395, 0.10628128051757812, 0.04689526557922363, 0.055297136306762695 
959, -1.0766196250915527, 0.105865478515625, 0.047083139419555664, 0.054537296295166016 
960, -1.0766329765319824, 0.1064910888671875, 0.04818296432495117, 0.054230451583862305 
961, -1.0766403675079346, 0.10616922378540039, 0.046729326248168945, 0.05527925491333008 
962, -1.076723575592041, 0.10528421401977539, 0.04696059226989746, 0.05417203903198242 
963, -1.0767968893051147, 0.10437536239624023, 0.04729723930358887, 0.05328536033630371 
964, -1.0765705108642578, 0.10334157943725586, 0.045822858810424805, 0.05368757247924805 
965, -1.076549768447876, 0.10376954078674316, 0.046070098876953125, 0.05373811721801758 
966, -1.0766551494598389, 0.10372376441955566, 0.04605221748352051, 0.05388140678405762 
967, -1.0767199993133545, 0.10300230979919434, 0.04610848426818848, 0.05307483673095703 
968, -1.076653242111206, 0.10363960266113281, 0.04568004608154297, 0.05390739440917969 
969, -1.0766299962997437, 0.1052403450012207, 0.04695010185241699, 0.0543062686920166 
970, -1.0766061544418335, 0.10553264617919922, 0.046912193298339844, 0.05471348762512207 
971, -1.0766468048095703, 0.102264404296875, 0.04541635513305664, 0.05302095413208008 
972, -1.0767383575439453, 0.10271930694580078, 0.04588007926940918, 0.05305314064025879 
973, -1.076817512512207, 0.1039731502532959, 0.04617047309875488, 0.05404353141784668 
974, -1.0765902996063232, 0.10417914390563965, 0.046239376068115234, 0.054190874099731445 
975, -1.0765483379364014, 0.10297203063964844, 0.04559445381164551, 0.05359363555908203 
976, -1.0766677856445312, 0.10325932502746582, 0.045979976654052734, 0.053382158279418945 
977, -1.0767779350280762, 0.10261416435241699, 0.045931100845336914, 0.0528874397277832 
978, -1.0767109394073486, 0.10522603988647461, 0.04648995399475098, 0.05459022521972656 
979, -1.0767037868499756, 0.10841798782348633, 0.048065185546875, 0.05609440803527832 
980, -1.076657772064209, 0.10859847068786621, 0.04797792434692383, 0.0561823844909668 
981, -1.0766932964324951, 0.10766267776489258, 0.04842519760131836, 0.05513334274291992 
982, -1.0767731666564941, 0.10365772247314453, 0.04678797721862793, 0.0531611442565918 
983, -1.0767061710357666, 0.10293269157409668, 0.045833587646484375, 0.05334615707397461 
984, -1.0766713619232178, 0.10322189331054688, 0.04619646072387695, 0.0531926155090332 
985, -1.076743721961975, 0.10295367240905762, 0.045732975006103516, 0.05321097373962402 
986, -1.0767204761505127, 0.10355782508850098, 0.046414852142333984, 0.05305886268615723 
987, -1.0767629146575928, 0.10608339309692383, 0.046767473220825195, 0.055132389068603516 
988, -1.0768218040466309, 0.10738801956176758, 0.04792523384094238, 0.05537748336791992 
989, -1.0767898559570312, 0.10316967964172363, 0.04631948471069336, 0.05305743217468262 
990, -1.076758861541748, 0.10328292846679688, 0.046016693115234375, 0.05342555046081543 
991, -1.0767728090286255, 0.10326671600341797, 0.04599595069885254, 0.05340099334716797 
992, -1.0767505168914795, 0.10285401344299316, 0.04571890830993652, 0.05331301689147949 
993, -1.076780080795288, 0.10272789001464844, 0.045778751373291016, 0.0530858039855957 
994, -1.0767754316329956, 0.10447835922241211, 0.045827627182006836, 0.05465126037597656 
995, -1.0767782926559448, 0.1044614315032959, 0.046494245529174805, 0.05405592918395996 
996, -1.076643466949463, 0.10427713394165039, 0.04641580581665039, 0.05415201187133789 
997, -1.076709270477295, 0.10331058502197266, 0.04530978202819824, 0.0538330078125 
998, -1.0767700672149658, 0.10628914833068848, 0.047675132751464844, 0.05450773239135742 
999, -1.0767161846160889, 0.10756874084472656, 0.04723954200744629, 0.05564284324645996 
