Iteration, loss, time 
0, 1.4121493101119995, 0.15606212615966797, 0.09598755836486816, 0.05357623100280762 
1, 1.3678112030029297, 0.10492444038391113, 0.04807162284851074, 0.05231475830078125 
2, 1.3243517875671387, 0.10607361793518066, 0.048384666442871094, 0.05299043655395508 
3, 1.2818164825439453, 0.10324740409851074, 0.04725146293640137, 0.051206350326538086 
4, 1.2402434349060059, 0.10233831405639648, 0.047145843505859375, 0.05095624923706055 
5, 1.1996726989746094, 0.10445499420166016, 0.047659873962402344, 0.05281710624694824 
6, 1.160134196281433, 0.10101628303527832, 0.04693150520324707, 0.050525665283203125 
7, 1.1216580867767334, 0.1002950668334961, 0.04602527618408203, 0.050458669662475586 
8, 1.0842750072479248, 0.09971165657043457, 0.0464475154876709, 0.04986119270324707 
9, 1.0480023622512817, 0.0993967056274414, 0.04531455039978027, 0.050394296646118164 
10, 1.0128602981567383, 0.09982943534851074, 0.04615497589111328, 0.05010056495666504 
11, 0.9788607358932495, 0.09929847717285156, 0.04587221145629883, 0.049834251403808594 
12, 0.9460150599479675, 0.09988880157470703, 0.04543638229370117, 0.050435781478881836 
13, 0.9143244624137878, 0.10254406929016113, 0.046884775161743164, 0.05174899101257324 
14, 0.8837928771972656, 0.10141563415527344, 0.04714083671569824, 0.05053067207336426 
15, 0.8544144034385681, 0.09942984580993652, 0.04633450508117676, 0.049710988998413086 
16, 0.8261845111846924, 0.10123157501220703, 0.0462954044342041, 0.05074000358581543 
17, 0.7990896701812744, 0.10200333595275879, 0.046965599060058594, 0.050833702087402344 
18, 0.7731141448020935, 0.1010751724243164, 0.04666304588317871, 0.050371646881103516 
19, 0.7482438087463379, 0.09966349601745605, 0.045722246170043945, 0.05018806457519531 
20, 0.7244548797607422, 0.0986640453338623, 0.046173810958862305, 0.0490415096282959 
21, 0.7017253041267395, 0.09892129898071289, 0.04540061950683594, 0.05004119873046875 
22, 0.6800293922424316, 0.0991361141204834, 0.04576683044433594, 0.04971575736999512 
23, 0.6593379378318787, 0.10016751289367676, 0.046224117279052734, 0.05042409896850586 
24, 0.6396244764328003, 0.10033607482910156, 0.04641222953796387, 0.050171613693237305 
25, 0.6208547353744507, 0.1006155014038086, 0.04627561569213867, 0.05060172080993652 
26, 0.6029995679855347, 0.10023331642150879, 0.04610490798950195, 0.05026054382324219 
27, 0.5860255360603333, 0.10190796852111816, 0.04673480987548828, 0.05101323127746582 
28, 0.5698992013931274, 0.09988832473754883, 0.046149492263793945, 0.05013275146484375 
29, 0.5545876026153564, 0.09862232208251953, 0.04518866539001465, 0.049840688705444336 
30, 0.5400568246841431, 0.10046148300170898, 0.04587602615356445, 0.05071854591369629 
31, 0.5262733101844788, 0.1021428108215332, 0.046825408935546875, 0.05078601837158203 
32, 0.5132036805152893, 0.10073328018188477, 0.04614830017089844, 0.05097198486328125 
33, 0.5008159875869751, 0.10134434700012207, 0.04606914520263672, 0.05107522010803223 
34, 0.48907747864723206, 0.1009221076965332, 0.04724884033203125, 0.05013585090637207 
35, 0.47795718908309937, 0.09963774681091309, 0.04608464241027832, 0.050140380859375 
36, 0.46742498874664307, 0.09868431091308594, 0.04521918296813965, 0.05013728141784668 
37, 0.45745009183883667, 0.09890103340148926, 0.04587984085083008, 0.04952430725097656 
38, 0.44800472259521484, 0.09956073760986328, 0.04627180099487305, 0.04955554008483887 
39, 0.43906038999557495, 0.10131978988647461, 0.04683232307434082, 0.05095791816711426 
40, 0.4305917024612427, 0.10056686401367188, 0.04641985893249512, 0.05039024353027344 
41, 0.42257168889045715, 0.10310912132263184, 0.048255205154418945, 0.050785064697265625 
42, 0.41497671604156494, 0.10289740562438965, 0.04749274253845215, 0.051355838775634766 
43, 0.4077832102775574, 0.10030364990234375, 0.04681968688964844, 0.04967832565307617 
44, 0.4009685516357422, 0.10064816474914551, 0.04645419120788574, 0.05045938491821289 
45, 0.39451178908348083, 0.1010441780090332, 0.04622364044189453, 0.0507352352142334 
46, 0.3875555396080017, 0.1059272289276123, 0.047562599182128906, 0.054026126861572266 
47, 0.38032791018486023, 0.10543274879455566, 0.04768109321594238, 0.053510189056396484 
48, 0.3734838366508484, 0.10479521751403809, 0.04692816734313965, 0.05362248420715332 
49, 0.3670005798339844, 0.10584568977355957, 0.04764246940612793, 0.053815603256225586 
50, 0.3608587384223938, 0.10366582870483398, 0.046437740325927734, 0.05312609672546387 
51, 0.35503727197647095, 0.10278558731079102, 0.04636740684509277, 0.05268597602844238 
52, 0.3480231463909149, 0.10336995124816895, 0.04641318321228027, 0.053209543228149414 
53, 0.34074193239212036, 0.1045222282409668, 0.0468440055847168, 0.05372977256774902 
54, 0.33380231261253357, 0.1045682430267334, 0.04745078086853027, 0.05327653884887695 
55, 0.3271866738796234, 0.1052548885345459, 0.04740738868713379, 0.05395102500915527 
56, 0.32087767124176025, 0.10400247573852539, 0.04648900032043457, 0.053385019302368164 
57, 0.31485891342163086, 0.10385417938232422, 0.04730391502380371, 0.052652597427368164 
58, 0.309114545583725, 0.1026756763458252, 0.04639387130737305, 0.05260968208312988 
59, 0.3036302328109741, 0.10228538513183594, 0.04605460166931152, 0.05218338966369629 
60, 0.2983919084072113, 0.10389828681945801, 0.04662632942199707, 0.0532991886138916 
61, 0.2933869957923889, 0.10534477233886719, 0.047025203704833984, 0.054062843322753906 
62, 0.2886028289794922, 0.1049795150756836, 0.04715299606323242, 0.05379033088684082 
63, 0.28402793407440186, 0.10333561897277832, 0.04684591293334961, 0.05278301239013672 
64, 0.2796511948108673, 0.10286688804626465, 0.04687976837158203, 0.05240678787231445 
65, 0.2754622995853424, 0.10248112678527832, 0.046434879302978516, 0.05249834060668945 
66, 0.27145153284072876, 0.10160613059997559, 0.045973777770996094, 0.05181431770324707 
67, 0.26702386140823364, 0.10220694541931152, 0.046016693115234375, 0.05275082588195801 
68, 0.261902391910553, 0.10169839859008789, 0.04621529579162598, 0.0520329475402832 
69, 0.25709420442581177, 0.1025991439819336, 0.04557156562805176, 0.053156375885009766 
70, 0.25254935026168823, 0.1041865348815918, 0.04710531234741211, 0.05308175086975098 
71, 0.248185396194458, 0.10597777366638184, 0.04766654968261719, 0.05442523956298828 
72, 0.24399304389953613, 0.10317754745483398, 0.04635119438171387, 0.05308866500854492 
73, 0.23996376991271973, 0.10399365425109863, 0.046622276306152344, 0.05318951606750488 
74, 0.2360895574092865, 0.10454654693603516, 0.04658365249633789, 0.05376553535461426 
75, 0.2323625683784485, 0.10326504707336426, 0.04686880111694336, 0.0526125431060791 
76, 0.2287759631872177, 0.10314297676086426, 0.046347856521606445, 0.05303192138671875 
77, 0.22540351748466492, 0.10296320915222168, 0.04614686965942383, 0.05327725410461426 
78, 0.222406268119812, 0.10192084312438965, 0.046257734298706055, 0.052086830139160156 
79, 0.21951481699943542, 0.10164380073547363, 0.04538583755493164, 0.05263257026672363 
80, 0.21697570383548737, 0.10241127014160156, 0.04595541954040527, 0.05279040336608887 
81, 0.2147316038608551, 0.10320043563842773, 0.046125173568725586, 0.05309772491455078 
82, 0.2125689834356308, 0.10332584381103516, 0.046121835708618164, 0.0534970760345459 
83, 0.21048423647880554, 0.10098981857299805, 0.045331478118896484, 0.05225014686584473 
84, 0.20847366750240326, 0.10321044921875, 0.04604625701904297, 0.05349612236022949 
85, 0.20653420686721802, 0.10459113121032715, 0.046869754791259766, 0.05394268035888672 
86, 0.20428918302059174, 0.10306859016418457, 0.045647621154785156, 0.05380821228027344 
87, 0.20179647207260132, 0.10569596290588379, 0.0467524528503418, 0.05496358871459961 
88, 0.1993781477212906, 0.1052103042602539, 0.046860456466674805, 0.054251909255981445 
89, 0.19703124463558197, 0.10494709014892578, 0.0471348762512207, 0.05390357971191406 
90, 0.1947530061006546, 0.10474085807800293, 0.04632306098937988, 0.054709672927856445 
91, 0.1926041841506958, 0.10294461250305176, 0.04602670669555664, 0.05329632759094238 
92, 0.19089540839195251, 0.10315537452697754, 0.04646730422973633, 0.05301094055175781 
93, 0.18923601508140564, 0.10329055786132812, 0.045845746994018555, 0.05378913879394531 
94, 0.18760129809379578, 0.10344982147216797, 0.045972585678100586, 0.05377840995788574 
95, 0.1858099400997162, 0.10536575317382812, 0.04677295684814453, 0.05495738983154297 
96, 0.1837942898273468, 0.10442876815795898, 0.04645490646362305, 0.05418539047241211 
97, 0.18183633685112, 0.10417890548706055, 0.04614830017089844, 0.054070472717285156 
98, 0.1799338459968567, 0.10541057586669922, 0.046539306640625, 0.05516862869262695 
99, 0.17808520793914795, 0.1056220531463623, 0.04683041572570801, 0.054947614669799805 
100, 0.17628836631774902, 0.1048882007598877, 0.04696512222290039, 0.05427193641662598 
101, 0.17454203963279724, 0.10475349426269531, 0.04613041877746582, 0.054892778396606445 
102, 0.17284482717514038, 0.10570955276489258, 0.04652738571166992, 0.05506181716918945 
103, 0.17118887603282928, 0.10644316673278809, 0.04725956916809082, 0.055100440979003906 
104, 0.16957664489746094, 0.10760617256164551, 0.04910111427307129, 0.05427718162536621 
105, 0.16800105571746826, 0.10848212242126465, 0.04909968376159668, 0.05531454086303711 
106, 0.16646912693977356, 0.10575270652770996, 0.04782700538635254, 0.05440545082092285 
107, 0.16498008370399475, 0.10545659065246582, 0.04823875427246094, 0.05365133285522461 
108, 0.16353245079517365, 0.10562992095947266, 0.04787445068359375, 0.05410027503967285 
109, 0.1621253490447998, 0.10850071907043457, 0.048735618591308594, 0.05586099624633789 
110, 0.16075792908668518, 0.10956883430480957, 0.05000638961791992, 0.055706024169921875 
111, 0.1594286561012268, 0.10741066932678223, 0.04895973205566406, 0.05465435981750488 
112, 0.15835171937942505, 0.11055612564086914, 0.050009727478027344, 0.055898427963256836 
113, 0.15744061768054962, 0.10906791687011719, 0.04993486404418945, 0.055090904235839844 
114, 0.1565631628036499, 0.1081545352935791, 0.049230098724365234, 0.05486917495727539 
115, 0.1557183861732483, 0.10881209373474121, 0.04840087890625, 0.056005239486694336 
116, 0.1549055576324463, 0.11003971099853516, 0.049738168716430664, 0.056177616119384766 
117, 0.1541234850883484, 0.11007237434387207, 0.04986143112182617, 0.055793046951293945 
118, 0.15337172150611877, 0.11088109016418457, 0.04977822303771973, 0.05671572685241699 
119, 0.15264901518821716, 0.1072392463684082, 0.04868936538696289, 0.0548090934753418 
120, 0.1519547402858734, 0.10688996315002441, 0.04918050765991211, 0.054110050201416016 
121, 0.15128812193870544, 0.1056828498840332, 0.04774332046508789, 0.05415010452270508 
122, 0.15064840018749237, 0.10595464706420898, 0.04814267158508301, 0.05408477783203125 
123, 0.15002523362636566, 0.10738587379455566, 0.04845285415649414, 0.055060625076293945 
124, 0.14941459894180298, 0.10754036903381348, 0.048712968826293945, 0.05500483512878418 
125, 0.1488281786441803, 0.10862851142883301, 0.048750877380371094, 0.05570340156555176 
126, 0.1482657790184021, 0.11086606979370117, 0.05032968521118164, 0.05659961700439453 
127, 0.14772683382034302, 0.10932040214538574, 0.04915261268615723, 0.056077003479003906 
128, 0.147210493683815, 0.11033129692077637, 0.049779653549194336, 0.05639338493347168 
129, 0.14671635627746582, 0.10876011848449707, 0.04918098449707031, 0.05583786964416504 
130, 0.14624366164207458, 0.10863828659057617, 0.049141645431518555, 0.05547761917114258 
131, 0.14579182863235474, 0.11031150817871094, 0.04962611198425293, 0.056598663330078125 
132, 0.14536026120185852, 0.10951733589172363, 0.05001544952392578, 0.05585837364196777 
133, 0.1449480503797531, 0.11063194274902344, 0.04911947250366211, 0.057042837142944336 
134, 0.14455507695674896, 0.11019682884216309, 0.05020785331726074, 0.05619072914123535 
135, 0.1441803276538849, 0.10731959342956543, 0.04895663261413574, 0.05457186698913574 
136, 0.1438235491514206, 0.10710501670837402, 0.048653364181518555, 0.054971933364868164 
137, 0.14348408579826355, 0.10680937767028809, 0.048399925231933594, 0.054776906967163086 
138, 0.1431686282157898, 0.11028933525085449, 0.051107168197631836, 0.0555720329284668 
139, 0.1428629457950592, 0.11061453819274902, 0.051294803619384766, 0.05557990074157715 
140, 0.14257284998893738, 0.11136198043823242, 0.052010536193847656, 0.05567026138305664 
141, 0.1423761546611786, 0.11210131645202637, 0.05177474021911621, 0.05657625198364258 
142, 0.1423693299293518, 0.11046433448791504, 0.05133557319641113, 0.055641889572143555 
143, 0.14237350225448608, 0.11275076866149902, 0.05124068260192871, 0.0569610595703125 
144, 0.14236077666282654, 0.1148223876953125, 0.05258893966674805, 0.057933807373046875 
145, 0.142264723777771, 0.11275076866149902, 0.05182027816772461, 0.05676555633544922 
146, 0.14218302071094513, 0.11256170272827148, 0.05169367790222168, 0.05688118934631348 
147, 0.14211508631706238, 0.11320114135742188, 0.05197739601135254, 0.05744171142578125 
148, 0.1420602798461914, 0.11112546920776367, 0.051167964935302734, 0.05622434616088867 
149, 0.1420179009437561, 0.11189436912536621, 0.05195450782775879, 0.05623292922973633 
150, 0.14198768138885498, 0.11128044128417969, 0.05135607719421387, 0.055995941162109375 
151, 0.14196890592575073, 0.11197066307067871, 0.05150556564331055, 0.056639909744262695 
152, 0.14196118712425232, 0.11200237274169922, 0.05133652687072754, 0.05666756629943848 
153, 0.14196383953094482, 0.123870849609375, 0.052839040756225586, 0.06708931922912598 
154, 0.14197656512260437, 0.11385941505432129, 0.05203819274902344, 0.05769753456115723 
155, 0.1419987976551056, 0.11614251136779785, 0.05372810363769531, 0.058275699615478516 
156, 0.14203032851219177, 0.11363649368286133, 0.05248284339904785, 0.05700421333312988 
157, 0.142070472240448, 0.11379837989807129, 0.05167365074157715, 0.057589054107666016 
158, 0.14211885631084442, 0.11488509178161621, 0.052823781967163086, 0.057752132415771484 
159, 0.1421753317117691, 0.1143333911895752, 0.05249595642089844, 0.05723857879638672 
160, 0.14223933219909668, 0.11306929588317871, 0.052289724349975586, 0.057196855545043945 
161, 0.14220461249351501, 0.11107325553894043, 0.05094575881958008, 0.05649852752685547 
162, 0.14215049147605896, 0.11199617385864258, 0.05174994468688965, 0.056583404541015625 
163, 0.14210447669029236, 0.11316752433776855, 0.05164837837219238, 0.057164907455444336 
164, 0.1420663297176361, 0.11332130432128906, 0.05181431770324707, 0.05772972106933594 
165, 0.14209315180778503, 0.11419153213500977, 0.05228781700134277, 0.05788254737854004 
166, 0.14219629764556885, 0.11594796180725098, 0.052269935607910156, 0.059000492095947266 
167, 0.14230147004127502, 0.11671733856201172, 0.05306053161621094, 0.0594782829284668 
168, 0.14241161942481995, 0.11763930320739746, 0.054007530212402344, 0.05946803092956543 
169, 0.14252969622612, 0.11529111862182617, 0.052309513092041016, 0.059034109115600586 
170, 0.14265915751457214, 0.11768674850463867, 0.05251002311706543, 0.06057262420654297 
171, 0.14279258251190186, 0.1182091236114502, 0.053937435150146484, 0.05982565879821777 
172, 0.14292989671230316, 0.11645030975341797, 0.052799224853515625, 0.05962777137756348 
173, 0.1430707424879074, 0.11816883087158203, 0.053064584732055664, 0.06058239936828613 
174, 0.14321506023406982, 0.1164400577545166, 0.05333900451660156, 0.05896162986755371 
175, 0.14329105615615845, 0.11498403549194336, 0.05220627784729004, 0.05904388427734375 
176, 0.14327740669250488, 0.11506271362304688, 0.05194354057312012, 0.059385061264038086 
177, 0.14326909184455872, 0.11562943458557129, 0.05236339569091797, 0.05947709083557129 
178, 0.14326614141464233, 0.11828112602233887, 0.05290627479553223, 0.061130523681640625 
179, 0.14326819777488708, 0.11536884307861328, 0.0521240234375, 0.05917978286743164 
180, 0.14327505230903625, 0.11684894561767578, 0.052774667739868164, 0.059865474700927734 
181, 0.14328667521476746, 0.11704421043395996, 0.05287289619445801, 0.06002521514892578 
182, 0.1433027684688568, 0.11495256423950195, 0.05209922790527344, 0.05904579162597656 
183, 0.14332333207130432, 0.11452770233154297, 0.05169820785522461, 0.0585174560546875 
184, 0.14334799349308014, 0.11574697494506836, 0.05234479904174805, 0.059165000915527344 
185, 0.14337685704231262, 0.11607241630554199, 0.05219864845275879, 0.05951714515686035 
186, 0.1434096395969391, 0.115753173828125, 0.052712202072143555, 0.059050559997558594 
187, 0.14344622194766998, 0.11391448974609375, 0.051589012145996094, 0.0586848258972168 
188, 0.14348646998405457, 0.11641645431518555, 0.05243420600891113, 0.06034660339355469 
189, 0.1435302495956421, 0.11375904083251953, 0.05163216590881348, 0.0585176944732666 
190, 0.1435774862766266, 0.11197924613952637, 0.050917625427246094, 0.05739235877990723 
191, 0.1436266005039215, 0.11405205726623535, 0.05154585838317871, 0.05859947204589844 
192, 0.14358389377593994, 0.11359977722167969, 0.051465749740600586, 0.05844283103942871 
193, 0.14353808760643005, 0.11636185646057129, 0.051638126373291016, 0.060576438903808594 
194, 0.14349904656410217, 0.11605978012084961, 0.0531005859375, 0.059021711349487305 
195, 0.14345458149909973, 0.11201906204223633, 0.04950571060180664, 0.058511972427368164 
196, 0.14335711300373077, 0.11223745346069336, 0.049608707427978516, 0.05858206748962402 
197, 0.1432478129863739, 0.1122126579284668, 0.049385786056518555, 0.058820486068725586 
198, 0.14314314723014832, 0.1133878231048584, 0.04998946189880371, 0.05933237075805664 
199, 0.14304333925247192, 0.11430120468139648, 0.04968881607055664, 0.0602107048034668 
200, 0.1429480016231537, 0.11155223846435547, 0.04998326301574707, 0.05799603462219238 
201, 0.14285710453987122, 0.11101055145263672, 0.04899334907531738, 0.058362722396850586 
202, 0.14277052879333496, 0.11259269714355469, 0.049565792083740234, 0.05913543701171875 
203, 0.14268824458122253, 0.11276793479919434, 0.04975080490112305, 0.05919337272644043 
204, 0.142610102891922, 0.11201214790344238, 0.04910755157470703, 0.05906486511230469 
205, 0.14253593981266022, 0.1106867790222168, 0.04849696159362793, 0.05807781219482422 
206, 0.1424657106399536, 0.11468982696533203, 0.0502471923828125, 0.060440778732299805 
207, 0.1423993557691574, 0.1166684627532959, 0.05146336555480957, 0.060598134994506836 
208, 0.14233681559562683, 0.11287713050842285, 0.050362586975097656, 0.058774709701538086 
209, 0.1422778069972992, 0.11249017715454102, 0.049439191818237305, 0.058881521224975586 
210, 0.14222243428230286, 0.11348605155944824, 0.0497133731842041, 0.05986332893371582 
211, 0.14217057824134827, 0.11263513565063477, 0.05011892318725586, 0.05857086181640625 
212, 0.14212220907211304, 0.1113736629486084, 0.04953598976135254, 0.05784726142883301 
213, 0.14207708835601807, 0.11088871955871582, 0.04875969886779785, 0.0583803653717041 
214, 0.14203432202339172, 0.11115860939025879, 0.04939770698547363, 0.05805015563964844 
215, 0.14197464287281036, 0.10894131660461426, 0.04851102828979492, 0.05689835548400879 
216, 0.14191801846027374, 0.1108083724975586, 0.04862809181213379, 0.0584716796875 
217, 0.14186489582061768, 0.11006712913513184, 0.04825258255004883, 0.05806851387023926 
218, 0.14181509613990784, 0.11122679710388184, 0.049497127532958984, 0.05802583694458008 
219, 0.14176863431930542, 0.11144399642944336, 0.04903554916381836, 0.05853915214538574 
220, 0.14172542095184326, 0.11371707916259766, 0.05004429817199707, 0.05983853340148926 
221, 0.14168564975261688, 0.11266899108886719, 0.04980659484863281, 0.05905747413635254 
222, 0.14164885878562927, 0.11591243743896484, 0.04956364631652832, 0.06174516677856445 
223, 0.14161518216133118, 0.11563467979431152, 0.05138421058654785, 0.06011843681335449 
224, 0.14158451557159424, 0.1149606704711914, 0.050228118896484375, 0.06040334701538086 
225, 0.14155691862106323, 0.11449718475341797, 0.050657033920288086, 0.05943799018859863 
226, 0.14153218269348145, 0.11350011825561523, 0.0502474308013916, 0.05932140350341797 
227, 0.1415102481842041, 0.11135435104370117, 0.04890131950378418, 0.05879020690917969 
228, 0.14149115979671478, 0.11134576797485352, 0.04848480224609375, 0.05873894691467285 
229, 0.14147475361824036, 0.11318087577819824, 0.04939556121826172, 0.059450626373291016 
230, 0.14146095514297485, 0.11658096313476562, 0.05064702033996582, 0.0619966983795166 
231, 0.14144980907440186, 0.1119394302368164, 0.04929804801940918, 0.05854463577270508 
232, 0.14144113659858704, 0.11342668533325195, 0.04974007606506348, 0.0596318244934082 
233, 0.14143502712249756, 0.1136472225189209, 0.04993557929992676, 0.05962324142456055 
234, 0.14143139123916626, 0.1156308650970459, 0.05065155029296875, 0.06101202964782715 
235, 0.14142997562885284, 0.11426663398742676, 0.05042743682861328, 0.059886932373046875 
236, 0.14143089950084686, 0.11335349082946777, 0.04932546615600586, 0.05963850021362305 
237, 0.14143407344818115, 0.11541509628295898, 0.05029940605163574, 0.06080365180969238 
238, 0.14143945276737213, 0.11261916160583496, 0.04964637756347656, 0.05919051170349121 
239, 0.1414470672607422, 0.11423230171203613, 0.05013394355773926, 0.05984807014465332 
240, 0.14145663380622864, 0.11063122749328613, 0.04932379722595215, 0.057709693908691406 
241, 0.14146824181079865, 0.10826420783996582, 0.04894208908081055, 0.055785179138183594 
242, 0.14148186147212982, 0.10843539237976074, 0.04774284362792969, 0.05673813819885254 
243, 0.14149737358093262, 0.11075901985168457, 0.0481724739074707, 0.05869340896606445 
244, 0.14151480793952942, 0.11092758178710938, 0.04891467094421387, 0.05827808380126953 
245, 0.1415340006351471, 0.1107025146484375, 0.04893898963928223, 0.05813407897949219 
246, 0.1415550261735916, 0.11361098289489746, 0.04994511604309082, 0.059482574462890625 
247, 0.1415778398513794, 0.11060833930969238, 0.04883456230163574, 0.05776166915893555 
248, 0.14160214364528656, 0.10829830169677734, 0.04797077178955078, 0.05679130554199219 
249, 0.14162829518318176, 0.10905623435974121, 0.047986745834350586, 0.057080984115600586 
250, 0.14165586233139038, 0.11130309104919434, 0.04869675636291504, 0.05883502960205078 
251, 0.141684889793396, 0.1114511489868164, 0.04863595962524414, 0.058499813079833984 
252, 0.1417156159877777, 0.11298274993896484, 0.05006980895996094, 0.05869269371032715 
253, 0.14174768328666687, 0.11016297340393066, 0.04856705665588379, 0.05776786804199219 
254, 0.1417836993932724, 0.10981059074401855, 0.0481569766998291, 0.05804443359375 
255, 0.14181512594223022, 0.10881733894348145, 0.046595096588134766, 0.058113813400268555 
256, 0.1418556571006775, 0.11272430419921875, 0.04828143119812012, 0.06021904945373535 
257, 0.1418973207473755, 0.11027002334594727, 0.04725193977355957, 0.058920860290527344 
258, 0.14193998277187347, 0.11168408393859863, 0.04787468910217285, 0.059766292572021484 
259, 0.1419837772846222, 0.1119844913482666, 0.048018693923950195, 0.05978965759277344 
260, 0.14202862977981567, 0.11144280433654785, 0.0478825569152832, 0.059601783752441406 
261, 0.14207452535629272, 0.10927581787109375, 0.04697394371032715, 0.058280229568481445 
262, 0.1421213150024414, 0.11045503616333008, 0.047168731689453125, 0.058976173400878906 
263, 0.14216914772987366, 0.1093134880065918, 0.04720473289489746, 0.05800342559814453 
264, 0.142217755317688, 0.10950279235839844, 0.04743814468383789, 0.058376312255859375 
265, 0.1422674059867859, 0.11006593704223633, 0.04665780067443848, 0.05940699577331543 
266, 0.14231783151626587, 0.10927319526672363, 0.04685831069946289, 0.05854034423828125 
267, 0.1423690915107727, 0.10894465446472168, 0.0472569465637207, 0.0579991340637207 
268, 0.1424211859703064, 0.10846352577209473, 0.0464940071105957, 0.05803871154785156 
269, 0.14247408509254456, 0.10963153839111328, 0.04732704162597656, 0.058588504791259766 
270, 0.14252765476703644, 0.10984134674072266, 0.047486066818237305, 0.058573246002197266 
271, 0.14258190989494324, 0.10893392562866211, 0.04676342010498047, 0.058226585388183594 
272, 0.14263686537742615, 0.11164689064025879, 0.047579288482666016, 0.05981755256652832 
273, 0.1426924169063568, 0.10972857475280762, 0.04682159423828125, 0.05896925926208496 
274, 0.14274853467941284, 0.11063599586486816, 0.04716897010803223, 0.059542179107666016 
275, 0.14280539751052856, 0.11151432991027832, 0.04744577407836914, 0.05957746505737305 
276, 0.1428627073764801, 0.11281561851501465, 0.04828000068664551, 0.059952735900878906 
277, 0.142920583486557, 0.11292529106140137, 0.04855513572692871, 0.06027483940124512 
278, 0.14297880232334137, 0.11227560043334961, 0.04843854904174805, 0.05963754653930664 
279, 0.14303766191005707, 0.11222672462463379, 0.04806256294250488, 0.05987238883972168 
280, 0.14309686422348022, 0.11108613014221191, 0.0481569766998291, 0.05912494659423828 
281, 0.14315655827522278, 0.11104440689086914, 0.04733896255493164, 0.05936861038208008 
282, 0.1432165503501892, 0.11360406875610352, 0.04854393005371094, 0.060950279235839844 
283, 0.14327701926231384, 0.11150789260864258, 0.047745466232299805, 0.059480905532836914 
284, 0.14333777129650116, 0.11193442344665527, 0.047178030014038086, 0.06043648719787598 
285, 0.143398717045784, 0.11466526985168457, 0.04949831962585449, 0.06084465980529785 
286, 0.14346009492874146, 0.11758947372436523, 0.04926609992980957, 0.06388998031616211 
287, 0.14352168142795563, 0.11252880096435547, 0.04839324951171875, 0.05996847152709961 
288, 0.14358346164226532, 0.11261749267578125, 0.04874825477600098, 0.059535980224609375 
289, 0.1436454951763153, 0.11116313934326172, 0.047501325607299805, 0.05950784683227539 
290, 0.1437077820301056, 0.1111454963684082, 0.04777169227600098, 0.05917549133300781 
291, 0.14377014338970184, 0.1110832691192627, 0.04760551452636719, 0.05906796455383301 
292, 0.1438327431678772, 0.11188149452209473, 0.04831385612487793, 0.05968356132507324 
293, 0.14389541745185852, 0.10987019538879395, 0.04680609703063965, 0.059151411056518555 
294, 0.14395815134048462, 0.10851597785949707, 0.04690814018249512, 0.0579066276550293 
295, 0.14402100443840027, 0.10947036743164062, 0.04718661308288574, 0.05834460258483887 
296, 0.14408394694328308, 0.10927128791809082, 0.04647350311279297, 0.058838605880737305 
297, 0.1441468745470047, 0.11052227020263672, 0.04762911796569824, 0.059073686599731445 
298, 0.14420992136001587, 0.11138319969177246, 0.047200918197631836, 0.0596463680267334 
299, 0.14427301287651062, 0.11259603500366211, 0.048456430435180664, 0.05976462364196777 
300, 0.14433595538139343, 0.1112215518951416, 0.047926902770996094, 0.059238433837890625 
301, 0.14439889788627625, 0.10982012748718262, 0.047499895095825195, 0.058569908142089844 
302, 0.14446182548999786, 0.10984969139099121, 0.047553062438964844, 0.05839109420776367 
303, 0.14452476799488068, 0.11011886596679688, 0.04728388786315918, 0.058692216873168945 
304, 0.1445874571800232, 0.11076855659484863, 0.047719478607177734, 0.059297800064086914 
305, 0.14465020596981049, 0.11055731773376465, 0.04729461669921875, 0.05931854248046875 
306, 0.14471277594566345, 0.10851454734802246, 0.04677391052246094, 0.05807018280029297 
307, 0.1447751224040985, 0.10799837112426758, 0.04625964164733887, 0.057924747467041016 
308, 0.14483746886253357, 0.10767936706542969, 0.04660534858703613, 0.057485342025756836 
309, 0.14489954710006714, 0.10878562927246094, 0.04622459411621094, 0.05863165855407715 
310, 0.14496150612831116, 0.10971522331237793, 0.04745745658874512, 0.05837440490722656 
311, 0.1450231969356537, 0.11119866371154785, 0.0469667911529541, 0.059771060943603516 
312, 0.14508482813835144, 0.11238503456115723, 0.04803061485290527, 0.060274362564086914 
313, 0.14514616131782532, 0.1112525463104248, 0.04764413833618164, 0.05941605567932129 
314, 0.1452072262763977, 0.10975217819213867, 0.047472238540649414, 0.0585782527923584 
315, 0.14526811242103577, 0.10920476913452148, 0.04711008071899414, 0.057921409606933594 
316, 0.14532873034477234, 0.10927176475524902, 0.04732465744018555, 0.058026790618896484 
317, 0.14538902044296265, 0.10953950881958008, 0.04719877243041992, 0.05839872360229492 
318, 0.14544910192489624, 0.10931682586669922, 0.04681086540222168, 0.05842471122741699 
319, 0.1455087661743164, 0.1090536117553711, 0.04683256149291992, 0.058426856994628906 
320, 0.14556825160980225, 0.1081242561340332, 0.04716038703918457, 0.057431697845458984 
321, 0.14562734961509705, 0.10757946968078613, 0.04606819152832031, 0.057831525802612305 
322, 0.14568620920181274, 0.1076357364654541, 0.04619956016540527, 0.057637929916381836 
323, 0.14574457705020905, 0.10788726806640625, 0.04609227180480957, 0.05794358253479004 
324, 0.14580275118350983, 0.10838603973388672, 0.04695534706115723, 0.05757784843444824 
325, 0.14586038887500763, 0.11128616333007812, 0.04705071449279785, 0.06006288528442383 
326, 0.1459178626537323, 0.10928153991699219, 0.046805620193481445, 0.05827021598815918 
327, 0.14597481489181519, 0.11133623123168945, 0.04799294471740723, 0.059509992599487305 
328, 0.14603140950202942, 0.1122426986694336, 0.046810150146484375, 0.060784339904785156 
329, 0.1460876762866974, 0.11285734176635742, 0.04834914207458496, 0.06034350395202637 
330, 0.14614343643188477, 0.1118168830871582, 0.04827475547790527, 0.05937790870666504 
331, 0.14619886875152588, 0.10952877998352051, 0.04718136787414551, 0.058197021484375 
332, 0.1462538093328476, 0.10958218574523926, 0.04704904556274414, 0.05859017372131348 
333, 0.14632642269134521, 0.11000394821166992, 0.04760909080505371, 0.05870389938354492 
334, 0.146438330411911, 0.1101996898651123, 0.047562360763549805, 0.05876469612121582 
335, 0.14654967188835144, 0.11052298545837402, 0.04753589630126953, 0.05878639221191406 
336, 0.14666025340557098, 0.1112518310546875, 0.04771542549133301, 0.05941367149353027 
337, 0.14677046239376068, 0.11216092109680176, 0.04741215705871582, 0.060211896896362305 
338, 0.14688003063201904, 0.11426568031311035, 0.04901003837585449, 0.06082868576049805 
339, 0.14698895812034607, 0.11359930038452148, 0.04925680160522461, 0.05999922752380371 
340, 0.1470973789691925, 0.11289668083190918, 0.04845571517944336, 0.06023216247558594 
341, 0.14720532298088074, 0.11575865745544434, 0.0492701530456543, 0.06166362762451172 
342, 0.147312730550766, 0.11375570297241211, 0.048525333404541016, 0.060767173767089844 
343, 0.14741958677768707, 0.11292672157287598, 0.04816031455993652, 0.060536861419677734 
344, 0.1475258767604828, 0.11398601531982422, 0.04832291603088379, 0.06094026565551758 
345, 0.1476317048072815, 0.11281919479370117, 0.048089027404785156, 0.06024527549743652 
346, 0.14773696660995483, 0.11156392097473145, 0.04764199256896973, 0.0598604679107666 
347, 0.1478416621685028, 0.11124348640441895, 0.048262834548950195, 0.05900168418884277 
348, 0.14794592559337616, 0.11274075508117676, 0.04752159118652344, 0.06077980995178223 
349, 0.14804968237876892, 0.11305761337280273, 0.04837393760681152, 0.060584306716918945 
350, 0.14815278351306915, 0.11161231994628906, 0.04809212684631348, 0.05937457084655762 
351, 0.14825546741485596, 0.11124157905578613, 0.04809975624084473, 0.05918526649475098 
352, 0.14835774898529053, 0.11294889450073242, 0.04784536361694336, 0.0602571964263916 
353, 0.14845922589302063, 0.1136939525604248, 0.04854631423950195, 0.06095075607299805 
354, 0.14856037497520447, 0.11263847351074219, 0.04814910888671875, 0.0604548454284668 
355, 0.14866094291210175, 0.11219406127929688, 0.048441171646118164, 0.059339284896850586 
356, 0.14876103401184082, 0.1123347282409668, 0.04789924621582031, 0.05987668037414551 
357, 0.14886052906513214, 0.11567425727844238, 0.04893207550048828, 0.06206917762756348 
358, 0.14895951747894287, 0.1116950511932373, 0.04872298240661621, 0.05890941619873047 
359, 0.14905793964862823, 0.1131742000579834, 0.04830622673034668, 0.06022310256958008 
360, 0.14915579557418823, 0.11040663719177246, 0.04816079139709473, 0.058382272720336914 
361, 0.1492532193660736, 0.10819816589355469, 0.046195030212402344, 0.058241844177246094 
362, 0.14935007691383362, 0.10911798477172852, 0.047083377838134766, 0.05838465690612793 
363, 0.14944639801979065, 0.11058664321899414, 0.047550201416015625, 0.05907082557678223 
364, 0.14953643083572388, 0.11216521263122559, 0.04755425453186035, 0.060379981994628906 
365, 0.14961837232112885, 0.11307668685913086, 0.0490412712097168, 0.05978703498840332 
366, 0.14969976246356964, 0.11273908615112305, 0.04890108108520508, 0.05952620506286621 
367, 0.1497805416584015, 0.1113748550415039, 0.04768252372741699, 0.059334754943847656 
368, 0.14986097812652588, 0.11068940162658691, 0.047600746154785156, 0.0590510368347168 
369, 0.14994078874588013, 0.1133124828338623, 0.050659894943237305, 0.05818343162536621 
370, 0.150020033121109, 0.11237144470214844, 0.047673940658569336, 0.06007027626037598 
371, 0.1500987708568573, 0.11314773559570312, 0.04852151870727539, 0.059990882873535156 
372, 0.1501770317554474, 0.11341214179992676, 0.04859662055969238, 0.0604095458984375 
373, 0.15025480091571808, 0.11231350898742676, 0.04866290092468262, 0.058989524841308594 
374, 0.15033204853534698, 0.1124582290649414, 0.048828125, 0.05914163589477539 
375, 0.15040871500968933, 0.10947322845458984, 0.0477299690246582, 0.05801272392272949 
376, 0.15048503875732422, 0.10894060134887695, 0.04669308662414551, 0.05851602554321289 
377, 0.15056076645851135, 0.10827851295471191, 0.04661202430725098, 0.05778074264526367 
378, 0.15063601732254028, 0.11033177375793457, 0.047417640686035156, 0.05901622772216797 
379, 0.15071073174476624, 0.10924935340881348, 0.04720640182495117, 0.05805563926696777 
380, 0.1507849097251892, 0.1098167896270752, 0.04671907424926758, 0.05924415588378906 
381, 0.15085862576961517, 0.10910534858703613, 0.047080039978027344, 0.058167457580566406 
382, 0.15093189477920532, 0.10866165161132812, 0.04701542854309082, 0.05790519714355469 
383, 0.15100452303886414, 0.10881876945495605, 0.045597076416015625, 0.058974266052246094 
384, 0.1510767638683319, 0.10931110382080078, 0.04695630073547363, 0.05840015411376953 
385, 0.1511484682559967, 0.10906171798706055, 0.04683566093444824, 0.0583338737487793 
386, 0.15124499797821045, 0.10895586013793945, 0.04701805114746094, 0.05779457092285156 
387, 0.1513516902923584, 0.11045145988464355, 0.047720909118652344, 0.05880904197692871 
388, 0.15145763754844666, 0.10746479034423828, 0.04597663879394531, 0.0577244758605957 
389, 0.1515626609325409, 0.10729694366455078, 0.04613518714904785, 0.05741477012634277 
390, 0.15166711807250977, 0.10814046859741211, 0.0468292236328125, 0.05753636360168457 
391, 0.15177077054977417, 0.10904574394226074, 0.04663252830505371, 0.05834794044494629 
392, 0.1518736183643341, 0.10804486274719238, 0.04651665687561035, 0.05766916275024414 
393, 0.1519758403301239, 0.11111116409301758, 0.0471041202545166, 0.059522151947021484 
394, 0.1520773023366928, 0.11329412460327148, 0.048394203186035156, 0.060648441314697266 
395, 0.1521780788898468, 0.1101682186126709, 0.048166751861572266, 0.058157920837402344 
396, 0.15227802097797394, 0.11012148857116699, 0.04667806625366211, 0.059226036071777344 
397, 0.15237745642662048, 0.11091470718383789, 0.04763293266296387, 0.05891084671020508 
398, 0.15247605741024017, 0.11164426803588867, 0.04800009727478027, 0.059288978576660156 
399, 0.1525741070508957, 0.1120913028717041, 0.04791402816772461, 0.05997514724731445 
400, 0.15267135202884674, 0.11058950424194336, 0.04772210121154785, 0.058838844299316406 
401, 0.15276794135570526, 0.10977458953857422, 0.046820878982543945, 0.05890202522277832 
402, 0.15286388993263245, 0.11267232894897461, 0.04822349548339844, 0.06049847602844238 
403, 0.15295907855033875, 0.11055350303649902, 0.04754042625427246, 0.058965206146240234 
404, 0.1530536711215973, 0.1112983226776123, 0.04700040817260742, 0.059842586517333984 
405, 0.15314754843711853, 0.11205625534057617, 0.047986507415771484, 0.05998873710632324 
406, 0.15324081480503082, 0.11089324951171875, 0.047486066818237305, 0.05920529365539551 
407, 0.15333342552185059, 0.10913729667663574, 0.04735755920410156, 0.05818915367126465 
408, 0.15342530608177185, 0.10806107521057129, 0.04648852348327637, 0.05789303779602051 
409, 0.1535167247056961, 0.10780835151672363, 0.046540021896362305, 0.05711054801940918 
410, 0.15360724925994873, 0.10857677459716797, 0.04669833183288574, 0.057945966720581055 
411, 0.15369731187820435, 0.10954403877258301, 0.04658341407775879, 0.058683156967163086 
412, 0.15378671884536743, 0.10892415046691895, 0.04659128189086914, 0.05823183059692383 
413, 0.1538754105567932, 0.11036944389343262, 0.04764842987060547, 0.05886650085449219 
414, 0.15396353602409363, 0.10850262641906738, 0.04665684700012207, 0.05810284614562988 
415, 0.15405091643333435, 0.1063833236694336, 0.04601025581359863, 0.05695080757141113 
416, 0.1541377604007721, 0.10469198226928711, 0.04510140419006348, 0.05580639839172363 
417, 0.15422391891479492, 0.10823750495910645, 0.046668291091918945, 0.05756998062133789 
418, 0.1543094962835312, 0.10654115676879883, 0.046456098556518555, 0.05634760856628418 
419, 0.1543944776058197, 0.10868668556213379, 0.04655146598815918, 0.05755352973937988 
420, 0.15447880327701569, 0.10948610305786133, 0.04707765579223633, 0.05844545364379883 
421, 0.15456247329711914, 0.1099083423614502, 0.047449588775634766, 0.058768272399902344 
422, 0.15464560687541962, 0.10941195487976074, 0.04633951187133789, 0.0585637092590332 
423, 0.1547279953956604, 0.10766983032226562, 0.045386314392089844, 0.05847811698913574 
424, 0.15480993688106537, 0.10800719261169434, 0.045926809310913086, 0.058035850524902344 
425, 0.15489131212234497, 0.10745882987976074, 0.04667019844055176, 0.05690598487854004 
426, 0.1549718677997589, 0.10715889930725098, 0.04638314247131348, 0.05710148811340332 
427, 0.15505197644233704, 0.10544800758361816, 0.04531288146972656, 0.05644559860229492 
428, 0.15513136982917786, 0.1051931381225586, 0.04530215263366699, 0.05638909339904785 
429, 0.15521030128002167, 0.10516881942749023, 0.04533743858337402, 0.056234121322631836 
430, 0.15528854727745056, 0.10632610321044922, 0.045487403869628906, 0.05705094337463379 
431, 0.15536625683307648, 0.10705995559692383, 0.046002864837646484, 0.05755615234375 
432, 0.15544331073760986, 0.11329793930053711, 0.051466941833496094, 0.057874202728271484 
433, 0.1555197834968567, 0.10805463790893555, 0.047095537185668945, 0.057270050048828125 
434, 0.1555957794189453, 0.10623288154602051, 0.04571342468261719, 0.05689382553100586 
435, 0.1556711196899414, 0.10659360885620117, 0.04575705528259277, 0.057100534439086914 
436, 0.15574592351913452, 0.10757160186767578, 0.04665970802307129, 0.057234764099121094 
437, 0.1558200865983963, 0.10639071464538574, 0.04577159881591797, 0.05689692497253418 
438, 0.1558937430381775, 0.10858321189880371, 0.046428680419921875, 0.05794358253479004 
439, 0.15596678853034973, 0.10654926300048828, 0.04603862762451172, 0.056854248046875 
440, 0.156039297580719, 0.10608053207397461, 0.04634451866149902, 0.05612468719482422 
441, 0.15611127018928528, 0.10554695129394531, 0.04610466957092285, 0.05590057373046875 
442, 0.15618261694908142, 0.1060628890991211, 0.04514360427856445, 0.057206153869628906 
443, 0.15625333786010742, 0.1074371337890625, 0.0458676815032959, 0.05793166160583496 
444, 0.15632358193397522, 0.10503506660461426, 0.04570317268371582, 0.0558171272277832 
445, 0.15639331936836243, 0.10960531234741211, 0.04656624794006348, 0.05895829200744629 
446, 0.15646252036094666, 0.11132454872131348, 0.04740643501281738, 0.05979180335998535 
447, 0.15653105080127716, 0.10924363136291504, 0.047281503677368164, 0.05811500549316406 
448, 0.15659913420677185, 0.10634326934814453, 0.046021461486816406, 0.056357622146606445 
449, 0.156666561961174, 0.10743522644042969, 0.04627585411071777, 0.05709075927734375 
450, 0.15673355758190155, 0.1066751480102539, 0.045915842056274414, 0.057199716567993164 
451, 0.1568000167608261, 0.10891866683959961, 0.046537160873413086, 0.058431386947631836 
452, 0.15686598420143127, 0.10873174667358398, 0.046848297119140625, 0.05819344520568848 
453, 0.15693140029907227, 0.10798954963684082, 0.04634714126586914, 0.0580449104309082 
454, 0.15699616074562073, 0.10713887214660645, 0.045418500900268555, 0.058173179626464844 
455, 0.15706053376197815, 0.10943365097045898, 0.046285152435302734, 0.0593111515045166 
456, 0.1571243554353714, 0.11004400253295898, 0.04686307907104492, 0.05903148651123047 
457, 0.15718767046928406, 0.11037230491638184, 0.04775261878967285, 0.058826446533203125 
458, 0.15725037455558777, 0.10862946510314941, 0.04637026786804199, 0.058527231216430664 
459, 0.1573125272989273, 0.11204814910888672, 0.047461509704589844, 0.06016230583190918 
460, 0.157374307513237, 0.10945391654968262, 0.047600746154785156, 0.05797386169433594 
461, 0.15743547677993774, 0.10882425308227539, 0.04639935493469238, 0.05792093276977539 
462, 0.15749630331993103, 0.11546874046325684, 0.04962801933288574, 0.06136465072631836 
463, 0.15755659341812134, 0.10971903800964355, 0.047035932540893555, 0.05825996398925781 
464, 0.15761621296405792, 0.1104280948638916, 0.04731345176696777, 0.05898141860961914 
465, 0.15767556428909302, 0.11175298690795898, 0.04782986640930176, 0.05969119071960449 
466, 0.15773427486419678, 0.10879135131835938, 0.04712343215942383, 0.05789899826049805 
467, 0.15779250860214233, 0.1067509651184082, 0.046148061752319336, 0.05689072608947754 
468, 0.15785029530525208, 0.10948872566223145, 0.04668140411376953, 0.0570530891418457 
469, 0.15790745615959167, 0.10875797271728516, 0.046479225158691406, 0.05853867530822754 
470, 0.157964289188385, 0.10926389694213867, 0.047058820724487305, 0.0584871768951416 
471, 0.1580207347869873, 0.10900115966796875, 0.04646873474121094, 0.05829024314880371 
472, 0.15807652473449707, 0.11040401458740234, 0.04717826843261719, 0.059098005294799805 
473, 0.15813197195529938, 0.11027884483337402, 0.0470123291015625, 0.059348344802856445 
474, 0.15818682312965393, 0.10834264755249023, 0.04665565490722656, 0.0579221248626709 
475, 0.15824125707149506, 0.10910153388977051, 0.04668855667114258, 0.0583648681640625 
476, 0.15829522907733917, 0.10825514793395996, 0.04703164100646973, 0.05720663070678711 
477, 0.15834879875183105, 0.10960888862609863, 0.046772003173828125, 0.0587007999420166 
478, 0.15840178728103638, 0.10916614532470703, 0.04774165153503418, 0.05730867385864258 
479, 0.15845444798469543, 0.10757017135620117, 0.04725241661071777, 0.05678081512451172 
480, 0.15850669145584106, 0.10625791549682617, 0.04571366310119629, 0.05694293975830078 
481, 0.15855836868286133, 0.10677409172058105, 0.04631662368774414, 0.05681800842285156 
482, 0.15859206020832062, 0.10548615455627441, 0.045074462890625, 0.05681467056274414 
483, 0.15860843658447266, 0.10784482955932617, 0.04614996910095215, 0.05790972709655762 
484, 0.15862466394901276, 0.10660076141357422, 0.04607582092285156, 0.057021141052246094 
485, 0.1586408168077469, 0.1062307357788086, 0.04497265815734863, 0.05748748779296875 
486, 0.15865668654441833, 0.10667562484741211, 0.04630875587463379, 0.056645870208740234 
487, 0.15867234766483307, 0.1066279411315918, 0.04599475860595703, 0.05706644058227539 
488, 0.15868788957595825, 0.10727310180664062, 0.04597949981689453, 0.057332515716552734 
489, 0.15870334208011627, 0.1080772876739502, 0.046312808990478516, 0.057817697525024414 
490, 0.15871863067150116, 0.10888361930847168, 0.046538591384887695, 0.058207035064697266 
491, 0.1587338149547577, 0.10919952392578125, 0.047226667404174805, 0.057863473892211914 
492, 0.15874893963336945, 0.11052870750427246, 0.04774117469787598, 0.05887913703918457 
493, 0.15876376628875732, 0.10634040832519531, 0.04562854766845703, 0.057073354721069336 
494, 0.15877863764762878, 0.10652327537536621, 0.04572868347167969, 0.056954145431518555 
495, 0.15879331529140472, 0.10680723190307617, 0.0457608699798584, 0.057331085205078125 
496, 0.1588078737258911, 0.10768342018127441, 0.04572772979736328, 0.05826926231384277 
497, 0.1588224470615387, 0.10586810111999512, 0.045503854751586914, 0.05672192573547363 
498, 0.15883693099021912, 0.10904908180236816, 0.04664158821105957, 0.0583038330078125 
499, 0.15885120630264282, 0.1102457046508789, 0.047316789627075195, 0.05899643898010254 
500, 0.15886548161506653, 0.1086723804473877, 0.04745006561279297, 0.05752229690551758 
501, 0.15887968242168427, 0.10735321044921875, 0.04588007926940918, 0.0574190616607666 
502, 0.15889385342597961, 0.10888910293579102, 0.04673957824707031, 0.058030128479003906 
503, 0.15890780091285706, 0.10762834548950195, 0.04599761962890625, 0.05799269676208496 
504, 0.1589217334985733, 0.10602092742919922, 0.045499324798583984, 0.05652022361755371 
505, 0.15893568098545074, 0.10729432106018066, 0.046250104904174805, 0.057448625564575195 
506, 0.15894952416419983, 0.10762286186218262, 0.046038150787353516, 0.057779550552368164 
507, 0.15896335244178772, 0.10806155204772949, 0.045798540115356445, 0.05846381187438965 
508, 0.1589769572019577, 0.10681581497192383, 0.04618525505065918, 0.056902408599853516 
509, 0.15899062156677246, 0.10802459716796875, 0.046315670013427734, 0.05787801742553711 
510, 0.15900421142578125, 0.10629677772521973, 0.0463254451751709, 0.056418657302856445 
511, 0.1590176671743393, 0.10641908645629883, 0.04534006118774414, 0.05698108673095703 
512, 0.1590312123298645, 0.10844969749450684, 0.04685163497924805, 0.05788683891296387 
513, 0.15904459357261658, 0.10999369621276855, 0.047815799713134766, 0.05855107307434082 
514, 0.15905803442001343, 0.10958504676818848, 0.046722412109375, 0.05909442901611328 
515, 0.1590714007616043, 0.10882186889648438, 0.04672598838806152, 0.05808663368225098 
516, 0.15908470749855042, 0.11060762405395508, 0.047040462493896484, 0.05907487869262695 
517, 0.15909802913665771, 0.11177468299865723, 0.0477442741394043, 0.05951666831970215 
518, 0.1591111123561859, 0.11194896697998047, 0.04760026931762695, 0.06051373481750488 
519, 0.15912437438964844, 0.10700035095214844, 0.046480417251586914, 0.05665850639343262 
520, 0.1591375470161438, 0.10979294776916504, 0.04764366149902344, 0.05837583541870117 
521, 0.1591506004333496, 0.10857534408569336, 0.046163320541381836, 0.058504343032836914 
522, 0.15916365385055542, 0.1125490665435791, 0.04773759841918945, 0.0605318546295166 
523, 0.15917672216892242, 0.10999703407287598, 0.04735374450683594, 0.058400630950927734 
524, 0.15918967127799988, 0.11522531509399414, 0.04763054847717285, 0.06326532363891602 
525, 0.1592027246952057, 0.1119837760925293, 0.048262834548950195, 0.05946183204650879 
526, 0.15921564400196075, 0.1101987361907959, 0.04751133918762207, 0.058867692947387695 
527, 0.15922854840755463, 0.10833334922790527, 0.04674220085144043, 0.057929039001464844 
528, 0.1592414677143097, 0.11248350143432617, 0.04720616340637207, 0.059435367584228516 
529, 0.15925434231758118, 0.11052179336547852, 0.04693031311035156, 0.0593266487121582 
530, 0.15926724672317505, 0.11043453216552734, 0.0475161075592041, 0.05912423133850098 
531, 0.15928006172180176, 0.11132264137268066, 0.04705691337585449, 0.059815168380737305 
532, 0.15929287672042847, 0.11019563674926758, 0.048235416412353516, 0.058150291442871094 
533, 0.1593056619167328, 0.10822772979736328, 0.04663419723510742, 0.05812692642211914 
534, 0.15931837260723114, 0.1077423095703125, 0.046349525451660156, 0.05791807174682617 
535, 0.15933109819889069, 0.10765671730041504, 0.04531431198120117, 0.05856633186340332 
536, 0.1593439280986786, 0.10985612869262695, 0.04685211181640625, 0.05915212631225586 
537, 0.1593567132949829, 0.10976266860961914, 0.047145843505859375, 0.05830955505371094 
538, 0.15936943888664246, 0.11606287956237793, 0.04936027526855469, 0.06205582618713379 
539, 0.15938210487365723, 0.11217689514160156, 0.048264503479003906, 0.059873104095458984 
540, 0.15939490497112274, 0.10999417304992676, 0.0472564697265625, 0.05878782272338867 
541, 0.15940755605697632, 0.10988378524780273, 0.04694628715515137, 0.05895209312438965 
542, 0.15942023694515228, 0.11010193824768066, 0.04707002639770508, 0.059061527252197266 
543, 0.15943291783332825, 0.11318421363830566, 0.04819893836975098, 0.060921430587768555 
544, 0.15944568812847137, 0.11150765419006348, 0.046303510665893555, 0.06072688102722168 
545, 0.15945833921432495, 0.11182594299316406, 0.048597097396850586, 0.059474945068359375 
546, 0.15947100520133972, 0.10992050170898438, 0.04786276817321777, 0.058312177658081055 
547, 0.15948368608951569, 0.10956358909606934, 0.04727458953857422, 0.05843353271484375 
548, 0.15949636697769165, 0.10881996154785156, 0.046953439712524414, 0.05820655822753906 
549, 0.15950904786586761, 0.11146354675292969, 0.048161983489990234, 0.05904817581176758 
550, 0.15952184796333313, 0.11175942420959473, 0.04717397689819336, 0.06014204025268555 
551, 0.15953439474105835, 0.11228156089782715, 0.04793071746826172, 0.05991864204406738 
552, 0.15954716503620148, 0.11333990097045898, 0.04869961738586426, 0.06056952476501465 
553, 0.15955990552902222, 0.11237835884094238, 0.04819345474243164, 0.05998706817626953 
554, 0.1595725119113922, 0.11108207702636719, 0.04753398895263672, 0.059751272201538086 
555, 0.15958525240421295, 0.11436033248901367, 0.04822254180908203, 0.06181931495666504 
556, 0.15959800779819489, 0.11078882217407227, 0.04739022254943848, 0.05948686599731445 
557, 0.15961070358753204, 0.1086266040802002, 0.0469663143157959, 0.05794930458068848 
558, 0.15962347388267517, 0.11289548873901367, 0.047261714935302734, 0.06116843223571777 
559, 0.1596362143754959, 0.11069250106811523, 0.04781699180603027, 0.05890464782714844 
560, 0.15964898467063904, 0.11143302917480469, 0.047968387603759766, 0.05899167060852051 
561, 0.1596618890762329, 0.11295223236083984, 0.04922366142272949, 0.059541940689086914 
562, 0.15967467427253723, 0.11061668395996094, 0.047431230545043945, 0.05913400650024414 
563, 0.15968745946884155, 0.1111142635345459, 0.04727673530578613, 0.06002187728881836 
564, 0.15970033407211304, 0.11099696159362793, 0.047385215759277344, 0.059363603591918945 
565, 0.15971316397190094, 0.11430716514587402, 0.04761767387390137, 0.06215810775756836 
566, 0.15972596406936646, 0.11397314071655273, 0.04874849319458008, 0.06114959716796875 
567, 0.15973886847496033, 0.11219549179077148, 0.04864239692687988, 0.05959630012512207 
568, 0.15975183248519897, 0.11121892929077148, 0.04733991622924805, 0.05939340591430664 
569, 0.15976476669311523, 0.11511564254760742, 0.0483555793762207, 0.06223583221435547 
570, 0.15977773070335388, 0.11428284645080566, 0.049744606018066406, 0.06040620803833008 
571, 0.15979081392288208, 0.11136054992675781, 0.047281503677368164, 0.05989646911621094 
572, 0.15980389714241028, 0.11067771911621094, 0.047751426696777344, 0.059224605560302734 
573, 0.15981677174568176, 0.10974264144897461, 0.046950578689575195, 0.05862879753112793 
574, 0.15982988476753235, 0.11311721801757812, 0.04749298095703125, 0.06126976013183594 
575, 0.15984301269054413, 0.11356782913208008, 0.04836702346801758, 0.06092548370361328 
576, 0.15985606610774994, 0.11457061767578125, 0.04838371276855469, 0.06151771545410156 
577, 0.15986917912960052, 0.11391115188598633, 0.048093557357788086, 0.06166982650756836 
578, 0.15988239645957947, 0.11580753326416016, 0.04939007759094238, 0.061357736587524414 
579, 0.15989559888839722, 0.11314654350280762, 0.0479123592376709, 0.06089425086975098 
580, 0.15990889072418213, 0.11525940895080566, 0.04907512664794922, 0.06170248985290527 
581, 0.1599220633506775, 0.11267900466918945, 0.04880404472351074, 0.059313297271728516 
582, 0.15993541479110718, 0.11629104614257812, 0.04848361015319824, 0.06326436996459961 
583, 0.1599487066268921, 0.11506843566894531, 0.04972481727600098, 0.061112403869628906 
584, 0.15996207296848297, 0.11296629905700684, 0.04853391647338867, 0.05985379219055176 
585, 0.15997549891471863, 0.11281991004943848, 0.04866957664489746, 0.059572458267211914 
586, 0.15998904407024384, 0.11269211769104004, 0.047969818115234375, 0.06029534339904785 
587, 0.16000248491764069, 0.11040925979614258, 0.04652714729309082, 0.05958414077758789 
588, 0.16001594066619873, 0.11009573936462402, 0.046857357025146484, 0.0593411922454834 
589, 0.16002948582172394, 0.11186885833740234, 0.048548221588134766, 0.05916595458984375 
590, 0.16004317998886108, 0.11104679107666016, 0.047307729721069336, 0.05965399742126465 
591, 0.16005674004554749, 0.11286497116088867, 0.04802870750427246, 0.06059384346008301 
592, 0.16007046401500702, 0.11295914649963379, 0.04817605018615723, 0.06015372276306152 
593, 0.16008414328098297, 0.11226701736450195, 0.04774618148803711, 0.06048011779785156 
594, 0.16009801626205444, 0.11382198333740234, 0.04829692840576172, 0.060904502868652344 
595, 0.16011175513267517, 0.10945510864257812, 0.04721689224243164, 0.058187007904052734 
596, 0.16012553870677948, 0.11838173866271973, 0.05042004585266113, 0.0633995532989502 
597, 0.16013939678668976, 0.11587786674499512, 0.048692941665649414, 0.06266045570373535 
598, 0.16015329957008362, 0.11460423469543457, 0.04883718490600586, 0.0614628791809082 
599, 0.16016727685928345, 0.11168694496154785, 0.04730939865112305, 0.05981135368347168 
600, 0.16018131375312805, 0.11248230934143066, 0.04758119583129883, 0.06066393852233887 
601, 0.16019539535045624, 0.10997152328491211, 0.04724931716918945, 0.05894017219543457 
602, 0.1602095067501068, 0.11328315734863281, 0.04645252227783203, 0.06304454803466797 
603, 0.16022364795207977, 0.10750341415405273, 0.04644894599914551, 0.05735158920288086 
604, 0.1602378785610199, 0.10779833793640137, 0.046000003814697266, 0.05803418159484863 
605, 0.16025203466415405, 0.1093299388885498, 0.04718327522277832, 0.05848836898803711 
606, 0.16026638448238373, 0.11101317405700684, 0.04756736755371094, 0.05921816825866699 
607, 0.16028064489364624, 0.10962772369384766, 0.04661130905151367, 0.05887651443481445 
608, 0.16029518842697144, 0.11431384086608887, 0.04720258712768555, 0.059047698974609375 
609, 0.1603095829486847, 0.12182402610778809, 0.060764312744140625, 0.05760383605957031 
610, 0.1603240966796875, 0.10850405693054199, 0.04646587371826172, 0.058036088943481445 
611, 0.16033858060836792, 0.10878944396972656, 0.04661989212036133, 0.05804562568664551 
612, 0.16035321354866028, 0.1095590591430664, 0.04708099365234375, 0.05835700035095215 
613, 0.16036784648895264, 0.10936212539672852, 0.047106027603149414, 0.058702945709228516 
614, 0.16038256883621216, 0.10734009742736816, 0.045671701431274414, 0.057682037353515625 
615, 0.16039730608463287, 0.10588598251342773, 0.04544258117675781, 0.05659222602844238 
616, 0.1604122519493103, 0.10593414306640625, 0.04519319534301758, 0.05707979202270508 
617, 0.16042697429656982, 0.10874056816101074, 0.04536318778991699, 0.05946707725524902 
618, 0.16044199466705322, 0.11069917678833008, 0.04744744300842285, 0.05912423133850098 
619, 0.16045676171779633, 0.11053061485290527, 0.0472264289855957, 0.058990478515625 
620, 0.16047191619873047, 0.11147069931030273, 0.04787158966064453, 0.05980372428894043 
621, 0.16048705577850342, 0.11021304130554199, 0.04649639129638672, 0.05978655815124512 
622, 0.16050215065479279, 0.10977792739868164, 0.046778202056884766, 0.05861091613769531 
623, 0.16051730513572693, 0.11089801788330078, 0.04726457595825195, 0.059453487396240234 
624, 0.16053271293640137, 0.10887575149536133, 0.046479225158691406, 0.05823087692260742 
625, 0.1605479121208191, 0.11000609397888184, 0.04738259315490723, 0.05847525596618652 
626, 0.16056329011917114, 0.11009883880615234, 0.04731273651123047, 0.05879545211791992 
627, 0.16057884693145752, 0.10954070091247559, 0.04614090919494629, 0.059531450271606445 
628, 0.16059432923793793, 0.10985279083251953, 0.04766082763671875, 0.058371782302856445 
629, 0.1606099009513855, 0.1094210147857666, 0.04659461975097656, 0.05876445770263672 
630, 0.1606254130601883, 0.10976314544677734, 0.04702162742614746, 0.05870985984802246 
631, 0.16064104437828064, 0.10996341705322266, 0.047441720962524414, 0.0584104061126709 
632, 0.16065675020217896, 0.10929250717163086, 0.04662489891052246, 0.05838656425476074 
633, 0.16067250072956085, 0.1122140884399414, 0.04775190353393555, 0.06001162528991699 
634, 0.16068962216377258, 0.11248350143432617, 0.04753279685974121, 0.06060600280761719 
635, 0.16070833802223206, 0.11126208305358887, 0.04751253128051758, 0.05967211723327637 
636, 0.16072721779346466, 0.11190414428710938, 0.04759836196899414, 0.05973100662231445 
637, 0.16074608266353607, 0.11150312423706055, 0.04769611358642578, 0.0593106746673584 
638, 0.16076506674289703, 0.11205363273620605, 0.04756474494934082, 0.060208797454833984 
639, 0.16078421473503113, 0.11294937133789062, 0.048403263092041016, 0.06042051315307617 
640, 0.16080334782600403, 0.11231017112731934, 0.04794764518737793, 0.059828758239746094 
641, 0.16082240641117096, 0.11193013191223145, 0.047987937927246094, 0.05954742431640625 
642, 0.16084164381027222, 0.11981630325317383, 0.048277854919433594, 0.06645941734313965 
643, 0.16086091101169586, 0.11448073387145996, 0.05115985870361328, 0.05893969535827637 
644, 0.16088028252124786, 0.11073160171508789, 0.04789257049560547, 0.0587310791015625 
645, 0.16089963912963867, 0.11096310615539551, 0.04815959930419922, 0.05861544609069824 
646, 0.16091914474964142, 0.10972785949707031, 0.04711294174194336, 0.05825400352478027 
647, 0.16093865036964417, 0.11009478569030762, 0.04666471481323242, 0.05934309959411621 
648, 0.16095814108848572, 0.11004853248596191, 0.047659873962402344, 0.0584716796875 
649, 0.1609777808189392, 0.10887527465820312, 0.04720807075500488, 0.05768132209777832 
650, 0.16099736094474792, 0.11160492897033691, 0.04739546775817871, 0.059857845306396484 
651, 0.16101709008216858, 0.11039257049560547, 0.04688620567321777, 0.05890488624572754 
652, 0.16103681921958923, 0.11178970336914062, 0.04757547378540039, 0.05964016914367676 
653, 0.16105662286281586, 0.11107659339904785, 0.04741668701171875, 0.05910968780517578 
654, 0.16107645630836487, 0.10977935791015625, 0.048187971115112305, 0.05782508850097656 
655, 0.16109640896320343, 0.10735487937927246, 0.0465240478515625, 0.05705070495605469 
656, 0.16111645102500916, 0.10825300216674805, 0.04616689682006836, 0.05834054946899414 
657, 0.1611364185810089, 0.10952520370483398, 0.04752635955810547, 0.05777764320373535 
658, 0.1611563265323639, 0.10941743850708008, 0.046851158142089844, 0.05869770050048828 
659, 0.16117651760578156, 0.11092233657836914, 0.04681754112243652, 0.059618234634399414 
660, 0.1611967384815216, 0.11052608489990234, 0.047382354736328125, 0.05871152877807617 
661, 0.16121697425842285, 0.11235189437866211, 0.04730844497680664, 0.059751272201538086 
662, 0.16123706102371216, 0.11213326454162598, 0.048902034759521484, 0.05909442901611328 
663, 0.16125743091106415, 0.10941767692565918, 0.047025442123413086, 0.05816078186035156 
664, 0.16127769649028778, 0.11057734489440918, 0.04772138595581055, 0.058528900146484375 
665, 0.16129806637763977, 0.11234354972839355, 0.04767131805419922, 0.060294389724731445 
666, 0.16131854057312012, 0.11110424995422363, 0.04781150817871094, 0.05864596366882324 
667, 0.16133910417556763, 0.11043095588684082, 0.04722476005554199, 0.05871725082397461 
668, 0.16135960817337036, 0.11004948616027832, 0.04743146896362305, 0.05866861343383789 
669, 0.16138020157814026, 0.10899472236633301, 0.04673647880554199, 0.05848193168640137 
670, 0.16140083968639374, 0.10765314102172852, 0.04666709899902344, 0.05732154846191406 
671, 0.161421537399292, 0.10811424255371094, 0.04621744155883789, 0.058310747146606445 
672, 0.16144226491451263, 0.10935640335083008, 0.04662728309631348, 0.0586085319519043 
673, 0.16146299242973328, 0.11014699935913086, 0.04807734489440918, 0.058316946029663086 
674, 0.1614837944507599, 0.10892653465270996, 0.046283721923828125, 0.058200836181640625 
675, 0.16150471568107605, 0.1101069450378418, 0.047411203384399414, 0.058927297592163086 
676, 0.161525696516037, 0.10861587524414062, 0.047091007232666016, 0.05772233009338379 
677, 0.16154654324054718, 0.10741400718688965, 0.046103715896606445, 0.0571134090423584 
678, 0.1615675389766693, 0.11004400253295898, 0.04769420623779297, 0.05837273597717285 
679, 0.16158868372440338, 0.1100320816040039, 0.04748892784118652, 0.05839943885803223 
680, 0.1616097092628479, 0.10877323150634766, 0.04689931869506836, 0.05771279335021973 
681, 0.16163089871406555, 0.1107320785522461, 0.04922127723693848, 0.05757260322570801 
682, 0.16165205836296082, 0.10745978355407715, 0.04636430740356445, 0.05720162391662598 
683, 0.16167333722114563, 0.10710358619689941, 0.046317100524902344, 0.056838274002075195 
684, 0.16169460117816925, 0.10724759101867676, 0.04579615592956543, 0.05759072303771973 
685, 0.16171590983867645, 0.10839438438415527, 0.04639267921447754, 0.05816292762756348 
686, 0.16173726320266724, 0.10896086692810059, 0.04666543006896973, 0.05823063850402832 
687, 0.16175881028175354, 0.11064267158508301, 0.046900272369384766, 0.05934882164001465 
688, 0.1617801934480667, 0.11375260353088379, 0.04906892776489258, 0.0604705810546875 
689, 0.16180171072483063, 0.10966825485229492, 0.04685544967651367, 0.05867171287536621 
690, 0.16182324290275574, 0.10888981819152832, 0.046825408935546875, 0.05808424949645996 
691, 0.16184493899345398, 0.11131858825683594, 0.04719662666320801, 0.05994868278503418 
692, 0.16186641156673431, 0.10966634750366211, 0.04696345329284668, 0.05862092971801758 
693, 0.16188807785511017, 0.11038708686828613, 0.04772686958312988, 0.05860161781311035 
694, 0.161909818649292, 0.11188173294067383, 0.04800128936767578, 0.059331655502319336 
695, 0.16193149983882904, 0.11230230331420898, 0.047048091888427734, 0.06089520454406738 
696, 0.16195347905158997, 0.11157846450805664, 0.04830646514892578, 0.059267520904541016 
697, 0.16197523474693298, 0.11101269721984863, 0.048352718353271484, 0.05853390693664551 
698, 0.16199713945388794, 0.11136460304260254, 0.047477006912231445, 0.059044599533081055 
699, 0.16201913356781006, 0.11070132255554199, 0.04739499092102051, 0.05937647819519043 
700, 0.16204102337360382, 0.10972309112548828, 0.046663761138916016, 0.05863046646118164 
701, 0.16206315159797668, 0.11460447311401367, 0.04866838455200195, 0.06122303009033203 
702, 0.1620851457118988, 0.11179876327514648, 0.04820847511291504, 0.05937981605529785 
703, 0.16210725903511047, 0.11180806159973145, 0.048070430755615234, 0.05937647819519043 
704, 0.1621294766664505, 0.14827370643615723, 0.04831862449645996, 0.0606839656829834 
705, 0.16215169429779053, 0.11695671081542969, 0.052514076232910156, 0.060028076171875 
706, 0.1621738076210022, 0.11202764511108398, 0.04905581474304199, 0.0583648681640625 
707, 0.16219615936279297, 0.10984492301940918, 0.047760725021362305, 0.05810284614562988 
708, 0.16221846640110016, 0.10784912109375, 0.046193838119506836, 0.057817935943603516 
709, 0.16224077343940735, 0.10839438438415527, 0.046115875244140625, 0.05839848518371582 
710, 0.16226311028003693, 0.11011767387390137, 0.04727983474731445, 0.059139251708984375 
711, 0.16228556632995605, 0.1101837158203125, 0.048074960708618164, 0.05818653106689453 
712, 0.16230809688568115, 0.10945367813110352, 0.04698944091796875, 0.05849051475524902 
713, 0.16233056783676147, 0.11306333541870117, 0.04761838912963867, 0.06081104278564453 
714, 0.16235314309597015, 0.11297607421875, 0.04811286926269531, 0.06024599075317383 
715, 0.16237565875053406, 0.11166977882385254, 0.04824638366699219, 0.059348344802856445 
716, 0.1623983085155487, 0.11063981056213379, 0.047614336013793945, 0.05909848213195801 
717, 0.16242097318172455, 0.10903501510620117, 0.046163082122802734, 0.05837297439575195 
718, 0.1624436378479004, 0.11297297477722168, 0.04845142364501953, 0.060213565826416016 
719, 0.1624663770198822, 0.11125421524047852, 0.04703712463378906, 0.059253692626953125 
720, 0.16248933970928192, 0.11047148704528809, 0.04737091064453125, 0.05854988098144531 
721, 0.162511944770813, 0.10986852645874023, 0.04738569259643555, 0.058817386627197266 
722, 0.16253477334976196, 0.10846829414367676, 0.046473026275634766, 0.058202505111694336 
723, 0.1625576913356781, 0.10732483863830566, 0.045890092849731445, 0.057240962982177734 
724, 0.1625804901123047, 0.10965704917907715, 0.04724407196044922, 0.058512210845947266 
725, 0.16260355710983276, 0.10975432395935059, 0.04708266258239746, 0.05839133262634277 
726, 0.1626265048980713, 0.11022400856018066, 0.046849966049194336, 0.05929899215698242 
727, 0.16264936327934265, 0.11304688453674316, 0.04959702491760254, 0.058939218521118164 
728, 0.1626724898815155, 0.11205220222473145, 0.04839825630187988, 0.05939126014709473 
729, 0.16269567608833313, 0.11000466346740723, 0.04705929756164551, 0.05878448486328125 
730, 0.1627187430858612, 0.11054706573486328, 0.046845436096191406, 0.05981779098510742 
731, 0.16274181008338928, 0.11180853843688965, 0.04703235626220703, 0.060053348541259766 
732, 0.1627650111913681, 0.11265897750854492, 0.04833269119262695, 0.059248924255371094 
733, 0.16278833150863647, 0.11370277404785156, 0.04849505424499512, 0.06043529510498047 
734, 0.16281142830848694, 0.11285877227783203, 0.04886174201965332, 0.05937910079956055 
735, 0.1628347933292389, 0.11230993270874023, 0.04822564125061035, 0.059554100036621094 
736, 0.16285794973373413, 0.11160993576049805, 0.04771256446838379, 0.0594327449798584 
737, 0.1628812551498413, 0.11069011688232422, 0.048322200775146484, 0.05834507942199707 
738, 0.16290470957756042, 0.1094357967376709, 0.04700064659118652, 0.05820345878601074 
739, 0.16292810440063477, 0.11106753349304199, 0.0471951961517334, 0.05977058410644531 
740, 0.16295158863067627, 0.11050701141357422, 0.047873497009277344, 0.058746337890625 
741, 0.16297495365142822, 0.11098027229309082, 0.047516584396362305, 0.05909085273742676 
742, 0.16299843788146973, 0.11203932762145996, 0.048032522201538086, 0.05969691276550293 
743, 0.1630220115184784, 0.11074638366699219, 0.04778003692626953, 0.05884075164794922 
744, 0.1630454957485199, 0.10948777198791504, 0.047725677490234375, 0.05808544158935547 
745, 0.16306909918785095, 0.11244058609008789, 0.04694485664367676, 0.05900835990905762 
746, 0.16309262812137604, 0.11112260818481445, 0.0483393669128418, 0.05865597724914551 
747, 0.16311630606651306, 0.10975980758666992, 0.0476374626159668, 0.058194875717163086 
748, 0.16313987970352173, 0.11132311820983887, 0.04691600799560547, 0.05981302261352539 
749, 0.16316360235214233, 0.1111912727355957, 0.047635793685913086, 0.05965852737426758 
750, 0.1631871908903122, 0.11161470413208008, 0.04817366600036621, 0.058907508850097656 
751, 0.16321098804473877, 0.1094977855682373, 0.04727625846862793, 0.05824899673461914 
752, 0.163234680891037, 0.10866975784301758, 0.046802520751953125, 0.05787920951843262 
753, 0.1632584184408188, 0.10923266410827637, 0.04676508903503418, 0.05860590934753418 
754, 0.16328226029872894, 0.10959935188293457, 0.0471339225769043, 0.05871105194091797 
755, 0.1633061170578003, 0.11034727096557617, 0.04687762260437012, 0.05909299850463867 
756, 0.16332991421222687, 0.11527180671691895, 0.04875898361206055, 0.06168699264526367 
757, 0.16335372626781464, 0.11179733276367188, 0.0485079288482666, 0.0591578483581543 
758, 0.16337764263153076, 0.11066222190856934, 0.04771137237548828, 0.05841422080993652 
759, 0.16340157389640808, 0.1117548942565918, 0.0475926399230957, 0.05951547622680664 
760, 0.1634255349636078, 0.11209297180175781, 0.04810380935668945, 0.05944943428039551 
761, 0.16344937682151794, 0.11079788208007812, 0.04717659950256348, 0.05923604965209961 
762, 0.16347336769104004, 0.1128396987915039, 0.04750466346740723, 0.0606989860534668 
763, 0.16349732875823975, 0.11192989349365234, 0.04880404472351074, 0.059029579162597656 
764, 0.16352126002311707, 0.11140179634094238, 0.04731559753417969, 0.060018062591552734 
765, 0.16354532539844513, 0.1129150390625, 0.04809260368347168, 0.060857295989990234 
766, 0.16356943547725677, 0.11138224601745605, 0.04790043830871582, 0.0591428279876709 
767, 0.16359341144561768, 0.11293911933898926, 0.04874420166015625, 0.059884071350097656 
768, 0.16361749172210693, 0.11018753051757812, 0.04744672775268555, 0.05882692337036133 
769, 0.16364166140556335, 0.1106863021850586, 0.04723834991455078, 0.05925250053405762 
770, 0.16366571187973022, 0.11174368858337402, 0.04766345024108887, 0.05970883369445801 
771, 0.16368983685970306, 0.11208963394165039, 0.04837155342102051, 0.05970907211303711 
772, 0.1637139469385147, 0.1097404956817627, 0.047229766845703125, 0.05854654312133789 
773, 0.16373802721500397, 0.10980963706970215, 0.047206878662109375, 0.05848813056945801 
774, 0.1637621521949768, 0.11209917068481445, 0.047721147537231445, 0.05993485450744629 
775, 0.16378642618656158, 0.11149930953979492, 0.04780459403991699, 0.05913066864013672 
776, 0.16381055116653442, 0.1104438304901123, 0.047043800354003906, 0.05927753448486328 
777, 0.16383488476276398, 0.10955023765563965, 0.04761457443237305, 0.05822348594665527 
778, 0.16385897994041443, 0.10934066772460938, 0.04717206954956055, 0.05815434455871582 
779, 0.1638832539319992, 0.1077735424041748, 0.04620504379272461, 0.05749630928039551 
780, 0.1639074683189392, 0.10909724235534668, 0.047058820724487305, 0.058237552642822266 
781, 0.16393181681632996, 0.11682963371276855, 0.046473026275634766, 0.06608414649963379 
782, 0.16395597159862518, 0.11034727096557617, 0.04790019989013672, 0.05865836143493652 
783, 0.1639803647994995, 0.11107206344604492, 0.04742097854614258, 0.05961251258850098 
784, 0.16400465369224548, 0.10972833633422852, 0.047910451889038086, 0.057965993881225586 
785, 0.16402879357337952, 0.10932350158691406, 0.04722881317138672, 0.05788469314575195 
786, 0.1640533208847046, 0.11100125312805176, 0.04755806922912598, 0.05921649932861328 
787, 0.1640775501728058, 0.1112067699432373, 0.047261714935302734, 0.059339046478271484 
788, 0.16410186886787415, 0.11156630516052246, 0.04753303527832031, 0.05961894989013672 
789, 0.16412600874900818, 0.11120104789733887, 0.047667503356933594, 0.05953049659729004 
790, 0.1641504317522049, 0.11075639724731445, 0.047446489334106445, 0.058942317962646484 
791, 0.16417482495307922, 0.10939717292785645, 0.047509193420410156, 0.058063507080078125 
792, 0.16419917345046997, 0.10633087158203125, 0.04568028450012207, 0.05694913864135742 
793, 0.16422361135482788, 0.10635209083557129, 0.04525327682495117, 0.0572659969329834 
794, 0.16424788534641266, 0.10770034790039062, 0.04591178894042969, 0.05787968635559082 
795, 0.1642722189426422, 0.11558723449707031, 0.05132603645324707, 0.06041908264160156 
796, 0.16429656744003296, 0.10944819450378418, 0.04665994644165039, 0.0587613582611084 
797, 0.16432088613510132, 0.11301541328430176, 0.048122406005859375, 0.060211896896362305 
798, 0.16434532403945923, 0.10999464988708496, 0.04710960388183594, 0.05879545211791992 
799, 0.1643696427345276, 0.10939621925354004, 0.047327280044555664, 0.05817222595214844 
800, 0.16439415514469147, 0.10801529884338379, 0.04654264450073242, 0.057451486587524414 
801, 0.16441842913627625, 0.11053586006164551, 0.04712963104248047, 0.05881547927856445 
802, 0.164442777633667, 0.11018490791320801, 0.047850608825683594, 0.05819511413574219 
803, 0.16446715593338013, 0.11068892478942871, 0.04762554168701172, 0.05888032913208008 
804, 0.16449157893657684, 0.10996246337890625, 0.047400474548339844, 0.0584864616394043 
805, 0.16451594233512878, 0.10750603675842285, 0.04629182815551758, 0.05740761756896973 
806, 0.16454026103019714, 0.1076047420501709, 0.046114206314086914, 0.05765342712402344 
807, 0.16456478834152222, 0.10758328437805176, 0.04652142524719238, 0.05737566947937012 
808, 0.1645890474319458, 0.10846209526062012, 0.046410322189331055, 0.058342695236206055 
809, 0.16461333632469177, 0.1092979907989502, 0.04651832580566406, 0.05901455879211426 
810, 0.16463778913021088, 0.10834503173828125, 0.04633736610412598, 0.05772113800048828 
811, 0.16466213762760162, 0.11226630210876465, 0.04753923416137695, 0.06051182746887207 
812, 0.16468653082847595, 0.11091136932373047, 0.04792070388793945, 0.05895042419433594 
813, 0.1647108495235443, 0.1103212833404541, 0.04759573936462402, 0.05871272087097168 
814, 0.16473524272441864, 0.11157798767089844, 0.04732465744018555, 0.05960536003112793 
815, 0.1647595465183258, 0.11149740219116211, 0.04741549491882324, 0.059604644775390625 
816, 0.1647840142250061, 0.11097240447998047, 0.048013925552368164, 0.05906057357788086 
817, 0.16480830311775208, 0.1121971607208252, 0.04723381996154785, 0.06047511100769043 
818, 0.16483256220817566, 0.11212730407714844, 0.04889678955078125, 0.058983802795410156 
819, 0.16485542058944702, 0.10995030403137207, 0.04773235321044922, 0.05835390090942383 
820, 0.1648758053779602, 0.11156582832336426, 0.04703378677368164, 0.059792280197143555 
821, 0.16489607095718384, 0.11034822463989258, 0.046828508377075195, 0.059185028076171875 
822, 0.16491654515266418, 0.11070966720581055, 0.04781603813171387, 0.05869269371032715 
823, 0.16493681073188782, 0.11076164245605469, 0.046952247619628906, 0.059531450271606445 
824, 0.16495703160762787, 0.1134943962097168, 0.04833841323852539, 0.060753822326660156 
825, 0.16497725248336792, 0.11174798011779785, 0.04813814163208008, 0.059218645095825195 
826, 0.16499753296375275, 0.11389708518981934, 0.04831337928771973, 0.061194419860839844 
827, 0.16501793265342712, 0.11130475997924805, 0.04769158363342285, 0.05959320068359375 
828, 0.1650381088256836, 0.11071586608886719, 0.04695606231689453, 0.059305429458618164 
829, 0.1650584191083908, 0.1120457649230957, 0.04740285873413086, 0.06014275550842285 
830, 0.16507858037948608, 0.11117839813232422, 0.04752159118652344, 0.059591054916381836 
831, 0.16509869694709778, 0.11027932167053223, 0.04756760597229004, 0.05845808982849121 
832, 0.16511879861354828, 0.10966849327087402, 0.04661822319030762, 0.05918455123901367 
833, 0.16513903439044952, 0.11174249649047852, 0.04745197296142578, 0.060318946838378906 
834, 0.16515901684761047, 0.10955381393432617, 0.04673051834106445, 0.05898547172546387 
835, 0.16517898440361023, 0.10998010635375977, 0.047084808349609375, 0.0590512752532959 
836, 0.16519902646541595, 0.11058497428894043, 0.047597646713256836, 0.058840036392211914 
837, 0.16521896421909332, 0.10905885696411133, 0.04645562171936035, 0.05889773368835449 
838, 0.1652388572692871, 0.10906219482421875, 0.04616403579711914, 0.058748722076416016 
839, 0.16525866091251373, 0.11258149147033691, 0.04990053176879883, 0.058930158615112305 
840, 0.16527843475341797, 0.1092534065246582, 0.04635190963745117, 0.05906105041503906 
841, 0.16529832780361176, 0.1108555793762207, 0.04698324203491211, 0.059433937072753906 
842, 0.16531801223754883, 0.11415696144104004, 0.04961442947387695, 0.060280561447143555 
843, 0.16533774137496948, 0.11037683486938477, 0.04764389991760254, 0.058702707290649414 
844, 0.16535727679729462, 0.11001825332641602, 0.04736757278442383, 0.058350324630737305 
845, 0.1653769314289093, 0.11140823364257812, 0.04784440994262695, 0.05923056602478027 
846, 0.16539646685123444, 0.1085672378540039, 0.04640507698059082, 0.05851173400878906 
847, 0.1654159128665924, 0.10777640342712402, 0.04566597938537598, 0.05839228630065918 
848, 0.16543534398078918, 0.10889172554016113, 0.045649051666259766, 0.059302568435668945 
849, 0.16545480489730835, 0.1100161075592041, 0.047249794006347656, 0.05880570411682129 
850, 0.16547414660453796, 0.10940718650817871, 0.047318220138549805, 0.05829882621765137 
851, 0.16549347341060638, 0.11082792282104492, 0.04679512977600098, 0.059758901596069336 
852, 0.16551253199577332, 0.11134219169616699, 0.04752159118652344, 0.05960345268249512 
853, 0.16553176939487457, 0.11216115951538086, 0.048021554946899414, 0.0599062442779541 
854, 0.16555087268352509, 0.11009812355041504, 0.04773283004760742, 0.05845522880554199 
855, 0.1655699908733368, 0.1090853214263916, 0.04699373245239258, 0.058211326599121094 
856, 0.16558894515037537, 0.11048364639282227, 0.047231197357177734, 0.05920124053955078 
857, 0.1656079888343811, 0.11078405380249023, 0.047263145446777344, 0.059070587158203125 
858, 0.16562676429748535, 0.1100924015045166, 0.047756195068359375, 0.05865192413330078 
859, 0.1656455248594284, 0.11113333702087402, 0.04703021049499512, 0.059827566146850586 
860, 0.1656644642353058, 0.10846400260925293, 0.046956539154052734, 0.05768418312072754 
861, 0.16568301618099213, 0.10773444175720215, 0.04663872718811035, 0.057462453842163086 
862, 0.16570167243480682, 0.10701322555541992, 0.04626202583312988, 0.0570831298828125 
863, 0.16572031378746033, 0.10632610321044922, 0.04558420181274414, 0.0570833683013916 
864, 0.16573882102966309, 0.11015725135803223, 0.047041893005371094, 0.05921792984008789 
865, 0.16575723886489868, 0.10819363594055176, 0.04667806625366211, 0.05751371383666992 
866, 0.16577574610710144, 0.10967588424682617, 0.04721260070800781, 0.05860567092895508 
867, 0.16579410433769226, 0.10991263389587402, 0.0466768741607666, 0.05913734436035156 
868, 0.1658124327659607, 0.1099250316619873, 0.04763603210449219, 0.05849027633666992 
869, 0.1658305525779724, 0.11079740524291992, 0.04741024971008301, 0.05916619300842285 
870, 0.16584867238998413, 0.10910534858703613, 0.046384334564208984, 0.05814242362976074 
871, 0.16586673259735107, 0.11035919189453125, 0.046962738037109375, 0.05938982963562012 
872, 0.16588479280471802, 0.11105608940124512, 0.04742002487182617, 0.05922675132751465 
873, 0.1659027338027954, 0.11159706115722656, 0.04785633087158203, 0.05988931655883789 
874, 0.16592061519622803, 0.10950565338134766, 0.04679679870605469, 0.05867505073547363 
875, 0.16593840718269348, 0.10863542556762695, 0.04700136184692383, 0.057726383209228516 
876, 0.16595622897148132, 0.11025333404541016, 0.046886444091796875, 0.059041738510131836 
877, 0.165973961353302, 0.11148262023925781, 0.047937631607055664, 0.05925416946411133 
878, 0.16599148511886597, 0.11057591438293457, 0.04685831069946289, 0.059506893157958984 
879, 0.1660090684890747, 0.11347365379333496, 0.048540592193603516, 0.060599565505981445 
880, 0.1660265326499939, 0.11309337615966797, 0.04816436767578125, 0.06066465377807617 
881, 0.16604392230510712, 0.11213970184326172, 0.04753541946411133, 0.06023979187011719 
882, 0.16606128215789795, 0.11173105239868164, 0.04794931411743164, 0.059617042541503906 
883, 0.1660786122083664, 0.11285066604614258, 0.047284841537475586, 0.06099390983581543 
884, 0.1660958230495453, 0.11342644691467285, 0.04823184013366699, 0.06065249443054199 
885, 0.16611286997795105, 0.11462092399597168, 0.048087358474731445, 0.06231832504272461 
886, 0.1661299169063568, 0.11453390121459961, 0.04870271682739258, 0.0613100528717041 
887, 0.16614702343940735, 0.1128532886505127, 0.047837257385253906, 0.06043410301208496 
888, 0.166163831949234, 0.11333346366882324, 0.0480349063873291, 0.060948848724365234 
889, 0.16618159413337708, 0.11199712753295898, 0.04759812355041504, 0.06047391891479492 
890, 0.16621160507202148, 0.10952281951904297, 0.04708743095397949, 0.0585935115814209 
891, 0.1662236750125885, 0.11020040512084961, 0.046694278717041016, 0.059396982192993164 
892, 0.16623568534851074, 0.11092805862426758, 0.046861886978149414, 0.05998992919921875 
893, 0.16624775528907776, 0.11093401908874512, 0.0472264289855957, 0.05975198745727539 
894, 0.1662595123052597, 0.12170958518981934, 0.05564308166503906, 0.06188535690307617 
895, 0.16627125442028046, 0.11268043518066406, 0.0479280948638916, 0.06063246726989746 
896, 0.1662829965353012, 0.11199831962585449, 0.04732513427734375, 0.0599827766418457 
897, 0.1662946343421936, 0.11392354965209961, 0.04839277267456055, 0.06110668182373047 
898, 0.16630616784095764, 0.11346912384033203, 0.047965288162231445, 0.06104111671447754 
899, 0.16631755232810974, 0.1106870174407959, 0.04781007766723633, 0.05868983268737793 
900, 0.1663290113210678, 0.11199617385864258, 0.04738807678222656, 0.06056690216064453 
901, 0.16634038090705872, 0.11056399345397949, 0.04745006561279297, 0.05936264991760254 
902, 0.16635163128376007, 0.10935616493225098, 0.0465390682220459, 0.058973073959350586 
903, 0.16636285185813904, 0.11064839363098145, 0.04796266555786133, 0.058823585510253906 
904, 0.16637402772903442, 0.11344742774963379, 0.04794454574584961, 0.0613102912902832 
905, 0.16638505458831787, 0.11170530319213867, 0.048116445541381836, 0.05991411209106445 
906, 0.1663961410522461, 0.11334872245788574, 0.04804062843322754, 0.06074929237365723 
907, 0.16640710830688477, 0.11314105987548828, 0.047882795333862305, 0.060921669006347656 
908, 0.1664178967475891, 0.11414742469787598, 0.0485837459564209, 0.06147933006286621 
909, 0.1664288491010666, 0.11223125457763672, 0.048314571380615234, 0.05980229377746582 
910, 0.16643944382667542, 0.11069416999816895, 0.04765439033508301, 0.059061288833618164 
911, 0.16645023226737976, 0.11284208297729492, 0.047904253005981445, 0.060645341873168945 
912, 0.16646073758602142, 0.11392784118652344, 0.048056840896606445, 0.06148386001586914 
913, 0.1664714217185974, 0.11151695251464844, 0.04829835891723633, 0.05939435958862305 
914, 0.16648192703723907, 0.11335039138793945, 0.04818844795227051, 0.06038999557495117 
915, 0.16649234294891357, 0.1112980842590332, 0.04769396781921387, 0.0595707893371582 
916, 0.16650283336639404, 0.11042332649230957, 0.04745149612426758, 0.05916023254394531 
917, 0.16651317477226257, 0.11060690879821777, 0.04714488983154297, 0.05952811241149902 
918, 0.16652341187000275, 0.11152863502502441, 0.04759478569030762, 0.06014657020568848 
919, 0.16653355956077576, 0.11710858345031738, 0.04935097694396973, 0.06284427642822266 
920, 0.16654378175735474, 0.11454963684082031, 0.04921579360961914, 0.06110858917236328 
921, 0.166553795337677, 0.11651086807250977, 0.049535274505615234, 0.06215071678161621 
922, 0.16656383872032166, 0.11299943923950195, 0.04861736297607422, 0.06022000312805176 
923, 0.16657376289367676, 0.11234521865844727, 0.04834604263305664, 0.060228824615478516 
924, 0.16658379137516022, 0.11242532730102539, 0.047745704650878906, 0.06029081344604492 
925, 0.16659361124038696, 0.11391758918762207, 0.04894757270812988, 0.060558319091796875 
926, 0.1666034460067749, 0.11286640167236328, 0.04788327217102051, 0.060610294342041016 
927, 0.16661310195922852, 0.11505341529846191, 0.048139095306396484, 0.06213092803955078 
928, 0.1666228175163269, 0.11258316040039062, 0.04888653755187988, 0.059679269790649414 
929, 0.16663247346878052, 0.11201357841491699, 0.04781007766723633, 0.060242652893066406 
930, 0.1666419804096222, 0.11118459701538086, 0.047617435455322266, 0.05911731719970703 
931, 0.16665144264698029, 0.11342525482177734, 0.04798078536987305, 0.06107759475708008 
932, 0.16666093468666077, 0.11442232131958008, 0.04825997352600098, 0.06157350540161133 
933, 0.1666702926158905, 0.11416482925415039, 0.048513174057006836, 0.061232566833496094 
934, 0.1666795313358307, 0.11484169960021973, 0.04920625686645508, 0.060862064361572266 
935, 0.1666889786720276, 0.11681032180786133, 0.04942154884338379, 0.06298613548278809 
936, 0.16669806838035583, 0.11606073379516602, 0.04942965507507324, 0.06220722198486328 
937, 0.16670724749565125, 0.11467432975769043, 0.049193382263183594, 0.0609440803527832 
938, 0.16671635210514069, 0.11328482627868652, 0.04826664924621582, 0.0605623722076416 
939, 0.16672541201114655, 0.11571717262268066, 0.048880577087402344, 0.06213688850402832 
940, 0.16673430800437927, 0.1157674789428711, 0.04983091354370117, 0.061426401138305664 
941, 0.1667432188987732, 0.11866283416748047, 0.04808664321899414, 0.06115913391113281 
942, 0.16675212979316711, 0.12011504173278809, 0.05042123794555664, 0.06473565101623535 
943, 0.16676107048988342, 0.1163017749786377, 0.050408124923706055, 0.06150054931640625 
944, 0.16676974296569824, 0.11476731300354004, 0.04886794090270996, 0.06103706359863281 
945, 0.1667783260345459, 0.11417770385742188, 0.04845023155212402, 0.061217308044433594 
946, 0.16678695380687714, 0.11333870887756348, 0.04790377616882324, 0.061150312423706055 
947, 0.1667955368757248, 0.11725997924804688, 0.04924273490905762, 0.06367158889770508 
948, 0.16680407524108887, 0.12530279159545898, 0.049738168716430664, 0.07116031646728516 
949, 0.16681262850761414, 0.1163022518157959, 0.04921126365661621, 0.0616605281829834 
950, 0.16682103276252747, 0.11691784858703613, 0.049686431884765625, 0.062361955642700195 
951, 0.16682934761047363, 0.11498785018920898, 0.04939556121826172, 0.06127643585205078 
952, 0.1668376624584198, 0.11355042457580566, 0.04866838455200195, 0.06061267852783203 
953, 0.16684594750404358, 0.11507344245910645, 0.04839944839477539, 0.06178092956542969 
954, 0.1668541431427002, 0.11498117446899414, 0.049262285232543945, 0.06127619743347168 
955, 0.16686220467090607, 0.11432766914367676, 0.04853343963623047, 0.06095719337463379 
956, 0.16687020659446716, 0.11365199089050293, 0.04876208305358887, 0.060547590255737305 
957, 0.1668783724308014, 0.11795258522033691, 0.0486297607421875, 0.06504964828491211 
958, 0.16688624024391174, 0.11862301826477051, 0.05502653121948242, 0.05974292755126953 
959, 0.16689424216747284, 0.1128997802734375, 0.04866623878479004, 0.06016039848327637 
960, 0.16690205037593842, 0.11418437957763672, 0.049490928649902344, 0.06027650833129883 
961, 0.1669098287820816, 0.11275339126586914, 0.047911643981933594, 0.06075096130371094 
962, 0.16691765189170837, 0.11304783821105957, 0.04825758934020996, 0.060418128967285156 
963, 0.1669253706932068, 0.11474037170410156, 0.04913735389709473, 0.061155080795288086 
964, 0.16693302989006042, 0.11433672904968262, 0.049378156661987305, 0.0606536865234375 
965, 0.16694055497646332, 0.11248040199279785, 0.04819512367248535, 0.060217857360839844 
966, 0.1669481247663498, 0.11482882499694824, 0.04893779754638672, 0.061504364013671875 
967, 0.1669556200504303, 0.11475634574890137, 0.04885506629943848, 0.06086015701293945 
968, 0.16696301102638245, 0.11725139617919922, 0.049036502838134766, 0.0635976791381836 
969, 0.1669703722000122, 0.11531877517700195, 0.04895448684692383, 0.06147480010986328 
970, 0.1669776886701584, 0.11453390121459961, 0.04960322380065918, 0.060563087463378906 
971, 0.16698497533798218, 0.1142728328704834, 0.0489499568939209, 0.06114602088928223 
972, 0.16699223220348358, 0.11387205123901367, 0.048745155334472656, 0.06083345413208008 
973, 0.1669992208480835, 0.11164164543151855, 0.04778337478637695, 0.0594637393951416 
974, 0.16700640320777893, 0.11137843132019043, 0.04760241508483887, 0.059831857681274414 
975, 0.16701358556747437, 0.11235976219177246, 0.047568321228027344, 0.06055259704589844 
976, 0.1670205295085907, 0.11417579650878906, 0.04845023155212402, 0.06075429916381836 
977, 0.16702744364738464, 0.11320686340332031, 0.0480496883392334, 0.060431718826293945 
978, 0.1670343577861786, 0.1139974594116211, 0.048972368240356445, 0.06107687950134277 
979, 0.16704121232032776, 0.11137628555297852, 0.04771995544433594, 0.059435367584228516 
980, 0.16704800724983215, 0.11194157600402832, 0.04753279685974121, 0.059655189514160156 
981, 0.16705486178398132, 0.11471915245056152, 0.048868656158447266, 0.06099867820739746 
982, 0.16706150770187378, 0.11452531814575195, 0.048412322998046875, 0.061318397521972656 
983, 0.16706815361976624, 0.1133127212524414, 0.048302412033081055, 0.06047487258911133 
984, 0.16707484424114227, 0.11350607872009277, 0.048287153244018555, 0.06051039695739746 
985, 0.16708125174045563, 0.11376190185546875, 0.04846835136413574, 0.06142401695251465 
986, 0.16708770394325256, 0.10936379432678223, 0.04709672927856445, 0.0585026741027832 
987, 0.16709420084953308, 0.10947656631469727, 0.04697823524475098, 0.05862903594970703 
988, 0.1671006679534912, 0.11118340492248535, 0.047432899475097656, 0.05938315391540527 
989, 0.16710695624351501, 0.11060571670532227, 0.04683876037597656, 0.05953717231750488 
990, 0.1671133190393448, 0.11201310157775879, 0.04772520065307617, 0.06015205383300781 
991, 0.16711953282356262, 0.11499166488647461, 0.04908871650695801, 0.061177968978881836 
992, 0.16712576150894165, 0.11289000511169434, 0.04813718795776367, 0.06024622917175293 
993, 0.16713181138038635, 0.11355924606323242, 0.048285722732543945, 0.060990095138549805 
994, 0.16713795065879822, 0.11350393295288086, 0.04803657531738281, 0.061034440994262695 
995, 0.16714397072792053, 0.11437797546386719, 0.04924273490905762, 0.060851097106933594 
996, 0.16715008020401, 0.11471796035766602, 0.04863095283508301, 0.06122875213623047 
997, 0.16715596616268158, 0.11996006965637207, 0.05138349533081055, 0.06379461288452148 
998, 0.16716179251670837, 0.11532855033874512, 0.049863338470458984, 0.06097149848937988 
999, 0.16716763377189636, 0.11397242546081543, 0.04839348793029785, 0.06121373176574707 
