Iteration, loss, time 
0, 0.9696875810623169, 0.23096680641174316, 0.16730260848999023, 0.04850125312805176 
1, 0.9313398599624634, 0.09986758232116699, 0.04855012893676758, 0.04772210121154785 
2, 0.8939522504806519, 0.09624910354614258, 0.04452967643737793, 0.04815363883972168 
3, 0.8575654029846191, 0.09536552429199219, 0.04446554183959961, 0.047426700592041016 
4, 0.8222177028656006, 0.09486055374145508, 0.04362821578979492, 0.04777812957763672 
5, 0.7879422307014465, 0.0965280532836914, 0.044164180755615234, 0.04900527000427246 
6, 0.7547698616981506, 0.09674930572509766, 0.045053958892822266, 0.04837608337402344 
7, 0.722722053527832, 0.09541082382202148, 0.044133901596069336, 0.0479736328125 
8, 0.6918202042579651, 0.09587907791137695, 0.04438042640686035, 0.048120975494384766 
9, 0.6620761156082153, 0.09531617164611816, 0.04394102096557617, 0.04802513122558594 
10, 0.6335009336471558, 0.09490418434143066, 0.04372835159301758, 0.047850608825683594 
11, 0.6060961484909058, 0.09497737884521484, 0.044046640396118164, 0.04756617546081543 
12, 0.5798609256744385, 0.09456110000610352, 0.04370284080505371, 0.0475001335144043 
13, 0.5547887086868286, 0.09441637992858887, 0.0441436767578125, 0.04691791534423828 
14, 0.5308675765991211, 0.09547662734985352, 0.04407811164855957, 0.048006296157836914 
15, 0.5080824494361877, 0.09428071975708008, 0.04404306411743164, 0.046922922134399414 
16, 0.4864129424095154, 0.09422945976257324, 0.04329538345336914, 0.04761791229248047 
17, 0.4658348858356476, 0.09497451782226562, 0.044420719146728516, 0.04723978042602539 
18, 0.446321964263916, 0.0946798324584961, 0.04405522346496582, 0.047318458557128906 
19, 0.4278440475463867, 0.09473967552185059, 0.04370379447937012, 0.04769182205200195 
20, 0.41036808490753174, 0.09390783309936523, 0.04314470291137695, 0.04741501808166504 
21, 0.3938606083393097, 0.09444475173950195, 0.043387413024902344, 0.04769635200500488 
22, 0.3782837688922882, 0.09546375274658203, 0.04362154006958008, 0.0483858585357666 
23, 0.3636019229888916, 0.09476304054260254, 0.04413747787475586, 0.047295570373535156 
24, 0.349776029586792, 0.09492278099060059, 0.04401588439941406, 0.04755544662475586 
25, 0.33676719665527344, 0.0940999984741211, 0.04378223419189453, 0.04697227478027344 
26, 0.3245377242565155, 0.09475851058959961, 0.04359126091003418, 0.04777884483337402 
27, 0.3130476176738739, 0.09455442428588867, 0.043839454650878906, 0.04738140106201172 
28, 0.30225977301597595, 0.09502935409545898, 0.04432988166809082, 0.04730033874511719 
29, 0.2921360433101654, 0.0954127311706543, 0.04411196708679199, 0.04798102378845215 
30, 0.2826395630836487, 0.09532833099365234, 0.04409027099609375, 0.047818899154663086 
31, 0.273734986782074, 0.09436655044555664, 0.04410147666931152, 0.04694318771362305 
32, 0.2653876543045044, 0.09461355209350586, 0.04399275779724121, 0.047292470932006836 
33, 0.257563978433609, 0.09491634368896484, 0.04424905776977539, 0.04731583595275879 
34, 0.2502323389053345, 0.09604358673095703, 0.044655799865722656, 0.04793977737426758 
35, 0.24336197972297668, 0.09548544883728027, 0.04467916488647461, 0.047430992126464844 
36, 0.2369242012500763, 0.09614706039428711, 0.04423379898071289, 0.0485377311706543 
37, 0.23089063167572021, 0.0957784652709961, 0.04438924789428711, 0.047989845275878906 
38, 0.2252352237701416, 0.09513974189758301, 0.044181108474731445, 0.047395944595336914 
39, 0.21993331611156464, 0.09554696083068848, 0.044542789459228516, 0.04757189750671387 
40, 0.21496164798736572, 0.09414815902709961, 0.043866634368896484, 0.04682326316833496 
41, 0.21029773354530334, 0.09623050689697266, 0.04404711723327637, 0.04864954948425293 
42, 0.2059168815612793, 0.09923577308654785, 0.04497551918029785, 0.05082201957702637 
43, 0.20148122310638428, 0.09801006317138672, 0.044336557388305664, 0.05027318000793457 
44, 0.197330504655838, 0.09808206558227539, 0.0447077751159668, 0.0499112606048584 
45, 0.1934444010257721, 0.09798669815063477, 0.04468894004821777, 0.04973173141479492 
46, 0.1898043155670166, 0.09767723083496094, 0.04390096664428711, 0.04980039596557617 
47, 0.18639320135116577, 0.09938836097717285, 0.04520893096923828, 0.05055499076843262 
48, 0.18319515883922577, 0.09873223304748535, 0.04490399360656738, 0.050321102142333984 
49, 0.1801949143409729, 0.09770441055297852, 0.044791221618652344, 0.04946255683898926 
50, 0.1773790717124939, 0.09914970397949219, 0.04524064064025879, 0.05049705505371094 
51, 0.17473454773426056, 0.09797358512878418, 0.044847965240478516, 0.04977774620056152 
52, 0.17224948108196259, 0.09786391258239746, 0.0443577766418457, 0.0500943660736084 
53, 0.16991254687309265, 0.09877681732177734, 0.04514122009277344, 0.05020475387573242 
54, 0.1677139401435852, 0.09883356094360352, 0.04509401321411133, 0.050177574157714844 
55, 0.16564354300498962, 0.09966301918029785, 0.04563593864440918, 0.05063009262084961 
56, 0.1636929214000702, 0.09885215759277344, 0.04523587226867676, 0.050229787826538086 
57, 0.16185376048088074, 0.09805870056152344, 0.04517030715942383, 0.049544334411621094 
58, 0.16011860966682434, 0.09742045402526855, 0.04426240921020508, 0.04984474182128906 
59, 0.1584801971912384, 0.0967714786529541, 0.04364633560180664, 0.04975533485412598 
60, 0.15693187713623047, 0.09711647033691406, 0.044136762619018555, 0.049611568450927734 
61, 0.15546825528144836, 0.09773087501525879, 0.04411935806274414, 0.05031538009643555 
62, 0.15408289432525635, 0.09910082817077637, 0.044977664947509766, 0.05052757263183594 
63, 0.152866929769516, 0.10077285766601562, 0.04575991630554199, 0.051516056060791016 
64, 0.1517733484506607, 0.10020589828491211, 0.04542374610900879, 0.051280975341796875 
65, 0.15071538090705872, 0.09974265098571777, 0.04477357864379883, 0.051531076431274414 
66, 0.14923064410686493, 0.1005544662475586, 0.04540276527404785, 0.05164456367492676 
67, 0.14781561493873596, 0.09776115417480469, 0.04492688179016113, 0.04949164390563965 
68, 0.14646632969379425, 0.09708142280578613, 0.04353809356689453, 0.05020451545715332 
69, 0.1451791226863861, 0.09738492965698242, 0.04371190071105957, 0.05035042762756348 
70, 0.14395001530647278, 0.09752821922302246, 0.04374337196350098, 0.050342559814453125 
71, 0.14277595281600952, 0.09729838371276855, 0.044438838958740234, 0.0496068000793457 
72, 0.14153900742530823, 0.09646439552307129, 0.04328298568725586, 0.04989337921142578 
73, 0.13972178101539612, 0.09946346282958984, 0.0447392463684082, 0.05132007598876953 
74, 0.13798017799854279, 0.09810519218444824, 0.04420614242553711, 0.0505521297454834 
75, 0.13630984723567963, 0.09792184829711914, 0.0442042350769043, 0.05037856101989746 
76, 0.13470712304115295, 0.09742069244384766, 0.04398679733276367, 0.05008554458618164 
77, 0.13316819071769714, 0.09739208221435547, 0.043465614318847656, 0.05058789253234863 
78, 0.13168975710868835, 0.09797358512878418, 0.04418039321899414, 0.050351858139038086 
79, 0.13026878237724304, 0.09756660461425781, 0.04413151741027832, 0.050107479095458984 
80, 0.1288747489452362, 0.09809637069702148, 0.04422163963317871, 0.05056428909301758 
81, 0.12696880102157593, 0.09764266014099121, 0.0434572696685791, 0.050809621810913086 
82, 0.12512433528900146, 0.09836292266845703, 0.0438847541809082, 0.05108785629272461 
83, 0.12336043268442154, 0.09813642501831055, 0.043440818786621094, 0.05123734474182129 
84, 0.121695876121521, 0.09777474403381348, 0.04401993751525879, 0.0503692626953125 
85, 0.12008420377969742, 0.09759140014648438, 0.04355311393737793, 0.05064964294433594 
86, 0.11852341890335083, 0.09785270690917969, 0.04366159439086914, 0.05072498321533203 
87, 0.11701110750436783, 0.09884929656982422, 0.04447460174560547, 0.05098915100097656 
88, 0.11554515361785889, 0.09721851348876953, 0.043816566467285156, 0.050119638442993164 
89, 0.1141238585114479, 0.09731364250183105, 0.04332876205444336, 0.05060601234436035 
90, 0.11274523288011551, 0.09794449806213379, 0.04392552375793457, 0.050666093826293945 
91, 0.1114078089594841, 0.09804797172546387, 0.043979644775390625, 0.050662994384765625 
92, 0.11023914068937302, 0.09831976890563965, 0.04416179656982422, 0.050765037536621094 
93, 0.10918109118938446, 0.09805178642272949, 0.04390239715576172, 0.05078291893005371 
94, 0.1081579178571701, 0.09810400009155273, 0.04360175132751465, 0.05100870132446289 
95, 0.1071680411696434, 0.09915423393249512, 0.04474997520446777, 0.05106806755065918 
96, 0.10621064901351929, 0.09764695167541504, 0.04359006881713867, 0.050766706466674805 
97, 0.10528423637151718, 0.09838342666625977, 0.04373955726623535, 0.05127239227294922 
98, 0.10438796132802963, 0.09832215309143066, 0.04412102699279785, 0.05084085464477539 
99, 0.10352077335119247, 0.09856772422790527, 0.04418587684631348, 0.0510554313659668 
100, 0.10268174111843109, 0.09836292266845703, 0.04388999938964844, 0.05107569694519043 
101, 0.10186997801065445, 0.09906816482543945, 0.04407501220703125, 0.05168414115905762 
102, 0.10108468681573868, 0.09919404983520508, 0.04393720626831055, 0.051810503005981445 
103, 0.10032494366168976, 0.09829092025756836, 0.04430818557739258, 0.050633907318115234 
104, 0.09959030896425247, 0.09714961051940918, 0.04354524612426758, 0.05029177665710449 
105, 0.09887979179620743, 0.0979011058807373, 0.04357552528381348, 0.05097508430480957 
106, 0.0981927365064621, 0.09768390655517578, 0.043580055236816406, 0.05076432228088379 
107, 0.09752871841192245, 0.09891271591186523, 0.044017791748046875, 0.05152487754821777 
108, 0.09688680619001389, 0.10000991821289062, 0.04475569725036621, 0.05184745788574219 
109, 0.09626656770706177, 0.09879684448242188, 0.04403829574584961, 0.05134272575378418 
110, 0.09566745907068253, 0.09957480430603027, 0.04420971870422363, 0.051844120025634766 
111, 0.09508880972862244, 0.09992384910583496, 0.04503369331359863, 0.051526784896850586 
112, 0.0945453941822052, 0.10115933418273926, 0.04495573043823242, 0.052697181701660156 
113, 0.09407628327608109, 0.10134696960449219, 0.045069217681884766, 0.05243086814880371 
114, 0.09362487494945526, 0.09947586059570312, 0.04407358169555664, 0.05188441276550293 
115, 0.09319087862968445, 0.10038089752197266, 0.044393062591552734, 0.05250883102416992 
116, 0.0926760882139206, 0.10007214546203613, 0.04457592964172363, 0.052076101303100586 
117, 0.09197305887937546, 0.10019969940185547, 0.04394102096557617, 0.05275082588195801 
118, 0.09131543338298798, 0.10091805458068848, 0.04443764686584473, 0.05296659469604492 
119, 0.09067589044570923, 0.10041499137878418, 0.044998884201049805, 0.05199837684631348 
120, 0.0900539830327034, 0.10123014450073242, 0.04461932182312012, 0.05308079719543457 
121, 0.08944936841726303, 0.10019850730895996, 0.0448307991027832, 0.05197596549987793 
122, 0.08886141330003738, 0.0996854305267334, 0.04446244239807129, 0.05182933807373047 
123, 0.08828996866941452, 0.09886789321899414, 0.043837547302246094, 0.051552534103393555 
124, 0.08773449808359146, 0.09943199157714844, 0.044312477111816406, 0.051656484603881836 
125, 0.08719467371702194, 0.09886670112609863, 0.04385948181152344, 0.05162477493286133 
126, 0.08667006343603134, 0.10001301765441895, 0.04360151290893555, 0.052765846252441406 
127, 0.08616045117378235, 0.10404706001281738, 0.04635310173034668, 0.05404019355773926 
128, 0.08566539734601974, 0.10386085510253906, 0.045941829681396484, 0.054267168045043945 
129, 0.0851847305893898, 0.10307693481445312, 0.046321868896484375, 0.05319929122924805 
130, 0.08471798151731491, 0.1026759147644043, 0.04540085792541504, 0.053859710693359375 
131, 0.08426498621702194, 0.10299086570739746, 0.045641422271728516, 0.0538783073425293 
132, 0.08382531255483627, 0.1000363826751709, 0.04512357711791992, 0.05171847343444824 
133, 0.08339883387088776, 0.09950566291809082, 0.044083356857299805, 0.052173614501953125 
134, 0.08298508077859879, 0.09995484352111816, 0.04389381408691406, 0.052748680114746094 
135, 0.08258391916751862, 0.09836101531982422, 0.04366016387939453, 0.051435232162475586 
136, 0.0821949690580368, 0.09801745414733887, 0.043618202209472656, 0.05108237266540527 
137, 0.08181805163621902, 0.09892630577087402, 0.04406404495239258, 0.05148625373840332 
138, 0.08145273476839066, 0.09937739372253418, 0.044541358947753906, 0.05146193504333496 
139, 0.08100187033414841, 0.09849190711975098, 0.04367971420288086, 0.051393985748291016 
140, 0.0803128257393837, 0.09979867935180664, 0.044381141662597656, 0.0520172119140625 
141, 0.07975812256336212, 0.10069894790649414, 0.044934749603271484, 0.052349090576171875 
142, 0.07921670377254486, 0.10001230239868164, 0.04365682601928711, 0.05285811424255371 
143, 0.07868800312280655, 0.09946298599243164, 0.044237613677978516, 0.05183219909667969 
144, 0.0781717523932457, 0.09991097450256348, 0.04420042037963867, 0.05196642875671387 
145, 0.0776674672961235, 0.09964299201965332, 0.04455113410949707, 0.051729440689086914 
146, 0.07717683911323547, 0.09948325157165527, 0.04464316368103027, 0.051422119140625 
147, 0.07673312723636627, 0.09927248954772949, 0.04376578330993652, 0.05209064483642578 
148, 0.07629983872175217, 0.09992551803588867, 0.04487419128417969, 0.05171060562133789 
149, 0.07587667554616928, 0.09972429275512695, 0.04413557052612305, 0.05224871635437012 
150, 0.07546322047710419, 0.10076546669006348, 0.04451870918273926, 0.05291271209716797 
151, 0.07505925744771957, 0.09979510307312012, 0.04418230056762695, 0.05228567123413086 
152, 0.07466451078653336, 0.09982991218566895, 0.04394888877868652, 0.05245685577392578 
153, 0.07427874952554703, 0.09968805313110352, 0.043654680252075195, 0.052611351013183594 
154, 0.07390180975198746, 0.10018658638000488, 0.044525861740112305, 0.05228757858276367 
155, 0.07353344559669495, 0.09975767135620117, 0.04397320747375488, 0.05237007141113281 
156, 0.07317344844341278, 0.09940004348754883, 0.043982744216918945, 0.05198335647583008 
157, 0.07282178848981857, 0.09924507141113281, 0.04417753219604492, 0.05170011520385742 
158, 0.07247800379991531, 0.1011056900024414, 0.044617414474487305, 0.05314064025878906 
159, 0.07214226573705673, 0.09987926483154297, 0.04421687126159668, 0.05235576629638672 
160, 0.0718141570687294, 0.09945464134216309, 0.0439152717590332, 0.05210065841674805 
161, 0.0714937299489975, 0.09972429275512695, 0.043763160705566406, 0.05252504348754883 
162, 0.07118070125579834, 0.09969019889831543, 0.044281721115112305, 0.05204200744628906 
163, 0.07087509334087372, 0.09993839263916016, 0.04444289207458496, 0.05207347869873047 
164, 0.07057666778564453, 0.1004495620727539, 0.044147491455078125, 0.0528712272644043 
165, 0.07028526067733765, 0.10042524337768555, 0.04425859451293945, 0.052866458892822266 
166, 0.07000088691711426, 0.10033559799194336, 0.04440712928771973, 0.0527188777923584 
167, 0.06972335278987885, 0.09837174415588379, 0.04342222213745117, 0.05167508125305176 
168, 0.06945252418518066, 0.09930253028869629, 0.04389643669128418, 0.052231788635253906 
169, 0.06918836385011673, 0.09958982467651367, 0.04357004165649414, 0.05255556106567383 
170, 0.06893076747655869, 0.10132408142089844, 0.04480695724487305, 0.05296730995178223 
171, 0.0686795562505722, 0.10052013397216797, 0.04417848587036133, 0.052880287170410156 
172, 0.06843464076519012, 0.10201001167297363, 0.0450444221496582, 0.053510427474975586 
173, 0.06819598376750946, 0.10050034523010254, 0.044854164123535156, 0.05225729942321777 
174, 0.06796345114707947, 0.10153603553771973, 0.044776201248168945, 0.05329442024230957 
175, 0.06773687899112701, 0.10221624374389648, 0.045056819915771484, 0.05331301689147949 
176, 0.06751621514558792, 0.10152506828308105, 0.045384883880615234, 0.0527958869934082 
177, 0.06730135530233383, 0.10086798667907715, 0.043909311294555664, 0.05336785316467285 
178, 0.06709229946136475, 0.10164093971252441, 0.0446319580078125, 0.05345010757446289 
179, 0.06688881665468216, 0.10108137130737305, 0.044884443283081055, 0.0527186393737793 
180, 0.06669075787067413, 0.10281944274902344, 0.04517722129821777, 0.05411219596862793 
181, 0.06649823486804962, 0.10228919982910156, 0.04499197006225586, 0.05377483367919922 
182, 0.06631097197532654, 0.10256195068359375, 0.04545283317565918, 0.05353426933288574 
183, 0.06612897664308548, 0.10209345817565918, 0.0449368953704834, 0.05355548858642578 
184, 0.06586960703134537, 0.10210895538330078, 0.044667720794677734, 0.05396866798400879 
185, 0.06558217108249664, 0.10265374183654785, 0.04515814781188965, 0.054074764251708984 
186, 0.06530092656612396, 0.10098600387573242, 0.044545888900756836, 0.05301308631896973 
187, 0.06502560526132584, 0.10111570358276367, 0.044465065002441406, 0.05323672294616699 
188, 0.06475609540939331, 0.10243344306945801, 0.04501962661743164, 0.05384039878845215 
189, 0.06449127942323685, 0.10402250289916992, 0.04573321342468262, 0.054733991622924805 
190, 0.06419440358877182, 0.10353708267211914, 0.045395612716674805, 0.05467414855957031 
191, 0.06390279531478882, 0.10451936721801758, 0.04588770866394043, 0.05522441864013672 
192, 0.06361694633960724, 0.10426616668701172, 0.04580998420715332, 0.05490875244140625 
193, 0.0633368268609047, 0.1029362678527832, 0.04575634002685547, 0.05381608009338379 
194, 0.06306234747171402, 0.10163426399230957, 0.04453730583190918, 0.05373120307922363 
195, 0.06279334425926208, 0.10152244567871094, 0.0449676513671875, 0.053182125091552734 
196, 0.06252973526716232, 0.10129261016845703, 0.04476046562194824, 0.053212642669677734 
197, 0.06227153539657593, 0.10199284553527832, 0.0452115535736084, 0.05350375175476074 
198, 0.06201857328414917, 0.10126733779907227, 0.04455304145812988, 0.05340242385864258 
199, 0.06177076697349548, 0.10216760635375977, 0.04498863220214844, 0.05379462242126465 
200, 0.06152798980474472, 0.10180044174194336, 0.04473876953125, 0.05366778373718262 
201, 0.0612901896238327, 0.10157608985900879, 0.04469871520996094, 0.053460121154785156 
202, 0.061057157814502716, 0.1014096736907959, 0.04467034339904785, 0.053346872329711914 
203, 0.060828886926174164, 0.10098624229431152, 0.04467487335205078, 0.05292201042175293 
204, 0.060605309903621674, 0.1007843017578125, 0.04424285888671875, 0.05310511589050293 
205, 0.060386352241039276, 0.10191059112548828, 0.04544806480407715, 0.05319929122924805 
206, 0.06017189472913742, 0.10063886642456055, 0.04443645477294922, 0.053045034408569336 
207, 0.05996174365282059, 0.10138630867004395, 0.044473886489868164, 0.053502559661865234 
208, 0.05975591391324997, 0.10138773918151855, 0.044544219970703125, 0.05347776412963867 
209, 0.059554241597652435, 0.10146832466125488, 0.04434370994567871, 0.05374598503112793 
210, 0.059356674551963806, 0.10159778594970703, 0.04482245445251465, 0.053438663482666016 
211, 0.059162989258766174, 0.10153388977050781, 0.044531822204589844, 0.05368208885192871 
212, 0.05897311121225357, 0.10134243965148926, 0.04468488693237305, 0.05324816703796387 
213, 0.058786578476428986, 0.10144352912902832, 0.0448298454284668, 0.053354501724243164 
214, 0.05860285460948944, 0.10171389579772949, 0.0448763370513916, 0.0536501407623291 
215, 0.05842933803796768, 0.1015629768371582, 0.04470252990722656, 0.053466796875 
216, 0.058279700577259064, 0.1007843017578125, 0.0444643497467041, 0.05295372009277344 
217, 0.05813383311033249, 0.10132646560668945, 0.04434466361999512, 0.053589820861816406 
218, 0.05799148231744766, 0.10155320167541504, 0.044608354568481445, 0.05358386039733887 
219, 0.05785282701253891, 0.10226869583129883, 0.0449368953704834, 0.05389094352722168 
220, 0.057717546820640564, 0.10191226005554199, 0.04436826705932617, 0.05427742004394531 
221, 0.057585708796978, 0.10229372978210449, 0.04484820365905762, 0.05413031578063965 
222, 0.057457104325294495, 0.1011509895324707, 0.04456138610839844, 0.05322384834289551 
223, 0.057331763207912445, 0.10200214385986328, 0.04494071006774902, 0.05369162559509277 
224, 0.057209357619285583, 0.10189342498779297, 0.04440927505493164, 0.05402350425720215 
225, 0.05709007382392883, 0.10207438468933105, 0.044783830642700195, 0.05385231971740723 
226, 0.05697380751371384, 0.10318779945373535, 0.04491996765136719, 0.054857492446899414 
227, 0.056859806180000305, 0.10174989700317383, 0.044840097427368164, 0.05361461639404297 
228, 0.056748636066913605, 0.10261750221252441, 0.045217275619506836, 0.054137229919433594 
229, 0.05664024502038956, 0.10146927833557129, 0.04443216323852539, 0.05388784408569336 
230, 0.056534722447395325, 0.10196137428283691, 0.04464435577392578, 0.05402994155883789 
231, 0.05643181502819061, 0.10360264778137207, 0.04539084434509277, 0.05480623245239258 
232, 0.0563315823674202, 0.1021430492401123, 0.04451131820678711, 0.05426526069641113 
233, 0.056233927607536316, 0.1033012866973877, 0.04539775848388672, 0.05454850196838379 
234, 0.05613873898983002, 0.10340619087219238, 0.045021772384643555, 0.054978132247924805 
235, 0.05604608356952667, 0.10416293144226074, 0.0451657772064209, 0.05552792549133301 
236, 0.05595577508211136, 0.10486602783203125, 0.046380043029785156, 0.055098533630371094 
237, 0.05586779862642288, 0.10328960418701172, 0.045560359954833984, 0.05444216728210449 
238, 0.05578218400478363, 0.10343265533447266, 0.04550027847290039, 0.05459451675415039 
239, 0.055698879063129425, 0.10389184951782227, 0.04576253890991211, 0.05482172966003418 
240, 0.05563056468963623, 0.10337042808532715, 0.04538702964782715, 0.05443739891052246 
241, 0.055610500276088715, 0.10337543487548828, 0.045137882232666016, 0.054622650146484375 
242, 0.055601634085178375, 0.1043710708618164, 0.04558968544006348, 0.05548095703125 
243, 0.0556124672293663, 0.1050572395324707, 0.045365095138549805, 0.056299686431884766 
244, 0.05561963468790054, 0.1054086685180664, 0.04590129852294922, 0.05601692199707031 
245, 0.05558709800243378, 0.10518741607666016, 0.04575705528259277, 0.055944204330444336 
246, 0.055509112775325775, 0.10496211051940918, 0.04516100883483887, 0.05637478828430176 
247, 0.05543331801891327, 0.10491752624511719, 0.04542088508605957, 0.05604267120361328 
248, 0.05535957217216492, 0.10413837432861328, 0.045017242431640625, 0.05564522743225098 
249, 0.055287785828113556, 0.1060800552368164, 0.045680999755859375, 0.05689835548400879 
250, 0.05521775782108307, 0.10712146759033203, 0.046372175216674805, 0.057152509689331055 
251, 0.05514134466648102, 0.10720181465148926, 0.04651021957397461, 0.0572206974029541 
252, 0.05506177246570587, 0.1061398983001709, 0.04636216163635254, 0.05633115768432617 
253, 0.054983898997306824, 0.10603904724121094, 0.045995235443115234, 0.056734323501586914 
254, 0.05490773171186447, 0.10342645645141602, 0.04464578628540039, 0.05554842948913574 
255, 0.054833121597766876, 0.10395193099975586, 0.045215606689453125, 0.055513858795166016 
256, 0.05476012080907822, 0.10421466827392578, 0.04502058029174805, 0.055600643157958984 
257, 0.05468861758708954, 0.10313224792480469, 0.044647216796875, 0.055138349533081055 
258, 0.054618559777736664, 0.10438060760498047, 0.0446932315826416, 0.05637049674987793 
259, 0.05454996973276138, 0.10503315925598145, 0.04537367820739746, 0.05620718002319336 
260, 0.05448269844055176, 0.10518407821655273, 0.04525923728942871, 0.05651974678039551 
261, 0.054416805505752563, 0.10435223579406738, 0.045157670974731445, 0.05580019950866699 
262, 0.054352015256881714, 0.1041865348815918, 0.04539036750793457, 0.05533266067504883 
263, 0.05428871512413025, 0.10403323173522949, 0.045340538024902344, 0.05533647537231445 
264, 0.05422649532556534, 0.10314464569091797, 0.0443875789642334, 0.05538654327392578 
265, 0.05416572839021683, 0.10392975807189941, 0.044603586196899414, 0.055953025817871094 
266, 0.05410604178905487, 0.10466361045837402, 0.04528021812438965, 0.055624961853027344 
267, 0.05404774844646454, 0.10396361351013184, 0.04507923126220703, 0.05552792549133301 
268, 0.05399111658334732, 0.10405564308166504, 0.04503631591796875, 0.05560469627380371 
269, 0.05393572896718979, 0.10400128364562988, 0.04512834548950195, 0.05549168586730957 
270, 0.05388152599334717, 0.10371851921081543, 0.044902801513671875, 0.05544567108154297 
271, 0.053828462958335876, 0.10393071174621582, 0.04508638381958008, 0.05543112754821777 
272, 0.053776815533638, 0.10418152809143066, 0.04532337188720703, 0.0555419921875 
273, 0.053726665675640106, 0.10494446754455566, 0.045775413513183594, 0.05589556694030762 
274, 0.053679220378398895, 0.10460662841796875, 0.04482078552246094, 0.056476593017578125 
275, 0.0536462664604187, 0.1041412353515625, 0.04493880271911621, 0.05592179298400879 
276, 0.05361562967300415, 0.10586166381835938, 0.04449748992919922, 0.057496070861816406 
277, 0.053585536777973175, 0.10713815689086914, 0.04626178741455078, 0.05759239196777344 
278, 0.05355600267648697, 0.10688996315002441, 0.0462336540222168, 0.057235002517700195 
279, 0.0535273551940918, 0.10798144340515137, 0.0465238094329834, 0.05808830261230469 
280, 0.05349953472614288, 0.10734033584594727, 0.04597759246826172, 0.057860612869262695 
281, 0.05347251147031784, 0.10607576370239258, 0.04606795310974121, 0.05669546127319336 
282, 0.053446248173713684, 0.10451054573059082, 0.04497575759887695, 0.056149959564208984 
283, 0.053420789539813995, 0.10443258285522461, 0.04510498046875, 0.05594992637634277 
284, 0.05339600890874863, 0.10480499267578125, 0.04531145095825195, 0.056116580963134766 
285, 0.05337182432413101, 0.10425758361816406, 0.04475903511047363, 0.05605173110961914 
286, 0.053348392248153687, 0.10512375831604004, 0.04570889472961426, 0.05605340003967285 
287, 0.05332572013139725, 0.10438895225524902, 0.045426130294799805, 0.05556130409240723 
288, 0.053303688764572144, 0.1043391227722168, 0.045594215393066406, 0.05540633201599121 
289, 0.05328236520290375, 0.10365557670593262, 0.04462862014770508, 0.055710554122924805 
290, 0.05326170474290848, 0.10561418533325195, 0.04549765586853027, 0.056664228439331055 
291, 0.0532417818903923, 0.10566568374633789, 0.045949459075927734, 0.05620598793029785 
292, 0.053222835063934326, 0.10497689247131348, 0.04551959037780762, 0.05603384971618652 
293, 0.05320636183023453, 0.10611438751220703, 0.0458683967590332, 0.05684232711791992 
294, 0.053263820707798004, 0.10618734359741211, 0.04581785202026367, 0.05693316459655762 
295, 0.05331934243440628, 0.10694074630737305, 0.045758962631225586, 0.05772519111633301 
296, 0.05337510257959366, 0.10677218437194824, 0.04595303535461426, 0.057363033294677734 
297, 0.053430989384651184, 0.10950708389282227, 0.04757523536682129, 0.05844926834106445 
298, 0.05348709970712662, 0.1071929931640625, 0.04612922668457031, 0.057575225830078125 
299, 0.05354386568069458, 0.10551667213439941, 0.045821189880371094, 0.05607414245605469 
300, 0.05360090732574463, 0.10557341575622559, 0.04563570022583008, 0.05645632743835449 
301, 0.05365811288356781, 0.12399792671203613, 0.06301760673522949, 0.057678937911987305 
302, 0.05371556431055069, 0.1063089370727539, 0.04539680480957031, 0.05734825134277344 
303, 0.05377330631017685, 0.10703468322753906, 0.046250343322753906, 0.057283639907836914 
304, 0.053831279277801514, 0.10663676261901855, 0.046083688735961914, 0.05717182159423828 
305, 0.05388931930065155, 0.10502982139587402, 0.04572725296020508, 0.05585122108459473 
306, 0.053947463631629944, 0.10517191886901855, 0.04531383514404297, 0.05642390251159668 
307, 0.05400574952363968, 0.10685420036315918, 0.045187950134277344, 0.05818676948547363 
308, 0.05406421422958374, 0.10801982879638672, 0.046694278717041016, 0.057795047760009766 
309, 0.05412277579307556, 0.10768771171569824, 0.046558380126953125, 0.05774092674255371 
310, 0.05418151617050171, 0.11850905418395996, 0.05697035789489746, 0.05801892280578613 
311, 0.054240353405475616, 0.1077721118927002, 0.0462346076965332, 0.05818819999694824 
312, 0.054299332201480865, 0.10509848594665527, 0.045944929122924805, 0.05582094192504883 
313, 0.05435841530561447, 0.1228187084197998, 0.05798768997192383, 0.06132078170776367 
314, 0.054455794394016266, 0.11878681182861328, 0.05877351760864258, 0.056632280349731445 
315, 0.05457121133804321, 0.10410594940185547, 0.04520988464355469, 0.0554201602935791 
316, 0.05468704551458359, 0.10471439361572266, 0.04524493217468262, 0.05613875389099121 
317, 0.05480308085680008, 0.1063070297241211, 0.045412302017211914, 0.057498931884765625 
318, 0.05491919815540314, 0.10588407516479492, 0.04605269432067871, 0.056516408920288086 
319, 0.05503536015748978, 0.10500383377075195, 0.045085906982421875, 0.05651259422302246 
320, 0.0551515594124794, 0.10551142692565918, 0.04542207717895508, 0.05669093132019043 
321, 0.055267639458179474, 0.10458683967590332, 0.045149803161621094, 0.05607748031616211 
322, 0.055383771657943726, 0.10503792762756348, 0.045465946197509766, 0.056233882904052734 
323, 0.05549972504377365, 0.10439276695251465, 0.0448760986328125, 0.05617809295654297 
324, 0.05561567097902298, 0.1048886775970459, 0.0449981689453125, 0.05657076835632324 
325, 0.05573149770498276, 0.1047518253326416, 0.0452275276184082, 0.05619502067565918 
326, 0.05584738403558731, 0.10431551933288574, 0.04513359069824219, 0.05588388442993164 
327, 0.05596306920051575, 0.10403752326965332, 0.04480695724487305, 0.0558316707611084 
328, 0.05607873946428299, 0.10348248481750488, 0.044643402099609375, 0.05545997619628906 
329, 0.05619422346353531, 0.10352635383605957, 0.04483795166015625, 0.0553433895111084 
330, 0.05630967766046524, 0.1043238639831543, 0.04506516456604004, 0.055882930755615234 
331, 0.05642572045326233, 0.1042933464050293, 0.04490089416503906, 0.056073665618896484 
332, 0.05654159188270569, 0.10551214218139648, 0.045348167419433594, 0.05689597129821777 
333, 0.05665726959705353, 0.10414671897888184, 0.044991254806518555, 0.0558009147644043 
334, 0.05677288770675659, 0.10416412353515625, 0.04476809501647949, 0.056028127670288086 
335, 0.05688823014497757, 0.10458517074584961, 0.0446317195892334, 0.05647706985473633 
336, 0.05700339376926422, 0.1043097972869873, 0.044664621353149414, 0.056238651275634766 
337, 0.05711846798658371, 0.10511064529418945, 0.04521822929382324, 0.056513071060180664 
338, 0.057233259081840515, 0.10445475578308105, 0.044812917709350586, 0.056264400482177734 
339, 0.05734797567129135, 0.10520052909851074, 0.04496359825134277, 0.05681157112121582 
340, 0.057462453842163086, 0.1038665771484375, 0.045223236083984375, 0.0553593635559082 
341, 0.057576701045036316, 0.10356736183166504, 0.04442787170410156, 0.05586433410644531 
342, 0.05769070237874985, 0.10450124740600586, 0.044985294342041016, 0.056160688400268555 
343, 0.05780434608459473, 0.10498905181884766, 0.045545339584350586, 0.05611705780029297 
344, 0.05791705846786499, 0.10401010513305664, 0.045196533203125, 0.055498361587524414 
345, 0.05802099406719208, 0.10416913032531738, 0.04459047317504883, 0.055761098861694336 
346, 0.05812203139066696, 0.10390949249267578, 0.04459643363952637, 0.0559537410736084 
347, 0.058222994208335876, 0.10540246963500977, 0.045717477798461914, 0.056394100189208984 
348, 0.05832362920045853, 0.10543990135192871, 0.0453641414642334, 0.05667448043823242 
349, 0.05842409282922745, 0.10485386848449707, 0.04541945457458496, 0.05603623390197754 
350, 0.0585244819521904, 0.10527181625366211, 0.04548025131225586, 0.05646204948425293 
351, 0.05862468481063843, 0.10535883903503418, 0.04549407958984375, 0.05626678466796875 
352, 0.058724723756313324, 0.10516190528869629, 0.045127153396606445, 0.056542158126831055 
353, 0.058824606239795685, 0.10605669021606445, 0.0460202693939209, 0.056586503982543945 
354, 0.05892465263605118, 0.10813283920288086, 0.046077728271484375, 0.058646440505981445 
355, 0.059034526348114014, 0.10663318634033203, 0.04558396339416504, 0.05748176574707031 
356, 0.05914293974637985, 0.10674333572387695, 0.046338796615600586, 0.05691170692443848 
357, 0.05925124138593674, 0.1097726821899414, 0.04581046104431152, 0.06050276756286621 
358, 0.059359170496463776, 0.1066429615020752, 0.04602551460266113, 0.05718421936035156 
359, 0.05946692079305649, 0.10605359077453613, 0.04583334922790527, 0.0568537712097168 
360, 0.0595744252204895, 0.10601806640625, 0.045152902603149414, 0.05747342109680176 
361, 0.05968184769153595, 0.10583710670471191, 0.04522132873535156, 0.057050466537475586 
362, 0.05978970229625702, 0.10702133178710938, 0.046097755432128906, 0.057525634765625 
363, 0.059897586703300476, 0.10608243942260742, 0.0457918643951416, 0.05686235427856445 
364, 0.06000538170337677, 0.10529732704162598, 0.04517865180969238, 0.056726694107055664 
365, 0.06011299788951874, 0.1051180362701416, 0.04477715492248535, 0.05687832832336426 
366, 0.060220472514629364, 0.10744595527648926, 0.04607558250427246, 0.057808637619018555 
367, 0.06032795459032059, 0.10741496086120605, 0.04593038558959961, 0.057866811752319336 
368, 0.06043511629104614, 0.10761308670043945, 0.04610610008239746, 0.05806732177734375 
369, 0.060542285442352295, 0.1076664924621582, 0.04597616195678711, 0.058271169662475586 
370, 0.06064938008785248, 0.10697579383850098, 0.0457916259765625, 0.057854413986206055 
371, 0.06075621396303177, 0.10422205924987793, 0.04456520080566406, 0.05632376670837402 
372, 0.06086304038763046, 0.10518169403076172, 0.045130014419555664, 0.0566716194152832 
373, 0.0609697550535202, 0.10351753234863281, 0.04422879219055176, 0.055898189544677734 
374, 0.06107629835605621, 0.10418033599853516, 0.04437112808227539, 0.05647778511047363 
375, 0.061182789504528046, 0.1047358512878418, 0.04457736015319824, 0.05667829513549805 
376, 0.06128917634487152, 0.13425469398498535, 0.045148372650146484, 0.08577799797058105 
377, 0.06139542907476425, 0.10544347763061523, 0.04499506950378418, 0.057108163833618164 
378, 0.06150159239768982, 0.10443329811096191, 0.044985055923461914, 0.05611538887023926 
379, 0.06160765886306763, 0.10398554801940918, 0.04434967041015625, 0.056359291076660156 
380, 0.06171349436044693, 0.1045389175415039, 0.04478025436401367, 0.05643415451049805 
381, 0.06181924790143967, 0.10401606559753418, 0.04457998275756836, 0.05617046356201172 
382, 0.06192495673894882, 0.1041719913482666, 0.04465746879577637, 0.056146860122680664 
383, 0.06203048676252365, 0.10479974746704102, 0.045110225677490234, 0.056242942810058594 
384, 0.062135905027389526, 0.10443949699401855, 0.04532146453857422, 0.05588650703430176 
385, 0.06224121153354645, 0.10423922538757324, 0.044907569885253906, 0.05607771873474121 
386, 0.062346406280994415, 0.10493588447570801, 0.04520606994628906, 0.05644631385803223 
387, 0.06244569271802902, 0.1047523021697998, 0.044802188873291016, 0.056520938873291016 
388, 0.06253805011510849, 0.10422873497009277, 0.04482078552246094, 0.0560915470123291 
389, 0.06262850016355515, 0.10442423820495605, 0.04467368125915527, 0.056378841400146484 
390, 0.06271886825561523, 0.10455846786499023, 0.0449674129486084, 0.0562593936920166 
391, 0.06280939280986786, 0.10532808303833008, 0.04475212097167969, 0.05730032920837402 
392, 0.06289982795715332, 0.10429763793945312, 0.04460573196411133, 0.056348323822021484 
393, 0.06299018859863281, 0.10447192192077637, 0.044629812240600586, 0.05645275115966797 
394, 0.06308035552501678, 0.10448431968688965, 0.04486441612243652, 0.05616283416748047 
395, 0.0631706491112709, 0.10486245155334473, 0.04507851600646973, 0.056371450424194336 
396, 0.0632607713341713, 0.10485959053039551, 0.04469466209411621, 0.056792259216308594 
397, 0.06335078179836273, 0.10520267486572266, 0.04466748237609863, 0.05703544616699219 
398, 0.06344074755907059, 0.10433363914489746, 0.04437112808227539, 0.056488990783691406 
399, 0.06353068351745605, 0.10459780693054199, 0.04514360427856445, 0.05616116523742676 
400, 0.06362048536539078, 0.10425758361816406, 0.04449868202209473, 0.05639171600341797 
401, 0.06371011584997177, 0.10440349578857422, 0.044339895248413086, 0.0567018985748291 
402, 0.06379970908164978, 0.10450363159179688, 0.04471397399902344, 0.05637860298156738 
403, 0.06388919800519943, 0.10449433326721191, 0.045056819915771484, 0.05600142478942871 
404, 0.06397856026887894, 0.10392045974731445, 0.044081687927246094, 0.05644655227661133 
405, 0.06406791508197784, 0.1039118766784668, 0.04456186294555664, 0.055882930755615234 
406, 0.06415713578462601, 0.1043846607208252, 0.04484748840332031, 0.05606341361999512 
407, 0.06424621492624283, 0.10593247413635254, 0.0450596809387207, 0.057392120361328125 
408, 0.06433522701263428, 0.10544514656066895, 0.04529094696044922, 0.05673694610595703 
409, 0.06442401558160782, 0.10551714897155762, 0.04533195495605469, 0.05669355392456055 
410, 0.06451280415058136, 0.10545754432678223, 0.045578956604003906, 0.056500911712646484 
411, 0.06460148841142654, 0.10547256469726562, 0.04488682746887207, 0.05707383155822754 
412, 0.06468997895717621, 0.10600733757019043, 0.045604705810546875, 0.0569920539855957 
413, 0.06477849185466766, 0.10661745071411133, 0.04595685005187988, 0.057233333587646484 
414, 0.06486672163009644, 0.10558176040649414, 0.04459261894226074, 0.05738520622253418 
415, 0.06495493650436401, 0.10575485229492188, 0.04487109184265137, 0.05748558044433594 
416, 0.06504307687282562, 0.10517692565917969, 0.04503965377807617, 0.056765079498291016 
417, 0.06513097137212753, 0.10521054267883301, 0.044962167739868164, 0.05686521530151367 
418, 0.06521888822317123, 0.1056222915649414, 0.04523205757141113, 0.05702495574951172 
419, 0.0653066486120224, 0.10518598556518555, 0.04467320442199707, 0.0571138858795166 
420, 0.06539426743984222, 0.10789752006530762, 0.045491933822631836, 0.05885958671569824 
421, 0.06548190116882324, 0.10892057418823242, 0.046471357345581055, 0.058836936950683594 
422, 0.0655694305896759, 0.10791373252868652, 0.045943260192871094, 0.0585474967956543 
423, 0.06565763056278229, 0.10661602020263672, 0.04486823081970215, 0.058312177658081055 
424, 0.06574609875679016, 0.10805845260620117, 0.046013593673706055, 0.058623552322387695 
425, 0.06583444774150848, 0.10809588432312012, 0.04621767997741699, 0.05846905708312988 
426, 0.06592259556055069, 0.10784602165222168, 0.04572296142578125, 0.05819225311279297 
427, 0.06601070612668991, 0.10809326171875, 0.04598093032836914, 0.058657169342041016 
428, 0.06609874218702316, 0.1075594425201416, 0.04616045951843262, 0.05787920951843262 
429, 0.0661865621805191, 0.10511112213134766, 0.04524683952331543, 0.05655527114868164 
430, 0.06627427041530609, 0.10400056838989258, 0.0442202091217041, 0.05646371841430664 
431, 0.06636185944080353, 0.10342121124267578, 0.04411435127258301, 0.055928945541381836 
432, 0.06644938886165619, 0.10364556312561035, 0.04446291923522949, 0.05586695671081543 
433, 0.06653671711683273, 0.10468769073486328, 0.045005083084106445, 0.05634474754333496 
434, 0.06662404537200928, 0.10538697242736816, 0.04466962814331055, 0.05733942985534668 
435, 0.06671111285686493, 0.1050560474395752, 0.04480457305908203, 0.05692648887634277 
436, 0.06679816544055939, 0.1046600341796875, 0.04458761215209961, 0.05628800392150879 
437, 0.06688503921031952, 0.10479927062988281, 0.04493212699890137, 0.056584835052490234 
438, 0.06697184592485428, 0.1034400463104248, 0.04407787322998047, 0.056075334548950195 
439, 0.06705845892429352, 0.10390138626098633, 0.04439520835876465, 0.05626559257507324 
440, 0.06714504212141037, 0.10381031036376953, 0.04459047317504883, 0.05604696273803711 
441, 0.06723147630691528, 0.10469961166381836, 0.04447007179260254, 0.05686616897583008 
442, 0.06731774657964706, 0.10343313217163086, 0.04434347152709961, 0.05585074424743652 
443, 0.06740391254425049, 0.10417032241821289, 0.044307708740234375, 0.05648064613342285 
444, 0.06748995929956436, 0.10407233238220215, 0.0443267822265625, 0.056318044662475586 
445, 0.06757592409849167, 0.1043555736541748, 0.04460406303405762, 0.05638861656188965 
446, 0.06766174733638763, 0.10395288467407227, 0.04450249671936035, 0.05579042434692383 
447, 0.06774747371673584, 0.1039133071899414, 0.04423666000366211, 0.05639910697937012 
448, 0.06783302873373032, 0.10379505157470703, 0.04440188407897949, 0.05605483055114746 
449, 0.06791844964027405, 0.10361576080322266, 0.044738054275512695, 0.05565929412841797 
450, 0.0680038183927536, 0.1041417121887207, 0.04487943649291992, 0.056029319763183594 
451, 0.06808900833129883, 0.10329937934875488, 0.043900251388549805, 0.05607748031616211 
452, 0.06817404925823212, 0.10336136817932129, 0.04428434371948242, 0.055860042572021484 
453, 0.06825899332761765, 0.10264277458190918, 0.043794870376586914, 0.055535078048706055 
454, 0.0683438703417778, 0.1033926010131836, 0.04384803771972656, 0.05623269081115723 
455, 0.06842869520187378, 0.10394811630249023, 0.04461407661437988, 0.056031227111816406 
456, 0.06851325184106827, 0.10443258285522461, 0.04516887664794922, 0.05591917037963867 
457, 0.06859773397445679, 0.10390114784240723, 0.04445838928222656, 0.056105613708496094 
458, 0.06868210434913635, 0.10360169410705566, 0.044310569763183594, 0.05585741996765137 
459, 0.06876637786626816, 0.10351443290710449, 0.04421663284301758, 0.05593085289001465 
460, 0.06885049492120743, 0.10379552841186523, 0.044153690338134766, 0.05623602867126465 
461, 0.06893447786569595, 0.10483551025390625, 0.04457688331604004, 0.056761980056762695 
462, 0.0690184012055397, 0.10434746742248535, 0.0449678897857666, 0.05594968795776367 
463, 0.06910218298435211, 0.1040349006652832, 0.04514575004577637, 0.05554461479187012 
464, 0.06918589025735855, 0.10334157943725586, 0.04393291473388672, 0.056024789810180664 
465, 0.06926945596933365, 0.10383009910583496, 0.04466128349304199, 0.055763959884643555 
466, 0.0693529024720192, 0.10504317283630371, 0.044928550720214844, 0.05671882629394531 
467, 0.0694362074136734, 0.10465240478515625, 0.04470181465148926, 0.056626081466674805 
468, 0.06951940804719925, 0.10497140884399414, 0.04462766647338867, 0.05694246292114258 
469, 0.06960277259349823, 0.10605311393737793, 0.045139312744140625, 0.0573575496673584 
470, 0.06970538198947906, 0.10740280151367188, 0.04594278335571289, 0.057806968688964844 
471, 0.06980885565280914, 0.10747551918029785, 0.04541754722595215, 0.05828452110290527 
472, 0.06991219520568848, 0.10682940483093262, 0.04550933837890625, 0.057822465896606445 
473, 0.07001526653766632, 0.10651445388793945, 0.045259952545166016, 0.05761551856994629 
474, 0.070114865899086, 0.10670065879821777, 0.04532957077026367, 0.05759382247924805 
475, 0.07021433860063553, 0.10640144348144531, 0.04534554481506348, 0.057141780853271484 
476, 0.07031361013650894, 0.10678267478942871, 0.04602313041687012, 0.05711722373962402 
477, 0.07041267305612564, 0.10590839385986328, 0.04550480842590332, 0.05706381797790527 
478, 0.07051153481006622, 0.10566496849060059, 0.04465937614440918, 0.05748701095581055 
479, 0.07061028480529785, 0.10583925247192383, 0.045615196228027344, 0.05687212944030762 
480, 0.0707087367773056, 0.10576128959655762, 0.0454096794128418, 0.05697035789489746 
481, 0.07080703973770142, 0.10506772994995117, 0.04523515701293945, 0.056464195251464844 
482, 0.07090510427951813, 0.1044926643371582, 0.044660091400146484, 0.056466102600097656 
483, 0.0710030347108841, 0.10453343391418457, 0.04483771324157715, 0.05635643005371094 
484, 0.0711006447672844, 0.10643386840820312, 0.04507732391357422, 0.05781269073486328 
485, 0.07119809091091156, 0.10652589797973633, 0.04552507400512695, 0.05752420425415039 
486, 0.07129524648189545, 0.10648488998413086, 0.04539084434509277, 0.05762791633605957 
487, 0.07139226794242859, 0.10666060447692871, 0.04564833641052246, 0.057593584060668945 
488, 0.07148902118206024, 0.10663819313049316, 0.04550576210021973, 0.057770729064941406 
489, 0.07158560305833817, 0.10402607917785645, 0.04471087455749512, 0.05600571632385254 
490, 0.07168195396661758, 0.1043694019317627, 0.04472088813781738, 0.056334495544433594 
491, 0.07177801430225372, 0.10425806045532227, 0.04459810256958008, 0.05627131462097168 
492, 0.07187382876873016, 0.10332655906677246, 0.044271230697631836, 0.05568981170654297 
493, 0.07196944952011108, 0.10356736183166504, 0.044292449951171875, 0.05594277381896973 
494, 0.0720648244023323, 0.10448718070983887, 0.044417381286621094, 0.05663442611694336 
495, 0.07216000556945801, 0.10446000099182129, 0.04506659507751465, 0.05604195594787598 
496, 0.07225487381219864, 0.10418319702148438, 0.044933319091796875, 0.055895090103149414 
497, 0.07234951108694077, 0.1047050952911377, 0.04508352279663086, 0.05628156661987305 
498, 0.07244396954774857, 0.10576796531677246, 0.04459118843078613, 0.057099342346191406 
499, 0.07253814488649368, 0.1032562255859375, 0.04454445838928223, 0.05541276931762695 
500, 0.07263216376304626, 0.10360193252563477, 0.04389500617980957, 0.056294918060302734 
501, 0.07272584736347198, 0.10437822341918945, 0.044693708419799805, 0.056294918060302734 
502, 0.07281935960054398, 0.10338687896728516, 0.04432368278503418, 0.05565929412841797 
503, 0.07291263341903687, 0.10366106033325195, 0.044263601303100586, 0.05599331855773926 
504, 0.07300561666488647, 0.10455679893493652, 0.04479479789733887, 0.056421756744384766 
505, 0.07309840619564056, 0.10434198379516602, 0.04442429542541504, 0.056620121002197266 
506, 0.07319094985723495, 0.10386514663696289, 0.04477524757385254, 0.05568718910217285 
507, 0.07328323274850845, 0.10292363166809082, 0.04438161849975586, 0.05502486228942871 
508, 0.07337523996829987, 0.10347557067871094, 0.04424333572387695, 0.05573415756225586 
509, 0.07346711307764053, 0.10362720489501953, 0.044289350509643555, 0.055948734283447266 
510, 0.07355867326259613, 0.1034843921661377, 0.04477286338806152, 0.0553286075592041 
511, 0.07365001738071442, 0.10385942459106445, 0.0443577766418457, 0.05610823631286621 
512, 0.0737411230802536, 0.10441136360168457, 0.04465603828430176, 0.05628037452697754 
513, 0.0738319605588913, 0.1036679744720459, 0.04491114616394043, 0.05546092987060547 
514, 0.0739225447177887, 0.10337233543395996, 0.04385113716125488, 0.05612468719482422 
515, 0.07401297241449356, 0.10402083396911621, 0.04443550109863281, 0.05622744560241699 
516, 0.07410313934087753, 0.10348248481750488, 0.04409050941467285, 0.05598592758178711 
517, 0.07419299334287643, 0.10308146476745605, 0.04383134841918945, 0.055921077728271484 
518, 0.07428263127803802, 0.1035923957824707, 0.0439603328704834, 0.056231021881103516 
519, 0.0743720605969429, 0.13742709159851074, 0.04487919807434082, 0.06392526626586914 
520, 0.07446122914552689, 0.10429096221923828, 0.045502424240112305, 0.05543828010559082 
521, 0.07455021888017654, 0.10391092300415039, 0.044657230377197266, 0.05583357810974121 
522, 0.07463890314102173, 0.10354828834533691, 0.04414105415344238, 0.05601000785827637 
523, 0.07472733408212662, 0.10355758666992188, 0.04449772834777832, 0.0556950569152832 
524, 0.07481562346220016, 0.10407042503356934, 0.04462146759033203, 0.05608057975769043 
525, 0.07490357011556625, 0.10474681854248047, 0.044379472732543945, 0.05696725845336914 
526, 0.07499136030673981, 0.1056978702545166, 0.04516792297363281, 0.057006120681762695 
527, 0.07507888972759247, 0.10441803932189941, 0.044763803482055664, 0.05630779266357422 
528, 0.07516619563102722, 0.10483956336975098, 0.045000553131103516, 0.05646920204162598 
529, 0.0752532035112381, 0.10463285446166992, 0.044631004333496094, 0.05659794807434082 
530, 0.07533998787403107, 0.10563015937805176, 0.045182228088378906, 0.05706214904785156 
531, 0.07542668282985687, 0.1052241325378418, 0.045252323150634766, 0.05655050277709961 
532, 0.07551299035549164, 0.10472369194030762, 0.04470539093017578, 0.056531429290771484 
533, 0.0755990594625473, 0.10564446449279785, 0.04543113708496094, 0.05666184425354004 
534, 0.07568500190973282, 0.10503268241882324, 0.045442819595336914, 0.05581068992614746 
535, 0.07577064633369446, 0.1099700927734375, 0.049268484115600586, 0.05700421333312988 
536, 0.0758560448884964, 0.10572624206542969, 0.045324087142944336, 0.056612491607666016 
537, 0.07594122737646103, 0.10450124740600586, 0.044519662857055664, 0.05643630027770996 
538, 0.07602614164352417, 0.10592412948608398, 0.04549241065979004, 0.05698657035827637 
539, 0.07611091434955597, 0.10571813583374023, 0.0456843376159668, 0.056630849838256836 
540, 0.07619545608758926, 0.10525369644165039, 0.04506659507751465, 0.056685447692871094 
541, 0.07627972215414047, 0.10451245307922363, 0.04502058029174805, 0.05616307258605957 
542, 0.07636388391256332, 0.10358810424804688, 0.04404163360595703, 0.05617785453796387 
543, 0.07644759118556976, 0.10582828521728516, 0.04503440856933594, 0.05735945701599121 
544, 0.07653114944696426, 0.10670351982116699, 0.04528021812438965, 0.05801653861999512 
545, 0.07661459594964981, 0.10618329048156738, 0.045281171798706055, 0.057457923889160156 
546, 0.07669762521982193, 0.10614442825317383, 0.045426130294799805, 0.05722212791442871 
547, 0.07678057998418808, 0.10665750503540039, 0.04554581642150879, 0.0576167106628418 
548, 0.07686328887939453, 0.10367035865783691, 0.04502272605895996, 0.05537843704223633 
549, 0.0769457295536995, 0.10311675071716309, 0.04399871826171875, 0.055878639221191406 
550, 0.07702801376581192, 0.10280966758728027, 0.044059038162231445, 0.055443525314331055 
551, 0.07711007446050644, 0.10415458679199219, 0.0446476936340332, 0.05619525909423828 
552, 0.07719174772500992, 0.11824178695678711, 0.04400324821472168, 0.0706791877746582 
553, 0.0772734135389328, 0.10446381568908691, 0.044309377670288086, 0.05648469924926758 
554, 0.07735470682382584, 0.10465478897094727, 0.044760942459106445, 0.05620431900024414 
555, 0.07743588835000992, 0.10460543632507324, 0.04510831832885742, 0.05598950386047363 
556, 0.07751684635877609, 0.1042182445526123, 0.04452919960021973, 0.055791616439819336 
557, 0.0775974690914154, 0.10412836074829102, 0.0446467399597168, 0.05588793754577637 
558, 0.07767797261476517, 0.10334324836730957, 0.04436326026916504, 0.05547785758972168 
559, 0.07775826007127762, 0.10370230674743652, 0.044284820556640625, 0.05585122108459473 
560, 0.07783827930688858, 0.10353302955627441, 0.044434547424316406, 0.05552959442138672 
561, 0.0779181718826294, 0.1035757064819336, 0.044727325439453125, 0.055413007736206055 
562, 0.07799776643514633, 0.10403847694396973, 0.04531693458557129, 0.05538678169250488 
563, 0.07807718962430954, 0.10399222373962402, 0.04433941841125488, 0.056340932846069336 
564, 0.07815636694431305, 0.10300302505493164, 0.044345855712890625, 0.05530691146850586 
565, 0.07823532074689865, 0.10356569290161133, 0.04439568519592285, 0.05574989318847656 
566, 0.07831414043903351, 0.10890889167785645, 0.045013427734375, 0.058175086975097656 
567, 0.07839257270097733, 0.10639309883117676, 0.0457305908203125, 0.0571894645690918 
568, 0.07847104221582413, 0.11736106872558594, 0.045375823974609375, 0.06772089004516602 
569, 0.07854913920164108, 0.10653042793273926, 0.04577517509460449, 0.057199954986572266 
570, 0.0786270946264267, 0.10503315925598145, 0.04511380195617676, 0.056439876556396484 
571, 0.07870477437973022, 0.16662025451660156, 0.04895520210266113, 0.0615386962890625 
572, 0.0787823498249054, 0.11195015907287598, 0.051603078842163086, 0.05667471885681152 
573, 0.0788595974445343, 0.10441160202026367, 0.04447174072265625, 0.05637502670288086 
574, 0.07893678545951843, 0.10404372215270996, 0.044298648834228516, 0.056253671646118164 
575, 0.07901362329721451, 0.10472226142883301, 0.04411768913269043, 0.05710339546203613 
576, 0.07909037917852402, 0.10413360595703125, 0.04462313652038574, 0.05585765838623047 
577, 0.07916677743196487, 0.10420727729797363, 0.04432201385498047, 0.05644655227661133 
578, 0.07924313843250275, 0.10424923896789551, 0.04451298713684082, 0.056140899658203125 
579, 0.07931918650865555, 0.1049041748046875, 0.04471564292907715, 0.05660557746887207 
580, 0.0793951153755188, 0.1039133071899414, 0.04432821273803711, 0.05626249313354492 
581, 0.07947077602148056, 0.10434174537658691, 0.04417538642883301, 0.05674552917480469 
582, 0.07954626530408859, 0.10479092597961426, 0.04429340362548828, 0.05681014060974121 
583, 0.07962159812450409, 0.10481810569763184, 0.04440617561340332, 0.05688762664794922 
584, 0.07969677448272705, 0.1057429313659668, 0.0451512336730957, 0.0571446418762207 
585, 0.07977162301540375, 0.10508155822753906, 0.044465065002441406, 0.05707216262817383 
586, 0.0798463448882103, 0.10581612586975098, 0.0447545051574707, 0.05712723731994629 
587, 0.07992083579301834, 0.10511374473571777, 0.04463958740234375, 0.05687141418457031 
588, 0.07999517768621445, 0.10550689697265625, 0.044176578521728516, 0.057491302490234375 
589, 0.08006923645734787, 0.1068568229675293, 0.045228004455566406, 0.05790996551513672 
590, 0.08014319837093353, 0.10642027854919434, 0.04561662673950195, 0.05715298652648926 
591, 0.08021696656942368, 0.10651755332946777, 0.04518914222717285, 0.05777120590209961 
592, 0.08029051125049591, 0.10614967346191406, 0.04511666297912598, 0.05742979049682617 
593, 0.08036395162343979, 0.10599255561828613, 0.04501461982727051, 0.05706429481506348 
594, 0.08043711632490158, 0.12548303604125977, 0.04511451721191406, 0.061928749084472656 
595, 0.08051006495952606, 0.11733770370483398, 0.056611061096191406, 0.056967973709106445 
596, 0.0805828645825386, 0.10727906227111816, 0.045026302337646484, 0.05820798873901367 
597, 0.08065551519393921, 0.1062161922454834, 0.04531574249267578, 0.05712461471557617 
598, 0.0807279497385025, 0.1057729721069336, 0.04512596130371094, 0.05719637870788574 
599, 0.08080024272203445, 0.10541605949401855, 0.04454517364501953, 0.057161808013916016 
600, 0.08087234944105148, 0.10454010963439941, 0.04451179504394531, 0.056375741958618164 
601, 0.0809442326426506, 0.10611391067504883, 0.04452037811279297, 0.057909488677978516 
602, 0.08101595193147659, 0.10694098472595215, 0.04555177688598633, 0.05773043632507324 
603, 0.08108745515346527, 0.11310720443725586, 0.045621633529663086, 0.05803060531616211 
604, 0.0811588317155838, 0.10756731033325195, 0.0463559627532959, 0.05754399299621582 
605, 0.08122996240854263, 0.10729742050170898, 0.045552730560302734, 0.058060407638549805 
606, 0.08130098879337311, 0.10564637184143066, 0.045206546783447266, 0.05661725997924805 
607, 0.08137184381484985, 0.10401010513305664, 0.04429030418395996, 0.05633711814880371 
608, 0.08144249767065048, 0.10382413864135742, 0.04435443878173828, 0.05594325065612793 
609, 0.0815129354596138, 0.10427665710449219, 0.04421257972717285, 0.05643486976623535 
610, 0.08158329874277115, 0.10443496704101562, 0.04409646987915039, 0.056802988052368164 
611, 0.08165334165096283, 0.10494613647460938, 0.04439902305603027, 0.05678987503051758 
612, 0.08172333985567093, 0.1051781177520752, 0.044916629791259766, 0.05663275718688965 
613, 0.08179307729005814, 0.16298651695251465, 0.05084800720214844, 0.06924605369567871 
614, 0.08186277002096176, 0.11950135231018066, 0.05968308448791504, 0.056387901306152344 
615, 0.08193220943212509, 0.10416674613952637, 0.0442357063293457, 0.056169748306274414 
616, 0.08200149983167648, 0.10395216941833496, 0.04429340362548828, 0.05603742599487305 
617, 0.08207066357135773, 0.10425710678100586, 0.04490518569946289, 0.05574679374694824 
618, 0.08213954418897629, 0.10359382629394531, 0.04420876502990723, 0.05583500862121582 
619, 0.08220832794904709, 0.10353350639343262, 0.04421067237854004, 0.05573248863220215 
620, 0.08227687329053879, 0.10394787788391113, 0.04416012763977051, 0.056123971939086914 
621, 0.08234541863203049, 0.10381460189819336, 0.04457831382751465, 0.055788278579711914 
622, 0.0824136734008789, 0.10382819175720215, 0.04427981376647949, 0.05598878860473633 
623, 0.08248181641101837, 0.10349225997924805, 0.044536590576171875, 0.05561947822570801 
624, 0.0825498104095459, 0.10483026504516602, 0.044745683670043945, 0.05650067329406738 
625, 0.08261759579181671, 0.10361933708190918, 0.044133901596069336, 0.055828094482421875 
626, 0.08268521726131439, 0.10405945777893066, 0.04454755783081055, 0.05591940879821777 
627, 0.08275274932384491, 0.1040334701538086, 0.044481515884399414, 0.05589914321899414 
628, 0.08282004296779633, 0.10400247573852539, 0.04433107376098633, 0.056067705154418945 
629, 0.08288724720478058, 0.10378623008728027, 0.04456615447998047, 0.05560922622680664 
630, 0.08295422047376633, 0.10403227806091309, 0.04476809501647949, 0.05583810806274414 
631, 0.08302111178636551, 0.10514092445373535, 0.04487752914428711, 0.05667734146118164 
632, 0.08308777958154678, 0.10382270812988281, 0.04443240165710449, 0.05581331253051758 
633, 0.08315428346395493, 0.10377860069274902, 0.044449567794799805, 0.05593514442443848 
634, 0.08322072774171829, 0.10371661186218262, 0.044458866119384766, 0.055844783782958984 
635, 0.08328705281019211, 0.10397696495056152, 0.044339656829833984, 0.05586957931518555 
636, 0.08335311710834503, 0.10427641868591309, 0.04448819160461426, 0.05630612373352051 
637, 0.08341904729604721, 0.10465478897094727, 0.04458260536193848, 0.056471824645996094 
638, 0.08348484337329865, 0.10569524765014648, 0.044979095458984375, 0.05712151527404785 
639, 0.08355043828487396, 0.10377025604248047, 0.04445219039916992, 0.055956363677978516 
640, 0.0836159884929657, 0.10365533828735352, 0.04432487487792969, 0.05600905418395996 
641, 0.0836813896894455, 0.10344505310058594, 0.044049739837646484, 0.05597281455993652 
642, 0.08374656736850739, 0.10540318489074707, 0.044748783111572266, 0.0569462776184082 
643, 0.08381160348653793, 0.10553908348083496, 0.044982194900512695, 0.05690932273864746 
644, 0.08387650549411774, 0.10566830635070801, 0.04518723487854004, 0.0567011833190918 
645, 0.08394137024879456, 0.1062469482421875, 0.04522705078125, 0.05734682083129883 
646, 0.0840059295296669, 0.10551214218139648, 0.04479098320007324, 0.05686140060424805 
647, 0.08407042920589447, 0.10545063018798828, 0.04506707191467285, 0.05674457550048828 
648, 0.08413486927747726, 0.1064004898071289, 0.045244455337524414, 0.05742216110229492 
649, 0.08419905602931976, 0.1054830551147461, 0.04484057426452637, 0.05686330795288086 
650, 0.08426311612129211, 0.10578656196594238, 0.045197486877441406, 0.05678367614746094 
651, 0.08432712405920029, 0.10592508316040039, 0.045163631439208984, 0.05701708793640137 
652, 0.08439093083143234, 0.10647869110107422, 0.04505729675292969, 0.05779290199279785 
653, 0.08445457369089127, 0.1056058406829834, 0.04507279396057129, 0.05696582794189453 
654, 0.08451808243989944, 0.10516476631164551, 0.04489326477050781, 0.056427717208862305 
655, 0.08458148688077927, 0.10668826103210449, 0.045372724533081055, 0.05754995346069336 
656, 0.08464475721120834, 0.10629463195800781, 0.045227766036987305, 0.05734992027282715 
657, 0.0847078487277031, 0.10547685623168945, 0.045078277587890625, 0.05675911903381348 
658, 0.0847708210349083, 0.10537528991699219, 0.04508328437805176, 0.05667376518249512 
659, 0.08483365923166275, 0.10558199882507324, 0.04429340362548828, 0.05763745307922363 
660, 0.08489640802145004, 0.10753655433654785, 0.045754432678222656, 0.05804848670959473 
661, 0.08495906740427017, 0.10739350318908691, 0.04576468467712402, 0.05790257453918457 
662, 0.08502157032489777, 0.10707259178161621, 0.045641422271728516, 0.05771636962890625 
663, 0.08508387953042984, 0.10679101943969727, 0.0454251766204834, 0.05774283409118652 
664, 0.08514605462551117, 0.1063690185546875, 0.04560589790344238, 0.057163238525390625 
665, 0.08520811051130295, 0.10488271713256836, 0.04437851905822754, 0.056603193283081055 
666, 0.08527009189128876, 0.10482454299926758, 0.04440450668334961, 0.0567777156829834 
667, 0.0853320062160492, 0.10369110107421875, 0.044368743896484375, 0.05586099624633789 
668, 0.08539368212223053, 0.10401463508605957, 0.04450631141662598, 0.055916786193847656 
669, 0.0854552760720253, 0.13310933113098145, 0.04439735412597656, 0.08315753936767578 
670, 0.08551663160324097, 0.10678386688232422, 0.04677629470825195, 0.056421756744384766 
671, 0.08557796478271484, 0.10428714752197266, 0.044611454010009766, 0.05626177787780762 
672, 0.08563920110464096, 0.1048893928527832, 0.04475879669189453, 0.05654144287109375 
673, 0.08570032566785812, 0.1050572395324707, 0.0444791316986084, 0.0570828914642334 
674, 0.08576127141714096, 0.10375404357910156, 0.044278621673583984, 0.05588889122009277 
675, 0.08582215756177902, 0.10449957847595215, 0.044545650482177734, 0.05588722229003906 
676, 0.08588290214538574, 0.1038064956665039, 0.044291019439697266, 0.05595517158508301 
677, 0.08594346046447754, 0.10392022132873535, 0.04454159736633301, 0.055733680725097656 
678, 0.08600394427776337, 0.1039583683013916, 0.04430079460144043, 0.056008100509643555 
679, 0.08606433868408203, 0.11074161529541016, 0.04974985122680664, 0.05732560157775879 
680, 0.08612462133169174, 0.1045985221862793, 0.04413247108459473, 0.05695366859436035 
681, 0.08618510514497757, 0.10420966148376465, 0.044983625411987305, 0.05585289001464844 
682, 0.08624561876058578, 0.10367703437805176, 0.04408836364746094, 0.056023359298706055 
683, 0.08630608767271042, 0.10412240028381348, 0.04426884651184082, 0.05629539489746094 
684, 0.08636640757322311, 0.1031348705291748, 0.04413962364196777, 0.0554509162902832 
685, 0.08642661571502686, 0.10390257835388184, 0.04460549354553223, 0.05578279495239258 
686, 0.08648672699928284, 0.10429954528808594, 0.04444479942321777, 0.0563044548034668 
687, 0.08654674142599106, 0.10374927520751953, 0.04420876502990723, 0.056031227111816406 
688, 0.08660656958818436, 0.10487818717956543, 0.04448080062866211, 0.05583643913269043 
689, 0.08666627109050751, 0.10378122329711914, 0.044480085372924805, 0.055794715881347656 
690, 0.08672599494457245, 0.10415387153625488, 0.04472780227661133, 0.05592012405395508 
691, 0.0867854505777359, 0.10357332229614258, 0.04450368881225586, 0.055513620376586914 
692, 0.08684487640857697, 0.1034402847290039, 0.044182538986206055, 0.05573439598083496 
693, 0.0869041457772255, 0.10344576835632324, 0.04408979415893555, 0.055884599685668945 
694, 0.08696340769529343, 0.10324621200561523, 0.04443049430847168, 0.055347442626953125 
695, 0.0870225802063942, 0.10507512092590332, 0.04529547691345215, 0.05629706382751465 
696, 0.08708149194717407, 0.10494828224182129, 0.044785499572753906, 0.056705474853515625 
697, 0.08714046329259872, 0.10351204872131348, 0.044469356536865234, 0.055605411529541016 
698, 0.08719924092292786, 0.10397052764892578, 0.0447840690612793, 0.055695295333862305 
699, 0.08725796639919281, 0.10305452346801758, 0.04384326934814453, 0.05567574501037598 
700, 0.08731652796268463, 0.10361266136169434, 0.04442238807678223, 0.05565214157104492 
701, 0.08737505972385406, 0.10545229911804199, 0.04531407356262207, 0.0564570426940918 
702, 0.08743344992399216, 0.10582113265991211, 0.04503965377807617, 0.0571897029876709 
703, 0.08749169856309891, 0.1049954891204834, 0.04504227638244629, 0.05646967887878418 
704, 0.08755002915859222, 0.10477542877197266, 0.04504084587097168, 0.0561673641204834 
705, 0.08760811388492584, 0.10511374473571777, 0.04484105110168457, 0.05657219886779785 
706, 0.0876661166548729, 0.10586929321289062, 0.04515409469604492, 0.0569460391998291 
707, 0.08772408962249756, 0.10531330108642578, 0.04507613182067871, 0.056585073471069336 
708, 0.08778192102909088, 0.10585808753967285, 0.04511570930480957, 0.05692887306213379 
709, 0.08783961087465286, 0.10935401916503906, 0.04631376266479492, 0.0591428279876709 
710, 0.08789732307195663, 0.1091775894165039, 0.0461733341217041, 0.059055328369140625 
711, 0.08795485645532608, 0.10913443565368652, 0.04686903953552246, 0.05855607986450195 
712, 0.08801229298114777, 0.1082308292388916, 0.046182870864868164, 0.05850553512573242 
713, 0.08806969970464706, 0.10834932327270508, 0.04596066474914551, 0.05854201316833496 
714, 0.0881270170211792, 0.10649967193603516, 0.04593229293823242, 0.05702066421508789 
715, 0.0881841704249382, 0.10525298118591309, 0.04510068893432617, 0.05665874481201172 
716, 0.08824123442173004, 0.10599851608276367, 0.04526996612548828, 0.05716896057128906 
717, 0.08829833567142487, 0.10511350631713867, 0.04509592056274414, 0.05649852752685547 
718, 0.08835519105195999, 0.10586881637573242, 0.04498744010925293, 0.057188987731933594 
719, 0.08841206133365631, 0.10656094551086426, 0.045636892318725586, 0.05752229690551758 
720, 0.08846880495548248, 0.10650038719177246, 0.04532766342163086, 0.05751752853393555 
721, 0.0885254442691803, 0.10622048377990723, 0.0452880859375, 0.05749177932739258 
722, 0.08858206123113632, 0.10616135597229004, 0.045150041580200195, 0.05748867988586426 
723, 0.08863840997219086, 0.10559582710266113, 0.04553532600402832, 0.056627511978149414 
724, 0.08869492262601852, 0.10435843467712402, 0.04492998123168945, 0.05598616600036621 
725, 0.0887511745095253, 0.1043541431427002, 0.044548988342285156, 0.05592966079711914 
726, 0.08880740404129028, 0.10366153717041016, 0.04433894157409668, 0.05575871467590332 
727, 0.08886352926492691, 0.10345077514648438, 0.044350624084472656, 0.05562639236450195 
728, 0.08891963213682175, 0.10356473922729492, 0.04421353340148926, 0.05588078498840332 
729, 0.08897562325000763, 0.10471129417419434, 0.044768571853637695, 0.056395530700683594 
730, 0.08903145045042038, 0.10411763191223145, 0.044559478759765625, 0.05596494674682617 
731, 0.0890873521566391, 0.10467839241027832, 0.04502558708190918, 0.05616879463195801 
732, 0.08914294838905334, 0.10385465621948242, 0.04449915885925293, 0.055881500244140625 
733, 0.08919870853424072, 0.10344505310058594, 0.04439067840576172, 0.055530548095703125 
734, 0.08925417810678482, 0.10364675521850586, 0.04442405700683594, 0.05570030212402344 
735, 0.08930971473455429, 0.10388684272766113, 0.04459357261657715, 0.055451154708862305 
736, 0.08936505764722824, 0.10325860977172852, 0.044121742248535156, 0.05555462837219238 
737, 0.0894203931093216, 0.10330462455749512, 0.0442502498626709, 0.05553698539733887 
738, 0.08947563171386719, 0.1049811840057373, 0.04523277282714844, 0.05622386932373047 
739, 0.08953076601028442, 0.10378146171569824, 0.044378042221069336, 0.0558779239654541 
740, 0.08958583325147629, 0.10348677635192871, 0.044170379638671875, 0.05584430694580078 
741, 0.08964072167873383, 0.10353970527648926, 0.04441714286804199, 0.05553841590881348 
742, 0.0896957665681839, 0.10336184501647949, 0.04414701461791992, 0.0558171272277832 
743, 0.08975047618150711, 0.10308337211608887, 0.04419565200805664, 0.05533742904663086 
744, 0.0898052230477333, 0.1038515567779541, 0.044492483139038086, 0.05593514442443848 
745, 0.08985987305641174, 0.10476064682006836, 0.04439997673034668, 0.05679512023925781 
746, 0.08991458266973495, 0.10295867919921875, 0.04414534568786621, 0.055434465408325195 
747, 0.08996900916099548, 0.10291862487792969, 0.04393506050109863, 0.055556535720825195 
748, 0.09002343565225601, 0.1036374568939209, 0.04423022270202637, 0.05582427978515625 
749, 0.09007778763771057, 0.10339570045471191, 0.04404044151306152, 0.05583667755126953 
750, 0.09013213962316513, 0.1033484935760498, 0.04429483413696289, 0.05554080009460449 
751, 0.09018620103597641, 0.10400915145874023, 0.0444033145904541, 0.0560145378112793 
752, 0.0902404934167862, 0.10454797744750977, 0.04435420036315918, 0.05649089813232422 
753, 0.09029447287321091, 0.10302305221557617, 0.04424285888671875, 0.05533599853515625 
754, 0.09034837782382965, 0.10326623916625977, 0.04404926300048828, 0.05577659606933594 
755, 0.0904022604227066, 0.10376644134521484, 0.043988943099975586, 0.05626344680786133 
756, 0.0904560387134552, 0.10372614860534668, 0.04454851150512695, 0.055730581283569336 
757, 0.09050983935594559, 0.10345458984375, 0.04443931579589844, 0.05553460121154785 
758, 0.09056347608566284, 0.10380840301513672, 0.04385972023010254, 0.05629086494445801 
759, 0.09061714261770248, 0.10329008102416992, 0.0441737174987793, 0.05541515350341797 
760, 0.09067059308290482, 0.10596251487731934, 0.04520726203918457, 0.05704092979431152 
761, 0.09072399139404297, 0.10468316078186035, 0.044809818267822266, 0.05637359619140625 
762, 0.09077736735343933, 0.10458230972290039, 0.04481053352355957, 0.05622506141662598 
763, 0.09083066135644913, 0.10457205772399902, 0.0446629524230957, 0.056466102600097656 
764, 0.09088391065597534, 0.10472679138183594, 0.04475736618041992, 0.05624794960021973 
765, 0.09093702584505081, 0.10515975952148438, 0.045113563537597656, 0.05629563331604004 
766, 0.09099005162715912, 0.10451364517211914, 0.04461479187011719, 0.05642127990722656 
767, 0.09104311466217041, 0.1057283878326416, 0.045480966567993164, 0.056699275970458984 
768, 0.09109603613615036, 0.10531497001647949, 0.045374393463134766, 0.05648326873779297 
769, 0.09114886820316315, 0.10410714149475098, 0.04490375518798828, 0.0558323860168457 
770, 0.09120160341262817, 0.10473203659057617, 0.0452728271484375, 0.056047916412353516 
771, 0.09125421941280365, 0.1043086051940918, 0.04492306709289551, 0.0559842586517334 
772, 0.09130687266588211, 0.10373401641845703, 0.044414520263671875, 0.05587458610534668 
773, 0.09135948121547699, 0.10408163070678711, 0.04516243934631348, 0.055568695068359375 
774, 0.09141195565462112, 0.10451817512512207, 0.04459118843078613, 0.056507110595703125 
775, 0.09146439284086227, 0.10463356971740723, 0.04509234428405762, 0.056206703186035156 
776, 0.09151666611433029, 0.10389971733093262, 0.044533491134643555, 0.05600261688232422 
777, 0.09156890958547592, 0.10317254066467285, 0.04420113563537598, 0.05557823181152344 
778, 0.09162112325429916, 0.10428547859191895, 0.044014930725097656, 0.05678367614746094 
779, 0.09167324751615524, 0.10575199127197266, 0.04526877403259277, 0.057076454162597656 
780, 0.09172523021697998, 0.10607576370239258, 0.0454106330871582, 0.05722355842590332 
781, 0.09177718311548233, 0.10573339462280273, 0.04484891891479492, 0.057448387145996094 
782, 0.09182913601398468, 0.10548782348632812, 0.04502248764038086, 0.056923866271972656 
783, 0.09188096225261688, 0.10397148132324219, 0.04472637176513672, 0.055855751037597656 
784, 0.09193277359008789, 0.10326647758483887, 0.04417824745178223, 0.05575442314147949 
785, 0.09198443591594696, 0.10309171676635742, 0.04433631896972656, 0.055431365966796875 
786, 0.09203603863716125, 0.1027524471282959, 0.04395318031311035, 0.05543851852416992 
787, 0.0920865461230278, 0.10293698310852051, 0.043924808502197266, 0.05565595626831055 
788, 0.09213577210903168, 0.10349464416503906, 0.04372239112854004, 0.05630326271057129 
789, 0.09218472987413406, 0.10392546653747559, 0.04468560218811035, 0.055861473083496094 
790, 0.09223365783691406, 0.10354351997375488, 0.04425978660583496, 0.05591225624084473 
791, 0.09228261560201645, 0.10355758666992188, 0.044304609298706055, 0.05585980415344238 
792, 0.0923314020037651, 0.10219693183898926, 0.04360461235046387, 0.05514264106750488 
793, 0.0923800840973854, 0.10274100303649902, 0.043805837631225586, 0.05547213554382324 
794, 0.09242871403694153, 0.10329031944274902, 0.0440220832824707, 0.05584549903869629 
795, 0.09247729927301407, 0.10300302505493164, 0.04417705535888672, 0.05527997016906738 
796, 0.09252575784921646, 0.10311770439147949, 0.04469704627990723, 0.055051565170288086 
797, 0.09257425367832184, 0.10212850570678711, 0.043909311294555664, 0.054834604263305664 
798, 0.0926225557923317, 0.10300588607788086, 0.04424166679382324, 0.0553133487701416 
799, 0.09267088025808334, 0.1028439998626709, 0.04430651664733887, 0.055151939392089844 
800, 0.09271908551454544, 0.10258030891418457, 0.04404115676879883, 0.05511784553527832 
801, 0.09276726841926575, 0.10249114036560059, 0.04380655288696289, 0.05525064468383789 
802, 0.09281524270772934, 0.10326766967773438, 0.04442548751831055, 0.055059194564819336 
803, 0.09286338835954666, 0.10379624366760254, 0.04470634460449219, 0.05572843551635742 
804, 0.092911496758461, 0.10304760932922363, 0.0443570613861084, 0.05539560317993164 
805, 0.09295931458473206, 0.1027064323425293, 0.044133901596069336, 0.05517077445983887 
806, 0.09300720691680908, 0.1025242805480957, 0.0438687801361084, 0.055278778076171875 
807, 0.09305499494075775, 0.1032874584197998, 0.04427075386047363, 0.055639028549194336 
808, 0.09310439229011536, 0.10276293754577637, 0.0444025993347168, 0.05498695373535156 
809, 0.09316278249025345, 0.10343813896179199, 0.04465794563293457, 0.05546450614929199 
810, 0.09322075545787811, 0.10384869575500488, 0.044206857681274414, 0.0563962459564209 
811, 0.09327869117259979, 0.10297369956970215, 0.0443875789642334, 0.05528569221496582 
812, 0.09333661943674088, 0.10308337211608887, 0.04433441162109375, 0.05540919303894043 
813, 0.09339447319507599, 0.10324263572692871, 0.044213056564331055, 0.055628061294555664 
814, 0.09345202147960663, 0.10312652587890625, 0.04455924034118652, 0.05515742301940918 
815, 0.0935097485780716, 0.10343337059020996, 0.04392123222351074, 0.056099891662597656 
816, 0.09356727451086044, 0.10391497611999512, 0.04465055465698242, 0.055941104888916016 
817, 0.09362465143203735, 0.10347533226013184, 0.044318437576293945, 0.05575084686279297 
818, 0.09368203580379486, 0.10308718681335449, 0.044593095779418945, 0.05521273612976074 
819, 0.09373923391103745, 0.10296273231506348, 0.04413294792175293, 0.0554196834564209 
820, 0.09379641711711884, 0.10437178611755371, 0.04473233222961426, 0.05619502067565918 
821, 0.09385363012552261, 0.10408735275268555, 0.044829607009887695, 0.05588173866271973 
822, 0.0939105972647667, 0.10437560081481934, 0.044738054275512695, 0.056260108947753906 
823, 0.093967504799366, 0.10454583168029785, 0.044795989990234375, 0.05643606185913086 
824, 0.09402450919151306, 0.10403251647949219, 0.044599294662475586, 0.05595731735229492 
825, 0.09408130496740341, 0.10634088516235352, 0.04586601257324219, 0.05706214904785156 
826, 0.09413805603981018, 0.10468769073486328, 0.04463362693786621, 0.056502580642700195 
827, 0.09419474750757217, 0.10469245910644531, 0.044814109802246094, 0.05604267120361328 
828, 0.09425147622823715, 0.10518932342529297, 0.04543876647949219, 0.056116580963134766 
829, 0.09430796653032303, 0.10444045066833496, 0.04513216018676758, 0.05574655532836914 
830, 0.09436451643705368, 0.10448694229125977, 0.04458141326904297, 0.056264638900756836 
831, 0.09442077577114105, 0.10523605346679688, 0.045633792877197266, 0.05611681938171387 
832, 0.09447726607322693, 0.10559821128845215, 0.045137882232666016, 0.05688667297363281 
833, 0.09453345835208893, 0.10580873489379883, 0.045858144760131836, 0.0565032958984375 
834, 0.09458968788385391, 0.10525274276733398, 0.045567989349365234, 0.05624723434448242 
835, 0.09464582800865173, 0.10481524467468262, 0.04486489295959473, 0.05654501914978027 
836, 0.09470192342996597, 0.10362505912780762, 0.04445767402648926, 0.055736541748046875 
837, 0.094758041203022, 0.10348916053771973, 0.0446014404296875, 0.05549144744873047 
838, 0.09481393545866013, 0.10519576072692871, 0.04458117485046387, 0.05711865425109863 
839, 0.09486992657184601, 0.10947704315185547, 0.04537558555603027, 0.06066751480102539 
840, 0.09492570906877518, 0.10611653327941895, 0.045516014099121094, 0.05721092224121094 
841, 0.09498149156570435, 0.10612726211547852, 0.04526066780090332, 0.05745577812194824 
842, 0.09503720700740814, 0.10591936111450195, 0.04547834396362305, 0.05697488784790039 
843, 0.09509290754795074, 0.1043848991394043, 0.045397281646728516, 0.055550336837768555 
844, 0.09514833241701126, 0.1033179759979248, 0.04449582099914551, 0.05542445182800293 
845, 0.09520386159420013, 0.10321235656738281, 0.04408073425292969, 0.055658578872680664 
846, 0.09525932371616364, 0.10277700424194336, 0.04429197311401367, 0.05487775802612305 
847, 0.09531473368406296, 0.10328841209411621, 0.04504799842834473, 0.05482983589172363 
848, 0.09537000209093094, 0.10266780853271484, 0.043961524963378906, 0.05529618263244629 
849, 0.09542524814605713, 0.10374259948730469, 0.04473519325256348, 0.05560779571533203 
850, 0.09548047930002213, 0.10392260551452637, 0.04512763023376465, 0.055396080017089844 
851, 0.09553555399179459, 0.10264372825622559, 0.04401516914367676, 0.055257320404052734 
852, 0.09559057652950287, 0.10262203216552734, 0.04432845115661621, 0.0549466609954834 
853, 0.0956454873085022, 0.10412740707397461, 0.045964717864990234, 0.05490279197692871 
854, 0.09570039808750153, 0.1033167839050293, 0.04404163360595703, 0.05609536170959473 
855, 0.09575522691011429, 0.10217428207397461, 0.04411053657531738, 0.05474424362182617 
856, 0.09580997377634048, 0.10264325141906738, 0.043761491775512695, 0.05553722381591797 
857, 0.09586461633443832, 0.10379934310913086, 0.04400134086608887, 0.05643153190612793 
858, 0.09591919928789139, 0.10599756240844727, 0.045264244079589844, 0.057308197021484375 
859, 0.09597373008728027, 0.10628509521484375, 0.04563474655151367, 0.05728650093078613 
860, 0.09602826833724976, 0.10549616813659668, 0.04474496841430664, 0.05737614631652832 
861, 0.09608262032270432, 0.10520744323730469, 0.04455399513244629, 0.05721545219421387 
862, 0.0961369052529335, 0.11530208587646484, 0.0455174446105957, 0.05670762062072754 
863, 0.09619119018316269, 0.10414505004882812, 0.045026302337646484, 0.05570626258850098 
864, 0.09624538570642471, 0.10315585136413574, 0.043985843658447266, 0.055864810943603516 
865, 0.0962994396686554, 0.1034853458404541, 0.04450845718383789, 0.05563974380493164 
866, 0.09635336697101593, 0.10282206535339355, 0.044057369232177734, 0.055373430252075195 
867, 0.09640740603208542, 0.10261821746826172, 0.043619632720947266, 0.055590152740478516 
868, 0.09646124392747879, 0.10265636444091797, 0.04420590400695801, 0.05510687828063965 
869, 0.09651511162519455, 0.10384464263916016, 0.044919729232788086, 0.05559659004211426 
870, 0.0965687483549118, 0.1023399829864502, 0.04391932487487793, 0.05506110191345215 
871, 0.0966225191950798, 0.10378026962280273, 0.0440831184387207, 0.05525016784667969 
872, 0.09667600691318512, 0.10279107093811035, 0.04429793357849121, 0.05508732795715332 
873, 0.0967295840382576, 0.10258674621582031, 0.0440373420715332, 0.05515551567077637 
874, 0.09678296744823456, 0.10338497161865234, 0.04435420036315918, 0.0555572509765625 
875, 0.09683628380298615, 0.10410690307617188, 0.04463601112365723, 0.05583071708679199 
876, 0.09688959270715714, 0.1041560173034668, 0.04422283172607422, 0.0560765266418457 
877, 0.09694268554449081, 0.10273432731628418, 0.04435920715332031, 0.05487704277038574 
878, 0.09699588268995285, 0.10343432426452637, 0.04453873634338379, 0.05535078048706055 
879, 0.09704887866973877, 0.10321831703186035, 0.04399418830871582, 0.055719852447509766 
880, 0.09710182994604111, 0.10576105117797852, 0.04464364051818848, 0.05627179145812988 
881, 0.0971546545624733, 0.10410022735595703, 0.044830322265625, 0.0557405948638916 
882, 0.09720749408006668, 0.10507512092590332, 0.04504108428955078, 0.056549787521362305 
883, 0.09726018458604813, 0.10462212562561035, 0.04464125633239746, 0.05630326271057129 
884, 0.09731277078390121, 0.10485482215881348, 0.04531669616699219, 0.05605673789978027 
885, 0.09736530482769012, 0.10528159141540527, 0.045209407806396484, 0.056708574295043945 
886, 0.09741775691509247, 0.10430335998535156, 0.04485511779785156, 0.05607485771179199 
887, 0.09747017174959183, 0.10422897338867188, 0.044878244400024414, 0.056009769439697266 
888, 0.09752244502305984, 0.10427427291870117, 0.04462933540344238, 0.05619955062866211 
889, 0.0975746139883995, 0.10365152359008789, 0.04438209533691406, 0.05581474304199219 
890, 0.09762685000896454, 0.11008214950561523, 0.04449272155761719, 0.06214570999145508 
891, 0.09767886251211166, 0.10590624809265137, 0.0452878475189209, 0.05725860595703125 
892, 0.09773088991641998, 0.10514307022094727, 0.044603824615478516, 0.05699801445007324 
893, 0.09778270870447159, 0.10496664047241211, 0.04497241973876953, 0.056526899337768555 
894, 0.09783454239368439, 0.10477566719055176, 0.044739723205566406, 0.056624412536621094 
895, 0.09788619726896286, 0.10422849655151367, 0.044595956802368164, 0.05618691444396973 
896, 0.09793785959482193, 0.10351896286010742, 0.043912649154663086, 0.056156158447265625 
897, 0.09798938781023026, 0.10557699203491211, 0.04468393325805664, 0.05701613426208496 
898, 0.09804084897041321, 0.10624003410339355, 0.04508566856384277, 0.05763649940490723 
899, 0.09809218347072601, 0.11317968368530273, 0.04518556594848633, 0.057386159896850586 
900, 0.09814344346523285, 0.10730385780334473, 0.04669618606567383, 0.05707120895385742 
901, 0.09819462895393372, 0.10579156875610352, 0.04510831832885742, 0.05730128288269043 
902, 0.09824570268392563, 0.10379266738891602, 0.04444265365600586, 0.05602526664733887 
903, 0.09829676151275635, 0.10346412658691406, 0.04419136047363281, 0.05591940879821777 
904, 0.09834776818752289, 0.10319328308105469, 0.04398775100708008, 0.055845022201538086 
905, 0.09839852899312973, 0.10332322120666504, 0.04399538040161133, 0.05588054656982422 
906, 0.09844938665628433, 0.10315847396850586, 0.04428982734680176, 0.055536508560180664 
907, 0.0985000729560852, 0.10304665565490723, 0.04341626167297363, 0.056206464767456055 
908, 0.09855057299137115, 0.10390090942382812, 0.04473447799682617, 0.05573415756225586 
909, 0.09860099852085114, 0.10315990447998047, 0.043860673904418945, 0.055871009826660156 
910, 0.09865143895149231, 0.10353612899780273, 0.044605255126953125, 0.0554654598236084 
911, 0.09870176017284393, 0.1029520034790039, 0.04406428337097168, 0.055425167083740234 
912, 0.0987519845366478, 0.10284614562988281, 0.04394030570983887, 0.05552530288696289 
913, 0.09880220144987106, 0.10383915901184082, 0.04440903663635254, 0.05609393119812012 
914, 0.09885212033987045, 0.10332655906677246, 0.04422473907470703, 0.05565071105957031 
915, 0.09890201687812805, 0.10297894477844238, 0.04413032531738281, 0.05544710159301758 
916, 0.09895196557044983, 0.10263276100158691, 0.04403424263000488, 0.0552365779876709 
917, 0.09900176525115967, 0.10329532623291016, 0.044098615646362305, 0.05579519271850586 
918, 0.0990513265132904, 0.1029050350189209, 0.04421186447143555, 0.05530548095703125 
919, 0.0991009846329689, 0.10325932502746582, 0.04451155662536621, 0.055425405502319336 
920, 0.09915041923522949, 0.10407209396362305, 0.044316768646240234, 0.05640268325805664 
921, 0.0991998240351677, 0.10299539566040039, 0.04426312446594238, 0.05533933639526367 
922, 0.09925191849470139, 0.10318231582641602, 0.04435276985168457, 0.055422067642211914 
923, 0.09931018203496933, 0.10256695747375488, 0.04374551773071289, 0.05550217628479004 
924, 0.0993681326508522, 0.1020975112915039, 0.04418635368347168, 0.05458712577819824 
925, 0.09942604601383209, 0.1023550033569336, 0.043982505798339844, 0.055075883865356445 
926, 0.09948379546403885, 0.10292673110961914, 0.04429459571838379, 0.05536150932312012 
927, 0.09954144805669785, 0.1033477783203125, 0.04402637481689453, 0.05586886405944824 
928, 0.09959899634122849, 0.1026301383972168, 0.04457902908325195, 0.05481314659118652 
929, 0.0996563509106636, 0.10207581520080566, 0.04392814636230469, 0.05485963821411133 
930, 0.09971359372138977, 0.10251021385192871, 0.044206857681274414, 0.054944753646850586 
931, 0.09977079182863235, 0.10204696655273438, 0.04398655891418457, 0.05479788780212402 
932, 0.09982778877019882, 0.1022040843963623, 0.044007062911987305, 0.05475878715515137 
933, 0.09988472610712051, 0.10260224342346191, 0.04419827461242676, 0.05506420135498047 
934, 0.09994152188301086, 0.10362839698791504, 0.04453158378601074, 0.055724143981933594 
935, 0.09999815374612808, 0.1026144027709961, 0.04470682144165039, 0.054715871810913086 
936, 0.10005474090576172, 0.10180950164794922, 0.043849945068359375, 0.054720163345336914 
937, 0.1001112163066864, 0.10195732116699219, 0.043981313705444336, 0.05470848083496094 
938, 0.10016755014657974, 0.10242033004760742, 0.04401898384094238, 0.05508136749267578 
939, 0.10022374987602234, 0.1035611629486084, 0.044466257095336914, 0.055744171142578125 
940, 0.10027987509965897, 0.1034247875213623, 0.04448056221008301, 0.055666208267211914 
941, 0.10033583641052246, 0.10331273078918457, 0.04457855224609375, 0.05536842346191406 
942, 0.100391685962677, 0.10341286659240723, 0.04436922073364258, 0.05563664436340332 
943, 0.10044749081134796, 0.10376739501953125, 0.04437756538391113, 0.05575990676879883 
944, 0.1005031168460846, 0.10416913032531738, 0.04457569122314453, 0.05608868598937988 
945, 0.10055860131978989, 0.10447549819946289, 0.04481387138366699, 0.05597949028015137 
946, 0.10061401128768921, 0.10518693923950195, 0.04478025436401367, 0.05660390853881836 
947, 0.10066946595907211, 0.1046438217163086, 0.044814348220825195, 0.056084394454956055 
948, 0.10072460770606995, 0.10508155822753906, 0.0452418327331543, 0.05608344078063965 
949, 0.1007797122001648, 0.10617685317993164, 0.04479026794433594, 0.057668447494506836 
950, 0.1008346676826477, 0.10509753227233887, 0.04500460624694824, 0.056365251541137695 
951, 0.10088963806629181, 0.10490155220031738, 0.04467606544494629, 0.056484222412109375 
952, 0.10094431042671204, 0.10519599914550781, 0.044862985610961914, 0.05677080154418945 
953, 0.10099893808364868, 0.10538864135742188, 0.04506635665893555, 0.05658888816833496 
954, 0.10105349123477936, 0.10445356369018555, 0.044843435287475586, 0.056122779846191406 
955, 0.10110793262720108, 0.10415005683898926, 0.044420480728149414, 0.05626654624938965 
956, 0.10116224735975266, 0.10504531860351562, 0.044716596603393555, 0.056641340255737305 
957, 0.10121645033359528, 0.15364694595336914, 0.0458981990814209, 0.06370735168457031 
958, 0.10127045959234238, 0.12537336349487305, 0.06450653076171875, 0.057187795639038086 
959, 0.10132447630167007, 0.10672402381896973, 0.04576706886291504, 0.05736088752746582 
960, 0.10137832909822464, 0.10631370544433594, 0.045289039611816406, 0.0573883056640625 
961, 0.10143207758665085, 0.10419201850891113, 0.04491305351257324, 0.05556321144104004 
962, 0.10148563235998154, 0.10390734672546387, 0.044669151306152344, 0.05571413040161133 
963, 0.10153917223215103, 0.10392403602600098, 0.044289588928222656, 0.0561375617980957 
964, 0.10159256309270859, 0.10287117958068848, 0.04410052299499512, 0.05532670021057129 
965, 0.10164579004049301, 0.10317015647888184, 0.0444948673248291, 0.05524110794067383 
966, 0.10169894993305206, 0.10763120651245117, 0.04410052299499512, 0.059830665588378906 
967, 0.10175203531980515, 0.1114346981048584, 0.05211782455444336, 0.055727481842041016 
968, 0.10180497169494629, 0.10396146774291992, 0.044815778732299805, 0.05569624900817871 
969, 0.10185781866312027, 0.10377073287963867, 0.04480409622192383, 0.05553388595581055 
970, 0.10191045701503754, 0.10406994819641113, 0.0443873405456543, 0.05620861053466797 
971, 0.10196312516927719, 0.10316896438598633, 0.04415464401245117, 0.05547475814819336 
972, 0.10201548039913177, 0.10341119766235352, 0.04434084892272949, 0.05546307563781738 
973, 0.10206787288188934, 0.10329580307006836, 0.04409217834472656, 0.0556027889251709 
974, 0.10212012380361557, 0.10265016555786133, 0.043926239013671875, 0.05518960952758789 
975, 0.10217222571372986, 0.10356593132019043, 0.04439091682434082, 0.055567264556884766 
976, 0.10222429782152176, 0.1042320728302002, 0.04455709457397461, 0.056246042251586914 
977, 0.1022760272026062, 0.10384345054626465, 0.04411911964416504, 0.05604243278503418 
978, 0.10232783108949661, 0.10321569442749023, 0.0443263053894043, 0.055368900299072266 
979, 0.10237953066825867, 0.10358190536499023, 0.04434323310852051, 0.055640220642089844 
980, 0.10243099182844162, 0.10353827476501465, 0.04432249069213867, 0.05559086799621582 
981, 0.1024823933839798, 0.10321402549743652, 0.04395937919616699, 0.0556182861328125 
982, 0.10253361612558365, 0.10359573364257812, 0.0447232723236084, 0.05531883239746094 
983, 0.1025848463177681, 0.10383462905883789, 0.044368743896484375, 0.05586409568786621 
984, 0.10263590514659882, 0.10362625122070312, 0.04439401626586914, 0.055518150329589844 
985, 0.10268685221672058, 0.11016011238098145, 0.04482555389404297, 0.060331106185913086 
986, 0.10273761302232742, 0.11867737770080566, 0.059006452560424805, 0.05616903305053711 
987, 0.10278823226690292, 0.10336184501647949, 0.04440808296203613, 0.05542922019958496 
988, 0.10283886641263962, 0.10344672203063965, 0.04441499710083008, 0.055484771728515625 
989, 0.1028892919421196, 0.10281682014465332, 0.04375314712524414, 0.055505990982055664 
990, 0.1029396504163742, 0.10384392738342285, 0.04403877258300781, 0.05617022514343262 
991, 0.10298974812030792, 0.10400509834289551, 0.04446721076965332, 0.055997610092163086 
992, 0.10303996503353119, 0.10471153259277344, 0.045116424560546875, 0.05598330497741699 
993, 0.10308993607759476, 0.10363912582397461, 0.0447840690612793, 0.05539965629577637 
994, 0.10313980281352997, 0.10367345809936523, 0.04445004463195801, 0.05565977096557617 
995, 0.10318948328495026, 0.10315895080566406, 0.044547319412231445, 0.0551152229309082 
996, 0.10323909670114517, 0.10289907455444336, 0.04415297508239746, 0.05526852607727051 
997, 0.10328855365514755, 0.10413432121276855, 0.04421734809875488, 0.05627751350402832 
998, 0.1033378317952156, 0.10512399673461914, 0.04528450965881348, 0.05634784698486328 
999, 0.10338710993528366, 0.10574769973754883, 0.04528021812438965, 0.05694890022277832 
